1.866217575057608657e+00 1.827101224800076640e+00 3.307195433909307924e-01 -1.043859763963955398e-02 3.068851187398633981e-02 1.298862297698124418e-02
1.378443740809398133e+00 2.379811171938905900e-01 -1.273600266404191217e-01 2.328325748936742323e-02 3.925783471253095971e-03 5.735175202069394546e-03
-8.247574334248982675e-01 3.221278146658908548e-01 -6.914952544319601102e-02 1.887552971045062047e-02 -8.988245468086464296e-03 5.060241666680157305e-03
-1.507557156920381169e+00 3.205931223863217050e-01 -5.180967882264731622e-02 1.608579528865866984e-02 -7.428526299483789730e-03 -1.656453130231145751e-03
-1.175787347673381777e+00 1.306478395418625982e-01 -5.878332378546342191e-02 2.191129847384716903e-02 -4.711155487053038382e-03 1.050220406219404962e-02
5.846704994067365435e-01 1.401049707264542699e+00 1.673358603307987524e-01 2.438268165347375407e-02 1.492459270571850141e-02 3.496593982960760193e-03
1.375440543673058347e+00 -6.001026727735150335e-01 6.886980230355246868e-02 5.539325911592964634e-03 -4.620549233296408938e-03 -4.191631271715336345e-03
1.688103006823689634e-01 -2.364206912884420364e-01 -4.198557885954722763e-02 -4.649467217940160720e-03 1.100409206146359467e-02 2.818646270928009366e-03
4.730628915192269246e-01 1.123224206557003058e-01 -5.238965144731638074e-02 5.842597579827171241e-04 1.963662882909836087e-03 1.209189708298492524e-02
-7.041538190670133535e-01 -9.427139754632777313e-01 7.671108286336043858e-02 2.824387016767527028e-02 -7.314326039513542946e-03 -3.568069817292579202e-03
2.706142234650458001e+00 -5.760225039369393230e-01 1.198548411289404869e-01 9.551203069731893300e-04 -1.397033770358560752e-02 4.884345990232469813e-03
1.351548873322509614e+00 -4.800493576405190921e-01 3.076882883265047441e-02 -1.197082714365814253e-02 4.350295524204100058e-04 -7.558933568402789564e-03
-1.671827548253819629e+00 4.129662892744731528e-01 5.360258725974869319e-03 -3.875666876197297710e-03 -4.655448911147717569e-03 -7.203437231778805384e-03
-5.880855844606368565e-01 9.037491343408244893e-01 -4.749992032595722752e-03 3.596597742235984468e-02 -9.257676295614406057e-04 -8.448500185619389063e-03
3.922375456961977452e-02 -3.812935889009860801e-01 -6.267103618470081135e-03 -1.662310788872501527e-02 7.979111054316832818e-03 -4.518986087118689876e-03
2.227219697605399507e+00 -4.827784771595445834e-01 5.759990599843317627e-02 2.428311823449577633e-02 -6.729078153246948434e-03 3.908501071345558790e-04
2.185197447972412998e+00 -7.669052456266196582e-01 1.341466254003834124e-01 4.078198641441485583e-02 -2.264757401175030230e-02 1.358623188855355782e-02
-9.836531106761858823e-02 2.242343064682387199e-01 -5.413463553901445152e-02 6.150461825615245737e-03 -4.833095048159570008e-03 1.129563954434329408e-02
-2.511784197786293832e-02 -2.610378065854831453e-01 -5.083148780678417578e-02 6.474484553157758282e-03 1.122278535544282002e-02 1.888928276338093471e-03
-1.560333342417250524e+00 5.437819977612213390e-02 -5.797130539459290077e-02 2.748863851093348229e-02 -3.143617500427307691e-03 1.083075319691007184e-02
1.933356477479880597e-02 -9.516910845798520757e-02 -6.545042551437732503e-02 1.126004466332967795e-02 9.453115721779462369e-03 7.200837457920329122e-03
1.022510855464460855e+00 1.448910165366441349e+00 1.321473229472502064e-01 2.132627539931402499e-02 1.344976274499662221e-02 8.450417857881539893e-04
8.450020816411417668e-01 1.246549068945628447e+00 8.069565518908812518e-02 1.235877604324319735e-02 5.123967444235539084e-03 -3.983092756137966185e-03
1.963854114585344535e+00 6.506413033809575752e-02 -9.533623867524021467e-02 1.294396641291596650e-02 8.334527927376458173e-03 6.069816503869915857e-04
-2.502939584598363187e-01 2.522618022490834555e-01 -5.111115554112976439e-02 4.058997607949792023e-03 -6.839542936491156862e-03 1.022124957082129817e-02
-1.967553594498131941e+00 5.163706008418469384e-01 6.878005698396817691e-02 -7.966607066166328174e-03 3.839861610673629038e-04 -7.461155109703131692e-03
-5.896823503620520768e-01 3.795861830760167456e-03 -3.136324197659995372e-02 9.533713870434339273e-04 3.595604370569471992e-04 1.293432761781046492e-02
-1.384904198763409200e+00 -6.560414148370294907e-01 4.499480000172657174e-03 -3.776066502695775429e-03 2.263911856824118562e-03 -8.954442638245083477e-03
-1.217003188062082186e+00 3.227167625790610672e-01 -2.233248880489863142e-02 -7.868986344781454811e-03 -8.254348186834970999e-03 -2.269182994489357414e-03
9.470183549414848967e-01 6.813238063354373208e-01 -6.896094995617180201e-02 -1.956262923624755429e-02 -1.516130259348869719e-02 -8.058430976442860702e-03
-5.771311384562363145e-01 6.668648021336147647e-01 -6.187449746641547621e-02 1.868828876045295143e-02 -1.053082397682487265e-02 -8.985039124706134528e-03
-5.125579253009227010e-01 7.734945865684883515e-01 3.003184895169393534e-02 -5.763885062647299516e-03 -4.925095308571926685e-03 -8.565056162303932158e-03
1.620859477367847745e+00 -5.559268391776434060e-01 6.702929312767261227e-02 1.788097492900554350e-03 -3.900822256939882101e-03 -3.868121387705939808e-03
-8.989178124926411328e-01 -3.959898967077968290e-01 5.858491473815609536e-03 -1.424641404592978493e-02 7.603749715665472121e-03 1.995856822490913764e-04
-1.164078682020543765e+00 2.259353770609264789e-01 -2.133982091474039694e-02 -1.370580166586966853e-02 -9.037879844333681495e-03 1.433875498817718938e-03
-9.191355130157413678e-01 3.253729470336253482e-01 4.948546464978954493e-03 -2.811702570016764643e-02 -9.332398403262241737e-03 -1.668433506968148867e-03
1.782109056931505231e+00 8.407766158648706523e-02 -2.890528087838673682e-02 -4.028257266588378821e-02 4.198802828541937059e-03 7.020645651834225322e-03
-1.080434164895229143e+00 6.540217589873380533e-01 3.232536124661052057e-02 -4.986137461905657898e-04 -4.922139518218427226e-03 -6.838460768818249713e-03
1.739787559048725507e+00 4.759100580715933670e-01 -6.266911202669384062e-02 -2.806790892484108471e-02 -1.079035803980469416e-02 4.275382273297424936e-03
1.115193676750032781e+00 -8.486099870190598748e-01 1.125475496521908536e-01 3.594951704316010077e-02 -1.571035572169946284e-02 6.540029955956342018e-03
-1.584942518253262378e+00 4.017853071376100149e-01 -2.992493446223788711e-02 1.302447016883088483e-02 -6.480231562516801727e-03 -4.785368740845440463e-03
3.732551585598137267e-01 1.308039444537172080e-01 -7.905242420939094170e-03 -3.061401530168207652e-02 -3.395596260541795461e-03 1.292428204587144427e-02
-1.113734295621415571e+00 -9.205119765385656461e-01 5.846743997317835340e-02 3.246112894344922555e-03 -5.448264817173994676e-03 -8.301615515991190783e-03
-1.039285447266747431e+00 2.588719430027737745e-01 -8.248085230405358126e-02 2.389705917942586480e-02 -8.660411240704608826e-03 5.143962390600206012e-03
2.292592766901922763e-01 -1.145061328918955956e-01 -5.996325476141477206e-02 8.904595427942927147e-03 9.580923542063472104e-03 5.962551484175535564e-03
-3.564750859729859389e-01 4.814142734897939868e-01 -3.809630956976677030e-02 -8.682800864137776159e-03 -1.225716746006078224e-02 -1.475830599355671237e-03
2.683170427008464420e-01 -1.906312059898666034e-01 -8.008609248960500693e-02 2.021020709101505400e-02 1.218724890156922327e-02 7.303521018930443252e-04
6.220126557331162598e-01 -3.031503741370824012e-01 1.937902391175887196e-02 -4.505891440447053198e-02 8.155660176163152114e-03 -1.177292380468586029e-04
-1.997582272980817086e-01 -1.014137780836500857e+00 1.217298952555171121e-01 2.723805655394725966e-02 -1.314746788351031127e-02 4.022737539996783587e-03
-1.263497832128256393e+00 -8.024986100912401277e-01 3.367872082909065951e-02 -6.766536850567289423e-03 -5.626077616355116195e-04 -1.097436934033546932e-02
-7.991393850282109135e-01 1.737385519127735145e-01 1.430955344385827742e-02 -2.914177642301695251e-02 -8.208631878147276337e-03 7.026194852488478609e-03
4.165510786913881325e-01 1.154291780190564554e+00 1.739093927054577993e-01 -1.322738715800676930e-02 8.781394174898374955e-03 7.721930150199580534e-04
1.832029937000200670e+00 -7.501772352023166057e-01 1.263780319405960195e-01 1.274930957135268078e-02 -1.608716762444810724e-02 5.826305612127111525e-03
1.000590222880947566e+00 -2.651547390633658963e-01 -5.027788237124738296e-02 4.468181382066244850e-03 8.424430070889839250e-03 -6.615492800804839701e-03
-1.066009144495495775e+00 -7.195935434736595859e-02 -7.290978104390728742e-02 3.137219531494100933e-02 4.291328086160512388e-03 1.205121005046909735e-02
-5.479204550530729634e-01 7.771310437415747119e-01 -1.482033832169840810e-02 1.634495106312449167e-02 -7.788051722144690228e-03 -8.120535948723013250e-03
3.859215979463789248e-01 -4.112245951169279934e-01 -2.933624950006336746e-02 -4.237491168560687783e-04 1.027230867517968729e-02 -6.417567605382402084e-03
1.346851890049228340e+00 -1.935913971782981802e-01 -3.274153627391206828e-02 -1.716945740159811842e-02 1.013362447422772560e-02 -2.047573616986485354e-03
-7.145280625050501877e-01 5.483618860980606913e-01 -7.446907456855492158e-02 1.691968660443541120e-02 -1.043787443318148524e-02 -7.841507408957325634e-03
2.302815703315483464e+00 -2.273756518058168419e-01 -1.900080927028860792e-02 -2.470536243418305217e-03 4.605520447755319033e-03 -6.785596389722058953e-03
-3.819924237905333309e-01 -4.092330316917963673e-01 2.626916504587082507e-02 -3.620914838585267970e-02 7.675812711401444437e-03 3.513333273972749321e-04
-2.866422240840547642e-01 9.373919505318376588e-01 -6.114519647951995561e-03 2.887944472703219898e-02 -7.383221652047379339e-04 -1.006512810362389376e-02
-1.432125074857350411e+00 2.291691547529751127e-01 -3.418358781375780558e-02 1.403097002844950018e-05 -7.983348756563051277e-03 8.801642518451228926e-04
2.676607458497203273e-01 1.004595759830583246e+00 2.295155590432924192e-02 1.017096183696950679e-02 -4.045535345510733148e-03 -8.138549468548550783e-03
1.356971134827747338e+00 -5.624748684052378600e-01 7.831881736363470459e-02 -3.440030324057925110e-02 -2.810714695877793937e-03 -7.413894249241946392e-03
1.273134980576965614e+00 -1.634020642289366054e-01 -6.498253288517009951e-02 5.091716308121763818e-03 1.048361693032752451e-02 -3.463709990064361369e-03
1.749005892910411586e-01 6.018771273132427213e-01 -4.518206995478210586e-02 -1.583237843802503750e-02 -1.362174651960488571e-02 -6.817289518117290205e-03
1.407595753188625176e+00 5.604385022150500939e-01 -9.328553245704748753e-02 -1.173975022775260342e-02 -1.301309329276400563e-02 -1.278467629918239026e-03
4.282278706577208327e-01 9.383852884370899039e-01 -5.365935215090528176e-02 1.637121065827047348e-02 -7.573247707196222554e-03 -1.188630065916732384e-02
-2.105182053938390752e+00 -2.683485455462675251e-01 1.893785402288677630e-02 -4.959187150988141578e-03 1.700126639201754398e-03 7.598783263893572372e-03
7.357085831936837073e-01 -6.002318103102313174e-01 2.462039885719370311e-02 1.129039799909126000e-02 5.332718194304863395e-04 -7.041291096809620086e-03
3.880473771287932250e-01 -3.717281055468104611e-01 -5.667315380049302298e-02 1.994462168567122037e-02 9.089602767855409909e-03 -8.419187494906464619e-03
-7.016833172051842871e-01 -6.236659315126477088e-01 -1.665869465671804966e-02 1.409741109891721710e-02 4.608223058453195242e-03 -9.815416083525476884e-03
9.571114107945325467e-01 -8.611823916832685999e-01 1.237572753660391434e-01 1.988449020565435585e-02 -1.548339590744629915e-02 5.290914191769753583e-03
4.757704730743342880e-01 -7.524879079996661391e-01 6.773554591871261410e-02 1.511590514439574949e-02 -4.566569001587495250e-03 -4.100990822657490410e-03
9.637633742182334373e-01 -4.064179813286838971e-01 8.463872944218187033e-03 -2.498740377127632237e-02 6.662504041538455483e-03 -7.401312481411235697e-03
-9.462328796069620074e-01 -2.934297979181360941e-02 -5.364708646593124852e-02 1.526418668751697467e-02 1.257000658474139668e-03 1.222465938350193390e-02
8.065740964206822294e-01 -7.952327551479281276e-01 7.157610604172076618e-02 5.246076299342532223e-02 -9.934785917295589977e-03 3.009254266510432048e-03
1.047809040266137304e+00 -1.802148102810875174e-01 -9.167180581458519995e-02 2.485099307144888331e-02 1.109297720773642047e-02 -4.259705860500913495e-03
4.424258392452442012e-01 -5.376646685171011519e-01 1.418052189450697519e-02 -1.587229825915728934e-02 4.720175168927345268e-03 -8.858373525826659239e-03
-1.125452429988058833e+00 -7.092056365540687635e-01 4.659093197012317833e-02 -2.753351616986705538e-02 -3.249210045897643747e-04 -9.251342768681060716e-03
4.307402684520232339e-01 -1.906435274483930242e-01 -5.660007660788869688e-02 2.672976248278639486e-03 1.132040626838584987e-02 1.940245372025626615e-03
8.682823040809970472e-01 -1.075711216087731792e+00 1.876268038926751647e-01 2.787096408831802805e-02 -2.522704006121171544e-02 1.756076355139715023e-02
1.802749413088494235e+00 -6.390476328480360069e-01 1.181060993946554533e-01 -1.158588759638619174e-02 -7.488931470651313815e-03 -8.979904512965886272e-04
-1.153144700045283466e+00 -4.168834964980099866e-01 3.459540035989461942e-02 -2.334930311822543125e-02 6.191232879445777125e-03 7.201620468821387901e-04
-1.073119734479258403e-01 3.057479281226484560e-02 8.054895099189654170e-03 -3.021025975607089659e-02 -1.641406220856854708e-03 1.314830279362121969e-02
-1.687178136262562189e+00 2.746275446472616899e-01 1.684262737384632086e-02 -1.241330562440916101e-02 -4.953791157237363678e-03 -2.237573640642519148e-03
1.001793351615227756e+00 -5.082384728106966731e-01 2.935952975630730030e-02 -1.471131089081528787e-02 -1.004812447393562411e-03 -8.669573744970827944e-03
2.592466659013894503e-01 -2.759099162798916427e-01 -8.079668001022202728e-02 2.626020964883313616e-02 1.210988211927958511e-02 -4.447613153000705422e-03
-1.736855893439743559e+00 2.305719099190663701e-01 8.783234532531353222e-03 -1.331426214539121414e-03 -4.765414678854451754e-03 6.757777389375359614e-03
9.758700143022344120e-01 1.101360029779632210e-01 -9.125940735402568449e-02 9.078338464794217036e-03 5.353126235129117283e-03 7.368937565463667960e-03
2.306303383141372176e+00 4.671227133147292099e-01 -9.125439124406599378e-02 -1.293334546034208103e-02 -4.026683753485704037e-03 4.464970386620932714e-03
2.311268165358701943e+00 2.270285503633280022e-01 -8.794418984973802200e-02 -1.020589407239425039e-02 3.151228941866868194e-03 4.706703707812833100e-03
-5.796683378490401495e-01 1.902867968865060502e-02 4.101321751468407252e-03 -2.544286932886330455e-02 -3.487219498616982941e-03 1.186187010194153860e-02
-3.675375900368771376e-01 -2.562893502903885179e-01 -4.459519111328598580e-03 -1.538857346218297679e-02 8.483562437920345867e-03 6.028956286771648340e-03
1.265492493042213118e+00 -6.737866892802255592e-01 7.213148495675000826e-02 2.750495035482801789e-02 -5.260173145300103478e-03 -6.827383681558771029e-04
-1.911882153509809612e-01 -4.021384873799939697e-01 -5.384848577152892557e-02 1.792049022030410901e-02 1.099286359408746874e-02 -5.746585394377841383e-03
1.946765367993387841e+00 1.748168725299846793e+00 2.265137916143229180e-01 -2.323222947345324804e-03 2.172883453936519035e-02 5.778981683595710295e-03
7.234900287340281233e-01 4.501777429918165097e-01 -3.528380693281514546e-02 -3.104958460843732643e-02 -1.436867993906965763e-02 3.570403859402384097e-03
-1.311033807360510117e+00 7.225488862436182380e-01 -1.100057441442735436e-02 3.531442176407821598e-02 -2.727659375139178301e-03 -8.159073209260184895e-03
-7.126714750237653773e-01 -4.362949179339087880e-01 1.256220911704849542e-02 -2.285898533618649364e-02 8.820023387009079049e-03 4.537475155092853831e-04
2.412139595643785217e+00 8.784907284137802308e-02 -8.403461721123425821e-02 4.447861773367585794e-04 7.222887446555174666e-03 -3.889383318905740872e-05
3.693144592349444921e-01 7.166541165388010115e-02 -8.089413175199090811e-02 1.493423100644856831e-02 5.603581623799285504e-03 1.032274825455602695e-02
-5.171485669499735760e-01 6.867770012449446737e-01 3.988779884528310254e-02 -2.102108834503133711e-02 -8.400014993574914102e-03 -7.153431368584721797e-03
5.585400473583599368e-01 -1.788097225074271601e-01 -4.533253139420171524e-02 -2.134936055598261710e-03 9.424987523218858118e-03 9.259044803858046662e-04
-9.496093532177486418e-01 9.238846435080787234e-02 4.914019987000409206e-02 -5.072116770581892864e-02 -7.876372036481553429e-03 5.416768493276893047e-03
7.336946940233513015e-01 -8.498239582020592486e-01 1.086448033157408483e-01 2.430404874004847213e-02 -1.058102514710899424e-02 2.419492673495034132e-03
4.030759691722864968e-01 4.658577749333278062e-01 -7.439695035271276513e-02 -5.294045456935051255e-03 -1.343827117830493495e-02 1.528226334725056633e-03
4.281955551833505069e-01 1.320332143505957290e-01 -2.999590992995354935e-02 -2.116165129991261912e-02 -1.716220904581673094e-03 1.128363991895317726e-02
-4.645060059967349719e-01 -4.113830842160264289e-01 3.796338093941083180e-02 -3.948609566938754423e-02 5.216186558972366050e-03 -1.148848984643852621e-03
-1.158946736680016576e+00 7.335627874554716266e-02 -2.275751495499996405e-02 2.940211424312754070e-03 -4.256475410023151731e-03 1.143751084995672448e-02
1.062223340631444496e-01 -2.200867551321846749e-01 -7.318730016709466824e-02 1.947917068367788912e-02 1.103939320894763328e-02 6.158298796229832051e-04
2.061535525213988418e+00 -8.231832214215639709e-02 -4.075302588832722950e-02 -1.955025074724598549e-02 8.238350593992882845e-03 -1.727323147295804035e-03
-1.163005273405892881e+00 -1.650717373591040760e-01 3.834047957074910359e-03 -7.933696005063729448e-03 2.448324404932017157e-03 9.973236586045793398e-03
1.573749157055687853e+00 1.146467928690486637e-01 -1.283958727016881185e-01 2.867395848897606736e-02 8.426854623374960274e-03 2.588027177059653086e-03
3.202857994195340119e+00 -4.765806096442827267e-01 1.177519314519713534e-01 -5.138832054347522438e-03 -1.356432899889180831e-02 4.205930954314837308e-03
1.584491425987721192e+00 -5.442512622752153639e-01 6.768921530587911073e-02 -4.765818493342319044e-03 -4.054811057672616861e-03 -5.125482544875513413e-03
2.308095459449417852e+00 -1.187049109290052029e-01 -6.009230191512801578e-02 4.585755240033688625e-03 5.286285599106776284e-03 -6.406082756685899278e-03
-4.876300371312950466e-01 1.073151057118108875e+00 9.869840990857370322e-02 3.642562197098504068e-02 9.122501154216167488e-03 -1.458910080718148639e-03
2.167796385599597198e+00 -5.038272751599667254e-01 8.502489268467720851e-02 -1.155960235380065239e-02 -4.735797305861507919e-03 -3.098411250758356487e-03
1.417214050457679564e+00 2.089463016044149635e-01 -1.245679415849550442e-01 2.106371746930953137e-02 4.164803058009543257e-03 5.405028547134584256e-03
-1.285798375961040074e+00 4.972009852410218533e-01 1.480719389254643407e-02 -5.389349383762799192e-03 -6.821097607736042838e-03 -5.821427581583624687e-03
-1.183072504506982037e-01 -2.642922400045089049e-01 -3.871814523574475253e-02 1.706601993161242564e-04 1.015962141665235734e-02 1.867653363596837252e-03
-1.357017844526446027e+00 7.003156945859694282e-01 -8.640957370265619055e-04 3.017778854193966381e-02 -2.653748101866320111e-03 -7.650052004641767073e-03
-2.317525663805824365e+00 -5.614467734646648722e-01 4.121639883976633417e-02 -1.120725412080650352e-02 6.038988567034967933e-03 -8.607395002778691663e-04
2.725879045261884848e+00 1.342698497342975361e-01 -6.891534104814436845e-02 -1.563575871398175179e-02 5.308720425366606800e-03 1.857074404738094393e-03
3.825481191001401382e-01 -2.906883332576801898e-02 -8.272315882695941217e-03 -2.683476037868746944e-02 4.248746985002279687e-03 1.092699301054758480e-02
5.240126550981175635e-01 -2.837149222726377817e-01 -6.500080804187714778e-02 1.426611784646620446e-02 1.177679213422359178e-02 -3.535069804815489051e-03
1.241486799242957240e+00 9.597164586636339756e-01 -4.886854055026551569e-02 -1.308198349745891102e-02 -1.092795031273953096e-02 -1.274547620246789699e-02
7.183826629708775502e-02 -1.880203390244594985e-01 -2.423808822252013218e-02 -1.192243160469331348e-02 8.812869186799177773e-03 6.306928463668559116e-03
1.190134468073404284e+00 -1.287522408960204701e-01 -7.237296376899667039e-02 9.785303514017004711e-03 1.082230071235282601e-02 -2.380354013345898495e-03
-8.652917408740344873e-01 -3.877545198972670026e-01 -3.741950401354605937e-02 1.074256258411593508e-02 1.076512701973418758e-02 1.070261870075642886e-04
-1.150376973765680599e+00 6.971685299913132905e-02 -1.541395189042180786e-02 -6.116275584742349170e-03 -5.315050301195983068e-03 1.058379110541595412e-02
-5.653208331948872400e-01 4.497333159317742357e-01 -5.288843170300413371e-02 1.298447962907504590e-04 -1.118999115132972115e-02 -3.130843580429854695e-03
1.988217833728735284e+00 5.870644521302605806e-02 -4.334296613980813395e-02 -2.703118738533299634e-02 6.153144510809957848e-03 4.260735221694109988e-03
-2.307384890662934840e+00 -8.693377922656269075e-01 2.250937252581789241e-02 3.414574260166351218e-03 -5.901665302458936752e-04 -1.084481061674718964e-02
-3.028525889003626848e+00 -6.133405416616368733e-01 4.325804176602469908e-02 -1.329053514244500026e-03 4.758927124531192251e-03 -3.554448150670975245e-03
7.562014055636977483e-01 9.714851044092399635e-01 -1.077440980837495767e-02 -5.987340294732749341e-03 -8.626074751108634558e-03 -1.091858178980110484e-02
1.437004512152942226e+00 2.072555210724690289e-01 -5.003560366213721106e-02 -2.187344381571658739e-02 7.932885255411093947e-04 9.249342556066235399e-03
1.501162955614634864e+00 -3.693630349003488855e-01 -2.005887395950343988e-02 1.206069825718817691e-02 4.149124897706299615e-03 -7.804814969895397699e-03
4.033279253948162668e-01 1.180940508018948787e+00 4.806396838156135054e-02 2.883982183057607826e-02 6.310599946157994036e-03 -5.488104109316743751e-03
2.067016955412755319e+00 -5.834000150556367670e-01 7.399377733282720693e-02 3.088963667674834990e-02 -8.398714043254219483e-03 2.422008149690570503e-03
1.094472459076213100e-01 -7.125962026596662779e-01 2.963488887717342229e-02 1.924846016527517745e-02 -2.267630133185047706e-03 -7.886755315394797586e-03
-3.431063766592870601e-01 3.542064855972220649e-01 -3.988863789356549006e-02 -1.533420848159610696e-02 -1.237994865241662593e-02 2.008007520724937149e-03
-6.497854928686527254e-01 -7.064551477140464941e-01 4.883179285685466942e-02 -2.144125530102321958e-02 -2.275780001982371549e-03 -9.899328489214792581e-03
-3.773677502709600340e-01 9.088154134277695029e-01 4.402443181464174571e-02 1.310862755390826070e-02 -1.571188865556271677e-03 -6.510569302016315507e-03
-3.264523043664031010e-01 -5.641467882479167528e-01 -3.177667461648293890e-02 1.894943074649638876e-02 7.323265099125765565e-03 -9.195810941153396978e-03
2.156603149871652469e+00 -3.506240129956491036e-01 -1.508853616387451600e-03 2.708814865394984159e-02 1.279044469397125350e-03 -4.323772679421479179e-03
3.027643724166445005e-01 -6.922323656015971771e-01 4.988920612005871141e-02 -9.552807822115948200e-03 -1.409407248461740222e-03 -8.243795616673457033e-03
-2.603255719732825657e+00 -6.129003374519924607e-01 5.594638694667742468e-02 -1.467340524092543112e-02 3.735672493096191260e-03 -4.402759536192487125e-03
-2.165897843429694936e-01 -9.860198713374894730e-01 1.238320338344047894e-01 1.478576712954006792e-02 -1.085609259673548516e-02 1.116070400324304128e-03
7.612435864164097676e-01 1.379837725958112049e+00 2.074651391388211974e-01 -3.700227428804994060e-03 1.503409420666686723e-02 3.344445712779616289e-03
8.521785461649697968e-01 -2.213036881373294240e-01 -2.568098347699837233e-02 -1.666719886219098640e-02 9.058094656602261319e-03 -1.398313671695114013e-03
-1.072802080301977545e+00 3.193391499056417171e-01 -7.688978921366819430e-02 2.191685229820129061e-02 -9.371389325754684446e-03 2.905446315672847134e-03
-1.130444253694683487e+00 -2.117421611686003957e-01 -1.947498028425505290e-02 -2.455512403624376841e-04 5.634282103289478538e-03 1.056891697036480872e-02
-1.933937077725095488e+00 -1.966294005867264272e-01 1.916800731074923617e-02 -4.347358614412074988e-03 6.926593911952365606e-04 7.933890446790589634e-03
7.831200642373523091e-02 -1.665047790162040020e-01 -9.580366856789650221e-02 3.279679943984931123e-02 1.193653217841306353e-02 2.416663386836705781e-03
9.915413112210202939e-01 1.375393714359776975e+00 1.222796077995043779e-01 1.450458934984691362e-02 1.039887320418258349e-02 -1.050066146687104194e-03
3.025181204664704748e-01 7.522771900820970359e-01 -1.401715235928993608e-02 -2.113526004100396011e-02 -1.255427365353490275e-02 -1.005883694774444871e-02
-1.351346699628161119e+00 -6.195652355859317950e-01 8.374267775637128652e-03 -8.544174306869824556e-03 4.459135236147548920e-03 -7.642722340850534660e-03
2.142803575391349358e-01 7.588013487177464045e-02 -4.501753047741972880e-02 -5.926199643641992185e-03 1.084954690176995803e-03 1.193399618666948596e-02
9.812775664859147984e-01 -3.068598650346706647e-01 1.199567206741421026e-02 -3.839850353879365602e-02 7.919777730488750458e-03 -3.833738333065583957e-03
-2.280755888006683829e+00 -4.096719796432496397e-01 -4.096281155404060074e-04 9.426822869238980773e-03 5.939304093023615137e-03 3.629306409405556010e-03
4.569207312615677363e-01 -8.319505873391946915e-01 7.545432203349382305e-02 4.644995466179753507e-02 -8.092271221450749938e-03 1.165734490746793981e-03
1.931570870378659377e+00 1.989138285276905449e-01 -1.032669570479657489e-01 2.122132824625716768e-03 4.180661657778523069e-03 4.570022314303348945e-03
1.935908313957825033e+00 -3.024001423920494869e-01 -6.922902416938366520e-03 -5.197540869856465996e-03 3.841946316428631290e-03 -7.361870309532767866e-03
-6.450930220661615921e-01 -2.824951930222867058e-01 3.011684495209231843e-03 -1.150485746964537669e-02 7.357104026258248775e-03 4.347562184221738686e-03
-1.240495512956326873e+00 5.771167382668651591e-01 6.810157167544023116e-02 -2.412364708143069011e-02 -4.090395557100218529e-03 -7.051324894416649558e-03
-7.155402124849835621e-01 2.014110561064986482e-01 -1.222420210952069632e-02 -1.413609834299079521e-02 -8.069759591869498858e-03 8.444916578920963479e-03
1.913079709360701874e-01 6.775500537085313857e-01 -7.433840628317188448e-02 3.068771562648929703e-03 -1.346854437070647663e-02 -8.381741802727099913e-03
-1.361348350592317846e+00 -5.948220526413738884e-01 1.779782007467716962e-02 -1.527209697450236138e-02 7.241797488930820648e-03 -3.643456736649225772e-03
-2.535978447055471374e+00 -4.099995598958722925e-02 1.884263619377157806e-02 -4.709008968128984736e-03 -2.029137504511456785e-03 1.222438319919250550e-03
-1.181248390520694080e+00 -8.516100608156872420e-01 2.978298131267180168e-02 7.858962196323458077e-03 -1.962034133628012822e-03 -1.017723313096292534e-02
-2.836262983775443280e-01 1.192317882975841181e+00 1.319152771416747805e-01 4.015016368332222779e-02 1.319073379779932796e-02 1.677255349469131043e-03
3.177107874851521907e-01 -2.106515405375133931e-01 -1.971326611272691473e-02 -1.452554012292774609e-02 8.320848889572102225e-03 1.786476971277611457e-03
3.896055893599362219e-02 6.439762267836841581e-01 -6.934906002216265075e-02 1.285137009132889321e-03 -1.293982541249649038e-02 -8.768014027074295252e-03
-4.428179541239495864e-01 -3.775419427867531819e-01 6.563795827267905093e-03 -2.507860532909514384e-02 9.475645324120858179e-03 2.224728946979170029e-03
3.780908464907877659e-02 -3.978195055195025698e-01 -2.386209511167170991e-02 -4.013129601719579373e-03 9.508830905567608113e-03 -4.736639967112146396e-03
2.825414975548597329e+00 -4.754085342684915005e-01 1.017663912510877455e-01 -2.612318506186885134e-03 -8.659110636682676443e-03 1.608417048877933608e-03
-5.373020383391606813e-01 -6.830818745394627856e-01 2.820866287646726575e-02 -1.286379550128156045e-02 1.463253632472683681e-03 -1.037768347655131790e-02
2.079365451274829635e+00 -3.147265437425509349e-01 -3.822662800017824665e-03 9.003046714811812831e-03 2.743224517146499505e-03 -6.664328948894232899e-03
9.177490420615911360e-01 1.650611732559400080e+00 2.232700692245984664e-01 3.067885725583614429e-02 2.514892592680059366e-02 8.166625192340388681e-03
5.787624910656425925e-01 -9.422839566008853751e-01 1.192421446149327657e-01 3.474291795029114255e-02 -1.744276745696965447e-02 7.644309403135166915e-03
3.957625824560340178e+00 -6.460956082811771806e-01 2.072357542982596057e-01 2.047801537927587331e-02 -2.696946625004082582e-02 2.173289678303874650e-02
-5.453119663862556754e-01 -5.130802293962772875e-01 5.258478017171472167e-03 -1.873938833924725447e-02 9.085224696447159742e-03 -4.510510289865218327e-03
5.595255731732711180e-01 -9.461949437523035078e-01 1.190691710748679188e-01 3.721402985418945791e-02 -1.587598706730420500e-02 7.213202958409215861e-03
1.380937275159561883e+00 4.982662201741669059e-04 -6.819285908184098688e-02 6.931995230796064592e-04 8.106571709843921406e-03 3.221052634983851380e-03
-1.399559815397332541e+00 6.227545255847976025e-01 8.774930360228642978e-02 -1.651046423602597207e-02 -8.494469110429398308e-05 -5.982329236571124441e-03
-7.773579861322715834e-01 -9.202237472006962182e-01 6.813030668071137774e-02 1.100557932971573186e-02 -5.524083539448519653e-03 -6.984060517096498701e-03
-2.172191316272114481e+00 3.828675093982968243e-03 3.855765310537169477e-03 -1.020351075764994522e-02 -4.059456558219238544e-03 1.419187119999600240e-03
-1.197059245942669214e+00 -3.002389334192267362e-02 -3.695989065835222215e-02 1.323927417321918779e-02 1.069551445138672849e-04 1.156330214873923894e-02
1.006108793777605426e+00 -5.667157405240154100e-01 2.314442239501171214e-02 1.254365769819523399e-02 1.315612226056427992e-03 -6.884026908541156058e-03
-1.621737458574511903e+00 2.388358180758139715e-01 1.579555597102219253e-02 -1.954590459273193581e-02 -5.535626848549284745e-03 -2.565923485476929826e-03
-1.553657874745805190e+00 6.854139497717774976e-01 -1.066400792111662880e-02 4.184035640865141348e-02 -2.625525144407148646e-03 -6.711484730951127083e-03
1.406449899576507068e-01 -1.681117922059736369e-01 -5.776123796701829703e-03 -2.543212853423891529e-02 7.670545823606042708e-03 8.555841904278238888e-03
-1.035619637319596498e+00 2.027354121896624561e-01 -3.894422104004838930e-02 5.227931954851904039e-03 -7.457150255810074575e-03 7.510766828220127346e-03
-4.116351361468172376e-01 -5.877481320391622632e-02 -3.139028786880790345e-02 -6.177098981243711942e-03 3.493695551266193071e-03 1.132398951586980479e-02
1.569499832912981896e+00 -1.433828526888098198e-01 -2.422719312864969610e-02 -2.753049694509137474e-02 9.173944886137428908e-03 -7.664281820516351479e-04
1.321338358770464794e+00 -2.139483041248188555e-01 -3.034358077806281057e-02 -1.630170465777476888e-02 9.412009881317242102e-03 -3.632960648920638327e-03
1.104081403194323352e+00 1.164287030402054723e-01 -8.209815884625402960e-02 2.069583968825141045e-03 5.368235446514898687e-03 7.933896084956421416e-03
-7.369262347932630242e-01 -5.046291345361089142e-01 1.575568464169480390e-02 -2.032633853962022980e-02 5.576739635482733104e-03 -4.394313905052135184e-03
7.901658067163485066e-01 1.276955925116460167e+00 1.287125521559561447e-01 5.330030440922105608e-03 8.110484833986079251e-03 -1.867583227909659811e-03
8.043247415021393953e-01 -5.371198992398221739e-01 4.059823156627487620e-03 1.389177984191078755e-02 7.409782702948958331e-04 -7.880728997763082264e-03
-3.197473913968418846e-01 1.051926061190634476e+00 1.475521374712173706e-01 8.454759002385446934e-03 1.113199344989410262e-02 -6.255826132003572057e-04
4.779935660929827690e-01 7.360759089683862610e-01 -6.127066114361055110e-02 -3.343062049943000200e-03 -1.425422485743767752e-02 -8.349842516322701289e-03
-7.936081389486342452e-01 -6.812157187466851838e-01 4.175234952813620254e-02 -2.431743272897829086e-02 -2.213487747664039009e-04 -1.008920106900628756e-02
-1.357140445523423944e+00 -6.109551173233701560e-01 -3.736077190046392660e-02 2.234081513188993645e-02 6.269578062988635618e-03 -9.255941736585842836e-03
1.526079699534463430e+00 2.323910583530978090e-03 -2.967175498456052149e-02 -3.102229345834531596e-02 6.528110009273999266e-03 5.290894094232953884e-03
-2.538715652092772501e+00 -5.105452244712638254e-02 1.557013314686098333e-02 -6.312096089410960086e-03 -2.200978331395507526e-03 9.366661924948691724e-04
-1.478163054741396643e+00 -7.991737044709605886e-01 -3.959820501589590355e-03 2.574843323821613891e-02 -1.671848181570916806e-04 -1.067344676539942749e-02
-1.501437983885625105e+00 4.697904963925940702e-01 -2.042809161733807541e-02 1.771724407739817472e-02 -6.294102596007224680e-03 -4.551351410843327595e-03
1.656752149214877345e-01 -6.722301498061558633e-02 -7.505213448568208434e-02 1.218561960254929515e-02 8.115490693414483328e-03 8.229702501994692540e-03
-2.028550483026279494e+00 -2.403740211042181274e-01 -4.135041379494626412e-02 2.908148761660412848e-02 4.834125817126220734e-03 9.933091995436999985e-03
-1.960354260353015521e-01 1.924622430622583980e-01 -2.154616323833327685e-02 -1.242061507175394250e-02 -6.352920227558921107e-03 1.211132960870735589e-02
-1.515885505417821078e+00 -5.490114501722352935e-01 -1.498545186932217881e-02 7.153195988830935749e-03 7.674675874397689397e-03 -4.890336383373131320e-03
-1.749883175727015461e+00 -3.855064815661857214e-01 5.828205086945028798e-03 -1.692302942611542769e-03 6.578463015175286047e-03 4.713048749502637969e-03
-2.933468811021618453e-02 9.016728558176163588e-01 -3.541464095085319203e-02 2.021752789836439232e-02 -4.752172258625169711e-03 -1.220397276942051558e-02
-1.020222898481686569e+00 7.653224779739893346e-01 1.171238418595290237e-01 -1.521544380474318219e-02 5.604409077302509312e-03 -5.788684622171622919e-03
1.521902411487180196e+00 1.628251189087019268e+00 2.047808925269107849e-01 7.374810022620859051e-03 1.901629337343567830e-02 5.536303726901525314e-03
2.265559735179344170e+00 3.657962573528593664e-01 -9.194411962564347229e-02 -1.050720017265825874e-02 1.933371216803208713e-04 5.272309706298549357e-03
4.704794657061517893e-01 -6.167030973950631267e-01 3.981083533165791916e-02 -1.253896194745555796e-02 -1.740371275422773235e-03 -8.892280469300538337e-03
2.088953722304134342e+00 3.724542040116345931e-01 -7.678616952235625681e-02 -1.494840261077963299e-02 -1.383320343702021437e-03 6.898700696342571076e-03
2.284832216390693116e+00 -2.301235678866062062e-01 -4.983330305939476929e-02 4.088392615213011505e-02 4.055942175759599463e-03 -5.028336641938429934e-03
1.217476602630784388e+00 -7.817365991990289364e-01 1.171751470455870275e-01 1.375884011169366261e-02 -1.194226472902168781e-02 2.742514195235838063e-03
-2.058194847901159807e+00 1.935745844023583351e-01 -6.819057283231847594e-03 3.139270693031445160e-03 -3.569247287211481379e-03 -2.128734484600283260e-03
3.265737524859874119e-01 -2.849916715142301604e-01 -2.030427845825200431e-02 -1.803432633981607094e-02 1.066405590007129221e-02 1.049047351844048905e-03
-1.275661282971210841e+00 6.105022077842860856e-02 -2.874021650801777614e-02 2.035834840265903986e-03 -5.025583326988237835e-03 9.510643651178469701e-03
-4.309410975940393129e-01 4.371733229972643575e-01 -5.880559190751833559e-02 -2.219975306023814696e-03 -1.213252260367496740e-02 -2.140363889239629142e-03
-1.796668719082331611e+00 6.603606221726494585e-01 1.226924670617068891e-01 -4.514759201814459375e-03 7.861493126458653224e-03 -4.485095484782519390e-03
8.202323066966142884e-01 -5.266765858059275773e-01 2.797458198144172833e-02 -2.260013692326590801e-02 3.311402880008287777e-03 -9.070503805320191335e-03
-9.946211373076632722e-02 4.138653038228600756e-01 -2.555989063266476263e-02 -2.683332719741098396e-02 -1.328407047157648818e-02 9.100548190547239579e-05
1.251715738556366198e+00 -4.629657376869396601e-01 2.836333248141983954e-02 -2.940109528254976345e-02 2.508639402824052334e-03 -8.695282046513116633e-03
8.311799950317656505e-01 1.132807991633046019e+00 1.024806842813249103e-01 -1.656400581013758866e-02 2.962160604132792543e-03 -5.872134411279477696e-03
-5.088204366365257220e-02 1.358920735367562971e+00 2.092326568303282397e-01 2.887820879113604106e-02 1.940482659740869892e-02 5.890960831425822927e-03
4.009448623764061415e-01 -2.094330647799715339e-01 -6.512649149595865772e-02 9.805695008982786426e-03 1.088659092028499906e-02 -6.800625966979054367e-04
-8.461753303793014824e-01 3.891743987310337660e-01 3.729802882157420840e-02 -4.140254704935383140e-02 -8.549204869934856274e-03 -4.261760050983875829e-03
2.852578177275428395e+00 -5.488487305077402456e-02 -6.577499559181525235e-02 1.049142552479116752e-02 5.020791961966538687e-03 -4.949237819287276470e-03
9.586419839495898820e-01 -1.999340395035462126e-01 -6.790309129856925141e-02 1.061702465268479605e-02 1.077986397531858348e-02 -3.942735734565516216e-03
7.156939393628963808e-01 -4.366541707185125354e-01 -2.317846182456784893e-02 7.053380477603349817e-03 4.452401599355926796e-03 -9.785687065546010838e-03
1.545718016861956368e-01 -6.675598874762498358e-01 2.456313158151984810e-02 -2.813137841652832774e-03 1.177035566954446168e-03 -9.238379917890875842e-03
-6.393453855683656206e-01 -4.808953347600991579e-02 1.701847083912770911e-02 -2.769559807812874141e-02 -1.029768965338883398e-03 1.128920948296200516e-02
2.421995905995411924e+00 -5.212630884208008242e-01 9.902652114792157012e-02 -2.908814576246467228e-03 -7.308894862704288023e-03 1.595672741196763110e-04
-1.176437185398701013e+00 -5.327898343093032674e-01 -3.082176163210619685e-02 1.293244201514082842e-02 9.276201419547299223e-03 -4.943812232863067924e-03
-1.335558944231023837e+00 6.610328674282152095e-01 -2.492603913442215102e-02 3.485923560080615019e-02 -5.453219948087643584e-03 -7.209249991492947679e-03
1.583520147102622122e+00 -8.075922882554027460e-01 1.330528278334146830e-01 1.617557389745987589e-02 -1.671532308230460132e-02 6.665623690651826388e-03
-7.724671095654966901e-01 7.788744609090331172e-01 2.178153701509549789e-02 1.231636406922658258e-02 -3.928747313704125839e-03 -7.785124427268348343e-03
-2.828319752509695473e+00 -4.418026657910498201e-01 1.129295565847831563e-02 1.328632445768287811e-02 4.461950136825567487e-03 1.915537662172411663e-03
-1.736905657574460582e+00 2.478866237583197685e-01 2.532742849337036792e-02 -2.154820517359098270e-02 -4.477487321237307201e-03 -3.903595100389010194e-03
-5.921049202733460470e-01 2.464048756283777897e-01 -7.328474734095573317e-02 1.359019092368123766e-02 -8.072414586699794628e-03 7.060254381927943447e-03
-2.506214200310992180e+00 -6.195950742290395885e-01 3.230694692157014269e-02 -3.866058430183756580e-03 7.291126090634873942e-03 -1.511910869452768886e-03
7.347308394998934844e-01 4.051794940062109496e-01 -8.496011436908386394e-02 7.289442648733007344e-04 -9.575173779087540332e-03 4.323952213595752027e-03
-1.438272700035668317e+00 -2.319254806455800233e-01 -1.851958022210404772e-02 6.139930679638990092e-03 5.384717974467652206e-03 9.707649007250148884e-03
8.015342402871060701e-01 -9.948865304451122160e-01 1.545454094313475080e-01 1.981872658409793500e-02 -2.165464978915273425e-02 1.076523734053070128e-02
-1.354843132153530139e+00 -1.932601511775668968e-01 5.400111508809218863e-02 -3.271043858484601330e-02 -7.525700800823365813e-05 7.435050204870923517e-03
-1.348673701242868450e+00 -5.521305685242131611e-01 1.914952443164470372e-02 -1.636739246273108406e-02 7.935562343887600859e-03 -3.080923156597941380e-03
-1.060421983287912706e+00 -3.784553463297832820e-01 6.661411424514930915e-03 -1.663150374120270919e-02 8.950989629736758740e-03 5.202836564442024116e-03
-6.390227563931492050e-01 6.265422323466658394e-01 -1.718894281861946954e-02 -4.558988972344811476e-05 -1.047794242855798821e-02 -6.558974800355816745e-03
-1.729453458100933982e+00 -1.540199250740316717e-01 5.877265667246342820e-03 -5.423006089736955894e-03 9.180185634572913416e-05 8.639414559669678431e-03
-2.078311196290623997e+00 -2.367510076051918821e-01 -3.491380483457985108e-03 1.029294731867933139e-02 2.631594680743463456e-03 8.621555913325446019e-03
1.105956093160592735e+00 -4.600423417526295355e-01 -3.872383301535623368e-03 -3.424163858246210678e-03 4.657474872275416816e-03 -8.044484093955172818e-03
-1.364756064282910852e+00 5.213585354053619225e-01 -5.154586472121505669e-02 3.024249678503684868e-02 -7.651304043308717988e-03 -5.139304826805820778e-03
-1.124096084679094609e+00 1.204381554524924097e-01 3.442570943683242318e-02 -3.737292529450889772e-02 -7.191623197937822669e-03 3.692760167762978215e-03
-9.559170869233435397e-02 9.040897553117245300e-01 5.608463309942543495e-02 -4.790136378576796174e-03 -4.198125089320903572e-03 -6.842757205268480691e-03
8.575369764182178001e-01 -3.783644235491752661e-01 -3.627631795903080852e-02 9.722877829873393524e-03 5.251103297494907202e-03 -9.009501174011157534e-03
-4.457672943665979548e-01 2.612611205061710629e-01 -7.009800563877657820e-02 1.198764675771899629e-02 -8.061643233329054276e-03 8.004577219342775413e-03
-2.274272416206160052e+00 2.151110240209893887e-01 -2.820973435465611023e-02 2.223785949918987564e-02 -3.057818858278812078e-03 -1.496040033901184507e-03
-4.066926980537680092e-02 -7.118233128231380435e-01 5.613759165099566767e-02 -1.859327606172664349e-02 -4.658758883723117944e-03 -9.828552624679919719e-03
1.508601802651483581e+00 7.320211925379375151e-01 -6.855125949024697130e-02 -3.079673811722338089e-02 -1.591083743455649208e-02 -8.575018368537653743e-03
-9.700492187900209284e-01 5.438875087505121858e-02 -6.388676537608443951e-02 1.940385709386817370e-02 -2.097516845731724460e-03 1.166638147294200324e-02
-7.807865758754678649e-03 7.161768988293464311e-01 1.145942812812875307e-02 -2.558966604185659507e-02 -1.200840976689032495e-02 -7.983852610439899633e-03
-2.337853408917265785e+00 4.545212131990421511e-01 3.137980985380887933e-02 1.589759408260857029e-02 1.206463564662903606e-04 -7.205021876381858398e-03
2.282092687497908834e+00 -3.440429074860582026e-01 1.448758043155788308e-02 1.571118334915441728e-02 4.491163724602571360e-04 -4.543228954291649892e-03
9.988953641054413302e-01 -3.962153538553052634e-01 -2.001234174847301220e-02 -3.703444627761730366e-03 7.180755147559748745e-03 -8.036203306274568650e-03
7.225148998990329474e-01 4.071095017290010665e-01 -6.647431864224302711e-02 -1.491060763697348718e-02 -1.200095041709795668e-02 3.450031167676693815e-03
7.309055246553448626e-01 -1.403019934897287435e-01 -4.416188675233600341e-02 -1.002797440386522798e-02 9.971389159879348249e-03 3.000360496162294069e-03
-6.400281138343373311e-01 2.793263830563809114e-01 -9.305577462409227174e-02 3.167733688612765081e-02 -6.908282664973205804e-03 8.155822259398875715e-03
-1.345388405456168446e+00 -3.028878613373708895e-01 -2.955919998679848795e-02 1.766984001219829362e-02 8.815377685933727461e-03 4.847356948291021810e-03
-1.153263574333026620e+00 -5.587221449504361503e-01 -1.215652128480963420e-02 1.726667298644092401e-03 7.374291494043431865e-03 -6.200506058131403930e-03
-1.036277104027292895e+00 7.784629795768019389e-02 -2.273899060902798488e-02 1.047040745711605046e-04 -4.089537246399926364e-03 1.048539381532953563e-02
-1.782717948552170695e+00 -5.064472552931455381e-03 2.410300451798816704e-02 -2.483440794071311436e-02 -5.130394982285932208e-03 5.169333428025178583e-03
-1.359949977921816267e+00 -5.115261349573951843e-02 -2.236293147921012206e-02 1.168951494092389286e-03 -1.936617330644941617e-03 1.118097592358345028e-02
6.670185976378745218e-01 -2.279980848838553398e-01 -7.419514228350035379e-02 1.765716157507398257e-02 1.098843825975989903e-02 -3.832957044161133201e-03
-6.295525084471643995e-02 -4.081378336987476763e-01 -4.000587117211764493e-02 8.012260053166495727e-03 9.867863105944760932e-03 -5.859217284743444866e-03
1.569357334986738683e+00 2.241356688008261933e-01 -7.787827117224871420e-02 -9.509551497585770966e-03 2.181021095592105847e-03 7.047241006072283397e-03
-1.146683877280639363e+00 -2.389614309069132969e-01 1.997235476666769927e-02 -1.623748505130020656e-02 3.945739533590320557e-03 7.358248224038644800e-03
1.344527821048792093e+00 3.457077174557591781e-01 -7.172869319802666066e-02 -1.010561083768059948e-02 -4.483899740868567407e-03 6.892865941752093599e-03
-1.548477970012189342e+00 -1.990064481913588479e-01 -4.815392618942464925e-02 2.748980370494244832e-02 6.078035158350859196e-03 9.125823278915498257e-03
1.090010784706384239e+00 4.467773938378740706e-01 -6.108226083920621080e-02 -1.779080193596898132e-02 -1.156096923987989106e-02 4.957558483646007721e-03
-1.115682090024044726e+00 -4.813991306559022854e-01 -1.699193251639230864e-02 2.922921463101245919e-04 1.125573148467336540e-02 -9.681739782123778689e-04
-8.348976404156877029e-02 -7.954010236801957179e-01 6.379582403783164157e-02 1.030735686028666671e-02 -5.877118743720204964e-03 -5.674901918414508931e-03
-1.510953176433439182e+00 2.927862616330998979e-01 2.538845597591462069e-03 -9.778691529707844374e-03 -6.069397445734089208e-03 -2.285524129667268825e-03
-1.133392900127873970e+00 7.875422068212580007e-02 -8.989289614787392135e-02 4.481847241338018928e-02 -4.646210515261331482e-06 1.244082014142537489e-02
-1.400754905905572389e+00 3.306802695008365656e-01 5.864143755295124494e-02 -3.856078134720013900e-02 -5.423080290496738905e-03 -4.248776908947687198e-03
7.145025290343899327e-01 -3.021422334668982246e-01 -3.477179145911359764e-02 -6.991036248255771794e-03 1.044559256319140851e-02 -3.583085784895004636e-03
-2.175834359987644628e+00 -2.134606965747380680e-01 3.643368160138974604e-02 -1.161304297672477101e-02 -1.188627177870228273e-04 6.691634831068132838e-03
-6.797082796385667258e-01 -5.908880559620665468e-02 -6.327942849615474097e-02 1.818363709888604768e-02 4.632343254684074749e-03 1.166686133584986934e-02
2.289644981553241032e-01 -4.013191584496803577e-01 -2.573514851120262820e-02 -6.206494367701070013e-03 1.066702527066270417e-02 -4.988083939128517066e-03
-9.364647969918777903e-01 4.227409099559533701e-01 -5.641535882205154367e-02 1.587541343577777639e-02 -9.470152118287887208e-03 -5.903168921459585805e-04
-2.692496179075729024e-01 4.071748089981854779e-01 -1.372442931466151539e-02 -2.733473652870582749e-02 -1.272937819732664934e-02 4.375990122104127982e-04
6.200315194986482092e-01 5.758264142427427235e-01 -5.267350769799118010e-02 -2.131953611804414395e-02 -1.542784257278056841e-02 -3.158584482807490473e-03
1.635002819931949070e+00 5.288161605982274471e-01 -9.122566804186112155e-02 -1.405783667463687651e-02 -1.166773379759901939e-02 1.003497340602188060e-03
-1.083156692253059772e+00 -2.662559066503818461e-01 7.897113650919411129e-03 -1.687167824862636362e-02 5.691040401582751068e-03 8.911402387783469090e-03
1.277337508234231978e+00 1.440489297481185316e-01 -9.783909385224993926e-02 8.135666025954625333e-03 5.044447714363879329e-03 6.756202063238622886e-03
-1.153911438696078262e+00 3.144772672808069935e-01 -8.377789316408570941e-02 2.496669021314949777e-02 -9.200339829593392332e-03 1.394698105331797092e-03
-8.962795088450335734e-02 3.271123323279041539e-01 -5.251480205530799361e-02 -6.494979935967331100e-03 -1.082567490803323061e-02 5.995194780727036536e-03
-1.252862967669514216e+00 -2.541286687852321591e-01 4.674345257585371671e-02 -3.284315648490869488e-02 1.681925903257225005e-03 6.876207226775982173e-03
5.230198709071921803e-02 -5.032981105006223421e-01 -1.670448322198628960e-02 1.906837811906187882e-03 8.008710720827741728e-03 -8.706944610010125193e-03
7.961675317464818047e-01 1.092010720881834818e+00 2.408828651531750437e-02 1.106405862551910514e-03 -3.004548728570505256e-03 -8.966387459582936953e-03
3.628339359587874347e-01 -7.921009888057263248e-01 1.050448843472306798e-01 -1.501198102531007238e-02 -8.736831114212615518e-03 -4.686014915214254707e-03
1.973566499544324504e+00 -6.201993840833909255e-01 1.020500245779933646e-01 5.242925230348533493e-03 -7.640799805890891548e-03 8.779116129920775530e-04
-4.158201603607148966e-01 1.083373425063611784e+00 1.129339848179665290e-01 3.067574848120762157e-02 1.041870727851864839e-02 -8.257931058515295946e-04
1.086010055316086076e+00 1.030147420802149938e+00 -2.740512929270624842e-02 -2.826496564431188810e-03 -8.166549802060446214e-03 -1.071867080508811902e-02
-1.774072574826666138e+00 -4.545680080788887523e-01 3.836103060376795659e-02 -1.958482509532653501e-02 5.342534613402474993e-03 9.383621478017671212e-04
-9.290438118234219944e-01 9.296088971901724785e-01 1.036795964687411281e-01 2.539266495176895413e-02 8.449005912615320871e-03 -2.204941435100531318e-03
-2.961613303587249946e-01 -1.120232475531397764e-01 -7.194515564036002564e-02 2.104583629537407075e-02 8.968545031026899442e-03 9.109788143971358013e-03
1.570433003868666688e+00 -4.937506200706995863e-01 2.436913210674513525e-02 2.362288442211751133e-02 -5.267040029056725735e-04 -4.924831872367965366e-03
-1.254468217647222605e+00 7.590261615362043912e-01 4.262812119668135669e-02 2.179223138692598996e-02 4.436363780656553938e-05 -6.343148805494983923e-03
4.349130009703318644e-01 4.081297822050191509e-02 -4.469322125684510594e-02 -3.812100542797395263e-03 4.286203165886679108e-03 1.100494254071817529e-02
-1.031935778252787150e+00 -3.643845881022058641e-01 -5.519532836770024015e-02 2.393510421331716473e-02 1.141727861147914976e-02 9.818184878868229260e-04
2.533300220189855345e+00 4.676001389571856487e-02 -7.313300112898080130e-02 -6.507735559603981812e-03 6.610250416449319280e-03 -2.161156185797407422e-03
-1.548092648537951199e-01 -5.204262286604331988e-01 1.826008829209081752e-02 -2.579067821255268469e-02 6.421730456589024028e-03 -7.285001301879795617e-03
-6.934675280836828382e-01 -6.755798683729766774e-01 -3.243678657340336863e-02 3.877700036631984842e-02 2.439106915138556427e-03 -1.026653899726764213e-02
3.096488457165209152e+00 -3.781247097294818810e-02 -6.277008650775590948e-02 1.699037150326955514e-02 4.771577818570228897e-03 -4.156159994772898152e-03
5.856003534005206346e-01 1.536817488313344082e+00 2.621657259305992804e-01 1.223397606790581869e-02 2.385826900338051948e-02 8.069832515655102692e-03
-7.766524713579656680e-01 -2.523117421353243128e-01 -1.240803140846210434e-02 -4.327079317493620972e-03 8.164819734151349331e-03 7.091566795354502413e-03
-2.505061572527247926e-01 -3.742940511101141010e-01 3.941872223137596852e-03 -2.331211888078530206e-02 8.105197380774784716e-03 -1.254797397673031644e-03
-1.402194072071048403e+00 7.814516759890852704e-01 2.519004020457428147e-02 3.934042524554484666e-02 1.107379243838244650e-03 -5.678317470367599470e-03
-1.520371193576657010e-01 -2.526712241407206849e-01 8.109685212594182433e-04 -2.399775578160030093e-02 8.590384327832203612e-03 5.559884706912615430e-03
2.677421572249759074e-01 8.045659542403810205e-01 -1.684335319387997298e-02 -8.391341050394010223e-03 -1.259745449582766463e-02 -8.659837269742896512e-03
2.037457034911532183e+00 7.229228163959078302e-01 -1.021214390245103881e-01 -2.152985807089724535e-02 -1.438127183117128387e-02 -6.389504481331124107e-03
-7.575402830092027306e-01 -8.920380619189383076e-01 6.478512474565793766e-02 6.697108212761127520e-03 -6.099766857438571922e-03 -7.096598389720987221e-03
2.830424314200862823e-01 -3.844245260558749600e-01 2.877858796970860639e-02 -4.626381803996310743e-02 7.265360004543368506e-03 -2.519846719580847230e-03
-3.684703630743751956e-01 6.474447671476301069e-01 1.065319496804605602e-02 -1.780906430857040826e-02 -1.062547178471140788e-02 -6.751133546736658858e-03
-8.303605784132157552e-01 2.402172339852583910e-02 2.339279148185936449e-02 -3.028425690343731699e-02 -4.789126060711777939e-03 1.144263972208332467e-02
-2.145559731631541123e+00 -7.114747465205907284e-01 2.675902294499847220e-02 -8.181113920560985353e-03 4.176650038726472183e-03 -5.813907977614207571e-03
-2.022176997320877856e+00 3.592405965731450546e-01 9.976516883139260883e-03 4.997301379490076516e-03 -3.282986400830586494e-03 -5.369866375709981404e-03
-3.534779356239384773e-01 5.229266920299368016e-01 1.171569325053528274e-02 -3.311255041368195429e-02 -1.158340821003705882e-02 -4.824223072703443839e-03
1.363826692509677807e+00 5.090552565847894506e-01 -6.690660408695849048e-02 -1.819249772840692697e-02 -1.239286133458330531e-02 3.921649983263806455e-03
9.648344859994856249e-02 3.715592957504525451e-01 -5.443483058145944659e-02 7.529365863883086263e-04 -1.086813535452198914e-02 1.164017918473915850e-02
-1.816473268028724553e+00 1.025842460585622840e-01 -2.536581856532527796e-02 1.153274639045830802e-02 -5.134077845989442473e-03 5.730278386286843766e-03
-1.399502506407369617e+00 9.688683829848947215e-02 -4.637084562205227856e-02 1.265353293602689347e-02 -5.564314151380705606e-03 8.373004838507220118e-03
1.001684513180976177e+00 -6.975336814000403229e-02 -4.777245977033481306e-02 -1.475474439567334151e-02 8.471144919344978513e-03 4.850062684647862311e-03
1.318296317573839360e-01 -3.186907984135110006e-01 -1.693408216231184066e-02 -1.334454781051930966e-02 8.563208479302737361e-03 -1.590200787610315239e-03
-4.115828499512058092e-01 1.995144362768336288e-01 -5.069414256648909975e-03 -2.590104624541456416e-02 -9.065162119964076740e-03 8.890089756881070296e-03
3.085879928736393829e+00 -5.768367181666107513e-01 1.163739635693083196e-01 3.528190225879550973e-02 -2.152194889039349066e-02 1.200983587293737165e-02
1.753122743053906918e+00 7.083775648606756015e-01 -8.791102878143589039e-02 -2.352590478278061142e-02 -1.530531733614706388e-02 -6.095924952671628178e-03
-1.787645591141054924e+00 1.458353347930073374e-01 1.669973716685608026e-02 -1.895183653451295788e-02 -5.179407988230353907e-03 -8.056625249215572425e-05
-4.015185704906817366e-01 5.179682708504141919e-01 -1.116973313295008402e-01 2.703738908510157704e-02 -1.155931874381582736e-02 -5.605293783205670365e-03
-4.051376595906130973e-01 -3.456399986196850294e-01 -3.530558125425735383e-02 1.625913853403878695e-03 1.029567915149208306e-02 -1.451782897723609303e-04
-6.486729406182412117e-01 -2.438081939576373092e-01 2.577575555320882339e-02 -3.151516337343135410e-02 5.458329495245439755e-03 9.068399532643871275e-03
-1.607864492509146981e+00 -2.896595215812687862e-01 3.891072258876331763e-02 -2.295993947691246997e-02 2.284915208486263186e-03 6.924519971278350790e-03
3.206726632307526637e-01 -1.928444408600826776e-01 -5.578533694997708098e-02 2.633109297648223140e-03 1.069644458030591209e-02 3.442868752998901050e-03
-4.526936738220558309e-01 -5.779766936697630086e-01 7.463552139910704583e-03 -1.172660179114442744e-02 4.856037562226914010e-03 -8.631851615367166358e-03
-2.313963265200651986e-01 -1.618070284172315743e-01 -2.403791269886094636e-02 -4.301514478517522687e-03 7.633666415235616613e-03 8.229911790680980235e-03
1.048172399468143112e+00 1.271895408674692252e-01 -1.137143957676537420e-01 2.182498294178713064e-02 6.768362047057632086e-03 6.459611743676779531e-03
8.247507779426312968e-01 7.776358977415639417e-01 -3.463880604562032117e-02 -2.588882740563533402e-02 -1.473090373469459514e-02 -1.001890173687723477e-02
-1.589184494359165756e+00 -1.884347153158972554e-01 -8.376261963443820679e-03 1.721986966490384038e-03 2.504057034346947666e-03 8.832653615714041589e-03
1.739734262017996524e+00 -2.656536108456717393e-01 -2.936662845765865976e-02 -1.008945176685132131e-02 5.913494471172161225e-03 -7.387421592067774066e-03
-8.618243620373797764e-01 -2.063109106822482719e-01 2.408295343119972939e-02 -2.524071059231230291e-02 3.281190654594060615e-03 9.388647511819017688e-03
-6.972324509406718773e-01 -1.956816579080706241e-03 7.090282078626352659e-03 -1.878245622870727480e-02 -2.037697767072466516e-03 1.207420057238100738e-02
1.420950130836288183e+00 -5.194286257533504980e-02 -5.359102242020846729e-02 -7.157310585000082291e-03 8.939015285833264851e-03 1.015727817000742789e-03
-1.183508422276343452e+00 6.803959167053214019e-01 1.004976323453916631e-01 -2.218974735941210349e-02 1.388379345278266614e-03 -7.091343916831168229e-03
-1.142821341597103135e+00 8.036642673309860596e-01 -4.660620949116712174e-03 4.384118503517352161e-02 -2.355636384334958318e-03 -6.343723007130487937e-03
-3.787919484945167364e-02 -9.542910511499813619e-02 -1.444054997069952467e-02 -1.716548015879896388e-02 5.282340496637177515e-03 1.119464566691152040e-02
3.682461064452970390e-01 -6.558301076857478984e-01 4.130085150656095244e-02 -7.043256281834586394e-03 -2.346210470486798007e-03 -8.526849463343756999e-03
5.175022935412714187e-01 -4.432812385226947982e-01 5.576040789371048551e-03 -2.098490498478628244e-02 7.335871544118543509e-03 -7.784126797810941162e-03
1.688400058998671183e+00 -1.367500423491510020e-01 -6.586346139831338042e-02 1.951947013209154791e-03 9.058120376891748080e-03 -4.391323981590182328e-03
1.744841854908098622e+00 -4.516214575906812856e-01 3.312957554886828554e-02 -2.565083897986480000e-03 6.262944109149086577e-04 -6.223890769057534821e-03
1.281364086487151388e+00 -4.045846525086781997e-01 -1.589056017463341339e-02 8.474405528531131146e-03 3.754041629677848553e-03 -8.441005882512793435e-03
8.069853981547576716e-01 -6.962665541534190927e-02 -7.446935617743735691e-02 7.817439334172055290e-03 9.199445796481761292e-03 4.539076429710332816e-03
-5.832543231666679207e-01 7.820075078461091733e-01 -2.378056050355972437e-02 1.886205054813256191e-02 -7.202247423099722955e-03 -9.450826574307647290e-03
4.731563210011008325e-01 4.064520327978133896e-01 -7.526693111148091697e-02 -4.893989910061937766e-03 -1.172983264926576001e-02 3.742205438994368819e-03
7.734625055268462557e-02 -3.229665585785369553e-01 -6.202988277276254986e-02 1.367353137033324589e-02 1.194438640812472627e-02 -2.414215867122519558e-03
1.077267162006279255e+00 -1.262015043968377770e-01 -4.648466064467154935e-02 -1.120402160943926272e-02 9.232254319407159210e-03 1.329950375088363680e-03
5.089441683214140921e-01 -4.021435772879126680e-01 -1.135612762938032969e-02 -8.853523985589209500e-03 6.049685383015559331e-03 -7.941055894912372320e-03
-1.713829412344648917e+00 -2.403010232120784684e-01 5.633731701511255664e-03 -5.867422953223738399e-03 2.621737847334345770e-03 8.758740716115917535e-03
9.767618923567199518e-01 2.162433229315956218e-01 -8.483130759219276174e-02 5.559110570164288966e-03 1.448167271884876796e-03 9.001864290967605958e-03
1.683180503538878936e+00 -2.452657106996027764e-02 -9.670607317352086785e-02 1.808566635728241223e-02 9.376950167826051882e-03 -2.249046189624675542e-03
-1.413999953934452991e+00 2.855713717065658241e-02 -1.524780053953058920e-02 -2.792856228605010167e-03 -4.193125906403206635e-03 8.285160916114607532e-03
-1.242941474153175685e+00 4.423972236695171145e-01 3.770963141028275435e-03 -1.041154728051467936e-02 -7.097565970685262328e-03 -5.824577580289208231e-03
-5.695645761472076796e-01 -1.201314357100051744e-01 4.357630335220501194e-02 -4.152732458499006768e-02 4.747981457693385655e-04 9.742049135825346651e-03
-1.817075824274752227e+00 7.291819769293668430e-02 -5.627518060260968541e-02 2.726726746064304582e-02 -4.322033095229714170e-03 8.355586842152455326e-03
-1.622363587182359623e+00 -6.811011525224894836e-01 2.636985422532924991e-02 -1.526680418029750276e-02 -7.536004813357735340e-04 -8.800499574921087989e-03
2.000778023296693409e+00 4.165056130028308434e-01 -1.006483977343552300e-01 -3.280530705649160883e-03 -2.191218758527028500e-03 4.445271653856530322e-03
1.551070911653845918e+00 7.289023750745941832e-02 -1.111351846895561150e-02 -4.779398292172901130e-02 3.697154058646092561e-03 8.740671138216743810e-03
1.080505798344288060e+00 -3.001566300207545446e-01 -5.116257600886629092e-02 8.241344152710858989e-03 7.802327495501516080e-03 -7.797593943274921079e-03
2.651028623297305042e+00 -2.815198162047736208e-01 1.059739392205599241e-02 1.518129898084782069e-02 2.596108749020314271e-04 -4.201113178876320249e-03
6.402568409144976380e-01 7.337715542883153086e-01 -4.372856137291263739e-02 -1.998148572457794994e-02 -1.455552586833927173e-02 -9.494895669370184005e-03
4.222715951235309628e-01 -1.934294637182369381e-01 -4.314891150841839579e-02 -4.543240446158746705e-03 9.958806588606440233e-03 2.178191188048611733e-03
4.612121056648659789e-01 -6.123756968023690295e-01 1.997074683628083380e-02 8.928223704144214179e-03 -4.960005220216477185e-04 -8.320977456273932066e-03
-5.315521716901202565e-01 4.346251099058858758e-01 -5.885451105121742438e-02 1.403296070103668153e-03 -1.146871781637655123e-02 -2.247967887998282132e-03
-1.655835240415784115e+00 3.074167685896500579e-01 -3.068549094113105780e-02 1.205061710442764319e-02 -5.974627337341781828e-03 -1.778351665865821963e-03
-1.134437008620485798e+00 -8.950877430864068174e-01 2.460159041031148922e-02 4.222751945131811291e-02 -4.220747038279261225e-03 -6.728442922981256805e-03
6.686684932203217357e-01 1.864091302939355210e-01 -7.970303231053518789e-02 1.083915427803485397e-02 1.192811647087425745e-03 1.053817696434228464e-02
-6.831725791606660936e-01 1.794096902524704440e-01 -4.942763497094789654e-02 1.101766842332893744e-02 -5.454419796484617257e-03 1.152679939172511665e-02
1.606566915977497012e-01 -8.458613163182620021e-01 9.640656688076831848e-02 1.341577024719517973e-02 -8.500865900344893936e-03 -2.256304694876510274e-03
-4.513511690163537482e-01 -4.648232128305149202e-01 -6.388705996251553554e-02 3.009043026896850853e-02 1.039041026348833802e-02 -7.631372623567438118e-03
-9.651644972575219583e-01 5.217361368719688475e-01 4.647353202075020680e-03 -7.377496664954063914e-03 -8.462001487800864183e-03 -5.244189991207840428e-03
-1.894327806067982012e+00 -4.265953850519291213e-01 3.210819411171102200e-02 -1.539685383817261666e-02 5.223767907697201077e-03 4.104632310873083771e-03
-1.899204789490768430e+00 -6.417967782180939995e-01 4.583292829711050828e-03 1.193487221740747528e-03 3.201516256031621422e-03 -7.487199671755430733e-03
