1.997442901239775415e+00 1.815107585959840009e+00 3.317357514482607295e-01 9.590533949959380300e-03 2.997756360719021351e-02 2.174852429069291070e-03
1.326205853835085158e+00 2.385322075961590349e-01 -1.292475562502773123e-01 -2.813926556381523766e-02 3.289491194270170119e-03 2.232814493306333348e-03
-8.131756824462003097e-01 3.088885143915183762e-01 -7.083296957247664505e-02 -1.107157020712694687e-02 -7.365032083749349992e-03 4.729215616208594722e-03
-1.498819004283512335e+00 3.452835525639492698e-01 -5.730604051386051917e-02 -1.562840836710775727e-02 -7.337645886909803690e-03 2.330364532766107839e-03
-1.167327120308262911e+00 1.297611951891356197e-01 -6.479962123356920733e-02 -1.364269526667001575e-02 -3.956272543926309636e-03 3.598977969006223517e-03
6.649709628439707254e-01 1.403502539789287074e+00 1.662432827703388405e-01 -2.065660634700301063e-02 1.346193681008680219e-02 5.837358659710833661e-03
1.289272782621397662e+00 -6.394674853357075195e-01 6.119261305813258889e-02 1.482405572881748991e-03 -6.751420431409971279e-03 -1.391752976678867996e-03
1.856254451711069342e-01 -2.229271060424722339e-01 -4.131994222927953819e-02 -6.577764398091183766e-04 1.100795964850160950e-02 -7.718888467604062380e-03
4.305706122828473759e-01 9.675044219621389829e-02 -4.755843957390155918e-02 2.503484756886591861e-03 4.218546728917430856e-03 8.143833154505612792e-03
-7.746693239722434177e-01 -9.595231338787926223e-01 7.019887220375610470e-02 -1.968778380935971503e-02 -1.094637851749581843e-02 -2.643370186254098437e-03
2.605170481134270855e+00 -6.252280207910738685e-01 1.193820325418839118e-01 -3.400191712119961414e-03 -1.358649941847226393e-02 4.450608902501604694e-03
1.263411417549236804e+00 -5.034467893479647183e-01 2.308251665514728795e-02 1.389872375480480024e-02 -6.201935915932145233e-04 -2.349137050131746250e-03
-1.618054459581983684e+00 4.535242593942447886e-01 9.062251324720919758e-04 4.924584650941608637e-04 -6.576743040847109895e-03 -4.219274091707776210e-03
-4.695530729902673284e-01 9.164615999590942641e-01 1.153185590503843887e-02 -3.420609506864594890e-02 -1.456631136882052032e-03 -1.038502496562019803e-02
4.615108686085420131e-02 -3.895223976366680163e-01 4.644554332345552511e-03 1.822330037812415482e-02 9.236181434459009992e-03 -2.115334543194714000e-03
2.124934749047174165e+00 -5.373436793280581547e-01 5.498112052234694486e-02 -1.747533300268900094e-02 -7.875136133242158221e-03 3.934026101318745250e-03
2.086211026542950542e+00 -8.307466132454470742e-01 1.367743744713958431e-01 -3.951821395666842845e-02 -2.169879262420661148e-02 5.119004210168406031e-03
-1.341191503447563826e-01 2.136198001209991260e-01 -5.779237162277379991e-02 3.955329141962666281e-04 -3.729607313345305233e-03 3.219280422591767280e-03
-3.010272410556117349e-03 -2.557723651474950177e-01 -4.450165198093321284e-02 -9.512159752913976890e-03 1.196685691496815127e-02 -9.413228690594663967e-04
-1.539263821273691102e+00 6.329733398600677352e-02 -6.582380213305434602e-02 -2.205554489524618259e-02 -2.270861801492795196e-03 6.298855471923034410e-03
-1.248118910731355665e-03 -9.074175784814939028e-02 -6.080032481785013071e-02 -1.168564523327357205e-02 1.017943653575559271e-02 -6.560631970563654547e-03
1.110673650116373423e+00 1.452287825465456317e+00 1.298475354416544492e-01 -2.061980748569795796e-02 1.170024138934503376e-02 7.418077720772888557e-04
9.333188000276808616e-01 1.245263696091125638e+00 8.658351605271902285e-02 -8.875541363880867091e-03 4.226322988875054996e-03 1.788082019672849370e-04
1.929590608553496622e+00 2.725040768432682170e-02 -8.512448127502304784e-02 -1.024233344890633848e-02 8.990950005241086368e-03 6.480829798181290610e-03
-2.656919653686272698e-01 2.394136307191385427e-01 -5.574162681453341539e-02 2.869965646742616856e-03 -5.456934973776188247e-03 7.810146169864099798e-03
-1.867098385265034244e+00 5.423284497353715317e-01 8.008543118439366559e-02 6.617701768033815504e-03 6.324413739480551095e-04 -1.178298779569986405e-03
-6.140331946743166069e-01 1.487790081912322704e-02 -3.556327417031689836e-02 5.967859982444162183e-05 1.443476066991384189e-03 4.013585238212461111e-03
-1.365262716587810621e+00 -6.450889621503632654e-01 1.667031779191103721e-02 2.099194049075818035e-03 3.799221803602407903e-03 -2.076103847924819917e-03
-1.179967843549349693e+00 3.552527891269645077e-01 -3.337809928848600727e-02 3.746929779577118976e-03 -9.280024102829102436e-03 -5.637779369922701726e-03
9.673394378708407570e-01 6.875978213652653714e-01 -7.544015259708079790e-02 1.586688338429614528e-02 -1.556407837309941103e-02 -5.393292054957827403e-03
-5.634441501067647406e-01 6.797490013798767050e-01 -5.693234059122401908e-02 -1.689869467551306792e-02 -1.073981596165365579e-02 -7.311856703949333111e-03
-3.845292038535045864e-01 7.938008699703160698e-01 4.067711555697013648e-02 1.999243811766846771e-04 -3.881098297534443190e-03 -1.926523061981742302e-03
1.534933703480143574e+00 -5.952941932076916132e-01 5.771709866771263658e-02 4.436232764901744396e-03 -5.620880122363151703e-03 7.532125304248624099e-04
-8.866322462768486679e-01 -3.857263659761486219e-01 1.718768610961213250e-02 1.306029880245509166e-02 9.124371210042229313e-03 -1.835238350086215546e-03
-1.128417630500372582e+00 2.498186540415900936e-01 -3.138435729539114372e-02 1.097781776640886081e-02 -7.696738946508993422e-03 -2.196687063884423911e-03
-8.948316696329468023e-01 3.477428434196527807e-01 -4.167487850827877871e-03 2.539499997357044445e-02 -8.888210584392673697e-03 -2.696365570927519934e-04
1.770805170160701492e+00 7.917746241748531422e-02 -2.971060081695300892e-02 3.226720121041327244e-02 6.089257115538603687e-03 2.270141596399549797e-03
-9.567130036285995676e-01 6.775645107025211056e-01 3.621797905198843870e-02 -4.415454878593648436e-03 -5.674937378694787024e-03 -3.467029600666287920e-04
1.694296586222119094e+00 4.621167614034137339e-01 -7.435751011645469477e-02 2.974661320993100821e-02 -1.146538789960576191e-02 -2.268615136622213844e-03
1.031985021544004288e+00 -8.848595049436581705e-01 1.177043817114121899e-01 -3.916149560541987151e-02 -1.439494550952925833e-02 5.420873452157335109e-04
-1.548833885864177029e+00 4.389463389351844769e-01 -3.649701144634974470e-02 -1.675944875048365409e-02 -8.072567589294789292e-03 3.311217579184789084e-03
3.558029803181656514e-01 1.393166716963121776e-01 -1.827301472191633636e-02 2.901308093564418378e-02 -3.264441409834231960e-03 7.810746370742797061e-04
-1.155253101589968967e+00 -9.116751922387427154e-01 5.230387644159850691e-02 -3.757734379406896513e-03 -6.961323406902166638e-03 1.372012152745492397e-03
-1.016682346512852719e+00 2.627163979444633313e-01 -8.956274448580298086e-02 -1.905673902980136239e-02 -7.749717493708525168e-03 3.466493226257558007e-03
2.232667268078905864e-01 -1.224901574005021199e-01 -5.084511294794879371e-02 -7.704493436530686357e-03 1.129224237669375179e-02 3.649944595637436961e-03
-3.788746785473762757e-01 4.807013496700209831e-01 -3.880792126465784642e-02 1.222230656332020521e-02 -1.058911941242330484e-02 5.179546507113267327e-03
2.627651543450979510e-01 -1.955808004165992819e-01 -7.139852776951097213e-02 -1.903502983256382883e-02 1.286368897481936224e-02 -2.558946578960088081e-03
6.444465693087675362e-01 -3.010278315546916494e-01 2.379203443341807930e-02 3.977595633639537109e-02 1.005180191886588525e-02 -1.947215764142292381e-03
-2.602392157591596478e-01 -1.035067723573778853e+00 1.243353481219232892e-01 -2.606873244506693540e-02 -1.354088658198168704e-02 3.239346002691143468e-03
-1.268430853556598015e+00 -7.883217624066359841e-01 3.380576799566656354e-02 6.236038749609771996e-03 -1.832784615299333031e-03 -4.024892180838065409e-03
-7.798173935886072439e-01 1.611051035853696967e-01 1.068145917381761387e-02 3.744151105189806594e-02 -6.129358933071842562e-03 4.039943957879921915e-03
5.157048236099570637e-01 1.167115815286844160e+00 1.769109803794201852e-01 1.348373077137351647e-02 6.999563343868869456e-03 8.849770636618335164e-04
1.745007773522742056e+00 -7.905790628992310776e-01 1.290766266062769452e-01 -1.700438204609982032e-02 -1.491180158340623882e-02 8.717875701406965425e-04
9.613568170327199125e-01 -2.868153029535923659e-01 -4.156848036565251314e-02 -5.850315051124442382e-03 9.177599262765801999e-03 5.148502762993475805e-03
-1.080633843370265357e+00 -4.863916942266785504e-02 -7.786991675181748063e-02 -3.282455701490415850e-02 4.320083640603484057e-03 3.602391741653217933e-03
-4.704037603673604795e-01 7.869688653482947993e-01 -3.716459944416137390e-03 -1.688643114495137765e-02 -6.263380952531353955e-03 5.546150005212258267e-03
3.798362264050879622e-01 -4.035941051881643538e-01 -2.980491392989295663e-02 -4.339273224499373346e-03 1.001065660969736523e-02 -3.177961424292055897e-03
1.337008227019411244e+00 -1.992439663757200052e-01 -3.128041089751618792e-02 1.263493576496493159e-02 9.942394970712477645e-03 -2.962226027243505290e-03
-6.786312929941977767e-01 5.807217071865522495e-01 -8.033715465009812207e-02 -2.079518706341973444e-02 -1.247073441747362926e-02 -8.240233501842716274e-03
2.201675920646530837e+00 -2.673254236909246573e-01 -2.456435593797400355e-02 6.216255389060533314e-03 3.489801933843969008e-03 -1.646467666907959395e-03
-3.571002013914896800e-01 -3.928528582340375386e-01 3.089229569312154644e-02 3.128962036673117730e-02 9.294483943377404925e-03 -8.950548553682055944e-03
-1.585053256267852928e-01 9.594177409326981598e-01 6.380741295398333936e-03 -3.249726524211931505e-02 -1.151439491913963534e-03 -5.951734256216740723e-03
-1.399638181697658412e+00 2.537098904455705739e-01 -4.294530324842793512e-02 -1.132091630950368992e-03 -7.293397683769785658e-03 -2.060855442976683004e-03
3.550337231428665197e-01 1.000274275354316789e+00 3.744412612540767155e-02 -9.416820806593355700e-03 -2.748922220630681257e-03 6.355965182816833599e-03
1.275823716482811676e+00 -5.889019969461097848e-01 6.957185279316474569e-02 3.802076592440514768e-02 -3.562777756694355657e-03 -5.785177983896631557e-03
1.247065782978792337e+00 -1.786541749735932605e-01 -5.954925823914564847e-02 -7.389762999593802069e-03 1.059118679764573141e-02 3.014051420783888432e-03
1.826297555517769344e-01 6.121438494888049586e-01 -4.982059817427737097e-02 1.481618291050226799e-02 -1.450787128849032222e-02 -9.808281371236196589e-03
1.384834423732197894e+00 5.493892092451726494e-01 -1.035000451395890336e-01 1.182276394188067764e-02 -1.363638021424064262e-02 -2.554368966339096853e-03
5.058353680751607184e-01 9.542325943275546951e-01 -4.642879061183700917e-02 -2.067433259273867771e-02 -7.602437291651612666e-03 -1.309744991942873166e-02
-2.078790901418190451e+00 -2.346005522772697527e-01 1.088827929938788845e-02 3.863351780594084708e-03 8.715473320087094473e-04 7.532520876642342066e-04
6.495401924127097715e-01 -6.135812845713564112e-01 1.160109814098148930e-02 -8.440551300465472945e-03 -1.521352257948455468e-03 -5.041244582818714577e-03
3.510389585021650438e-01 -3.852810075692819081e-01 -5.047198847840501240e-02 -1.982776696781649028e-02 8.823532484281781593e-03 -9.349168461524637883e-04
-7.181740422675098046e-01 -6.192199236328739254e-01 -1.468523258520582075e-02 -1.429959150868506494e-02 4.254288104213483496e-03 7.036953087850604050e-04
8.790571181214443808e-01 -8.963480689856672123e-01 1.310013423049344594e-01 -2.144727912083502566e-02 -1.443249673925724522e-02 2.083346233379795333e-03
4.100285939308039862e-01 -7.724444637207076303e-01 5.439703298887420269e-02 -1.079250471467165483e-02 -7.532840265032903458e-03 1.220714292552435316e-03
9.404545245027281508e-01 -4.119593118561999945e-01 7.260207317930948354e-03 2.021050121362854418e-02 6.969463831932214484e-03 5.038328110576970878e-04
-9.541529448674823666e-01 -1.424880648446409529e-03 -6.331157449944539717e-02 -1.641233996116141583e-02 4.595914296964729814e-04 -2.610542745536831039e-03
7.157225459201963513e-01 -8.238833636991517162e-01 7.107038052036462883e-02 -5.176799703094774746e-02 -1.162948820091569586e-02 -1.229719224219829980e-03
1.016314456491314022e+00 -1.919328146728692674e-01 -8.606523036232358037e-02 -2.774654163156382164e-02 1.050379327437967955e-02 1.774490242867444133e-03
4.101156771652680888e-01 -5.309425073235245485e-01 1.004252167366088445e-02 9.025888068250985732e-03 4.889954563988319763e-03 -1.796475628577742225e-03
-1.112413109457681015e+00 -6.982920044728629927e-01 5.553536681536139913e-02 2.653951794068309944e-02 6.861754675818829575e-04 -2.340469237415171693e-03
4.336590179779100107e-01 -1.898346307767157515e-01 -5.153212987166462533e-02 -4.399715056862496705e-03 1.210040958574100205e-02 -2.310951434059890786e-03
7.843201641936219382e-01 -1.126976739845133579e+00 1.915893020848344064e-01 -2.615829189628670129e-02 -2.304312082432843911e-02 7.497531562081711023e-03
1.705865230490649420e+00 -6.761376678909950533e-01 1.079094298869228280e-01 1.554400950762297416e-02 -9.155319608016040597e-03 3.710648073680818918e-04
-1.121136358587234261e+00 -4.117532209994063663e-01 4.449138517296884893e-02 2.428147170804075342e-02 6.827599941320023832e-03 2.926801013453972453e-03
-1.238931017717800204e-01 3.975225889989534439e-02 1.479262508412049508e-03 2.974401408199960073e-02 -7.002238667358891494e-04 6.467421210741439381e-04
-1.660139405665522760e+00 2.986983723218062381e-01 1.040143390074490214e-02 1.184300833842250218e-02 -6.024598209477563700e-03 3.191578646578008185e-03
9.132970264271227379e-01 -5.332366242743107332e-01 2.805605327065380239e-02 1.715297092459134448e-02 -7.285572289196613413e-04 2.269484062015473050e-03
2.515688113979300811e-01 -2.844600492504801292e-01 -7.183156863445809559e-02 -2.536563407725516903e-02 1.156357658737236505e-02 -5.214531063204727590e-03
-1.737248718238719514e+00 2.413461010364093828e-01 9.403263706003282124e-03 4.936496449222544866e-03 4.848629508434531589e-03 8.781430086820930792e-02
9.455718835706155012e-01 1.108657836283511722e-01 -9.128227072487533900e-02 -1.331033191203017524e-02 5.387843373662045549e-03 -2.398188593422369719e-03
2.242625347660996749e+00 4.479381517524648748e-01 -1.009039561222240811e-01 1.487762667413697684e-02 -6.620391310292551845e-03 -3.640302463498538803e-03
2.286696369242087634e+00 2.027259501048992718e-01 -8.517527378385381098e-02 6.633924040695047403e-03 4.944779342893352442e-03 7.065286038438287758e-03
-5.696260156940350372e-01 3.525796377371546997e-02 -7.582518595260705208e-03 2.634796125131644989e-02 -3.780658358414576339e-03 -9.261082064269661115e-03
-3.439959506934562317e-01 -2.487631581635657840e-01 -1.724065891525793993e-04 1.254729979818247805e-02 9.830963860727372911e-03 4.955966426213441293e-03
1.167937352329549983e+00 -7.030084342605479319e-01 6.022401389468982208e-02 -2.345558602092954678e-02 -8.088290670026020493e-03 -2.197340341365855605e-03
-1.824613075167348386e-01 -4.011954721114027178e-01 -4.719212614955538981e-02 -1.883484595445314436e-02 1.067440295032795472e-02 -3.015954669548659949e-03
2.055900245323402764e+00 1.732057059235723395e+00 2.251323639009194244e-01 3.927545977681161891e-03 2.028561085927692298e-02 -5.607269466445729059e-03
7.211777300920784173e-01 4.316699831933891729e-01 -4.164041631091529305e-02 3.601951419618409228e-02 -1.270085827198725627e-02 1.407116871980715420e-03
-1.182449411053168031e+00 7.471330277597142411e-01 3.902838490535835204e-04 -3.700230311605163386e-02 -3.120643454750490504e-03 -5.037975847960967160e-03
-6.773375392385034832e-01 -4.125219694103627877e-01 1.638834933552499318e-02 1.575178662866260834e-02 9.966365028532153669e-03 -2.453808742432916825e-03
2.365275782278320804e+00 5.095426321346675780e-02 -7.627520629805208119e-02 -2.190341772754828172e-04 8.072808306143739593e-03 4.803131975313438932e-03
3.241035916962184404e-01 7.076139062802512536e-02 -7.757681496365070872e-02 -1.432464253829163724e-02 6.584059147009375772e-03 1.280476441197826330e-03
-4.200073549590239153e-01 7.029713745673540348e-01 4.308001949185245871e-02 1.556365179073394486e-02 -8.126749926304816657e-03 6.791252798013647360e-04
5.642522289075546649e-01 -1.973340939559047880e-01 -3.204550984197877123e-02 3.378488696050453623e-03 1.126849073312525054e-02 5.721062369194315593e-03
-9.094158589297041129e-01 9.326625496517766678e-02 4.092202853789788514e-02 5.438313069020391660e-02 -6.421244489837917187e-03 3.424094267397916232e-03
6.602818642938087512e-01 -8.744951670796921039e-01 1.045857032483530347e-01 -2.404808171411091516e-02 -1.246214870090948251e-02 3.383956953443266209e-03
3.948915293101644686e-01 4.542714529361459586e-01 -7.996386149700897283e-02 9.712058923467102242e-03 -1.244944574351745069e-02 -3.234894845913927758e-04
4.021021490995270176e-01 1.460601948968178743e-01 -4.214384946798920700e-02 1.906574122294365375e-02 -3.362374157178712325e-03 -8.083948699838243435e-03
-4.455767091864296092e-01 -4.081229584994241488e-01 5.031825246019037967e-02 3.793350720044134927e-02 7.569116683277811800e-03 -6.744952655305460091e-04
-1.143744017241618893e+00 7.528035617915809774e-02 -2.969419136731729636e-02 2.948231649347270340e-03 -3.270549043215093595e-03 3.094242614648892633e-03
1.210213951049050191e-01 -2.274195963360859107e-01 -6.208074997802240369e-02 -1.975444831350010519e-02 1.212280854285289165e-02 4.836637679323888342e-03
2.032674050901753127e+00 -9.867055858374419730e-02 -3.928448789517089562e-02 1.359334946283687756e-02 8.438538665397735811e-03 3.020610949227182929e-03
-1.186147652322278478e+00 -1.543321068742803948e-01 5.979023460911313433e-03 9.829756303314911639e-03 3.735212373139760317e-03 5.889430648661101581e-03
1.552413908760154726e+00 9.089463301381887905e-02 -1.231090809589483331e-01 -2.656728110567536591e-02 8.857358981204278489e-03 1.512310467788665442e-03
3.080247087580072929e+00 -5.367476166151522454e-01 1.192389687223160272e-01 5.374057363602644313e-03 -1.289467192662248872e-02 1.367796951784984493e-03
1.495324843948566240e+00 -5.870734304166710382e-01 6.096475115339895778e-02 1.250501706471071790e-02 -5.692478326911460523e-03 -3.450418475363700894e-03
2.220817817756867818e+00 -1.625299397309616090e-01 -5.642820400682109494e-02 -3.530960432904227744e-03 5.776494582504195993e-03 5.723939222136796741e-03
-3.687522390263229255e-01 1.093653756816600264e+00 1.027537043272386680e-01 -3.779735485911710213e-02 7.038655439521524643e-03 1.226071088756245861e-03
2.076247270984247884e+00 -5.476429387708813268e-01 7.616669551056433340e-02 1.604196957223471068e-02 -6.207816257016348857e-03 -9.078146267041246366e-04
1.377823093698614665e+00 2.076482921375334134e-01 -1.257664117021627392e-01 -2.681990181332328735e-02 4.193333119226811193e-03 3.564317599088743464e-03
-1.274826428421351077e+00 5.129784588973635984e-01 1.693397475024473534e-02 8.163597241414499370e-03 -7.668776446893124481e-03 2.103695940388506692e-03
-1.171666900636832848e-01 -2.631018668248614190e-01 -2.819298130486145443e-02 -6.609051926002223803e-04 1.210247796618931469e-02 -1.444955453823237174e-03
-1.221787524302515360e+00 7.271838692661574122e-01 8.193482247445709951e-03 -3.339953640852388189e-02 -3.201757340786880006e-03 -1.880877906387986784e-03
-2.273093293473155363e+00 -5.304879353632607764e-01 4.397124156414679297e-02 1.008582740985062599e-02 4.375078103444234208e-03 -1.453947238341130824e-03
2.703715041209927339e+00 9.770877515391608592e-02 -6.526346215198955414e-02 1.458219441297398632e-02 6.515811562478999834e-03 8.440196622167139492e-03
3.636547390014646108e-01 -2.750221619971062598e-02 -7.004640998963602289e-03 2.420618654677052922e-02 5.852497881470272549e-03 2.341351992424252348e-03
5.246472204994113708e-01 -2.834630619857851919e-01 -6.133260125349797309e-02 -1.720972622662605978e-02 1.112441702600588944e-02 -3.223206833453486075e-03
1.284899192833249604e+00 9.673066298240687866e-01 -4.443336237901960445e-02 7.997918665005338684e-03 -1.042281594120086745e-02 -1.347914939868067805e-02
8.029799823698174910e-02 -1.831848568389494170e-01 -1.976106863041527523e-02 9.031381014395390913e-03 1.036108572674175610e-02 1.350423970863596449e-03
1.161579518874096939e+00 -1.515513769788041920e-01 -6.338478484155009307e-02 -7.628006513890603357e-03 1.101317853032193934e-02 -7.159767849383020773e-04
-8.366242797272950282e-01 -3.745454622751475671e-01 -2.843251063208286980e-02 -1.392660273531877262e-02 1.165947491585003597e-02 2.680992678867731224e-03
-1.110284718183094377e+00 7.794414644998878816e-02 -2.680593501783427521e-02 9.266202353309545975e-03 -4.459571304791282338e-03 5.315283080266066003e-03
-5.423889429505340809e-01 4.676417005389695847e-01 -6.067866968931586585e-02 -3.664076024130193988e-03 -1.182908539448747007e-02 -9.356939152314438287e-04
1.987248731188918871e+00 3.021143562460522694e-02 -3.846326958587294870e-02 2.696497684839349596e-02 7.817725790568668884e-03 4.813896403549971885e-03
-2.285709988047702090e+00 -8.435156532341262503e-01 3.073727219801631813e-02 -3.402297433749011408e-03 -8.080159796356488951e-04 -6.703414253529316885e-03
-3.000901888818336527e+00 -5.784046565511146154e-01 4.764199658712395952e-02 2.761950174631834596e-03 1.680360005165819478e-03 -8.360748540272267340e-03
8.289888255811672657e-01 9.757402308877891617e-01 -1.932067956483930239e-03 1.919364210715368991e-03 -7.672697457225063390e-03 -6.745460554996813261e-03
1.394088109382541685e+00 2.068169810132496345e-01 -5.439087239144198282e-02 1.695604933935264055e-02 5.276092177902164809e-04 2.235164537270142859e-03
1.399764867421481318e+00 -3.965810878580623977e-01 -2.636714629581615732e-02 -8.746295636042126370e-03 2.983536443689286874e-03 -4.175734837536709322e-04
5.234827601378182482e-01 1.198280458814997118e+00 5.166759018465559572e-02 -2.830910815451066417e-02 3.566708262124559936e-03 -1.409464913111018944e-02
1.962994661850570255e+00 -6.245561817664160298e-01 6.777437458633017719e-02 -2.978017140634861906e-02 -9.902642162372654946e-03 4.248940334624092853e-03
3.261016709765172245e-02 -7.290919299818627852e-01 2.079950605689367613e-02 -1.329527822043974003e-02 -4.807663020437598009e-03 -7.198594333871563208e-03
-3.300874493136127796e-01 3.576594812310859850e-01 -4.608837091918913109e-02 1.611339246166935621e-02 -1.066911059703026798e-02 -1.241521880900420087e-03
-6.778882544589710513e-01 -7.114919781207599270e-01 5.335426534003633037e-02 2.503794494086397301e-02 -2.610459329687682840e-03 7.327978456148180879e-05
-2.558721624919702564e-01 9.148077140731796231e-01 5.774308293080748083e-02 -1.272701303086586078e-02 -1.533546227150223975e-03 -1.319745903110377703e-03
-3.447395398416834289e-01 -5.550953480608601387e-01 -3.328529966073053015e-02 -2.189599116169575060e-02 6.695437963833379691e-03 -1.680465158186848513e-03
2.043634932299074780e+00 -3.960936501149187050e-01 -1.192614934634136058e-02 -1.963275735194917881e-02 -9.701865077448832992e-04 4.301943268012794596e-04
2.291460157093226646e-01 -6.921908040522006811e-01 3.896849475120391093e-02 8.222418369013689832e-03 -2.115782207964410962e-03 -9.084093673201301677e-03
-2.579016366024703188e+00 -5.878829645789014346e-01 6.435252408617712916e-02 1.788000410570960569e-02 2.095676321010827604e-03 -5.914349661061779270e-03
-2.817583126858618781e-01 -1.004108527945395846e+00 1.190857212685176164e-01 -1.046374782865681918e-02 -1.309332532039299973e-02 1.044548580222240224e-03
8.673862305478393653e-01 1.389001204323511374e+00 2.027015676641213127e-01 5.364246801610691485e-03 1.200274432371944110e-02 -9.985010968392460731e-03
8.556985507785441758e-01 -2.383430025168122302e-01 -1.523272759432250587e-02 1.667141324292441967e-02 1.044430717389201006e-02 1.384423197228956768e-03
-1.074407800507670929e+00 3.186695574088462268e-01 -7.764542257054318775e-02 -1.533093580685975128e-02 -7.418295553765386942e-03 3.078039023376243511e-03
-1.121048746757068448e+00 -1.745167097102178488e-01 -2.740872211448167756e-02 -5.573796220087350907e-03 4.773224309495653454e-03 -2.178118508967277767e-03
-1.925943870373533651e+00 -1.815100698876966345e-01 1.641680721296392281e-02 8.664462123410807126e-03 5.539286682253425449e-04 3.522818739784570018e-03
8.721727805131808398e-02 -1.717337862379892388e-01 -8.721774541924232071e-02 -3.223168530206983740e-02 1.247898912638506323e-02 3.845141502334584356e-03
1.076768546523798165e+00 1.374585477555108737e+00 1.211816689766495730e-01 -1.403659283962396635e-02 8.812222443904449420e-03 4.319878794738617883e-03
3.616967435893320704e-01 7.684554470136332194e-01 -1.282784916266462537e-02 1.461053758899910626e-02 -1.242818516277518180e-02 -8.739961681314833628e-03
-1.319915403017567268e+00 -6.042261526239403047e-01 2.053507924736892518e-02 4.814994266570390286e-03 6.277698524623823509e-03 2.328320965209615834e-03
1.982412375488792067e-01 9.264661195666354376e-02 -5.440360827830389989e-02 6.101733126133703443e-05 8.484881415822193625e-04 5.068229062687802482e-03
9.894948617305886485e-01 -3.187824955431292073e-01 1.717848086675288419e-02 3.607065337324296544e-02 8.706915442599362509e-03 -3.060968355908935418e-03
-2.278153943917308411e+00 -3.727266397437985490e-01 2.012591733253979510e-05 -1.038913433357178777e-02 4.437259737070321265e-03 -7.580971544780144324e-03
3.719061891111299922e-01 -8.561532440915792241e-01 6.970919666886390975e-02 -4.273365030744210452e-02 -1.127418454492194397e-02 -2.508316709996957945e-03
1.900342018633288443e+00 1.854261001449925839e-01 -1.014623501540548034e-01 -7.088882937925389607e-03 5.381658592228963887e-03 2.375584411319435572e-03
1.831429382303551234e+00 -3.365695718605098419e-01 -1.120054613176144943e-02 8.983091769250124009e-03 3.216581233144790407e-03 -4.216426749963291670e-03
-6.350090554417749944e-01 -2.870082623561727719e-01 1.453208989751987416e-02 1.507805346391944724e-02 8.801650325001316930e-03 3.744567101561051096e-03
-1.121059495710331921e+00 6.033922958669012404e-01 7.202980162279760956e-02 1.835158907962176900e-02 -4.237722135086057981e-03 -2.997677848490121286e-03
-6.989316832860386075e-01 1.888688215324130226e-01 -1.678987796508405253e-02 2.229736917327448942e-02 -6.476473921847223508e-03 3.178256874943011668e-03
1.949126382573827809e-01 6.854477041500991463e-01 -7.511293342320071731e-02 -2.588820042984606683e-03 -1.370382376966521910e-02 -4.774869537708186298e-03
-1.324646450463006442e+00 -5.653019705760586877e-01 2.252949573936066999e-02 1.086484340299787542e-02 8.051541664264433990e-03 -7.610552357010414749e-03
-2.492914884432110068e+00 -2.259639399665471990e-02 1.410512110941859222e-02 7.589986715547856165e-03 -1.220168002564917670e-03 7.222506335583972134e-03
-1.213772884837955646e+00 -8.369406539979978854e-01 2.643794168847800677e-02 -9.540192482260659648e-03 -3.403816349612428897e-03 -3.369723796900403121e-03
-1.864346545910330055e-01 1.210757961678542660e+00 1.325050496995894278e-01 -3.757698882528674039e-02 1.009372309874712222e-02 -1.891109502865211903e-03
3.266451398986280896e-01 -2.275677363933115982e-01 -4.816066802364413549e-03 1.595828509241245530e-02 1.077968351608686939e-02 6.099779456264755630e-03
6.910517370406822624e-02 6.640748397459529384e-01 -7.375079156281404147e-02 -5.267530145166797288e-03 -1.395715737742618361e-02 -6.662158531843523704e-03
-4.123719049029752615e-01 -3.516768907465414040e-01 7.378462861083838475e-03 1.680106813835688384e-02 1.039349880423458793e-02 -3.655994321430371119e-03
5.332038600249076193e-02 -3.984867197526826832e-01 -1.734410149150354338e-02 2.277669219361733166e-03 1.004415600167283748e-02 -1.320625146542586410e-03
2.708793963693029827e+00 -5.278505224577172417e-01 9.648232050518253111e-02 5.117592401033344354e-03 -8.891416391798382876e-03 3.436499134845226108e-03
-5.643051500612096261e-01 -6.754327557186096120e-01 3.052506117068578412e-02 1.243773942487266977e-02 1.034422000496221022e-03 -1.035881864387366673e-02
1.973021981125240742e+00 -3.600018313931176439e-01 -1.090407231813483174e-02 -1.201634842648966481e-03 6.890955666574188248e-04 1.665321102677995272e-04
1.047007397984608845e+00 1.645231369145632838e+00 2.228062724577520304e-01 -2.614111514941801911e-02 2.352561998538229074e-02 2.385093976476308092e-04
5.195835883854919013e-01 -9.797773852884377188e-01 1.282470733852982825e-01 -3.661875695964815491e-02 -1.594473024642497141e-02 2.503305764648548846e-03
3.804013887110650138e+00 -7.312581943372244986e-01 2.040708711809720577e-01 -1.665196765104112742e-02 -2.679482442350007362e-02 9.801923571983055250e-03
-5.118374898800498451e-01 -4.902726075240835257e-01 7.252103971285884382e-03 1.282878386445965128e-02 9.472847508059231356e-03 -1.075003926242707950e-02
4.919306259485619615e-01 -9.757837885183957560e-01 1.244984882660954972e-01 -4.012848574228247700e-02 -1.490936318036621515e-02 -1.813206877940305023e-04
1.384861281422169910e+00 -3.180009575282563561e-02 -5.711771490915761029e-02 2.650758665651690906e-03 9.326433514922381068e-03 7.666486586071470134e-03
-1.239993386104820017e+00 6.480498497646565159e-01 9.531509913197661055e-02 1.113032419113895756e-02 -3.736019201947881415e-04 -2.242266212521611558e-04
-8.389227348575272192e-01 -9.216492704753560528e-01 5.669504127513637359e-02 -6.438563090461689800e-03 -8.595229987631571381e-03 -8.816434899076861301e-03
-2.123555376453242438e+00 3.143400297662325704e-02 -5.020389358356013368e-03 9.847656299875140115e-03 -3.933202587324232877e-03 -7.135701250578708327e-03
-1.215598381803727923e+00 -1.645027347610876836e-02 -4.125521975720430196e-02 -9.689672638244653177e-03 6.071816466422319883e-04 -1.875929574727130608e-03
9.187318310898696661e-01 -5.815967449956117585e-01 7.465908340887987375e-03 -1.024912381781055773e-02 -1.449541905726349326e-03 -6.869216860654499095e-03
-1.600156971034210507e+00 2.631714622222881550e-01 8.930721196015704508e-03 1.954612245041441321e-02 -5.724145896857043420e-03 1.270364090895169818e-03
-1.442140965936813624e+00 7.041015532190817439e-01 -1.081245699337404819e-03 -4.047544127778273521e-02 -3.640211188194726263e-03 8.902760889164907732e-04
1.572207826268449127e-01 -1.549294902144844888e-01 -7.388405589272330383e-03 1.967058821377025771e-02 8.591498471308517751e-03 -1.784493080293195547e-03
-1.020076734476867752e+00 1.932040888305613935e-01 -4.255179586847824408e-02 3.900609749870933771e-03 -6.116702005732462151e-03 2.274292691316734134e-03
-4.303818977571357007e-01 -2.978707773602267198e-02 -3.908970123968079358e-02 7.232521169454961133e-04 2.929290788597370323e-03 -3.255373969835047114e-03
1.569285406498662772e+00 -1.554367438811827817e-01 -2.132107979552818819e-02 2.343243318187893456e-02 9.617273357445972962e-03 6.698390331426990699e-04
1.301744167340223246e+00 -2.274061470282932595e-01 -2.552447547546467937e-02 1.344317727470722111e-02 9.922629948700543989e-03 -4.943561689374015517e-04
1.064595331643724441e+00 1.116434446971579786e-01 -7.936924344269116749e-02 -4.585017660167794822e-03 6.345815468984109670e-03 -3.562257162364578476e-03
-7.142126420624083094e-01 -4.991303949912842541e-01 2.765518475535955895e-02 2.005209315599725678e-02 7.422639034272949035e-03 -7.097390083986623291e-04
8.759303741695310119e-01 1.278282901775400715e+00 1.306383069957624543e-01 -2.730153743519263005e-03 5.948544890137515834e-03 -6.209244311250851529e-03
7.189296286249319268e-01 -5.585556576765211556e-01 -3.800910844534948277e-03 -1.067924818503499310e-02 -6.662087631400999974e-04 1.647997427327773648e-03
-1.969087878666768709e-01 1.080860300257256990e+00 1.514888837965261137e-01 -1.023826908565022425e-02 7.736960758052197594e-03 -8.625887175941282861e-03
4.913268354499232826e-01 7.369229515125533814e-01 -6.049788713808788160e-02 2.074839149833714643e-03 -1.386104766914443565e-02 3.759291338742663260e-04
-7.974366022946770549e-01 -6.797493654881789915e-01 4.860656302173912979e-02 2.610660890678810978e-02 -3.627257848391015260e-04 -6.879890830492802617e-03
-1.347112286953019655e+00 -6.002697368751250817e-01 -2.626502045869618870e-02 -2.228668925183163382e-02 6.908021034199625203e-03 -4.866517454592066139e-03
1.529549789154842410e+00 -1.461942302950844721e-02 -2.518501401643552517e-02 2.845718551575813354e-02 8.057118151337732542e-03 -9.234585438128810591e-04
-2.495039876325495065e+00 -2.673181270369318768e-02 9.563260645251921849e-03 8.565753657133334462e-03 -1.550543825984713499e-03 2.970028764839841191e-03
-1.515134080029117092e+00 -7.908062471256313009e-01 -1.818247618303164793e-03 -2.251888547728582088e-02 -1.456004737614210922e-03 -1.133189726845088832e-03
-1.496466159510036809e+00 4.834673891871203444e-01 -1.834917471608732767e-02 -1.403807504797057772e-02 -7.225353559605813408e-03 5.092798663356080079e-03
1.664402977198352063e-01 -5.004009807083750760e-02 -7.859814051086355668e-02 -1.897551052395681989e-02 8.223799849992604466e-03 2.387030378458789102e-03
-2.026471915060605422e+00 -2.079104297231132159e-01 -4.480173861568931964e-02 -3.009709907001481208e-02 4.648135100602231694e-03 3.219215139760038275e-03
-2.093038418396621358e-01 1.838705093151794534e-01 -2.721583349440848121e-02 1.791482352434972322e-02 -4.669778533471938796e-03 5.739683106982021096e-03
-1.498266791147994548e+00 -5.303650890163994491e-01 -2.463932581541630664e-03 -8.295600477569902223e-03 8.737614569968975980e-03 -3.678804360464604274e-03
-1.749724423707042398e+00 -3.556159510609299135e-01 7.369368265104947816e-03 2.147235798506070235e-03 5.662528183023998740e-03 -9.822092516224447886e-03
8.113274378515275553e-02 9.270914485475998390e-01 -2.622724587001661750e-02 -2.591147924541298969e-02 -5.203815435176960963e-03 -1.459192522371160344e-02
-8.470000376947848242e-01 7.929572349920157581e-01 1.303635808695567944e-01 8.973456132936258670e-03 4.602431328364065682e-03 -7.956499538676735719e-03
1.627227377056446489e+00 1.614284812534857894e+00 2.000024464240862665e-01 -4.357910097742357172e-03 1.661206606447715797e-02 -1.205211122043167975e-03
2.204216870306169529e+00 3.542629913409037212e-01 -9.588139782393065302e-02 6.465128824471677235e-03 -7.436362311007288246e-04 1.108264679873824854e-03
3.882086396915898630e-01 -6.280575279566695812e-01 3.751280704272595690e-02 1.371022133723597686e-02 -1.780588867268535248e-03 -7.320974655641572341e-03
2.023127456792245038e+00 3.548663553286077188e-01 -7.911148734295894713e-02 1.473352420935964031e-02 -2.072652015101836796e-03 -1.387921850374315529e-03
2.175048320488924603e+00 -2.816133217019776702e-01 -5.796539256047363725e-02 -3.234418588860528410e-02 1.685412397349231924e-03 5.563682847181606467e-03
1.137940486349140468e+00 -8.150223265406119078e-01 1.168230541382284104e-01 -1.372992022294699556e-02 -1.288420295768181144e-02 4.324227213247723231e-03
-2.038766675408991702e+00 2.143395623498906000e-01 -1.025755820088710898e-02 -6.425570883339324886e-04 -4.072110316562524771e-03 1.158662252856904225e-03
3.520302987443121867e-01 -2.725782360141115745e-01 -1.872298320394146301e-02 1.125301769503255292e-02 1.151583524813474396e-02 -1.802991410919890878e-03
-1.250941582982693090e+00 7.066258399752929631e-02 -3.901213161735574142e-02 4.650086381101621938e-03 -4.934008699700462644e-03 -2.380422825316016577e-03
-4.229332050476745652e-01 4.511803893738191018e-01 -6.552843460169904821e-02 1.022379958041586727e-03 -1.193699601765356617e-02 -2.550427121073917461e-03
-1.619896398645978230e+00 6.905615081439634428e-01 1.373222617674286494e-01 -7.966281489611828697e-04 8.106653731414939154e-03 9.018350002831312939e-03
7.591202669776004885e-01 -5.236247334422138300e-01 2.172411347431280060e-02 1.592936000770011143e-02 3.471758582950174379e-03 -7.516287943022039765e-03
-1.052955048537988075e-01 4.120110657898158335e-01 -2.891648087102505205e-02 2.838728094711119934e-02 -1.148916724960746989e-02 -5.841102808649291551e-03
1.189672052049019602e+00 -4.688503990524887088e-01 2.179383586232190931e-02 2.204737746545225655e-02 3.111785013941676097e-03 2.064041057280155411e-03
9.517447123011226751e-01 1.142618050159892595e+00 1.077444743360197743e-01 1.389030081536764272e-02 1.027160785997231762e-03 -1.242301250255334680e-02
6.097992366111065071e-02 1.370132896671279132e+00 2.070851396396466149e-01 -2.321027437575080496e-02 1.665036625654370966e-02 -5.048053781641698677e-03
4.003251638104284860e-01 -2.206301716409114211e-01 -5.424828529087135504e-02 -8.147325685165719700e-03 1.176687450153240423e-02 -5.522094700135331616e-03
-8.215865658700651775e-01 4.132128899740336037e-01 2.873717328825941067e-02 3.687973438902177048e-02 -8.902640909718996173e-03 5.867234254828522684e-03
2.748452495173669075e+00 -1.017851867993827125e-01 -6.847359988331734593e-02 -8.745087114463182335e-03 4.566045384371000652e-03 7.446520245995938772e-03
9.323681338214312442e-01 -2.169112309406987238e-01 -5.964614323843835109e-02 -1.032497893061766307e-02 1.102174735410571364e-02 3.792139836664082451e-04
6.308304929793411286e-01 -4.515249852734358194e-01 -2.156313654696524057e-02 -7.094522676094153560e-03 4.630930827297044354e-03 -4.002931039449104944e-03
8.893956500837120471e-02 -6.570386016768586801e-01 1.486258222286964206e-02 -2.127398730893616426e-03 8.968682462862626438e-04 -5.619185994978162860e-03
-6.530945072720572009e-01 -3.456863447734496303e-02 1.196025993456707043e-02 2.808981855490265758e-02 -5.168566139654386018e-04 -4.945512511223275516e-03
2.313565049717267286e+00 -5.684061961073596514e-01 9.133169722130046742e-02 6.472191039297814537e-03 -8.241838399979569893e-03 2.443797070231852175e-03
-1.148964149089343634e+00 -5.149797182604766155e-01 -2.194129604398162292e-02 -1.502151665202098793e-02 9.978691068192727109e-03 -3.559134390418803012e-03
-1.267443420287737155e+00 6.764831684127873279e-01 -1.687300970716845358e-02 -3.396483408180463182e-02 -5.692866283020792117e-03 7.479335332810870159e-03
1.502382679075662919e+00 -8.465308880255663082e-01 1.370309190217763595e-01 -2.080124966689466531e-02 -1.493555049699361349e-02 1.931429910174218894e-03
-6.417533193688741422e-01 7.973326330064849365e-01 2.942997388014492385e-02 -1.766977715742857474e-02 -3.492432561985333878e-03 8.589019586988879199e-03
-2.831269676867879337e+00 -4.050237772467098485e-01 1.344241798249336955e-02 -1.192909583139317720e-02 2.659205128103889898e-03 -5.928277027333206037e-03
-1.712352558030164174e+00 2.783935639223379943e-01 1.803575851380370687e-02 2.017428274477456665e-02 -5.077273897275518845e-03 3.711377643663733503e-03
-5.811879016067620363e-01 2.476360798818805498e-01 -8.311847606881685169e-02 -6.592097682046820818e-03 -8.722611474085789629e-03 -8.697411533264105127e-03
-2.450139594807554833e+00 -5.798185667305280067e-01 3.343090771513586301e-02 1.040778632093706168e-03 4.729108857497165384e-03 -8.755534106099019040e-03
7.238464871460367211e-01 4.004261569734180459e-01 -9.766546448627633215e-02 3.791745381585445544e-04 -1.055395708238379519e-02 2.912049834222074120e-03
-1.433299123146179799e+00 -2.003643229504275813e-01 -2.273527197327350480e-02 -9.935538006442746345e-03 5.017976796710734225e-03 2.271123706990901912e-03
7.477575037426962279e-01 -1.037933531930552489e+00 1.642609917494317617e-01 -2.285746303805526528e-02 -1.929545063303497732e-02 5.420942572625804187e-03
-1.366430456886840838e+00 -1.828962136922161752e-01 5.451512340229681258e-02 3.532379468776390002e-02 2.927970405620231639e-04 -4.789869180378896157e-04
-1.297514185516894125e+00 -5.244485915777387097e-01 2.547990699818407367e-02 8.948253512675934454e-03 8.456915991042344288e-03 -2.863129271107415011e-03
-1.034567193051190825e+00 -3.398691239748045101e-01 2.730668200544189225e-03 8.463615766313265301e-03 8.661433425568507150e-03 -5.262516695918251913e-03
-6.151750935699670242e-01 6.373158620521530704e-01 -1.337202928523345026e-02 1.639318657130647708e-03 -1.026293299849032406e-02 -3.720782656664938198e-04
-1.711726138953334253e+00 -1.288379562987967963e-01 -2.356185505765148736e-03 7.309043398792561784e-03 -7.422279433344439051e-04 -7.113074192304624094e-03
-2.074129673939661078e+00 -2.129809838776411390e-01 -6.104695498572614010e-03 -8.511650267706527898e-03 2.381530399772555096e-03 3.136413106695887156e-03
1.034723746177187875e+00 -4.605366848753960074e-01 -1.360363460076487348e-02 -2.814637026690955477e-03 4.254458522255398674e-03 -2.134285722651600541e-03
-1.352902211562842405e+00 5.406286788199466953e-01 -4.978917450341011075e-02 -2.769451807527569323e-02 -8.185941933523548791e-03 6.583924835007582722e-03
-1.119185338412484132e+00 1.143483626845665097e-01 3.451086832517277075e-02 3.714758492646536708e-02 3.699276837649098561e-03 8.604846564682934462e-02
9.817430567925191504e-03 9.024555445907236351e-01 7.014270871108213568e-02 4.511685052942106082e-03 -2.893063034965142298e-03 7.639884930158519216e-03
7.822290003249782187e-01 -3.995976962706564439e-01 -3.293409929884371506e-02 -9.572857153358808879e-03 6.066466340653387836e-03 3.430618647517139595e-03
-4.456074751811718304e-01 2.574766499491981109e-01 -7.862562245618683054e-02 -4.177426053564538798e-03 -7.863600186277637516e-03 -5.356139749432388755e-04
-2.248514102486717015e+00 2.409022554116897752e-01 -3.263571552122371960e-02 -2.098964588493421740e-02 -3.828178056180958546e-03 5.032276385713992453e-03
-1.133056233861690770e-01 -7.214224039514932629e-01 5.704439934946944207e-02 1.986534153389724056e-02 -5.108478960934005608e-03 -4.852020957280055863e-03
1.517946185843673135e+00 7.263408024217988812e-01 -7.414736714299710596e-02 2.899445082054608047e-02 -1.626793850901872562e-02 -9.970130610856105940e-03
-9.549833888367699197e-01 7.863339121829539258e-02 -7.877372837342494494e-02 -1.969099356785552687e-02 -3.049059430051269566e-03 1.612089320019223070e-03
4.137894462011869334e-02 7.254752663727119799e-01 1.607413622521216071e-02 2.249677621930906701e-02 -1.041499595832086691e-02 2.508574782167349946e-03
-2.236430005639913343e+00 4.916707083290052793e-01 3.512455641476196211e-02 -1.958001095427454319e-02 -1.090994434070894324e-03 7.839802370194803513e-03
2.167819015966981233e+00 -3.946435097140484349e-01 6.494340314041888336e-03 -7.049589390758803122e-03 -1.438061007965935447e-03 1.960039528539521837e-03
9.460059111983715185e-01 -4.002912215511711391e-01 -2.313672363023045256e-02 -9.992532470857028865e-04 6.842878690650515232e-03 -6.880434130450786834e-03
7.250554322099450610e-01 4.046270515429260528e-01 -7.901617643652694700e-02 1.529896788251259437e-02 -1.235109452245494732e-02 -2.603696635494622599e-03
7.345072659964976269e-01 -1.439555318653903127e-01 -3.940554928091773157e-02 7.780887313927504004e-03 1.108643756890012773e-02 -1.534957709594501202e-03
-6.455915304823975909e-01 2.687306245314686204e-01 -9.807964097230700840e-02 -2.170565213233755300e-02 -6.969284379928750855e-03 -8.837922874767293767e-04
-1.334877713904341734e+00 -2.999254369897169648e-01 -2.081875058826868075e-02 -1.280697766761552253e-02 8.496789189104292372e-03 -1.864194923983548318e-03
-1.124568581514511223e+00 -5.439857863542635341e-01 -2.214262947100431329e-03 -3.528199647206724937e-03 8.105431321579597767e-03 -6.271670474562362520e-03
-1.035995688687527450e+00 7.811281619145717114e-02 -2.819498017786195576e-02 8.337060170477661805e-03 -3.477651190808457582e-03 -2.175742000399146035e-03
-1.716473808908406395e+00 1.562847926271728610e-02 1.201471605784601437e-02 2.490607881183071193e-02 -4.979167759899805028e-03 -4.073115363630043159e-03
-1.331526324507267267e+00 -2.438579023079031488e-02 -3.590133577503841489e-02 -2.980397557478006005e-04 -2.566998338708225552e-03 -3.394548214214629812e-03
6.526973063425555166e-01 -2.433471178102702137e-01 -6.454244551548773967e-02 -1.762268757608640921e-02 1.113672514696626391e-02 2.718466369940029676e-03
-4.985060806607911899e-02 -4.094867861156000766e-01 -3.361268467183357173e-02 -9.707195448027458942e-03 9.891148242545153013e-03 1.469841229399189257e-03
1.521874375546184543e+00 2.273834535076079688e-01 -8.259417664953336291e-02 2.938122575178470433e-03 1.347164468842078095e-03 2.178927946541215515e-04
-1.152953105835071268e+00 -2.316396985713269630e-01 2.491499650762573834e-02 1.763038437706429887e-02 4.879415322720233143e-03 2.827754407128217021e-03
1.297684784632688437e+00 3.401143766954592973e-01 -8.276006299438745661e-02 1.084286818554071503e-02 -6.928093148333277704e-03 -4.220844894327460683e-03
-1.570089228636532441e+00 -1.814137521583696067e-01 -4.603596913319268902e-02 -2.490881807443541540e-02 5.792097377952404140e-03 -2.678237901743517942e-03
1.063330998858772913e+00 4.306990226286445123e-01 -7.021053410815335238e-02 2.231758066127298434e-02 -1.144945656531018777e-02 -1.032745240805806508e-04
-1.074936511344330770e+00 -4.463280014926516159e-01 -1.582878727932193405e-02 -9.207819883907938929e-03 1.118627226835500199e-02 -4.646288318637893135e-03
-1.454094853713555346e-01 -8.176048149543417853e-01 5.759368773833403732e-02 -3.095469997476072224e-03 -8.598031927187983411e-03 -6.835183480932826433e-04
-1.500425774481595198e+00 3.108440831322319964e-01 -1.692335893785362018e-03 1.112119799385850177e-02 -6.327048658970131113e-03 2.398592957082850211e-03
-1.165651378049301856e+00 8.201863479403070922e-02 -9.276902484388974135e-02 -3.790213131262484825e-02 5.877822859104006245e-04 3.300781852745174848e-03
-1.375647660784584447e+00 3.560061234666030416e-01 5.214930497528775383e-02 3.647200653266324116e-02 -6.302562215154496050e-03 7.443948477211199954e-03
7.299495485663041183e-01 -3.013399591865784655e-01 -3.282239130530810456e-02 1.212800795327073286e-03 1.033136738945985254e-02 2.163974844241547263e-03
-2.141051993496980277e+00 -1.966405599664731996e-01 3.106152900147008192e-02 1.414413727256489013e-02 5.271874143790433053e-05 7.889270988817399799e-03
-6.966323304774447722e-01 -3.048771329264262503e-02 -7.011236304093497462e-02 -2.224855418321157810e-02 3.927546247299142611e-03 -7.723910471250109095e-04
2.498656223514960639e-01 -3.899652076814856816e-01 -2.461530251327809227e-02 -2.969277171831052734e-04 1.036500207387740062e-02 -3.864484439416016655e-03
-9.431297081889307155e-01 4.230773301998108638e-01 -5.649662883102669203e-02 -1.205138217115784074e-02 -8.296438844477879715e-03 9.146442157805804302e-03
-2.633173500129932232e-01 4.093736890456673994e-01 -1.829278565609072926e-02 2.728800867896755480e-02 -1.100449716391179583e-02 -6.032165411118362800e-04
6.144734123023588568e-01 5.693969039353730111e-01 -5.695076243788935177e-02 2.174161546048572480e-02 -1.465228558877726232e-02 -3.893538336694932314e-05
1.597705001020803817e+00 5.191749453802302350e-01 -1.031176277591502322e-01 1.338509738459682866e-02 -1.219477481877454840e-02 -1.128999389657619318e-04
-1.072034488222599391e+00 -2.306921861782747496e-01 2.071649018482168980e-03 1.112353340764796021e-02 5.085429970290616768e-03 -4.242647085657164086e-03
1.242456353616695264e+00 1.416864664528257600e-01 -9.692806798062489348e-02 -1.297377245914818102e-02 5.858203043832233177e-03 2.603245938928518393e-03
-1.128412758357639767e+00 3.289511145409537152e-01 -9.027503516180929166e-02 -2.497422986518263444e-02 -8.550746966087414622e-03 3.015209031974218010e-03
-7.642001632722660032e-02 3.196426474863457434e-01 -6.117373275141644445e-02 1.193428815177002833e-02 -1.014457350903762503e-02 -2.302994086927044604e-04
-1.265225214479820837e+00 -2.350481967791920590e-01 4.719602981035350697e-02 3.199855071278694119e-02 2.341009987619800409e-03 1.921784119442429203e-03
3.280125808186314107e-02 -4.985182051007963078e-01 -1.650780817239435108e-02 -4.124986492108459642e-03 7.550477314243855646e-03 -5.192370793554211897e-03
8.803303449414797699e-01 1.087888702875854152e+00 3.860623594208940218e-02 -1.120833956484082184e-04 -1.967768811201611907e-03 -1.918575598680673016e-03
3.028534481421685798e-01 -8.228505748696265387e-01 1.007421675148514051e-01 2.266162900632703522e-02 -1.093091501226681021e-02 -1.819244691248483176e-04
1.880799435190789959e+00 -6.556775807632327924e-01 9.068586481365241425e-02 -4.396722448013636216e-03 -9.327567193327557238e-03 4.421148184380443817e-03
-2.992741619341743875e-01 1.109488419137142579e+00 1.168476638984002752e-01 -3.035954880682813564e-02 7.263157206207042881e-03 -7.523800584122901716e-03
1.152216432757157794e+00 1.034443549358494030e+00 -2.093394446960317873e-02 -2.479066436195668383e-03 -6.909623337873496696e-03 -7.148580453797986249e-04
-1.767460477111620465e+00 -4.296368969440370056e-01 4.277787274281453361e-02 2.039512629560688572e-02 4.436945496895526760e-03 -9.440263168766263938e-03
-7.839353352262662389e-01 9.609128289371341447e-01 1.112648146906650148e-01 -2.938865400205841610e-02 6.237702440917809558e-03 -1.891256389106006110e-03
-3.037407661974763085e-01 -9.913666570186632776e-02 -7.096616842884639897e-02 -2.347071356150424656e-02 9.527829574071500218e-03 2.198319794698793111e-03
1.465868610298092234e+00 -5.315167354063030647e-01 1.375888506885493932e-02 -1.636391911328221802e-02 -2.541511323750057349e-03 -6.347697998856807831e-04
-1.120937062953105245e+00 7.720101853435361594e-01 5.633952257007673881e-02 -2.146398350594160356e-02 6.027548374309180226e-05 6.698304808833484107e-03
4.081418657691490703e-01 3.270034789543657672e-02 -4.118267681472526087e-02 4.695968835450676539e-03 5.782012342232858808e-03 2.221720077223624142e-03
-1.022180303483016139e+00 -3.509049286025714975e-01 -4.489671672139261549e-02 -2.407076040782496484e-02 1.196700833655527790e-02 -6.999231944544289860e-03
2.468235410910450067e+00 1.198290613975886744e-02 -6.394684621559078297e-02 3.367723589115884097e-03 7.831293567133353756e-03 4.159184927260691639e-03
-1.421212921347317082e-01 -5.132963349972867739e-01 2.258410872710334485e-02 2.312865065602929052e-02 6.814319219918086451e-03 -8.019929499861027863e-03
-7.623383314526145371e-01 -6.712036311332770788e-01 -3.347413914503684362e-02 -3.899404873400470761e-02 1.687817957504941530e-03 -7.359358050809772060e-04
2.989463849793390970e+00 -9.437163265813605650e-02 -6.781866658685749283e-02 -1.184295408882067059e-02 3.503847764813672935e-03 8.090859280472732437e-03
7.138591470904065428e-01 1.533663541079809178e+00 2.609612130567622867e-01 -7.406551470321986151e-03 2.208028707599333021e-02 -3.104688543677657127e-03
-7.699112802758032448e-01 -2.377316460334701620e-01 -1.033981029324347774e-02 3.358954150500864308e-03 8.268454991958251385e-03 -4.520744354366976886e-03
-2.214929667357216359e-01 -3.710816650299347819e-01 1.453302113937723211e-02 2.060059683186623788e-02 9.620777868289883197e-03 -3.489441897020112513e-03
-1.273676587433812735e+00 7.932283468756885503e-01 4.165696682341896856e-02 -3.523090922935222247e-02 6.119620412219511658e-04 -7.178426405107746298e-04
-1.311651663498237808e-01 -2.404125057238352126e-01 2.918685728885107942e-03 1.852823093174681482e-02 9.789556692932461016e-03 -2.840846047806662336e-04
2.931046087713375936e-01 8.006488809468935708e-01 -8.682086964599385059e-03 8.662043469247525732e-03 -1.084793058798379402e-02 6.746164619161092862e-03
2.014527917771060661e+00 7.105292182413728286e-01 -1.104079816499124178e-01 1.962752607009077277e-02 -1.492667342529197319e-02 -4.131586082087956684e-03
-8.163436430002358746e-01 -8.969488699367136331e-01 5.892561193798000196e-02 -2.497802254400477602e-03 -8.115583472949902330e-03 -4.566057160619482226e-03
3.095355444798176814e-01 -3.800637202680284266e-01 3.484834099635827215e-02 4.148435093978896510e-02 9.258636355659389736e-03 -2.487126754875683323e-03
-3.051934371241415977e-01 6.642009779293727156e-01 9.674685992526920603e-03 1.307274660064422327e-02 -1.099855355072770248e-02 2.660905766001684584e-04
-8.075234020150108272e-01 3.207631084677275285e-02 1.360651943915452099e-02 3.159490527195862181e-02 -3.386896032511813471e-03 5.672168723922049911e-03
-2.113346008361916883e+00 -6.771296309560514981e-01 3.647956136663621507e-02 5.610772295793610073e-03 4.844057844330812435e-03 -1.099263630234471878e-02
-1.977282501908630197e+00 3.983095414981154825e-01 4.791237283303030614e-03 -8.046964409060200843e-03 -5.120353123616421150e-03 7.549305849922927254e-03
-3.440263715003429312e-01 5.383046470391186222e-01 7.037523185008180172e-03 3.135569413806837957e-02 -1.125600214591262159e-02 3.204665412913196027e-03
1.322227393405735585e+00 4.843972879813645549e-01 -7.358958932167956879e-02 2.497210983774953916e-02 -1.210478734888201929e-02 -4.751612154758185977e-03
8.686825294542679932e-02 3.463896060970628743e-01 -5.821342724674913316e-02 1.473421306290605311e-02 -9.369073072819681172e-03 -1.496265406376137046e-04
-1.801000336669664970e+00 9.985416897886682797e-02 -2.607997645078355062e-02 -2.209114315860950545e-03 -2.959096414369835355e-03 9.694429238316702377e-03
-1.373874892605092102e+00 1.055883153487729431e-01 -5.541587776756809469e-02 -5.336874283338133469e-03 -5.332254109403043729e-03 -2.634288077324901944e-03
1.005765596251525951e+00 -6.959044872308435548e-02 -4.738575713579271098e-02 9.387001383253195524e-03 9.542666928933485684e-03 4.785001142064405585e-04
1.467406902417719428e-01 -3.265928812790885316e-01 -4.688779205154115608e-03 1.350685331513998624e-02 1.015175965245648619e-02 -3.605631056216023790e-03
-3.954253130953289674e-01 1.922027208425877987e-01 -1.316864979950948394e-02 3.311690196033201250e-02 -7.577446430893213306e-03 1.177013865952974449e-03
2.996258572904130446e+00 -6.577081962992119557e-01 1.229618821602363604e-01 -3.269517263806530349e-02 -1.960522752079522923e-02 7.764656504404890240e-03
1.746723045170269106e+00 6.967998721906404347e-01 -9.521208458975402578e-02 2.219749769108942880e-02 -1.551941655780848112e-02 -2.180900960165755870e-03
-1.748147050781770684e+00 1.663658359774460305e-01 9.864015637500476302e-03 1.907224123522589798e-02 -4.944631986166065155e-03 -1.417845521128084955e-03
-3.824283215987845930e-01 5.381331710233808741e-01 -1.189236876632219775e-01 -2.931904485404190214e-02 -1.304408084324372094e-02 -2.681872130509062833e-03
-3.863482614805880955e-01 -3.384481560594102545e-01 -2.594061737765327239e-02 -4.291532309472483042e-03 1.187467047145960436e-02 1.125027245584495463e-03
-6.304753551738276895e-01 -2.212003034358356601e-01 2.176051567553728694e-02 2.563622554818508620e-02 6.041115770758745569e-03 3.620732716910948345e-03
-1.608357563767563114e+00 -2.613018048010138927e-01 3.679011966076451562e-02 2.035125418262090716e-02 2.316995245660260876e-03 1.398249838110114142e-03
3.421812414566771654e-01 -1.849580093811743486e-01 -5.410289654666611270e-02 -7.682503283191821804e-03 1.106280972711043940e-02 1.008601472925598451e-03
-4.371804300942985777e-01 -5.726282733913923284e-01 1.128239578007343875e-02 8.825037306345474147e-03 5.278225066647983243e-03 4.312158778375241720e-04
-2.297591008257655887e-01 -1.648376125954326143e-01 -1.758566883819812771e-02 5.779513924205122166e-03 9.489795632964514657e-03 6.989246397163501913e-03
1.006457516540682828e+00 1.189602220597493348e-01 -1.088580846302846239e-01 -2.260744983798696275e-02 7.620563038634085851e-03 -4.921253264984015198e-03
8.521938697891532355e-01 7.856212431050167977e-01 -3.409012638041338666e-02 2.117909252427941508e-02 -1.383034658275869230e-02 -5.422738582308322085e-03
-1.598556798871899387e+00 -1.595829237173703452e-01 -1.259705270799050918e-02 -1.374292948141294908e-03 1.815413271834316437e-03 -7.418916743295134002e-03
1.675937128208596638e+00 -2.834290190791793895e-01 -3.073177639794837449e-02 4.337573252201492278e-03 6.269352046425006805e-03 1.409932022125114917e-03
-8.655878424665441884e-01 -1.928337870281039701e-01 2.418774228375542706e-02 2.417181371097585144e-02 4.293179037178060375e-03 3.927290276212506807e-03
-7.124547581030392651e-01 1.272171032285395603e-03 3.735582635662540278e-03 2.106595175954712948e-02 -5.064984085051127405e-04 2.915978233986611830e-03
1.415255492297810891e+00 -8.229861310602600011e-02 -4.251590592162392268e-02 9.197092412977631720e-03 9.982761162887076808e-03 5.319331374680608647e-03
-1.036363359087670410e+00 6.971194573213543855e-01 1.155560410140921285e-01 1.909376915059785018e-02 2.005994575573660007e-03 -3.595066977208246674e-03
-1.040192425153004363e+00 8.100671967776118532e-01 9.242726143938850142e-03 -4.000120935834541175e-02 -2.219422789486017768e-03 6.845000197852790964e-03
-4.138417339011887103e-02 -8.334413929270025057e-02 -1.618056867905190779e-02 1.250090619176564763e-02 6.843009696201602168e-03 7.345378342348108693e-03
2.960516550596235530e-01 -6.675928862520594809e-01 3.537632333748225860e-02 8.033905371399165801e-03 -3.043594081230113074e-03 8.668413383495384133e-04
5.158747274062839283e-01 -4.458770069959260840e-01 6.284647503602820880e-03 1.708447094683470877e-02 7.214200216071909103e-03 -1.563042762143914115e-03
1.643010452618915762e+00 -1.514823178419961169e-01 -6.121128972068836521e-02 -8.295854064542883266e-03 9.295930500346551509e-03 4.061791671011623361e-03
1.654312650554923492e+00 -4.849297851073914312e-01 2.052709626958636180e-02 7.466793917672946528e-03 -1.420815716030416785e-03 9.396099882209654492e-04
1.183028252713959727e+00 -4.266506668899408550e-01 -2.042326308161450041e-02 -6.918370910435549942e-03 3.186336813492531266e-03 -7.905660403484510677e-04
8.183437085249490872e-01 -7.652345542946535628e-02 -7.094818012866689616e-02 -9.969960221838115519e-03 9.784732139104015611e-03 4.270454824810269480e-03
-5.000005875400198585e-01 7.970794107501745218e-01 -1.129966406902972037e-02 -2.014658581840454016e-02 -6.296867948149491474e-03 -6.443061125674551422e-03
4.645277651423185272e-01 3.993702021933916990e-01 -8.453691155024246895e-02 9.131326765388492542e-03 -1.177034008250920846e-02 -7.406150621853470860e-03
1.001799876104988163e-01 -3.143279562879388034e-01 -5.820720207707000271e-02 -1.905870465626754648e-02 1.194999588062249131e-02 9.053529422070776597e-04
1.092180211317748117e+00 -1.406240988956459215e-01 -3.953029117283853033e-02 9.262535164651761535e-03 1.042500549607556018e-02 5.116671066695357289e-03
4.873312002732227977e-01 -4.203088429873875764e-01 -4.003829723649782006e-03 8.748536372552183013e-03 6.753835934818296256e-03 7.231767030345586994e-04
-1.702467527460749697e+00 -2.012834398589724849e-01 -3.055729211164846543e-03 2.748085424167072931e-03 1.162274349737654885e-03 -9.700680142065248174e-03
9.245022539917046034e-01 2.174917138676736028e-01 -8.877446977199976441e-02 -6.885309665600547815e-03 2.118062125447183548e-04 -3.470020983212051147e-03
1.640705244685199737e+00 -5.404458529708662529e-02 -8.561955815971925010e-02 -1.860249499178337484e-02 9.473801065652402362e-03 2.836155845659216624e-03
-1.392377875419791078e+00 3.696163274347411681e-02 -2.416511192890458820e-02 1.031279105952779412e-02 -4.366666029449929425e-03 -5.958505795241946304e-03
-1.235136706524125882e+00 4.655273839303106787e-01 1.193132185796700467e-03 1.137718109214750327e-02 -8.400049059620018702e-03 -3.336709043603189404e-03
-5.885048089246549541e-01 -1.116272278606178087e-01 4.312741345240171664e-02 4.271777849131942056e-02 1.094194640814632417e-03 -4.713106624968684336e-03
-1.787247472658646030e+00 8.070620578617061780e-02 -6.315418926419710810e-02 -2.012463689853928248e-02 -3.677055515913679219e-03 3.097880121974780007e-03
-1.605747152341682638e+00 -6.720926128951890677e-01 4.281430316015423510e-02 1.473459162680652683e-02 1.485065967093368100e-03 1.161098809197912401e-03
1.934602866134522703e+00 4.038847468251681727e-01 -1.097088051113720153e-01 4.118444924155826269e-03 -5.135965375219079046e-03 -4.486234710585590771e-03
1.531957127108443784e+00 7.380210787147577223e-02 -1.404703987745057649e-02 3.959063899183909441e-02 5.118377663542699428e-03 5.826031464160397796e-04
1.027301809876788541e+00 -3.167652944632251000e-01 -4.707433614527473109e-02 -1.167614139057861211e-02 8.219241945703606098e-03 3.370906092412890610e-03
2.530529638942546455e+00 -3.372919419710365685e-01 4.275875987520468338e-03 -7.243005007806220356e-03 -1.723496891573839205e-03 -1.081166329184990839e-03
6.531107256266206473e-01 7.388523917766558480e-01 -4.398215303219886463e-02 1.812868301704589208e-02 -1.456367913472972515e-02 -1.016066262059468761e-02
4.297398992760980141e-01 -2.001849809690336435e-01 -3.400076240579377740e-02 3.998720360032449045e-03 1.144391910340503832e-02 -3.613204181624621227e-03
3.760290693869480227e-01 -6.273406751576262597e-01 1.326664592589554478e-02 -5.523269701343973270e-03 -1.812268375041506006e-03 -5.833046028845633064e-03
-5.133289185433079771e-01 4.490680115423534846e-01 -6.557395182729119920e-02 -4.501259424660094925e-03 -1.132528708445231305e-02 3.957424819659217420e-03
-1.650206810046455974e+00 3.262873777370681183e-01 -3.386609702995279497e-02 -1.044676474858179452e-02 -5.678680299880362915e-03 1.005053594996118543e-02
-1.196036398336802975e+00 -9.026717999787582380e-01 1.916199838807764941e-02 -3.501694397214503290e-02 -7.200533523797045081e-03 1.645318974416235252e-04
6.204971085220296612e-01 1.774288664616167077e-01 -7.921477023888418012e-02 -9.566409778384472873e-03 1.829054599701892192e-03 2.329179497601402589e-03
-6.912622740850340453e-01 1.722967730490963523e-01 -5.438632824816298089e-02 -3.834522522731344252e-03 -3.913929602459717549e-03 7.512041134588465924e-03
9.122842785439906621e-02 -8.762520843839539664e-01 9.213732299767739276e-02 -4.644921670540948060e-03 -1.176478934265873418e-02 -5.691572065600358256e-04
-4.465187099561775952e-01 -4.632093539616320976e-01 -5.882015683709480858e-02 -3.040287603762494711e-02 9.740649308534399947e-03 9.016756440008465764e-05
-9.378278497313365936e-01 5.394105135099861448e-01 2.879303209826499215e-03 5.052067024721315636e-03 -8.378966100602578196e-03 1.219094680884079927e-02
-1.875737431867499749e+00 -3.910491881602442543e-01 3.054807920649373412e-02 1.240274292869967578e-02 4.244221112329281571e-03 -2.429605348686432204e-03
-1.876411147293423953e+00 -6.280391691273735644e-01 2.126104681084799858e-02 -2.183165644166628391e-03 5.106731267049279162e-03 1.928105364539098830e-03
