1.929695392040077229e+00 1.816443189016857307e+00 3.325186857869931734e-01 -1.067675324845417280e-02 3.004794501524479799e-02 6.803227962010708306e-03
1.353444808678797795e+00 2.379400079220260200e-01 -1.274915480142841118e-01 2.541517097218960394e-02 4.163234032902225247e-03 2.826269124829990272e-03
-8.109141033486569894e-01 3.164027763961844153e-01 -7.188690248587085996e-02 1.617724657111015152e-02 -8.484095940881035067e-03 3.973532883381941487e-03
-1.497376546399942887e+00 3.308397061726826571e-01 -5.510121019464612330e-02 1.611895405713589802e-02 -7.208431658405341919e-03 1.191822229906393336e-03
-1.168830801269560515e+00 1.319224909463276307e-01 -6.280710774923595197e-02 1.885043927664832239e-02 -4.540008399500618241e-03 3.351519329300779206e-03
6.265755549832777715e-01 1.401160151870007642e+00 1.666958074367420328e-01 2.387838700281313606e-02 1.384971716621246490e-02 7.645279801443745187e-03
1.335900816143280379e+00 -6.164722509355829994e-01 6.479430009006013902e-02 2.839954324318114901e-03 -5.961083003125173564e-03 -2.747044656936062541e-03
1.706912850459773312e-01 -2.316469695209302238e-01 -3.967480434093408059e-02 -3.517942577669114397e-03 1.173258663403080326e-02 -6.146126028879360294e-04
4.651037808682980668e-01 1.073905211258815440e-01 -5.149716353058632345e-02 8.109139249006849228e-04 2.582906675163695615e-03 9.796871697426465936e-03
-7.315034443161569921e-01 -9.475177973460283676e-01 7.272497799324197099e-02 2.520511706354518905e-02 -9.020072344734045636e-03 -4.515480377607570747e-03
2.655391767032907246e+00 -5.973800200705935426e-01 1.212759787840999859e-01 3.187832142250086962e-03 -1.351138818143467202e-02 2.583921508651695724e-03
1.309498814562584101e+00 -4.919421040988291582e-01 2.642429356288005654e-02 -1.396532511638119700e-02 -6.172298383717014433e-04 1.501614065599197806e-03
-1.653079206217658692e+00 4.303019475845243358e-01 3.054356166884654791e-03 -2.973922270680480137e-03 -5.482753861282217353e-03 -5.451289021099712910e-03
-5.239875184217960280e-01 9.096840150586722462e-01 1.959587112345406029e-03 3.627404341018602985e-02 -3.113290331045508392e-04 -8.851249584264087034e-03
4.861632583826291931e-02 -3.826069487955888748e-01 -2.358492019918671974e-03 -1.670971781400206260e-02 8.158780489967645475e-03 -1.264770144396957629e-03
2.182964182385715990e+00 -5.052432401295919862e-01 5.554799672944762262e-02 2.235818422701962155e-02 -7.721662619464384966e-03 2.566254787274179026e-03
2.131813529156966425e+00 -7.915387465331976680e-01 1.336313734729875358e-01 4.183719985373575423e-02 -2.228978642346052252e-02 2.658365189875392092e-03
-1.094317688904089120e-01 2.226032650241991928e-01 -5.749766705917664505e-02 4.981776373933355026e-03 -4.439328021553604585e-03 2.101777909873908841e-03
-1.588940569527910740e-02 -2.590995151435152577e-01 -4.651675246310083695e-02 7.008623574505812998e-03 1.193459299763371950e-02 1.537565095401408305e-04
-1.551961852843593004e+00 5.884364703818870113e-02 -6.180547105632365479e-02 2.515251769512277108e-02 -2.794432011367430774e-03 6.516941118975628881e-03
1.803238170068342458e-02 -9.116219469402291053e-02 -6.386940299744339744e-02 1.199532025011475558e-02 1.050968653579683297e-02 -5.227263071199682656e-03
1.061258639733035025e+00 1.447405535021395462e+00 1.320667056175896248e-01 2.081506266912257555e-02 1.263906374266159094e-02 2.459062726345382418e-03
8.929623746856176769e-01 1.245061168137755914e+00 8.365068807763857694e-02 1.152936513254201704e-02 4.497463803559345955e-03 -2.522264506606688213e-03
1.948910084808898491e+00 5.205932596565626680e-02 -9.177537089824371053e-02 1.392143228504968272e-02 8.217366891090633826e-03 6.792189552364332784e-03
-2.552718945472962631e-01 2.487065114683733313e-01 -5.468673611426951714e-02 2.443935231942197597e-03 -6.752055687872316261e-03 8.434816060541097671e-03
-1.916873511436813393e+00 5.299466665357798201e-01 7.207532496846799641e-02 -5.576398039351904319e-03 1.157795177108544691e-04 -3.122002500268563144e-03
-5.982322645676290129e-01 1.028805117113298744e-02 -3.332100614474457073e-02 1.357134278129583458e-03 7.496629884968725784e-04 6.373465961724601898e-03
-1.372964394970596080e+00 -6.496603085674662603e-01 9.511322508299656711e-03 -2.967360907533564841e-03 2.878494339277871961e-03 -2.000737365615547648e-03
-1.207042263369775270e+00 3.326052807688643087e-01 -2.583370058428614488e-02 -8.372267769866367781e-03 -7.828970271474430809e-03 -6.608639383965761449e-03
9.459750031704315942e-01 6.805152229351445481e-01 -7.140827337144103892e-02 -1.968047702725650092e-02 -1.526755299078178495e-02 -6.670200795056689148e-03
-5.637538959725918453e-01 6.750112729520323374e-01 -6.292589906799374300e-02 1.944789460383787236e-02 -1.057397402538827295e-02 -8.523547280243246385e-03
-4.593607534682079829e-01 7.803949254347236630e-01 3.582583564626051764e-02 -3.693251940424600865e-03 -4.204198147868090304e-03 -2.797894089524508889e-03
1.579371436609047885e+00 -5.733368865237903345e-01 6.269594854820387253e-02 -1.068605458206678578e-03 -5.028427559029605837e-03 -4.881296733959595061e-04
-8.838050118942853972e-01 -3.882046366282543293e-01 1.099554940433819517e-02 -1.207586456180536477e-02 8.289796581379725929e-03 -5.131167534992670887e-04
-1.152000667574587078e+00 2.335844556164395347e-01 -2.477461925803957007e-02 -1.414359093082943712e-02 -7.909262896232905835e-03 -2.967073656281593499e-03
-9.104028908069495829e-01 3.323538703805810623e-01 1.733799395619543045e-03 -2.790887576329658878e-02 -8.906258873407894849e-03 -1.116879902366864699e-03
1.770110735011980241e+00 7.904699577136803379e-02 -2.718905587410871960e-02 -3.836395608664463358e-02 5.278908465262574685e-03 3.526145768301734360e-03
-1.036978345363422038e+00 6.609581156076840269e-01 3.593520892574053605e-02 1.049530206640023576e-03 -5.279098057034743545e-03 7.987429239647366938e-03
1.712472503902853882e+00 4.691586789252267797e-01 -6.850952466838246269e-02 -2.971591912107020977e-02 -1.136633135669876810e-02 -2.885925495644140002e-03
1.085524828632377092e+00 -8.653210845111710681e-01 1.148896034773270736e-01 3.771721077837001529e-02 -1.479997101168124135e-02 -1.303922941069527103e-03
-1.574842275556978644e+00 4.162563840189599240e-01 -3.261213601087578629e-02 1.394960644942567357e-02 -7.188345848181806538e-03 2.129836467519919448e-03
3.561559706033365358e-01 1.345729365663473065e-01 -1.103729968948795673e-02 -3.031690223321273359e-02 -3.149430077263910485e-03 1.514325056916748834e-03
-1.136434032646496339e+00 -9.177123761382893763e-01 5.572265375879288662e-02 1.953400113220689870e-03 -6.255980785786952394e-03 -3.235576668321612885e-03
-1.025961839511990936e+00 2.590082151585366144e-01 -8.669361683287803155e-02 2.071710958861364832e-02 -8.395166774323141110e-03 1.633228919172864365e-03
2.357099601931666732e-01 -1.163029440214467525e-01 -5.621250256082661184e-02 9.060619145996521087e-03 1.012173809998660745e-02 3.474709981691493591e-03
-3.551208014391252221e-01 4.829335998872474334e-01 -4.057119646889673775e-02 -8.001242444591388434e-03 -1.180162559380946823e-02 4.007483205832712905e-03
2.732696565007805001e-01 -1.905406445479243538e-01 -7.684826205538006216e-02 2.017655438789998923e-02 1.268497572425529574e-02 -1.646504587721574122e-03
6.264998825937792004e-01 -3.033446172932334761e-01 2.320398374695612637e-02 -4.396530374082749382e-02 9.141850958651468947e-03 6.243926797081910795e-04
-2.202925276612367755e-01 -1.021620223990009624e+00 1.243022414023987610e-01 2.869631556667659802e-02 -1.249436489714119899e-02 3.428923474746058391e-03
-1.269716492003208019e+00 -7.958181732339540959e-01 3.386575731222071783e-02 -7.169156180753322345e-03 -1.244486288784966586e-03 -4.468122888382749895e-03
-7.833496512632454056e-01 1.685419130779807484e-01 1.120138372876140417e-02 -3.231872848810569271e-02 -7.943151270046747842e-03 3.712815161977866402e-03
4.663668674954309923e-01 1.157869778347301093e+00 1.769275602977822826e-01 -1.297714246031713391e-02 7.686124071044869548e-03 1.616038400339999629e-03
1.794110733285851245e+00 -7.691049897905593014e-01 1.291011727818401067e-01 1.522271124019989805e-02 -1.487181315946381477e-02 -4.747187126028926596e-04
9.820006009711917949e-01 -2.727876025689912609e-01 -4.775852951660924245e-02 6.010338430546595390e-03 8.350634621071667194e-03 3.676867303660307298e-03
-1.072737735476938736e+00 -6.119918361588250894e-02 -7.458825771525753878e-02 3.192235236847352359e-02 4.551930184138773712e-03 4.330224553711318689e-03
-5.088638384803927384e-01 7.816093323939409254e-01 -1.113289077692399508e-02 1.665221375230365244e-02 -7.497232145869666547e-03 -5.941996291489394857e-03
3.737624395605207983e-01 -4.086280018257718027e-01 -2.885431915921060284e-02 2.694075099718729353e-04 1.046773086389352417e-02 -2.954791640821863470e-03
1.331990170885333447e+00 -1.963018798124731845e-01 -3.106926262998693095e-02 -1.602974997662872519e-02 1.034102239071946552e-02 -2.168504577092357759e-03
-7.061968336062799390e-01 5.605086343134901838e-01 -7.716363866798210680e-02 1.740228653127141520e-02 -1.079599463751035847e-02 -6.349636742612418255e-03
2.255527485452589076e+00 -2.451499823191641003e-01 -2.370226967807513574e-02 -4.817432040157928162e-03 3.585951724795947634e-03 -2.184067654045128426e-03
-3.702566709856893179e-01 -4.025648918545542410e-01 2.972606997927238967e-02 -3.536849176937424677e-02 9.055975293010878543e-03 -7.758423012963961904e-03
-2.261481331971276210e-01 9.454630769334869678e-01 4.611579171708536586e-04 3.038152499202824430e-02 -4.209239195296601193e-04 -9.068025684782854076e-03
-1.418268921469857835e+00 2.376316918312452731e-01 -3.747608611906968340e-02 -5.731494396618032859e-04 -7.187293020498640092e-03 -8.372056287519596138e-04
3.153414773333477195e-01 1.003035594550983012e+00 2.881687025683091902e-02 1.139778270539850737e-02 -3.793944634114679217e-03 -2.288831649111796717e-03
1.320292328904622003e+00 -5.759091888222145350e-01 7.337825769668740450e-02 -3.744730019154001582e-02 -3.437637419470448291e-03 -5.921478620360796571e-03
1.256167089552257421e+00 -1.684325439653840961e-01 -6.287053656189255102e-02 6.666981428021431441e-03 1.032432168208663285e-02 2.268211744680512579e-03
1.751487017155818893e-01 6.054233835866698055e-01 -4.807106008154807958e-02 -1.578722512164935921e-02 -1.353645070774471895e-02 -1.090781612220277468e-02
1.388474348839714878e+00 5.540542982399605521e-01 -9.805607902085609895e-02 -1.235286954389148116e-02 -1.319097935045273305e-02 -2.714747046361403859e-03
4.584666599698152822e-01 9.436065982037059596e-01 -5.021434373913020305e-02 1.749811321103654851e-02 -6.757337063901495619e-03 -1.448799090991156197e-02
-2.099139897876780569e+00 -2.527590511510316995e-01 1.680349428716813864e-02 -4.693576911436182254e-03 1.424492201403551031e-03 5.096886978112173412e-04
6.935052838077356840e-01 -6.083769691193716689e-01 1.811409728496199759e-02 8.027767914755458770e-03 -4.178928504262937878e-04 -5.264531924176116956e-03
3.695129437427333574e-01 -3.748990250461969875e-01 -5.546409395242841295e-02 2.120069086752081680e-02 9.101212553050347723e-03 7.738496931778458083e-04
-7.143286656669569634e-01 -6.200574424008316043e-01 -1.638933538818090896e-02 1.408322538779109567e-02 4.234252593872125936e-03 3.608689945454250474e-04
9.301018774233670294e-01 -8.755088669435650006e-01 1.276224036613551327e-01 2.238881445378383336e-02 -1.456107200258420151e-02 2.396236792559880077e-03
4.385247530198369548e-01 -7.627323682155043860e-01 6.246335987718582006e-02 1.184893552115508578e-02 -6.195167528667918158e-03 -1.436988621518712084e-04
9.392980995460611382e-01 -4.091481959936248969e-01 8.571960807636681487e-03 -2.379100823550790375e-02 6.706832538633384667e-03 8.504209370375599101e-04
-9.546929681616663776e-01 -1.616421380902031968e-02 -5.711926888454493118e-02 1.523788724305549444e-02 1.499717548556796795e-03 -2.801546001946226844e-03
7.688166889397698434e-01 -8.065251175068027800e-01 7.237377203627634592e-02 5.365351511533547613e-02 -9.751987117271968333e-03 -2.727828057922456178e-03
1.028381256960685164e+00 -1.840732732811884709e-01 -8.959270821300845122e-02 2.653156883292128593e-02 1.081508030253553430e-02 2.073196083176142863e-03
4.103765154656823233e-01 -5.345734786646290093e-01 1.355832295526082469e-02 -1.374756175659045884e-02 5.060239773167163335e-03 -1.746889291036484576e-03
-1.118216365324280703e+00 -7.027781911662586145e-01 5.016593268152416685e-02 -2.729446237225291449e-02 -3.807610388568803011e-04 -2.620381438585908662e-03
4.341465433115863082e-01 -1.897486528917398940e-01 -5.381422001239567765e-02 2.909306797383907125e-03 1.191178805423351306e-02 -1.169643991635807264e-03
8.306130686052018985e-01 -1.096586552141790794e+00 1.881734593994861815e-01 2.843353282989914688e-02 -2.409329019124275412e-02 6.795816178168073707e-03
1.753827522891324042e+00 -6.547260252008595405e-01 1.138272944240265733e-01 -1.325693156306407758e-02 -8.577877160069148285e-03 -8.291133967189589279e-04
-1.132714417937884743e+00 -4.125086853476983562e-01 3.987123231231072540e-02 -2.233424443215670241e-02 6.271356384927597241e-03 6.512539173250221809e-03
-1.172317349222318089e-01 3.520152242904229373e-02 5.907602168353667457e-03 -2.995194301369106041e-02 -1.233369019925010211e-03 1.380820050561450693e-03
-1.673597708248077742e+00 2.827595167463555770e-01 1.425856181141715862e-02 -1.278062765660283560e-02 -5.602709630059757827e-03 1.572834160265225304e-03
9.658301699495596138e-01 -5.187388882517639521e-01 2.686563946612593318e-02 -1.577348111492508573e-02 -1.787837093373742785e-03 1.867456451346279989e-03
2.590420057365016016e-01 -2.779418930743911553e-01 -7.802343110455599307e-02 2.606142667822466605e-02 1.206978686229537474e-02 -4.839524929912839869e-03
-1.721356941186650058e+00 2.378453395006999149e-01 7.121998767749533263e-03 -2.546457820576287926e-04 -5.575224128171424147e-03 8.670288057960116868e-02
9.616324965164041449e-01 1.099469083856329799e-01 -9.052673935356306267e-02 1.055425157429261407e-02 6.105319274040223350e-03 -1.548428967906601136e-03
2.270917455369312776e+00 4.593845863224521042e-01 -9.513533439014844328e-02 -1.338543199989208725e-02 -4.750041129416051645e-03 -3.550645962023757807e-03
2.298379110698581140e+00 2.136727390923900127e-01 -8.590520576452578827e-02 -9.873259967652018090e-03 3.632449229182615862e-03 6.477542365429397007e-03
-5.830160900278488212e-01 2.641776535841595594e-02 -5.068701389606835537e-05 -2.678127210713527120e-02 -2.800102696800450298e-03 -8.658846139827886673e-03
-3.574569990674471009e-01 -2.533766379821308923e-01 -7.400462728572283029e-04 -1.447810689034782598e-02 8.926949483289136136e-03 6.371093858753283309e-03
1.215860327494871607e+00 -6.863123260716617047e-01 6.722063098470865139e-02 2.546433184053521759e-02 -6.411396011812899379e-03 -3.559105548216954379e-03
-1.883412470672475025e-01 -4.012644908384225828e-01 -5.116618189074596118e-02 1.773760455202365652e-02 1.099982320236634128e-02 -2.730961504611557900e-03
1.997192194134584931e+00 1.736578746803440598e+00 2.265726472383629009e-01 -3.540617361308876724e-03 2.124667997669342501e-02 -2.344790693439014785e-03
7.239800278619566987e-01 4.409664255650617704e-01 -3.924868086094848024e-02 -3.364198251530207268e-02 -1.399068144495229163e-02 6.781172148339257135e-04
-1.252434314767019830e+00 7.322189876626549188e-01 -5.782187767738557888e-03 3.580182708111735723e-02 -2.315542690620441772e-03 -6.467327896486742625e-03
-7.002303675004207806e-01 -4.270635828679619772e-01 1.666252315910922432e-02 -2.094617418881889945e-02 9.715561930795917067e-03 6.247423892487331430e-04
2.386780610461586072e+00 7.491115645148987978e-02 -8.120145165581324487e-02 2.250878930121056991e-03 7.276225495922414126e-03 5.225813900840231563e-03
3.586885790578381306e-01 7.371157590362736878e-02 -8.066707491369486116e-02 1.576208186794552518e-02 6.277003142518122053e-03 2.211392253482492767e-03
-4.852120038398407553e-01 6.905260577190154292e-01 4.259750878781285582e-02 -1.972637591717091646e-02 -8.329481333901036719e-03 -4.229532278272286547e-04
5.668713145897465999e-01 -1.847834602981548446e-01 -3.978256602124950053e-02 -1.495120759591640845e-03 9.805737485815819998e-03 6.810908775564658568e-03
-9.314688409076526954e-01 9.055083172882494313e-02 4.569953899765117483e-02 -5.333775478898616917e-02 -8.028542362704784233e-03 4.799597535165171791e-03
6.984213036256068374e-01 -8.605025443331539847e-01 1.089471565007751330e-01 2.501619081745598897e-02 -1.090924517772926504e-02 1.982579590665374623e-03
4.030315739012078069e-01 4.599793098700794003e-01 -7.845508704243475684e-02 -7.507376613010862190e-03 -1.312477555179594225e-02 -1.340854960364577624e-03
4.068322330885113525e-01 1.386779181233514235e-01 -3.396643854710630628e-02 -2.073891358579393190e-02 -1.507593020516752357e-03 -7.106571373372419682e-03
-4.481322800653071980e-01 -4.079091358463596273e-01 4.371777153331205673e-02 -3.798283224865605517e-02 5.987993041058576292e-03 4.585112657634913885e-04
-1.153735912393998531e+00 7.495302417069261980e-02 -2.604405683348855888e-02 4.891274520406098131e-04 -3.818366595671078122e-03 3.584358904077058171e-03
1.161472077830584537e-01 -2.220067568191133600e-01 -6.791906329566768652e-02 2.014427700191441170e-02 1.140026987454959354e-02 5.701994005463365163e-03
2.033777924147481375e+00 -8.915695071589972709e-02 -3.885020687049408478e-02 -1.691601592583090105e-02 8.254332698347121092e-03 3.969104290472124860e-03
-1.164172858294521218e+00 -1.572367598434852576e-01 3.971612881221230767e-03 -6.980743072038679033e-03 2.533794602306499184e-03 6.929853943056315038e-03
1.569378866960261965e+00 1.041484949385298731e-01 -1.269400399555056513e-01 2.733397082420902999e-02 8.425728590597326637e-03 1.554039629974197922e-03
3.147988097782505879e+00 -5.010289205132747448e-01 1.186039967475872869e-01 -3.153822768805502903e-03 -1.316397406528868955e-02 5.162067365649058125e-04
1.545950472514802332e+00 -5.621620637250345220e-01 6.374818047807921662e-02 -7.684722672695169267e-03 -4.938278566085576790e-03 -4.505759251776291462e-03
2.270701582814779407e+00 -1.380936038748004913e-01 -6.103631234568926422e-02 3.997262714863020899e-03 4.625731901410580840e-03 4.266629065476155828e-03
-4.314348544089772197e-01 1.078577943921158910e+00 1.025368825610967621e-01 3.658107251650397074e-02 8.460388549360219751e-03 9.440212886714142125e-04
2.121345366945265543e+00 -5.232214090000956164e-01 8.140277012496477393e-02 -1.348149359855572126e-02 -5.606567390461558720e-03 -2.062234299143596208e-03
1.395740222526972385e+00 2.071802380545928746e-01 -1.239889330288745373e-01 2.310032953334292122e-02 4.640560943807483726e-03 4.167214422350414005e-03
-1.272619203720783743e+00 5.062954962381915891e-01 1.297258133589385132e-02 -4.695904710056052894e-03 -7.978538004782749146e-03 6.889824065374697964e-04
-1.086066634070501358e-01 -2.616236438114354912e-01 -3.427477283090417381e-02 9.457515517103633673e-04 1.109678448608539432e-02 -3.132658463873572445e-04
-1.299947867183613548e+00 7.097015749675215091e-01 4.098583482790786776e-03 3.063033967847384950e-02 -2.498258982772757000e-03 -3.765006320902919250e-03
-2.294391660262894206e+00 -5.476326476619477468e-01 4.400936912179297805e-02 -1.093338947921921461e-02 5.394143542485748712e-03 9.014335394883125712e-05
2.705306019461214628e+00 1.185879457591439423e-01 -6.646225261867792777e-02 -1.489021872620257050e-02 5.339280029459796649e-03 8.629331883544562667e-03
3.768370677736024299e-01 -2.826975667895456970e-02 -7.195862302767856711e-03 -2.546893221902313265e-02 4.871241746266674437e-03 3.709324915403083150e-03
5.181919843330687891e-01 -2.839384966590984272e-01 -6.292439422657859771e-02 1.469737363164377517e-02 1.165317917419650580e-02 1.016676435698934174e-03
1.254700601627452894e+00 9.618098769550174065e-01 -4.673627025890109143e-02 -1.096001127278741633e-02 -1.001876689877500594e-02 -1.505807000758346142e-02
7.630558353814126393e-02 -1.857107001446988981e-01 -2.095404778180414568e-02 -1.076006807562144771e-02 9.602141992581669436e-03 4.717719383617409099e-03
1.179629812194625371e+00 -1.353611557009915256e-01 -6.981755436315902064e-02 1.019111119956524723e-02 1.080586573797816773e-02 -8.322949691504762852e-05
-8.502707604044125178e-01 -3.813032804320709568e-01 -3.214855523529483450e-02 1.222695630631564882e-02 1.128861506977549625e-02 4.059004058774272512e-03
-1.140828083910023549e+00 7.149364173410305279e-02 -1.933763636310472517e-02 -8.830772821640211351e-03 -5.036647429239057491e-03 5.575581445113626106e-03
-5.617467849129984536e-01 4.544033302508843630e-01 -5.547273447846938488e-02 7.557581252829886648e-04 -1.096456932761532589e-02 -1.958838943382037491e-03
1.987765781219227756e+00 4.454358494956486836e-02 -4.055274198562507787e-02 -2.799902617493146145e-02 6.379492812419086493e-03 5.347655913656293621e-03
-2.291991493835569216e+00 -8.564806648160173674e-01 2.528626193297751207e-02 2.961970398326711860e-03 -7.708777721750531726e-04 -7.505768799612308126e-03
-3.004881898842323817e+00 -5.961565230999882337e-01 4.521759518438192571e-02 -9.891210680790735524e-04 3.698409556320208375e-03 -3.827504392813469054e-03
7.859819034528264803e-01 9.717244749951000626e-01 -6.638105273954198783e-03 -3.965696283581982007e-03 -7.907553348350224859e-03 -6.104564850945659246e-03
1.413345673489471377e+00 2.064036111084958658e-01 -5.052291600452225168e-02 -1.979182593145694530e-02 1.021598022274655074e-03 3.199344160780665924e-03
1.455125074943810271e+00 -3.813461242518950689e-01 -2.516810143544841519e-02 9.860476900391816624e-03 3.004307022683685990e-03 -6.321064196185520456e-04
4.586595979334151529e-01 1.185609636566982372e+00 5.151687479111335261e-02 2.747728304717670170e-02 6.170798441021072001e-03 -1.442880837209636023e-02
2.013573293402788789e+00 -6.006055589651293491e-01 7.195090723203458050e-02 3.123154773116763178e-02 -9.148942847600635697e-03 3.014322374466668012e-03
7.702878920226992332e-02 -7.200768112028050894e-01 2.432047437922956606e-02 1.591115063644031255e-02 -3.351519774977802270e-03 -8.088193971656222961e-03
-3.350643402219742328e-01 3.535429275997562515e-01 -4.302599937041495098e-02 -1.657019441944447904e-02 -1.150938614084976060e-02 -2.098199835495721029e-03
-6.604189130220685655e-01 -7.053026018793100427e-01 4.959425209802628687e-02 -2.169679101795513737e-02 -3.049458252513106461e-03 1.250911076132685392e-03
-3.164610729074142093e-01 9.102016779086703480e-01 5.058415304870162582e-02 1.368945075013107936e-02 -1.282463211936479830e-03 -2.191178645640248519e-03
-3.462229423756889024e-01 -5.592639609894435315e-01 -3.231082949577594038e-02 1.951938382613489092e-02 7.270506470650699334e-03 -1.945359845805340717e-03
2.102999606792092191e+00 -3.694581270970536124e-01 -6.939630826862785290e-03 2.436099280369232248e-02 2.785424896485957620e-04 -1.469241950050952225e-03
2.649704051176532404e-01 -6.946036876138181881e-01 4.422649591565285671e-02 -1.129263865785635340e-02 -1.516110261805516269e-03 -9.226013064082083312e-03
-2.576745386286825479e+00 -5.985665153232604396e-01 5.919808327721742119e-02 -1.468055674489718992e-02 3.029280710660184860e-03 -5.302795140613901503e-03
-2.429119482893044024e-01 -9.926480769535329651e-01 1.228114510901650303e-01 1.373038646355793056e-02 -1.132238506782098746e-02 -5.015719634788122754e-04
8.077292742136911174e-01 1.381072646066398457e+00 2.066663880607827186e-01 -4.907292534383013265e-03 1.412179993828274055e-02 -7.859698484534315480e-03
8.551466166147959624e-01 -2.274795629192789548e-01 -2.123769247362014903e-02 -1.635868692134235733e-02 9.343848251151771339e-03 2.516182714335705225e-03
-1.058673102204618521e+00 3.198176496841444449e-01 -7.981035506170529314e-02 1.997263761382568267e-02 -8.736100785872858224e-03 4.043393098484728346e-03
-1.133879647114983902e+00 -1.966580814838060076e-01 -2.083986822346301643e-02 8.708404601873026563e-04 5.840962005653917329e-03 5.527906143828790423e-04
-1.926415162393129821e+00 -1.872905443252257385e-01 1.752167339510560945e-02 -5.060201647781395647e-03 1.356710367694503275e-04 2.922037375516189483e-03
8.697962608561098097e-02 -1.677285525694020840e-01 -9.172919816655288050e-02 3.277414908384759101e-02 1.222731911919271684e-02 3.453771624107893849e-03
1.030129730590873649e+00 1.371406067093948078e+00 1.228833592399480035e-01 1.421906230494984075e-02 9.210209183607816902e-03 5.542620889783804634e-03
3.180252600442557975e-01 7.567186853920928602e-01 -1.269187029730058786e-02 -1.901914829810613314e-02 -1.250062449447937769e-02 -3.999545250779726162e-03
-1.334376299477672001e+00 -6.116678421473714655e-01 1.428590456407602231e-02 -6.883877494415264857e-03 4.942188377472173447e-03 -1.850544749122557688e-04
1.958551899893751502e-01 8.160124784030788059e-02 -4.672248040502124250e-02 -4.294182274930800902e-03 1.322727638248066264e-03 5.831897872536654856e-03
9.790020737555170660e-01 -3.126979000356300831e-01 1.503967639152370937e-02 -3.829267584033053951e-02 8.339237566142123845e-03 -2.162904440367726441e-03
-2.271180233152448658e+00 -3.917904107024803295e-01 -3.232737889824387418e-04 9.891380349801493291e-03 5.621362703925058407e-03 -9.069224743479620612e-03
4.183382045107835179e-01 -8.408752188636566816e-01 7.386645458273886911e-02 4.593628823841552217e-02 -8.741257356636257525e-03 -4.150135094643262086e-03
1.916205613799281338e+00 1.908204998327647506e-01 -1.016602346093582326e-01 3.231177569552740481e-03 4.945737839370719161e-03 2.769116871045804347e-03
1.889493463773126436e+00 -3.167328638682663788e-01 -1.146983746268642052e-02 -7.318395854320024554e-03 3.241846280096355448e-03 -4.427882080844278492e-03
-6.283548269516120444e-01 -2.812924619287695549e-01 7.758423652422250308e-03 -1.137764900218232039e-02 7.507905038765088843e-03 5.144599121860733877e-03
-1.198020890036830988e+00 5.857226363854611817e-01 7.112230416002776612e-02 -2.261105995575758004e-02 -4.016583048306945902e-03 -8.102339734617243624e-04
-7.040817617265491268e-01 1.964047927180839759e-01 -1.552613578468370857e-02 -1.714662081097053162e-02 -7.721355484260864974e-03 3.786671284496291243e-03
1.943898459029400894e-01 6.813348686492015638e-01 -7.655577098371238454e-02 3.156363970530444343e-03 -1.365496985243763034e-02 -6.282551445768700532e-03
-1.343656844886109258e+00 -5.817087246818831714e-01 2.114392289743721384e-02 -1.456092754894644861e-02 8.089051749729563034e-03 -6.777013484992962591e-03
-2.510662183173151263e+00 -3.387055391662895792e-02 1.627626475973489861e-02 -6.194217927772845654e-03 -2.270780792784809609e-03 6.250854934618064497e-03
-1.200266128565467660e+00 -8.453703908478883422e-01 2.844040675965664455e-02 7.695795940129204586e-03 -2.559091423752955351e-03 -4.127196104863054514e-03
-2.332331045046062701e-01 1.198150910279520032e+00 1.330120935812986183e-01 3.894972559595628187e-02 1.201773295206495437e-02 -9.631437308846615671e-04
3.296796733795499534e-01 -2.152280583738822861e-01 -1.332028424565749776e-02 -1.344756823812346888e-02 8.942488614865391414e-03 7.505300136793913342e-03
4.432420280942409030e-02 6.502747770042341946e-01 -7.130995423196000160e-02 1.653527654587752830e-03 -1.311192879530487763e-02 -7.762518868519714850e-03
-4.352699380170226839e-01 -3.681212149824786839e-01 9.812715194440565711e-03 -2.321154745079808193e-02 1.041305612066550750e-02 -9.200307106097709627e-04
4.220338583214843647e-02 -3.983475772226702794e-01 -2.067708416222208481e-02 -4.519653860793182605e-03 9.750020933026263756e-03 -4.131271835600866874e-03
2.769445103759756943e+00 -4.972536173655823233e-01 9.927875097225416501e-02 -2.724645862006047203e-03 -9.173158312502703235e-03 2.364095920637154704e-03
-5.504004471272814225e-01 -6.778185306763490070e-01 2.864124119774400998e-02 -1.276138442723409247e-02 1.686468513705083241e-03 -1.046341223074010590e-02
2.033008972333097741e+00 -3.337628097738429833e-01 -9.023478893987985777e-03 5.902761973612342082e-03 1.201776041880374271e-03 1.587749219970155271e-04
9.835581178661563229e-01 1.644207184235634278e+00 2.232603378842773767e-01 2.813959781071650318e-02 2.429440069630400822e-02 3.571997994272868831e-03
5.596820889329615634e-01 -9.591054206222161538e-01 1.233755098100053488e-01 3.634947941549473288e-02 -1.650175403498973375e-02 3.697697934305744106e-03
3.886761975279465098e+00 -6.829260817820033136e-01 2.056367557948638458e-01 2.074294562962348057e-02 -2.694842507011830854e-02 9.689731406934140936e-03
-5.370902520433230576e-01 -5.038961142997314679e-01 8.006238460607349727e-03 -1.797825847309882444e-02 1.019346726680927899e-02 -9.758989156104364709e-03
5.363309024946536496e-01 -9.601097808274283718e-01 1.220135392963062060e-01 3.845738340523339321e-02 -1.503951780855371061e-02 -2.876429717938519190e-03
1.386851431027890547e+00 -1.246890014753381480e-02 -6.330022018471682943e-02 1.259884266677368137e-04 8.154738748303731397e-03 8.236791771681550509e-03
-1.336872841076255591e+00 6.297750570125768554e-01 9.334736375542541931e-02 -1.578162926401243879e-02 -5.541717382113438777e-05 -1.370041073690933791e-03
-8.086827678018743137e-01 -9.205830901679391554e-01 6.205379898170638314e-02 7.759420466463594693e-03 -6.739098894501210739e-03 -9.991820611852084838e-03
-2.149748227875959650e+00 1.354711282288973730e-02 3.727151196294499263e-04 -1.169872383222330878e-02 -3.502396595131789837e-03 -8.067639601598779187e-03
-1.200343770654216602e+00 -2.137676396631606190e-02 -3.970668723704761510e-02 1.267045339654053124e-02 4.921169905487811445e-04 -3.000335687300821966e-03
9.592350215341994835e-01 -5.757291562807611562e-01 1.608365480748632365e-02 9.695198068275800302e-03 3.435663686267327729e-04 -5.533120294165748930e-03
-1.606964313556104029e+00 2.484986531261839937e-01 1.250789635936594250e-02 -1.943568107443748028e-02 -5.725134810835198242e-03 4.203839116092130605e-04
-1.500887673835834102e+00 6.929972741590763041e-01 -6.912170869666199764e-03 4.144168412537840157e-02 -3.076066496377701225e-03 -5.795548018291289466e-04
1.412765539492822353e-01 -1.644618368970059419e-01 -3.915899293516259504e-03 -2.450600012229070881e-02 8.739814699544148566e-03 1.599213359153364104e-03
-1.020938665697406211e+00 1.994471474848983905e-01 -4.243896129311259396e-02 2.071950155569211513e-03 -7.017791014768849991e-03 4.257459032886513721e-03
-4.248523956246120226e-01 -4.577727844113957389e-02 -3.336351842952371693e-02 -4.194072976223883926e-03 3.858632386192692703e-03 -2.007190196438371054e-03
1.558883698399795570e+00 -1.487232788492187652e-01 -2.149416571474035281e-02 -2.615738001381649400e-02 9.399905476745944871e-03 1.857377285389256614e-03
1.306469280354707996e+00 -2.189451665445893702e-01 -2.819212302974491088e-02 -1.508651424787061344e-02 9.605746901406768748e-03 3.447760901570187122e-04
1.090384338101803241e+00 1.151430889527488288e-01 -8.113534911142226969e-02 3.339480156633717854e-03 6.613394436750871450e-03 -2.381367366346082929e-03
-7.198430469243060070e-01 -5.003858551594203563e-01 2.083887489040353591e-02 -2.001807575885113794e-02 6.089192266885154817e-03 7.765164806462070428e-05
8.342313987466541958e-01 1.275479592835160103e+00 1.302753509369846407e-01 4.608684192581121233e-03 7.317340549408133873e-03 -5.324437955859788463e-03
7.654832054796257834e-01 -5.479199227466874378e-01 -5.178884119070225819e-04 1.149149379337509672e-02 -4.308961730828304057e-04 2.103958810660353038e-03
-2.600880967240438157e-01 1.061918313025863814e+00 1.516610830023520928e-01 8.899312188112875471e-03 1.020764026442308285e-02 -7.967921683181685907e-03
4.824837779062219334e-01 7.350297821669493636e-01 -6.207745273172964734e-02 -2.650629205327141406e-03 -1.445761451785936361e-02 -4.615989738834120866e-04
-7.925400900474709465e-01 -6.790999420849938017e-01 4.366693455937031842e-02 -2.544882101958024015e-02 -7.037566717579436934e-04 -7.405347876374110058e-03
-1.347571154836686436e+00 -6.038330512678754536e-01 -3.364732419532131397e-02 2.271876436359315798e-02 6.741419350424072802e-03 -4.850654275351394713e-03
1.527058082297797936e+00 -7.141128202453343211e-03 -2.647420563678000785e-02 -3.124693156408188399e-02 7.160769318587607672e-03 -1.086908904856895286e-03
-2.513240756654365970e+00 -4.113404500197134772e-02 1.252355145467911289e-02 -7.848219912161936290e-03 -2.216698656317233219e-03 1.915116854442373102e-03
-1.491949367550251093e+00 -7.918521948605361516e-01 -4.378273042650634994e-03 2.550648372083819462e-02 -8.775604157003790611e-04 -2.234159120103407573e-03
-1.489036962450515311e+00 4.775964935083287233e-01 -2.227656445245216124e-02 1.812936341175289470e-02 -7.362079793448040449e-03 4.375165583086119622e-03
1.591840344786262518e-01 -6.201865183522749930e-02 -7.451757014474315322e-02 1.349705638933250927e-02 8.709814554472936066e-03 3.629851898266723935e-03
-2.026935095757453897e+00 -2.244447055817703762e-01 -4.236373093339739632e-02 2.989419618410505894e-02 4.885572989139072217e-03 3.224095700059638036e-03
-2.024892742927931200e-01 1.904163584232342055e-01 -2.478527542293522748e-02 -1.351042504417352720e-02 -5.831036625421386933e-03 9.171621916946471470e-03
-1.496889927251399577e+00 -5.379872897311595015e-01 -1.002674691704676276e-02 8.557517588906595959e-03 8.193403426657266952e-03 -3.014219939929849938e-03
-1.740035627240176019e+00 -3.704465380280398956e-01 6.239271983221867865e-03 -1.940599791266493833e-03 6.791645766551738551e-03 -9.007377023064052843e-03
1.671984140485117259e-02 9.110109393075548345e-01 -3.064339036553473741e-02 2.199843808096237432e-02 -3.966136134829456941e-03 -1.579957312806411912e-02
-9.400338795455972507e-01 7.731266762588403507e-01 1.256153079127828032e-01 -1.337112551376941003e-02 5.885403391819930656e-03 -8.125531846455221960e-03
1.565711020788769670e+00 1.617310108352938869e+00 2.038931232308732744e-01 5.175384458633545959e-03 1.797821332691865517e-02 2.069376658578652058e-03
2.233140625243049904e+00 3.609281035657849745e-01 -9.256467436279630645e-02 -8.155435240154378096e-03 1.509761096067947631e-04 1.446671005538422870e-03
4.373701049539779340e-01 -6.217522660346912478e-01 3.693681945528206473e-02 -1.390007730295862720e-02 -1.866321860548093717e-03 -7.688013336241253208e-03
2.059721618970262735e+00 3.662753384516892474e-01 -7.766086866750107620e-02 -1.362574657452927072e-02 -1.199779704854075923e-03 -9.376495489780400363e-04
2.232480227495864611e+00 -2.510863931619856659e-01 -5.519448781283681910e-02 3.784039997910832592e-02 2.492513311115245565e-03 3.825188668781381168e-03
1.181306619873470298e+00 -7.954069623193665839e-01 1.185967999683632534e-01 1.522427450457071452e-02 -1.202237685552245451e-02 3.103558782123181942e-03
-2.039095822959313242e+00 2.027976146893610832e-01 -9.446289758637605935e-03 3.212482027804442353e-03 -3.745586329361510255e-03 2.249549652204492663e-03
3.305291681034668305e-01 -2.813730633194591602e-01 -1.706555098075308516e-02 -1.688486033268205705e-02 1.146105537254740042e-02 -5.062415813128306021e-04
-1.264411427244458874e+00 6.586893637154297987e-02 -3.374659805255862677e-02 -1.468174932842900406e-03 -4.847547217270678672e-03 -2.450681151727697373e-03
-4.278667813731327207e-01 4.416306150572325562e-01 -6.187162478507639285e-02 -2.107831561020883943e-03 -1.156264107787797688e-02 -3.619948743037712524e-03
-1.709545914088520968e+00 6.699275737331389369e-01 1.307158252532722997e-01 -2.233415572376129445e-03 7.347270412604323467e-03 8.446746689782255388e-03
7.781777562206515508e-01 -5.251802494222721496e-01 2.565667711776569576e-02 -2.050579962726754510e-02 3.916277051432542379e-03 -7.245654664545652691e-03
-9.543032864988225394e-02 4.127542945798702845e-01 -2.813490054019136127e-02 -2.701125762124172852e-02 -1.214613511046310629e-02 -6.849834433285098730e-03
1.206785317655249212e+00 -4.667642176259935161e-01 2.623995866590940820e-02 -2.727585078193648163e-02 2.486639837864786790e-03 3.352757337828915930e-03
8.834523100077468216e-01 1.133575340856784797e+00 1.075386730257995860e-01 -1.604815321744372872e-02 2.886796447717057072e-03 -1.229993123477635120e-02
8.216315017796951489e-03 1.362718523551542438e+00 2.079914612035691501e-01 2.684053714143377206e-02 1.821712288720366696e-02 -4.502760261779015748e-03
4.073792963712852266e-01 -2.122023072451770798e-01 -6.112194662821613528e-02 9.584751540515273893e-03 1.169701196229671301e-02 -4.530221398301955728e-03
-8.404144400599838916e-01 3.967649641201735355e-01 3.442134004032418315e-02 -3.997833185004628920e-02 -9.313012888688543614e-03 4.167469522991898954e-03
2.804416267251949701e+00 -7.699390669180314339e-02 -6.926842960023646412e-02 8.837943274786336928e-03 3.636289815376767855e-03 5.613649628357944739e-03
9.475770050047852555e-01 -2.049200096446612274e-01 -6.551545929705292204e-02 1.133827464090577525e-02 1.071549701285998482e-02 7.860944840944124367e-04
6.760337744175503039e-01 -4.395040881654286857e-01 -2.459781882117824045e-02 8.339556772389435102e-03 4.508193117868036261e-03 -4.287715245679600898e-03
1.154853186905646645e-01 -6.646079236357137487e-01 2.014717643143203868e-02 -2.546075490805605000e-03 1.285688212815698332e-03 -5.768106956266809936e-03
-6.449899593580342705e-01 -4.061378539468481902e-02 1.501133090482994169e-02 -2.741156464500688408e-02 -5.826355568196429869e-04 -4.383624767721876550e-03
2.368785292438209567e+00 -5.411486544765298223e-01 9.561618188116910444e-02 -3.956649876171302628e-03 -8.091187012227010755e-03 1.029881712595062671e-03
-1.160565541184475302e+00 -5.240530735909540994e-01 -2.661310074954419472e-02 1.332297841840720393e-02 9.850701561179876775e-03 -3.087763357207803146e-03
-1.301844843928753326e+00 6.690969763912474333e-01 -2.288988692141333964e-02 3.640529351441827016e-02 -6.052725161772323954e-03 8.505788755091598860e-03
1.551020354096403819e+00 -8.264046618544820255e-01 1.357559238558092296e-01 1.827703374413111592e-02 -1.558671811074270434e-02 6.017936718085772907e-04
-7.208392257780036338e-01 7.834624008810127105e-01 2.686139556107977958e-02 1.376011657115768297e-02 -4.199602684775707688e-03 3.965121276320745201e-03
-2.818428794423614381e+00 -4.220598702691365500e-01 1.148818820145452307e-02 1.375378375564158609e-02 3.701224508886901722e-03 -6.963317541107670074e-03
-1.721584026519637600e+00 2.597317509992013718e-01 2.189908416555527010e-02 -2.142923243639445474e-02 -5.118761928235558180e-03 -3.757797675007090591e-04
-5.861409346585507718e-01 2.467593068571566350e-01 -7.886750767290071074e-02 9.511271816197723952e-03 -7.742791651949364889e-03 -9.046977554413287298e-03
-2.482580035059623214e+00 -6.025657080536758192e-01 3.538817905014024490e-02 -3.499709182836604950e-03 7.007972606531688055e-03 -4.898886143045441677e-03
7.179919035164207264e-01 4.015052669188357570e-01 -9.015235253165437834e-02 -8.829563391311130108e-04 -1.011256058582872541e-02 2.313086254205476335e-03
-1.437983000014125157e+00 -2.181863022827059961e-01 -1.904794920092845595e-02 7.353492014575896581e-03 5.217353692965180992e-03 2.612015271833118598e-03
7.770923355747990646e-01 -1.012511191087459350e+00 1.586900086132658205e-01 2.243200838889459342e-02 -2.032870859273837316e-02 3.805642585635729287e-03
-1.354458350219246210e+00 -1.851420235944402637e-01 5.387893046913456996e-02 -3.202758619210997054e-02 -2.128217070549144553e-04 -6.750628795230240002e-04
-1.329635825280840455e+00 -5.413383680463101921e-01 2.474052261774108488e-02 -1.428230146418509733e-02 8.688274063840657757e-03 -1.662176293250037335e-03
-1.056251507341690932e+00 -3.629986938345541314e-01 7.762503014857508911e-03 -1.492255285759149820e-02 9.610353927396061285e-03 -4.978050908405936767e-03
-6.248319162392536041e-01 6.329257238719544487e-01 -1.786091847746372821e-02 5.335797320322387084e-04 -1.069616116796735447e-02 -1.673705718362469277e-03
-1.723422990434799962e+00 -1.417169860814046223e-01 2.725537346836213060e-03 -6.423406731349620181e-03 1.869308158292233243e-04 -7.322794080587222317e-03
-2.074396926369119765e+00 -2.235152407107489081e-01 -4.550408109125617107e-03 1.070540832094958941e-02 2.384946464785140264e-03 2.914956605574935480e-03
1.057242863026181423e+00 -4.618399095055396031e-01 -7.781328577190813056e-03 -2.369722227097711183e-03 4.542642784174754159e-03 9.901818489605838242e-04
-1.352616195848913350e+00 5.317077464120057995e-01 -5.340946127127350201e-02 3.061249175814270349e-02 -8.525837778117028795e-03 5.033410077153953679e-03
-1.110113086179908004e+00 1.222969648173560381e-01 3.233686951381004732e-02 -3.060966608509844283e-02 -7.925184513991857804e-03 8.538491030571995766e-02
-4.236749536025510854e-02 9.028534635247201789e-01 6.234029075334458769e-02 -2.974985581411407169e-03 -4.313583302735093244e-03 6.525787102160470095e-03
8.224360140314590506e-01 -3.846767887595508029e-01 -3.704500249364325176e-02 1.085158971005891620e-02 5.121923161200455342e-03 3.103892621448018068e-03
-4.433509563462116332e-01 2.607702751789042761e-01 -7.548362726239792042e-02 8.576391615752639030e-03 -7.940962461690811644e-03 -8.021111698409080391e-04
-2.256001823108416904e+00 2.250891750158191262e-01 -3.087577484642851575e-02 2.181254195538535542e-02 -3.403102228119797654e-03 3.910997692334099163e-03
-6.769444527428646052e-02 -7.149609547754569583e-01 5.494424360396597817e-02 -1.889717918944989680e-02 -5.277544503257618203e-03 -5.516319712705618911e-03
1.504200717376430019e+00 7.267257930817193623e-01 -7.111678828020019660e-02 -3.138972307304430109e-02 -1.569123552880550762e-02 -1.318149407384313493e-02
-9.751938081765827437e-01 6.380449587663453159e-02 -6.888145803691386737e-02 1.798677881646630616e-02 -2.039191969815351817e-03 1.798949282235412983e-03
1.108654812807855113e-02 7.197452345806294449e-01 1.258091652524681234e-02 -2.386427741285104126e-02 -1.185789421445508987e-02 1.417864859632266428e-03
-2.296291730433440037e+00 4.703814096578685655e-01 3.290590957557765206e-02 1.784408290168745456e-02 -1.225837194371864544e-03 5.235661918888097517e-03
2.231117954050018337e+00 -3.642574916804581786e-01 9.680851403446212936e-03 1.317620004877924182e-02 -6.739997773133226452e-04 1.184620042119737546e-03
9.624142297498511356e-01 -3.977681645943114686e-01 -2.154639562394778177e-02 -2.566313303372497016e-03 7.588697935608850094e-03 -6.793591546399447255e-03
7.133982986061676579e-01 4.032933486313906579e-01 -7.162342654570132139e-02 -1.702474391339138873e-02 -1.199697008261388538e-02 -3.613145394148268609e-03
7.333461674103468608e-01 -1.418961116281415025e-01 -4.128881860010319427e-02 -9.636243061070276505e-03 1.058439197005444331e-02 -3.927727663671295327e-04
-6.375117907412257701e-01 2.766641398161203691e-01 -9.745705689272347871e-02 2.808827872136887560e-02 -6.733582784319584215e-03 -4.376788929579812594e-04
-1.327752505066435829e+00 -2.987569840653931941e-01 -2.641417282935695082e-02 1.714679517349539106e-02 8.705525599223306807e-03 1.578961825308194435e-03
-1.137252390980480810e+00 -5.509260007554531713e-01 -7.529464967852832202e-03 2.297366502149458638e-03 8.095049047525627525e-03 -5.750021606659546508e-03
-1.031187276725245239e+00 8.111050784573983763e-02 -2.653615407443908267e-02 -2.410199864267634478e-03 -3.693606123609513570e-03 -2.326511179611545545e-03
-1.760269830846425299e+00 -8.517572736765786565e-04 2.049012164184512569e-02 -2.792959177656357400e-02 -4.744907395542344135e-03 -2.139252648252216570e-03
-1.356089535182897876e+00 -3.984546041326329779e-02 -2.697066047657994958e-02 -6.678356038507455347e-04 -1.726172459549569398e-03 -3.218934345239901889e-03
6.616848225298844755e-01 -2.329142110596564563e-01 -7.088884850207931299e-02 1.829586552823002712e-02 1.075865832416362730e-02 3.085552464246959972e-03
-6.059150390524275370e-02 -4.089429313049813830e-01 -3.700803534273718054e-02 8.036084107243260041e-03 9.713494005159743760e-03 1.935880366007096875e-03
1.543124615402291289e+00 2.246609544255850910e-01 -7.834000814557022518e-02 -6.854017477033750617e-03 2.436412826171147333e-03 8.451303522440409364e-04
-1.137905859034794798e+00 -2.343846327211870917e-01 2.174390488713480452e-02 -1.617220552827859301e-02 3.752239715464291640e-03 -9.910874893728112422e-04
1.315978525150257150e+00 3.433845572743671193e-01 -7.604693618978469738e-02 -1.052892531105075434e-02 -5.211269833170340156e-03 -3.995312090206603467e-03
-1.546038996377848251e+00 -1.885216612790964752e-01 -4.843907226805348881e-02 2.760392521210294423e-02 6.104203162373820005e-03 -2.142733593510375793e-03
1.074553434610569402e+00 4.401021667463039799e-01 -6.618287826080766767e-02 -1.988478822069831772e-02 -1.174742663565612327e-02 -4.732147470068458249e-04
-1.103873358849111641e+00 -4.679189585378392136e-01 -1.352201798210429969e-02 2.445050451974834557e-03 1.199932348718813629e-02 -3.316908523260682536e-03
-1.085913755256229102e-01 -8.054373860194042889e-01 6.029393420329876019e-02 6.504144022540530971e-03 -7.507678289019255845e-03 -2.078508033723535427e-03
-1.498869248952509059e+00 3.003589692994982907e-01 -1.348194078465557607e-04 -9.688925310434397947e-03 -6.408564946245138075e-03 -1.203948284884402357e-05
-1.139807603398446778e+00 8.356408452603039660e-02 -9.302670721883711524e-02 4.319645271252900431e-02 2.946901057099630939e-04 1.503929776249060025e-03
-1.389805746075292614e+00 3.403845825791023683e-01 5.596343301618359606e-02 -3.688620222355876860e-02 -6.317198150674343225e-03 1.076435061891653500e-02
7.094859982401808818e-01 -3.038800832000128627e-01 -3.217991768805490704e-02 -6.225448489045285784e-03 1.033327280167465473e-02 2.778081737543089923e-03
-2.160871453079318272e+00 -2.059684842483127665e-01 3.455239005896525162e-02 -1.279432710986147352e-02 -7.204869093169803283e-04 5.814869087199883886e-03
-6.903665660349985744e-01 -4.647089707304587897e-02 -6.516488094024000532e-02 1.940099460733012149e-02 4.880922757704524335e-03 -4.953354896750077903e-06
2.270578536928395397e-01 -3.985748714290582306e-01 -2.356944975873022721e-02 -5.556504486923307534e-03 1.083386637257153194e-02 -3.222574137486459468e-03
-9.286068924738309915e-01 4.238264855685495713e-01 -5.838665873511567767e-02 1.652053355634117843e-02 -9.312066603826298777e-03 1.033443509404481132e-02
-2.645057911945413731e-01 4.064011578166037975e-01 -1.576452647583333200e-02 -2.737798739471503096e-02 -1.166056705374155303e-02 -1.709692175880529828e-03
6.171137838486274729e-01 5.719670501453206768e-01 -5.510429126982032549e-02 -2.110528540520859725e-02 -1.504952158054682042e-02 -8.143846443515555386e-04
1.607849209487143494e+00 5.229933425183522777e-01 -9.658207193025587778e-02 -1.494978028561996970e-02 -1.208257064857451955e-02 -2.242164334720206029e-03
-1.082568902158308921e+00 -2.519102957305600632e-01 7.289381289285871458e-03 -1.590040094682466584e-02 5.944255897924226144e-03 -2.534940085576132835e-03
1.261465298033140003e+00 1.424903242484779897e-01 -9.675351561474328232e-02 9.960663933280343441e-03 5.832272976015573374e-03 3.280594511343183466e-03
-1.141889604989950957e+00 3.181084052115633054e-01 -8.662564198101536939e-02 2.430386060582025859e-02 -8.534671619606302648e-03 5.423950103303876169e-03
-8.461156311976072986e-02 3.227121894762991494e-01 -5.712820831558086676e-02 -9.755817672420561901e-03 -1.057365263968193352e-02 -8.596051444748631105e-04
-1.252839078996089484e+00 -2.435886563620783818e-01 4.701959782198478904e-02 -3.139220226422621829e-02 1.540605149703004346e-03 2.087197369812798277e-03
3.547578568662818066e-02 -4.997035504784263504e-01 -1.685154404926783242e-02 2.563842571440845802e-03 8.092186952064187380e-03 -4.990512343741568095e-03
8.433867695106335161e-01 1.091285373985307450e+00 3.003626136815393602e-02 2.886429613047697060e-03 -2.544118308456635395e-03 -2.642755057925178213e-03
3.396874309590656726e-01 -8.054637597132977556e-01 1.024880858471680783e-01 -1.866986242415269448e-02 -1.031912772841394287e-02 -1.802854981622558847e-03
1.920510527736926543e+00 -6.364144821238527649e-01 9.845568023947351421e-02 4.564546243634136358e-03 -8.625150834681349910e-03 3.389236081090219073e-03
-3.574765715060885252e-01 1.092306778541045409e+00 1.164529630472093263e-01 3.008631248510335032e-02 9.698529996670503944e-03 -6.854041074347632170e-03
1.109557391578054553e+00 1.029454971504999428e+00 -2.377897889462072048e-02 -8.313819024499671459e-04 -7.643596563946796277e-03 -1.989731470205788593e-03
-1.759225047191150137e+00 -4.410311757881431038e-01 3.993783330713963908e-02 -1.914616721011267592e-02 5.253344904138589587e-03 -8.596424323652583979e-03
-8.608204096264769900e-01 9.389271728173971265e-01 1.098889910075931814e-01 2.605989704484641331e-02 7.991129537050896403e-03 -1.615510581101641755e-03
-2.972453235300269170e-01 -1.062259267601957102e-01 -7.086012910666723841e-02 2.176467442889683593e-02 9.544414928570226983e-03 3.588411729904792541e-03
1.523384262152578827e+00 -5.095686371128030911e-01 1.870777887517297358e-02 2.084658672433696569e-02 -1.500197945793161659e-03 -1.664549746882080464e-03
-1.187779822964127430e+00 7.638744690618787248e-01 4.871550222514992728e-02 2.283023711990677176e-02 -4.287284048518307357e-04 6.579599889715488995e-03
4.299181341057423111e-01 3.838236029503010877e-02 -4.347762753265519559e-02 -3.324304075909584322e-03 5.072704804674346181e-03 3.558617899525920360e-03
-1.017544004380283695e+00 -3.559073170493966543e-01 -5.080097691050317055e-02 2.461520572373096169e-02 1.237427308159419481e-02 -5.849435471011419155e-03
2.500562416905411922e+00 3.405332137015608385e-02 -7.000525181364804228e-02 -3.407940739265904930e-03 6.740826171245358281e-03 4.110012083183521396e-03
-1.539149027425771865e-01 -5.165874197818006719e-01 2.068529431960872481e-02 -2.535610386792432405e-02 6.919199936661550414e-03 -7.312235867155860401e-03
-7.243045346784937610e-01 -6.716988238729296734e-01 -3.434991390899933689e-02 3.922706205939337915e-02 2.056461372520927613e-03 -1.380721868988101430e-03
3.046742751635900692e+00 -6.385189278965069937e-02 -6.726834165428703660e-02 1.413537614413595128e-02 3.068887667245075342e-03 6.206283385225193697e-03
6.524286712676266031e-01 1.532491319599026180e+00 2.617255950830145173e-01 1.059186325121059223e-02 2.319571297972907245e-02 3.770128200179756971e-04
-7.700844857528226228e-01 -2.450376084229539397e-01 -1.069787360316048347e-02 -3.842932905207556340e-03 8.689923166653049438e-03 -3.119290695909767135e-03
-2.343245058415177606e-01 -3.726683769913566313e-01 9.624781740127904064e-03 -2.241990337598130656e-02 8.942230428132545705e-03 -2.190531134232969260e-03
-1.329971882886284762e+00 7.868276364689057445e-01 3.151557668091860970e-02 3.866581846554819485e-02 9.288513328483965917e-04 -1.973341477861399740e-03
-1.465190462280846206e-01 -2.484184377801477994e-01 4.068571480118076365e-03 -2.259168976998772102e-02 9.435168953298555400e-03 5.378815235451198909e-05
2.832016482365974919e-01 8.045566205020812101e-01 -1.524909353892604444e-02 -6.169642448990726030e-03 -1.271259909202267918e-02 4.619746152412933932e-03
2.015339194663274380e+00 7.158313237135225382e-01 -1.059882736505189105e-01 -2.124388738503787608e-02 -1.450435531354852051e-02 -5.465952616649374408e-03
-7.824782237850229638e-01 -8.938654519850181002e-01 6.105043309128323215e-02 4.085286087675499278e-03 -7.048570551216312707e-03 -5.806223005296730182e-03
2.917145657093833666e-01 -3.828782831811595733e-01 3.290978386692317709e-02 -4.504233662097456570e-02 8.157177374391613028e-03 -1.339125276015342564e-03
-3.517124299189809955e-01 6.515601290686153790e-01 1.101202545577781300e-02 -1.691103246553052677e-02 -1.086074393698308049e-02 -1.880676303204835116e-04
-8.290931476543242917e-01 2.734341536769190409e-02 2.040964439349146620e-02 -3.108191398916870796e-02 -4.373161809919836468e-03 5.765317987895910747e-03
-2.124190532377517204e+00 -6.939485547008809041e-01 3.138741577073944633e-02 -7.264175221921311508e-03 5.161519895133865297e-03 -1.042560639004758843e-02
-2.005952218772351969e+00 3.752554049340781628e-01 7.651718814518147435e-03 6.118847939705474200e-03 -4.647969963781414110e-03 5.325631144984323100e-03
-3.511163984329656595e-01 5.289580311984052319e-01 8.874065322443279100e-03 -3.209250726608858795e-02 -1.191944485250344583e-02 2.260823128466604454e-03
1.346635469238570249e+00 4.998540398467439805e-01 -7.195884402842050998e-02 -2.058981104608391399e-02 -1.219864979642259518e-02 -5.728697910556974048e-03
1.014760480850074725e-01 3.616472405381064847e-01 -5.883795382289939979e-02 -7.573730375519432262e-03 -1.023280220696821258e-02 -1.007812327591433438e-03
-1.795264088940125458e+00 1.030970702916441939e-01 -2.827108683125220331e-02 8.714945000264217451e-03 -5.070689312306815577e-03 8.976029032361053026e-03
-1.384340018099360581e+00 1.009677446682147595e-01 -5.147862782088147293e-02 8.733715838431585846e-03 -5.318067812447712511e-03 -3.049034125904435261e-03
9.988990228265552940e-01 -7.175880061202910554e-02 -4.578410199334006364e-02 -1.397757159135571726e-02 9.167391607422414879e-03 1.419130481766507114e-03
1.440297228360536697e-01 -3.211196618867142583e-01 -1.172854384715361561e-02 -1.354283565936658003e-02 9.358987137298432207e-03 -2.646170280490899376e-03
-4.026815898605881072e-01 1.965951240574973780e-01 -9.595003299058442459e-03 -2.924302724302089290e-02 -8.682083810342498126e-03 1.061634896974001903e-03
3.041735623492182850e+00 -6.107484251256745100e-01 1.179493693028651202e-01 3.560444071904728808e-02 -2.098883687071604123e-02 5.426472905148785678e-03
1.739331063912224584e+00 7.010980891208661303e-01 -9.108554785330050252e-02 -2.375231354143363463e-02 -1.543397190284868936e-02 -3.653169861494632090e-03
-1.768342674991231211e+00 1.527201602308212169e-01 1.428945862503152794e-02 -1.982336093977751790e-02 -4.780820888307243596e-03 -2.243595670739678780e-03
-3.988915363500605271e-01 5.247305052126197689e-01 -1.147881015659410059e-01 2.710851071798212400e-02 -1.173088886361385932e-02 -4.192887098061375169e-03
-3.924201657476909522e-01 -3.418017670107126316e-01 -3.047939842687524478e-02 2.570805523952781561e-03 1.104758656650586986e-02 3.830154964600927131e-04
-6.470429123118992543e-01 -2.360829001026898410e-01 2.651232632365996267e-02 -3.019819075349550533e-02 5.807553770257941651e-03 6.426289469827546619e-03
-1.607454839252699497e+00 -2.758301422669705572e-01 3.890617369377397800e-02 -2.135730330070243627e-02 2.103533970743982472e-03 1.612971267513894436e-03
3.245938481639322193e-01 -1.914278191053155886e-01 -5.282662458078842688e-02 3.224571486612705287e-03 1.106705724218968317e-02 3.321858174073991348e-03
-4.540813075136640453e-01 -5.759570284968469345e-01 9.720461852078171594e-03 -1.136604051130897693e-02 4.847482584294096793e-03 2.198000882709349926e-03
-2.230103650686948991e-01 -1.617581247869949168e-01 -2.104353738984637151e-02 -4.370794850884826901e-03 8.049233488805183218e-03 6.251867948758505281e-03
1.036933145408398538e+00 1.249777000641648789e-01 -1.125033461972504006e-01 2.250257315505533456e-02 8.007071703962063275e-03 -4.280122663566176752e-03
8.307521964239832357e-01 7.790492115530242012e-01 -3.469110048200980956e-02 -2.458121899790291845e-02 -1.439406232990225222e-02 -6.723048304131753333e-03
-1.590393036706241991e+00 -1.727737034493683488e-01 -1.044801811615590770e-02 2.364733660218896853e-03 2.685214936013344527e-03 -7.425577013787276054e-03
1.699653951992319278e+00 -2.747180316145136914e-01 -3.039080888309351677e-02 -8.445502969515442451e-03 5.873419318377254630e-03 2.798183194705546918e-03
-8.595269842984730735e-01 -2.002616994606263578e-01 2.468759043984986024e-02 -2.473083689343596320e-02 3.341929742151514716e-03 4.680756714296753149e-03
-7.018821421379327630e-01 1.015328272746531110e-03 5.379965786156051290e-03 -1.868918172700518091e-02 -1.632986632681857108e-03 3.164545745702866154e-03
1.420663361224956400e+00 -6.289471596501965134e-02 -4.906429914546136389e-02 -6.509610585042391144e-03 8.907219929379348727e-03 6.277950996030528912e-03
-1.113479325212641147e+00 6.870070613018591787e-01 1.076420172957826549e-01 -1.950509653710282010e-02 1.955626460651767838e-03 -1.122107268882858912e-03
-1.085941206642118351e+00 8.070307657201776230e-01 2.539628060180098283e-05 4.356809673293578905e-02 -2.860640767495160105e-03 5.372001276943990690e-03
-4.172503351096715912e-02 -9.154966683134338479e-02 -1.369344957721239757e-02 -1.593689165878768924e-02 5.886713677312810887e-03 8.730815688893523233e-03
3.357409344866352230e-01 -6.626568549669206165e-01 3.777301469008716162e-02 -8.728918679441031656e-03 -3.301281781103008756e-03 4.824427574383698103e-04
5.046582503175043311e-01 -4.449241857200855188e-01 6.697878085782524304e-03 -2.018070848167319992e-02 7.333212296597243704e-03 -1.238092963423125664e-03
1.658762423052146273e+00 -1.424191450296011519e-01 -6.365173021453049418e-02 5.241338515008446379e-03 8.970824282301666924e-03 4.475884042799238398e-03
1.699133854564818247e+00 -4.676981673783798255e-01 2.722907971125686222e-02 -5.509172524089096454e-03 -6.804112038556529678e-04 1.640009766061817711e-03
1.236832740916334439e+00 -4.139166324032497180e-01 -2.008770204153190186e-02 7.292002978358315922e-03 2.959785707754019387e-03 -1.005810722151181296e-03
8.102098326876565615e-01 -7.465232533978322094e-02 -7.152211496935188817e-02 7.343884701078302359e-03 9.366208514467819907e-03 4.993532007198449481e-03
-5.416880022993648680e-01 7.893374754085998868e-01 -1.949713448848695158e-02 1.995628175609490476e-02 -6.419198433985123103e-03 -1.058150866187418208e-02
4.680145368606729028e-01 4.026546344581223846e-01 -8.057543395648804341e-02 -7.701950985655606555e-03 -1.127005960596683121e-02 -8.079192238753359762e-03
7.947968145191895706e-02 -3.203694831580718994e-01 -5.870530961761662170e-02 1.481698738064069105e-02 1.211942669613088296e-02 3.173780771274010114e-03
1.080679222723511357e+00 -1.328067805667124401e-01 -4.221223653957616173e-02 -1.065617915893843533e-02 9.492912313491558285e-03 5.091708588764305016e-03
4.961492580417303233e-01 -4.085197901782339769e-01 -8.892729838139663834e-03 -8.284845708049513868e-03 6.252762998178369204e-03 7.027755804058416532e-04
-1.714614161065361575e+00 -2.224936976156020318e-01 3.307489658875708595e-03 -5.231312472840260984e-03 2.806852409703077325e-03 -9.524262878943742794e-03
9.537690408448977752e-01 2.179937226840708286e-01 -8.635500311216151581e-02 6.670266101253818913e-03 1.670638381642956067e-03 -3.052783792821454640e-03
1.663503728140048876e+00 -3.421654403557475993e-02 -9.281801997904783053e-02 2.034366941872379000e-02 9.240432676947005208e-03 3.222776085183546961e-03
-1.401039755258207897e+00 3.360457107189404602e-02 -2.003722336069785684e-02 -6.108113827191582676e-03 -3.986410324662219978e-03 -6.302576053223571222e-03
-1.234316129760493652e+00 4.537567317005238299e-01 7.557450615527662972e-04 -9.751784523853954459e-03 -7.848351489550174642e-03 -4.806214585150851010e-03
-5.727663427310918376e-01 -1.138888179288617963e-01 4.321580886197572136e-02 -4.079763173550743360e-02 8.207507436319011473e-04 -2.516058241199563630e-03
-1.799993897438518786e+00 7.642554182977713551e-02 -6.035062133029286957e-02 2.417915400513855409e-02 -4.046914723943906972e-03 5.736004221002127465e-03
-1.604693874661513808e+00 -6.742445260420510955e-01 3.281597520556935044e-02 -1.377646517298590501e-02 -2.678224320960397465e-04 9.654168913703330959e-04
1.965216342226262070e+00 4.124053844835010585e-01 -1.042412320344091037e-01 -2.744596033681742913e-03 -2.943738322090381273e-03 -4.438630538840789529e-03
1.536115479716776422e+00 7.076281417051406841e-02 -1.028707815076782515e-02 -4.553245936053341991e-02 4.774212514115912069e-03 2.191690497550342117e-03
1.051103730910822209e+00 -3.066313401318863652e-01 -5.046268490676698165e-02 9.989932919728720245e-03 7.745741180992308378e-03 3.339693392863231879e-03
2.596874446367596789e+00 -3.037409667447265593e-01 6.590061482719898264e-03 1.320307837843515825e-02 -6.927675085039787821e-04 -2.254351692552823173e-03
6.436770347949882787e-01 7.349696052278760217e-01 -4.498973714778367605e-02 -1.946724173193455781e-02 -1.435968862710817855e-02 -1.133384687783094147e-02
4.301652772748093545e-01 -1.953947253715822563e-01 -3.872367384724112460e-02 -4.255581917028555990e-03 1.104631205936028142e-02 -2.519800520867541797e-03
4.261060915837760477e-01 -6.200735332332605321e-01 1.531722935563300560e-02 6.039353634327634598e-03 -1.227330599929663240e-03 -7.842919340528407834e-03
-5.276021240195463147e-01 4.382823117383288225e-01 -6.116749476808808900e-02 2.519901475631906862e-03 -1.126311143100008037e-02 4.416074202326331771e-03
-1.644235615822570828e+00 3.158576279795342612e-01 -3.334592848249293140e-02 1.250818151466721526e-02 -6.505449106757971341e-03 7.526592737632406896e-03
-1.156172909853077968e+00 -8.978316032039052041e-01 2.047257286386044289e-02 3.884643956634438455e-02 -5.897085807233300864e-03 8.169952080848423732e-04
6.528421110413048511e-01 1.839295987854229764e-01 -8.009289921637205434e-02 1.139284769341072229e-02 1.746915298025947163e-03 3.271616370204981448e-03
-6.845652268130463236e-01 1.781376750375606721e-01 -5.296982618015478456e-02 8.837560550671370863e-03 -5.155658322682790673e-03 7.609767793989094010e-03
1.328668699982646639e-01 -8.567751679941929543e-01 9.394912469595377569e-02 1.050443605853030628e-02 -1.023420355220609583e-02 -2.508407243199585728e-03
-4.522663672343688046e-01 -4.637189884045256338e-01 -6.214407991538259401e-02 2.962984969428767226e-02 1.015436959028627115e-02 -5.659221569963866826e-05
-9.554285051353272884e-01 5.284508043270755850e-01 3.179660875870938229e-03 -6.149498048863143336e-03 -9.656008829692261722e-03 6.223172082658824135e-03
-1.883458637225409849e+00 -4.113559969664388749e-01 3.269237668612889891e-02 -1.496965480009545060e-02 4.809523048840602145e-03 -1.828454993326455351e-03
-1.878300544927344440e+00 -6.325400655918378412e-01 1.141101504808824524e-02 3.221694423207145750e-03 3.875135483698875696e-03 3.281219019815853535e-03
