2.269564641743296196e+00 1.747937584973176861e+00 3.404717333232303300e-01 7.194664243871899158e-03 2.563544408873396144e-02 -3.989640668119971700e-03
1.204554919893671361e+00 2.148076979330909853e-01 -1.504386383362077417e-01 -2.220961963518440843e-02 -1.206032144235849937e-03 1.271360408395582134e-03
-7.922863537946357448e-01 3.181720002474656139e-01 -7.701118879742598067e-02 -8.228324969779798534e-03 -6.782334085299996339e-03 5.965382383600201059e-03
-1.435812575692079873e+00 4.073061892245606885e-01 -6.085576351432105124e-02 -1.854247300807036411e-02 -7.461714925226682095e-03 3.311628692419162426e-03
-1.133717972244729921e+00 1.422612048424253262e-01 -7.359807482286649660e-02 -7.743665910945275212e-03 -2.124998813444108851e-03 4.914917267598559181e-03
8.637053193949054686e-01 1.372482982849891897e+00 1.609398335650229217e-01 -1.344911196428991672e-02 1.114528531319751263e-02 3.476171925803250590e-03
1.124518274659817685e+00 -6.882939146108915107e-01 5.096778964157854669e-02 4.641221997454364825e-03 -7.675574026520335519e-03 3.675356766341295826e-04
1.225505938541231188e-01 -2.020580820765820740e-01 -4.337752081956750688e-02 -6.397868505877200504e-03 8.686297132769740456e-03 -8.957404797672666175e-03
3.622667937843392916e-01 7.345156286161359793e-02 -5.735380683737062446e-02 6.420377701201069112e-03 4.133022583224305740e-03 6.723282516246785467e-03
-8.904364423659714145e-01 -9.491441874074583174e-01 6.523788867172372608e-02 -1.728937591678626068e-02 -1.248682008138654945e-02 3.739349049707105260e-05
2.402512239258377758e+00 -7.296403136980554871e-01 1.086317607444343830e-01 1.884152673188889231e-03 -1.336100849209416117e-02 7.112008630418427055e-03
1.148965912099177311e+00 -5.418182641456886772e-01 2.667225548480496242e-02 9.628803502910860540e-03 4.290701632594812209e-04 -9.563137532652606900e-04
-1.423227599246480457e+00 5.142931550279772335e-01 1.733728692260924978e-02 -6.414684065929621495e-03 -3.980453802197614008e-03 -2.631459674651956751e-03
-2.626634422070722730e-01 9.408422125241872047e-01 2.325592051827581747e-02 -3.321613154076871050e-02 -2.621474548598603550e-03 -6.520712029463032397e-03
4.439960420336754032e-02 -3.899857967535606540e-01 1.714114314291481991e-02 1.473821962416845335e-02 1.032060104821882866e-02 -4.825813617816914793e-03
1.943214836044316218e+00 -6.295045205559687274e-01 4.108907320999521939e-02 -7.800325899912857221e-03 -8.255397462702908362e-03 7.117220451932180537e-03
1.906297180894386489e+00 -9.298786045256222099e-01 1.418926246449709605e-01 -4.354574477841184621e-02 -1.888093357398755445e-02 8.297307094697742996e-03
-1.345574583566410409e-01 1.898260437244611298e-01 -6.867424830874124808e-02 8.506703496876679566e-03 -3.048013383802622954e-03 5.058279829046886424e-03
-4.172884417957994918e-02 -2.440091836709437911e-01 -4.169274630687986455e-02 -1.213618200796658803e-02 1.070417505580420828e-02 -5.581209210975916594e-03
-1.495981389115585758e+00 8.547441289336335513e-02 -7.451124554392413168e-02 -1.528562338106160927e-02 -1.775720784713397235e-04 6.823420521653756829e-03
-7.328581892991509195e-02 -7.170751353154541929e-02 -6.890490425652279205e-02 -1.357052397945450462e-02 5.799791694607765724e-03 -9.078024153549267561e-03
1.288631709917208434e+00 1.414255886674820051e+00 1.248379427780039186e-01 -1.488079733719038095e-02 8.862542950434286124e-03 -7.013828977156782302e-04
1.074927175079316566e+00 1.227408483904608660e+00 8.406856968379776418e-02 -6.796086557840692703e-03 3.035887337995735267e-03 -2.320845359592716697e-04
1.876060810012715185e+00 -4.489746007646898407e-02 -7.856809486105194307e-02 -8.038240341796242666e-03 1.177544151773070660e-02 4.112814537796508074e-03
-2.510168423334891430e-01 2.187667586219410321e-01 -6.375381984931367818e-02 9.572331589253064640e-03 -3.125061420788958089e-03 9.163908295930044481e-03
-1.588066672699818049e+00 5.901121790873883333e-01 1.059761873159957984e-01 3.410002488023572594e-03 2.793884100040949434e-03 5.304566165448579241e-04
-6.309658680550137566e-01 2.144516515054614367e-02 -4.939015087451466973e-02 6.861180939353593751e-03 1.390788426983885322e-03 4.514836271463052060e-03
-1.322706028789943256e+00 -6.096339953638352238e-01 3.836800836099961420e-02 -1.851878060553331391e-03 4.520853117264537514e-03 -3.859904866343440936e-03
-1.111258895478714148e+00 4.136453933303553265e-01 -3.465059557613073271e-02 -1.385163867713228329e-03 -1.090620713904149643e-02 -4.279839457959041908e-03
9.962859056281362369e-01 6.904070697980784210e-01 -7.310748069895560419e-02 8.333882668169817140e-03 -1.275564731020812671e-02 -3.844115520478528277e-03
-4.167391309089957252e-01 7.074859312532977285e-01 -4.259617952698398907e-02 -2.274280513806940449e-02 -8.517501059619044315e-03 -5.055603044455514450e-03
-1.673825475077581892e-01 8.158547661666467610e-01 6.011230993030759751e-02 -3.259620731219343287e-03 -2.564342921938689724e-03 -1.171341387797356732e-03
1.367242333243959385e+00 -6.492987458079307883e-01 4.763121452989595161e-02 7.087938373578950985e-03 -5.664724918230911767e-03 2.223663563761454909e-03
-8.943018776241558054e-01 -3.529495939912234981e-01 2.112798675752585245e-02 1.126048572945518786e-02 7.996326570638550083e-03 -4.424227613833388827e-03
-1.101676978438753229e+00 3.043329647484472322e-01 -4.174834036867998421e-02 7.984145251071113336e-03 -9.115551076666740180e-03 -1.232774165182589244e-03
-8.455352123506317819e-01 3.950500995052615427e-01 -7.981079600602240115e-03 2.014795985454934796e-02 -8.910998482848200494e-03 1.330830559698465386e-03
1.648199415462536566e+00 5.291178061581446046e-02 -4.201410726315822630e-02 2.982263396774350109e-02 2.404218461850458986e-03 -2.472042643703519990e-04
-7.355241027764422013e-01 6.995272504419338677e-01 5.697144937192461650e-02 -6.594921273746107496e-03 -1.510014556957347273e-03 7.860895185725143286e-03
1.626817688518406468e+00 4.186325313689951977e-01 -8.904442812728294299e-02 3.070873659500202371e-02 -1.197066184342199940e-02 -3.290692060024946611e-04
8.393846963041411424e-01 -9.373754114687916639e-01 1.051388120960169009e-01 -3.470754979695500619e-02 -1.624945654223359723e-02 2.484567522013429470e-03
-1.411319120615871059e+00 4.958954588687818910e-01 -2.764737566285178222e-02 -2.065436730763661050e-02 -5.976267005638774554e-03 4.665117749489790418e-03
3.282063140260886303e-01 1.217583055811048420e-01 -3.375741806423393498e-02 3.497475946242876305e-02 -4.600592838751363205e-03 4.745373407316157469e-04
-1.194790500570356961e+00 -8.831124823922039679e-01 5.892669135444171535e-02 -2.934389917444205163e-03 -7.576865170304494801e-03 -1.498542846073422754e-03
-1.000145118711632808e+00 2.956991986003741357e-01 -9.886280470688321720e-02 -1.866240165653412428e-02 -7.325172896608195261e-03 4.090962305246132261e-03
1.700989336426744214e-01 -1.239134004919810322e-01 -5.146060691073017779e-02 -8.849454047375339416e-03 1.081390293671480492e-02 5.772411369786291076e-04
-3.424057533936746833e-01 4.997196462644783455e-01 -4.116719777159527638e-02 9.307173404727380264e-03 -9.253488247445292372e-03 6.005808004999973158e-03
2.135561954840157206e-01 -1.903958706786021415e-01 -6.948078320820737230e-02 -2.262297906710680762e-02 1.276522041787323675e-02 -5.307712180512256205e-03
6.105027948090522294e-01 -3.058161035855475052e-01 3.012740311195546278e-02 3.391181855486283953e-02 1.079511928234391967e-02 -4.052701148348653373e-03
-3.899511776594941082e-01 -1.058998168247129001e+00 1.140478935025842633e-01 -1.594458425333572515e-02 -1.658031936910753928e-02 5.368672318048051985e-03
-1.248989472444126170e+00 -7.500921999855166833e-01 5.202012649419974349e-02 1.990881525767409978e-03 -4.920359959693167183e-04 -4.318913485055178927e-03
-7.575086463236030410e-01 1.688257653005116599e-01 4.454220433954224172e-03 3.739079137779788287e-02 -2.873175384225430066e-03 7.278893787488735501e-03
6.758793320849179054e-01 1.163007730292365594e+00 1.724149216862622402e-01 1.621425501062088298e-02 4.163317472879771511e-03 -1.255766574469815208e-03
1.554544609379944431e+00 -8.668153780525625907e-01 1.192343989247349606e-01 -1.233008764155536785e-02 -1.639822662896619349e-02 3.376953612684253404e-03
9.522111714544656547e-01 -3.331814465558597393e-01 -2.552446629442701315e-02 -4.820729788295513227e-03 1.122800890886518389e-02 5.369477748844228050e-03
-1.108117725812007182e+00 -1.923281561988262126e-02 -9.310828069401996809e-02 -2.618470535752089393e-02 2.758545464143947936e-03 2.322208736647695185e-03
-2.744141093084527805e-01 7.985095048421869679e-01 1.423035510082962078e-02 -1.748437876927581153e-02 -5.094968345020814936e-03 -3.304764700729209757e-04
3.476698372158119610e-01 -4.009364768732140982e-01 -2.376893366731584051e-02 -6.918437059223602088e-03 1.046114645374820323e-02 -4.963635781750776188e-03
1.288320665655052544e+00 -2.292828467674385418e-01 -2.632551730187745673e-02 9.760115407716781974e-03 1.126849119470577434e-02 -2.738196149770603938e-03
-5.640321658135601934e-01 6.290763865514787945e-01 -7.171016818094934353e-02 -2.806632229510690885e-02 -1.053643989974112870e-02 -5.319955412762992532e-03
2.061039968324721361e+00 -3.275908716070874971e-01 -2.113775992349899505e-02 -5.721985009187563432e-04 5.523493395467012415e-03 -6.902201336036784289e-04
-3.856938987017706211e-01 -3.606078967118230838e-01 3.364672067989514515e-02 2.509167026763591685e-02 6.859706405059812218e-03 -1.214809694105020883e-02
3.871715449514022411e-02 9.826140572783579330e-01 1.554971478938253424e-02 -3.091170756414016521e-02 -2.743872121170989973e-03 -7.351524948094556762e-03
-1.364828458365215047e+00 3.156370695517178304e-01 -5.201653676455985503e-02 -4.198728284873741445e-03 -8.088321121808782557e-03 1.095913285190081628e-03
5.262992059138504874e-01 9.836739239884513264e-01 4.721782435778488357e-02 -6.678279783306022115e-03 -6.295732705516277842e-04 7.591444988640551512e-03
1.154716978479288780e+00 -6.203893557252793123e-01 7.134277057626811636e-02 3.234632334621366512e-02 -3.202933653368647202e-03 -4.769197589435922140e-03
1.213162527908809407e+00 -2.211935159403794759e-01 -5.209693924741563148e-02 -6.228408467066248039e-03 1.212792991080057468e-02 7.376379451000725012e-04
2.481414561182935241e-01 6.294116201970022528e-01 -4.483369700561912197e-02 7.709086010544033939e-03 -1.438628309744431968e-02 -1.032594356371403961e-02
1.356273411698326159e+00 5.147841674379972643e-01 -1.122820871512085344e-01 1.242373218702059329e-02 -1.291434139439001302e-02 7.913538400605087423e-04
6.589329591956689658e-01 9.556698896461174320e-01 -3.542192237276214906e-02 -2.195864544175994693e-02 -7.611471832276598196e-03 -9.822496043760177778e-03
-2.034674787447487088e+00 -1.893676661384929016e-01 2.698465559358868078e-04 1.157330263388840416e-02 7.162806689590182994e-04 7.815563981193581009e-04
5.231723580498447435e-01 -6.252544687879886265e-01 8.576621087357244252e-03 -1.161093101678764040e-02 -6.337544389096495551e-04 -2.573689548555469810e-03
3.470768525924644021e-01 -4.090458787393499995e-01 -3.512071870401194812e-02 -1.915580390635395619e-02 9.266693375248711770e-03 -1.376973827686282011e-03
-7.023701509140499732e-01 -6.043148088998319123e-01 3.049412735480307342e-03 -1.631942470165375497e-02 6.329395809043935825e-03 5.533146439993583523e-04
7.261177960517494201e-01 -9.541541235273687249e-01 1.230838110952110626e-01 -1.360254259645907703e-02 -1.679275996845947319e-02 4.671553672449403616e-03
2.542435144277510051e-01 -7.858099647271834520e-01 4.561406893999461060e-02 -1.060873641889646321e-02 -7.160877431297757445e-03 3.233109846979706926e-03
9.139277636379747882e-01 -4.390846318114043911e-01 1.927540248054892755e-02 1.789329710082506603e-02 8.338641515852136116e-03 -2.826816017708944128e-04
-9.555551696625724789e-01 2.372480601746101633e-02 -8.068412713678647930e-02 -8.595426539324307197e-03 -1.977970146951121312e-03 -2.904494666734841468e-03
5.453615853632974853e-01 -8.752736571826283951e-01 5.557108125745455207e-02 -4.093480252858885254e-02 -1.425616771720732145e-02 1.951677144035740552e-03
9.848205814116519630e-01 -2.298687952547808500e-01 -7.826776203409278876e-02 -2.547219680533183844e-02 1.245420912440773839e-02 2.569714708350666170e-03
3.847450382470263275e-01 -5.411211170283299898e-01 2.117476878704119617e-02 6.996022999136953038e-03 5.832592921533640354e-03 -1.921169278170475718e-03
-1.072464876928012067e+00 -6.658631299704167450e-01 7.659432306666795476e-02 2.159264817901613426e-02 2.186478874518727345e-03 -3.893170550009594777e-03
3.718640084727301565e-01 -1.826127558301889608e-01 -5.172997057107148883e-02 -9.456071188912283307e-03 1.134014685365464237e-02 -5.304269280558830853e-03
6.705315203211499320e-01 -1.198670558985976964e+00 2.087976167223961343e-01 -3.292298434204057184e-02 -2.105851388125384166e-02 1.001274522027493369e-02
1.524896113004206910e+00 -7.396427179009996689e-01 9.273023701319992040e-02 2.123309657948397461e-02 -1.041095347711547270e-02 2.203086286955248992e-03
-1.116924360675844996e+00 -3.847140314275279693e-01 5.108421248572044687e-02 2.369209843329036363e-02 6.775233673392232897e-03 1.078220427360254566e-03
-1.417581684414324084e-01 3.286855970122614518e-02 -1.288349430782186576e-02 3.628882529647947663e-02 -1.884781202003768400e-03 -3.375238521777456063e-05
-1.582288699543481503e+00 3.546997039444684252e-01 1.008042045238790457e-02 9.210717421051938317e-03 -6.010443674385347775e-03 5.058073520803415754e-03
8.319196266379227378e-01 -5.693336221053212354e-01 3.743125262957157362e-02 1.322017525287757199e-02 1.547140205255449806e-03 3.265723107888351354e-03
2.361371115758781336e-01 -2.942029950314432596e-01 -6.290891041019806840e-02 -2.534896375092436649e-02 1.138188648100698676e-02 -6.917747346432326534e-03
-1.690876537597232332e+00 2.980988931110991058e-01 2.894533651970937222e-03 3.653978024907335309e-03 2.242738917025598189e-02 8.346340701096205406e-02
8.387825924549875412e-01 1.002393014390817183e-01 -1.072090879351870890e-01 -1.088516093027758549e-02 2.250413807280211744e-04 -4.079183874680361241e-03
2.119547740568421990e+00 3.927255150827894115e-01 -1.204399106486121751e-01 1.748043578698046246e-02 -9.659569793877765403e-03 -3.058520602721924355e-03
2.162785621494810240e+00 1.486439169739696142e-01 -9.288389126110564720e-02 5.708253083970389608e-03 4.107700835148052863e-03 3.811876401843120911e-03
-5.570018125082177862e-01 4.435769635101913244e-02 -2.175398684249283884e-02 3.161545160353363554e-02 -5.919498254235479491e-03 -8.676893409286583550e-03
-3.818532543894633813e-01 -2.316865051670266573e-01 -5.180682097411903452e-04 1.085489616228667992e-02 9.720307945391918475e-03 2.051247021542994785e-03
9.766945878741539744e-01 -7.501135407319231563e-01 4.046753151477418958e-02 -1.561290489943160595e-02 -1.023621370581851743e-02 -1.950892109926300399e-04
-1.855184208195900519e-01 -3.948111571527315178e-01 -3.606860790630882913e-02 -1.996694001489638867e-02 1.087259530024308266e-02 -5.122320667562425128e-03
2.273098417037626717e+00 1.662509117614804355e+00 2.267708252294484417e-01 5.042768528505076932e-03 1.488139568634130883e-02 -9.548022549302667347e-03
7.053986919116969068e-01 4.115899660683661754e-01 -5.042164613921934491e-02 3.519693605286455113e-02 -1.185906925805563228e-02 2.563522722538019369e-03
-9.453179197520761301e-01 7.866917280917647970e-01 1.950350942197233081e-02 -3.765371733754065142e-02 -2.849445766371856096e-03 -3.815500550996913341e-03
-6.995584921324170535e-01 -3.733252671965638370e-01 1.881972171229581020e-02 1.135394749873471464e-02 8.615668273051215256e-03 -5.919826903856916823e-03
2.299535739041735916e+00 -3.205433937510435843e-02 -7.097606364398569012e-02 1.622827705025465389e-03 1.111571846586753044e-02 3.785464889339504486e-03
2.414919251021943603e-01 7.179474874490830716e-02 -9.225294674996532829e-02 -1.151865959732387319e-02 3.092920837173504869e-03 -8.781626557806099763e-04
-2.248729279470419451e-01 7.083608066870156206e-01 6.330136339065046969e-02 1.251281618789935185e-02 -5.438459469764171661e-03 2.428002276076744650e-03
5.474848991684075905e-01 -2.231040286613232559e-01 -2.204521851285357048e-02 3.036071986719392386e-03 1.300857852228296842e-02 2.999312089492760496e-03
-8.832160804696306267e-01 1.130929832379755778e-01 3.332635422945037090e-02 5.290841569971053981e-02 -3.603911911555864652e-03 4.209003984437041657e-03
4.997245558470632121e-01 -9.213079144851366031e-01 9.058336186848009453e-02 -1.415014573740853293e-02 -1.427790592542116550e-02 6.180440464576030142e-03
3.886311355619789798e-01 4.467746870926411762e-01 -8.873975382809394519e-02 9.658181526732824082e-03 -1.212779464027055956e-02 1.088625160570412835e-03
3.567706450166358567e-01 1.390233184965305735e-01 -6.054484456240857154e-02 2.339251648097535885e-02 -7.295216583661523826e-03 -7.777910821178089795e-03
-4.474000195429472804e-01 -3.913930426849947519e-01 5.937122824253889680e-02 3.433851183765077725e-02 7.595906406796044258e-03 -3.610393105371036918e-03
-1.101979536706836571e+00 7.959128416702070108e-02 -3.727248636751126498e-02 1.026901728385192815e-02 -1.976672411504505449e-03 3.021340461305191058e-03
9.950153627223690123e-02 -2.330403371003076096e-01 -5.453034755249122623e-02 -2.030088009981435501e-02 1.335791307417225939e-02 2.023956845740898253e-03
1.975035033032458864e+00 -1.620577726751066261e-01 -3.410319960149468810e-02 1.385839986858439406e-02 1.092297615076896766e-02 2.507852719351079656e-03
-1.195868707591673408e+00 -1.324784241891741043e-01 -1.766200754691404744e-03 1.405442565133241395e-02 4.908185422426868463e-03 5.455093395621778661e-03
1.443502278684124063e+00 6.326763337420339417e-02 -1.266648307803777407e-01 -3.077694272821639501e-02 9.221900376953686904e-03 -5.998108161417243980e-04
2.868009663355860717e+00 -6.550453050322023740e-01 1.084566368866917430e-01 9.689666122011988611e-03 -1.286404881391279079e-02 4.303345187251797488e-03
1.336183829115526134e+00 -6.395254711633503453e-01 5.384971354078810918e-02 1.335162012080940395e-02 -6.462256139027696029e-03 -1.751433483026557060e-03
2.117908610917237144e+00 -2.355985184571584290e-01 -4.490885511944655434e-02 -9.078407746859331467e-03 9.159293565516367017e-03 5.702854908914415343e-03
-1.959078701601973393e-01 1.110368575362464361e+00 1.014621190572699977e-01 -3.407471850181258838e-02 4.489939212162803034e-03 4.604077188658239894e-04
1.901179165790875203e+00 -6.233515207027383598e-01 6.412520272453155201e-02 2.107434534534067400e-02 -7.164304621412309441e-03 1.451695997455462218e-03
1.257870781830178641e+00 1.822503554933325720e-01 -1.436815707422582078e-01 -2.242608205760317566e-02 5.598670872613990867e-04 2.256362915122502120e-03
-1.110851791021028712e+00 5.440225813126091658e-01 3.098294379239818416e-02 5.182880755741336651e-03 -4.446979838388871557e-03 4.557548741253789060e-03
-1.520638605995385806e-01 -2.488478981723916406e-01 -2.531357645724650884e-02 -4.017645942162207870e-03 1.152985669013856934e-02 -4.966649811309705245e-03
-9.829509420865806257e-01 7.648686381520238831e-01 2.799900270629237728e-02 -3.392575672698575073e-02 -2.376475965403710821e-03 -1.060924415640301238e-03
-2.261742357450960750e+00 -4.556962413312348747e-01 4.573358005171181823e-02 8.213717959889904260e-03 2.693943894236916579e-03 -1.617190917957054457e-03
2.616127081164821622e+00 1.666043798809885637e-02 -6.092290301595324614e-02 1.276995390887412929e-02 1.036117665618410504e-02 6.583879811734198902e-03
2.920097307634063055e-01 -2.926801509612620561e-02 -1.679432733252990764e-02 2.415268043628559375e-02 3.938803860093638941e-03 -7.732919860413604396e-05
4.923397998476973236e-01 -2.912248004922454170e-01 -5.513267262316553369e-02 -1.891140780873215230e-02 1.264936826730437766e-02 -1.344570244582976061e-03
1.384541181740944538e+00 9.541814305737142954e-01 -3.539020873486847796e-02 2.951535978678994539e-03 -9.729949622937387327e-03 -1.007760055122452862e-02
2.434585989317529856e-02 -1.715349505232538208e-01 -2.172782800190573710e-02 5.706286109466394800e-03 9.750835297353238618e-03 -2.244684704146765264e-06
1.128886599381195621e+00 -1.926659001543208904e-01 -5.566169136598104333e-02 -7.379752345711748131e-03 1.251364373080030359e-02 -1.798659115460521114e-03
-8.425821974064623410e-01 -3.457447725637032288e-01 -2.275408203982603322e-02 -1.453249554657276219e-02 1.150567396034610397e-02 -5.496484917058276588e-04
-1.075105598003053720e+00 9.348574083207344954e-02 -3.490577729146621816e-02 1.314981038306040767e-02 -2.110085154033959458e-03 5.896897790764035752e-03
-4.905848576720370779e-01 4.978269493198374529e-01 -6.067340846620912498e-02 -7.165157668251019747e-03 -1.181390544094198039e-02 3.671644513923781844e-04
1.892272567000079286e+00 -1.456132279610755642e-02 -3.692418103582160993e-02 2.069356260288852944e-02 9.393769828883125061e-03 2.543109620092111767e-03
-2.237115862398345811e+00 -7.683958909521509950e-01 5.090934997164197479e-02 -9.183818577800994393e-03 -8.140529205055543806e-04 -9.344426955227892739e-03
-2.967634234087099365e+00 -4.912864485663131497e-01 4.884320974312195140e-02 3.280150831056799672e-03 -2.229316435952722556e-03 -8.179832193789361022e-03
9.758258893857311156e-01 9.566977787653464516e-01 9.636791917637050134e-03 1.217591710339826746e-03 -6.797075961623481009e-03 -3.913788476590382252e-03
1.288669538988010288e+00 1.768297235765350361e-01 -7.358675700710018419e-02 2.120815869690273123e-02 -3.576759803613968874e-03 2.412533908466318628e-04
1.280020560764370430e+00 -4.349631137790151425e-01 -2.264861898096568599e-02 -1.400077655027937018e-02 4.930669902551840927e-03 5.766327721153654499e-04
6.882716442646478194e-01 1.203495060811115236e+00 5.008103987992808953e-02 -2.600784513133251249e-02 -7.307075845817595549e-04 -1.389399083022869845e-02
1.762030718559920439e+00 -7.069594929992876198e-01 5.049146805514909825e-02 -2.050779216783553405e-02 -1.030634782194164364e-02 6.921158216512185088e-03
-8.632713873434416652e-02 -7.245413861076802631e-01 1.976948061341273974e-02 -1.673109157102313851e-02 -5.069197689763670772e-03 -6.000543170752861179e-03
-3.222100103313527697e-01 3.789289407123062059e-01 -5.496709762569518265e-02 1.415328552432786567e-02 -1.125468916743843639e-02 2.199141715114265978e-04
-6.571460177030206129e-01 -7.027334839607514150e-01 7.382500344186671004e-02 2.202453667657770092e-02 2.330913993008346742e-05 1.688849150479696925e-03
-6.056052212796160517e-02 9.225249156008078488e-01 6.989261005495235601e-02 -1.165348206323842638e-02 -1.660297264580743197e-03 -7.182885189882661859e-05
-3.512586650517899867e-01 -5.428699505718599383e-01 -2.077929398172834521e-02 -2.362963354271487015e-02 7.958662533498061728e-03 -2.009932928228693860e-03
1.860974842849552058e+00 -4.664325717521385917e-01 -2.265306757709497840e-02 -1.719224244635281576e-02 -3.504642443722117947e-04 2.193075122853539033e-03
1.424452452119108758e-01 -6.887024261899106214e-01 4.001583833920336480e-02 4.646871905292512296e-03 -2.558926863443578784e-03 -8.172598700469439065e-03
-2.563360974103875201e+00 -5.045059576183164030e-01 6.771992348066024903e-02 1.460581622409262530e-02 -1.012269289868264911e-03 -6.311943233125257360e-03
-4.084563485070494826e-01 -1.021134226653831911e+00 1.092771489413431885e-01 -2.720565406674363765e-03 -1.560755150588655910e-02 3.327757921652324535e-03
1.079484202997591957e+00 1.359560315285282206e+00 1.982413898204393454e-01 1.080977472673033332e-02 6.454395109160664806e-03 -1.233991657466563217e-02
8.381948952896439708e-01 -2.684703606208018734e-01 -4.257295276975978961e-03 1.512834533341725352e-02 1.207479879156673520e-02 -8.029211733740763317e-04
-1.056181629597056970e+00 3.547771073201396175e-01 -8.662460086730403019e-02 -1.562139468873990043e-02 -6.536367271233376429e-03 6.724419582186211275e-03
-1.146362614895650278e+00 -1.296535909635171957e-01 -4.193999779380176707e-02 -2.488503220291690254e-03 2.628347845008990793e-03 -1.951869234586566708e-03
-1.881106096348240220e+00 -1.525654533914261035e-01 8.734882135614288265e-03 1.672013459975733168e-02 2.158390210675072054e-03 5.522126663227362384e-03
4.365321235315087339e-02 -1.689959546486182740e-01 -8.479684599366493769e-02 -3.315334204234823834e-02 1.260032715436270635e-02 5.199957316736407670e-05
1.223585171895163581e+00 1.339913750460462571e+00 1.165581834774730013e-01 -1.029875561129859479e-02 6.991679578162946114e-03 2.496891590548428082e-03
4.980713321623563838e-01 7.722775018057413954e-01 2.300201401805362401e-03 8.069065843287695147e-03 -1.011793001551405599e-02 -5.741267188556430437e-03
-1.287389934522242596e+00 -5.652321575896048778e-01 3.760475969496478166e-02 1.836684875503293230e-03 6.427762470535631351e-03 -2.735039195072914726e-03
1.415303460823921222e-01 8.742083820670229488e-02 -7.193814223133604413e-02 6.344493183804570183e-03 -1.494760987311587229e-03 3.753717275176177148e-03
9.727636714675657048e-01 -3.489982747492591519e-01 2.924026052237595902e-02 3.348945917795762700e-02 9.027470568804197432e-03 -5.649742304031523180e-03
-2.267509384431795283e+00 -3.025323542072152483e-01 -7.586097364858553939e-03 -7.777377742400951727e-03 1.650846923950060208e-03 -7.157370678201616966e-03
2.124822948960768121e-01 -8.945604579973381876e-01 5.333463211725051473e-02 -3.162155584618871890e-02 -1.433970808243306173e-02 5.210178865182491393e-04
1.771874054953455957e+00 1.471196126198832388e-01 -1.140504626571144930e-01 -6.488364135619563260e-03 2.348846166774620509e-03 1.377416751557427634e-04
1.710434563657961649e+00 -3.876266058015758187e-01 -6.521263741343318564e-03 2.958427987025852995e-03 4.220972749389685641e-03 -3.290614921825403202e-03
-6.495047723764234560e-01 -2.729154895423628879e-01 1.782243404185949315e-02 1.503920703091619210e-02 9.150339263734288270e-03 1.695813037772314364e-03
-8.789751673516601471e-01 6.304304747856862567e-01 9.641012648600910673e-02 1.408663804876118981e-02 -1.250915379360967132e-03 1.651910370814480607e-03
-6.760785108698484924e-01 1.901860553084611105e-01 -2.325582999444864019e-02 2.455362446040772542e-02 -4.379124938695679210e-03 4.625956487792922886e-03
2.693602150580012289e-01 7.034143197543124559e-01 -6.854575205779062097e-02 -9.828804170208087221e-03 -1.052854081863925824e-02 -2.937000026933050782e-03
-1.330805420380715365e+00 -5.007617698868336298e-01 2.724711767984282218e-02 4.535471530412345242e-03 6.165491887457471600e-03 -1.077737987542405976e-02
-2.430578912841162342e+00 3.962090354101782674e-02 7.647831560261700648e-03 8.468780264026103469e-03 8.547707698279847013e-04 1.058986383333314352e-02
-1.224329953913867453e+00 -8.034502184049899798e-01 3.808845083210274374e-02 -1.053099039684861869e-02 -3.033991718218033862e-03 -2.941505362996091593e-03
3.737966009707080093e-04 1.217860499021760967e+00 1.270864951238223906e-01 -3.148800049404489043e-02 6.002160143662317593e-03 -3.413443398645157629e-03
3.194140061309505008e-01 -2.494459593077160697e-01 5.162083981307800246e-03 1.646364517621727586e-02 1.181707152311658841e-02 1.884329287309621966e-03
1.556870934596025491e-01 6.896058730236506173e-01 -6.610477431710981566e-02 -1.256491193849443300e-02 -1.130286264353191385e-02 -4.527753620412092173e-03
-4.546185060214547602e-01 -3.134298042279646257e-01 6.461948683408997272e-03 1.129781211123758594e-02 8.414673082459750084e-03 -7.334636984960614219e-03
4.862795946110531203e-02 -3.982726540946208149e-01 -5.614592641506327940e-03 4.233319494689343995e-04 9.677349351339053357e-03 -6.603684293158038066e-03
2.504773917267020700e+00 -6.308642892159224136e-01 7.966663679930482966e-02 1.346172860351673405e-02 -9.217026646052577446e-03 6.219943489161731433e-03
-5.570179664080856519e-01 -6.577427210725563800e-01 4.476007975609959388e-02 1.004708697676513600e-02 3.216060198818346196e-04 -1.066867929277884319e-02
1.819486916049761982e+00 -4.221063053530048625e-01 -1.227056945986156403e-02 -4.649567685647504334e-03 3.139866344812745468e-03 3.297150360085228556e-03
1.305358917044537215e+00 1.608806485201763392e+00 2.258324557378970365e-01 -2.420965598360519042e-02 1.964619975102517915e-02 -4.097087795256718241e-03
3.669226938030797913e-01 -1.026672571885504093e+00 1.246677025581109099e-01 -3.202123036698771574e-02 -1.835712331386453455e-02 4.439363841062570273e-03
3.590861630143897809e+00 -8.963938947008743829e-01 2.105890161330956911e-01 -2.092029448768822214e-02 -2.227631106790054979e-02 1.381754305519874472e-02
-5.293173602796578114e-01 -4.514454909837867236e-01 1.241959534103983034e-02 6.851208938095994239e-03 7.595976277590855627e-03 -1.350018082802294066e-02
3.170066467059598492e-01 -1.014152723463080497e+00 1.127698647029530959e-01 -3.438283263274101442e-02 -1.748357830300372937e-02 1.922253869383133912e-03
1.334977480147314433e+00 -7.941462121266232299e-02 -5.011532205918227401e-02 1.503024242129262760e-03 1.204655702464971050e-02 5.891740985000393227e-03
-9.873578258104552807e-01 6.833238259201479536e-01 1.192943007652850912e-01 7.381262603153319370e-03 1.207298736076046347e-03 1.387244857665197910e-03
-9.259922344156006346e-01 -8.928440978437693909e-01 5.647177547507165746e-02 -8.153525161667063426e-03 -9.941448062931486709e-03 -7.803966608388396807e-03
-2.075956899401088407e+00 1.004982356570803398e-01 -1.572060762814845095e-02 8.742277500884604313e-03 -5.509689690356377005e-03 -5.546539339805165413e-03
-1.200424793519313971e+00 -2.268244113745939848e-04 -5.477292413576352603e-02 -4.869859872295695239e-04 -7.008480094249656999e-04 -1.674009794073175661e-03
7.744395205298878482e-01 -5.994963989955104378e-01 2.068807129328892411e-03 -1.347228989966112525e-02 -1.412266415019512592e-03 -5.480371588730758962e-03
-1.537656101087766736e+00 3.272438097404311574e-01 3.532140074050157952e-03 1.584383254144560230e-02 -6.011422511851463764e-03 2.406284940190626161e-03
-1.211616684683106904e+00 7.381053023980235217e-01 1.756829095826689668e-02 -3.975936798677790623e-02 -1.321568245799624539e-03 4.147297037509254693e-03
8.788887577607336354e-02 -1.380560546533183830e-01 -1.387228276642230029e-02 1.625916171039613889e-02 5.599741128887128494e-03 -4.293212045394865194e-03
-9.964834130066809736e-01 2.087748630285612417e-01 -5.005685289354824818e-02 5.706567780528324328e-03 -4.018866882052747093e-03 5.187996172327347111e-03
-4.700940772751371344e-01 -8.072178243661760205e-03 -5.770690010217454508e-02 5.757689903273698756e-03 -7.906943338231045646e-04 -4.240810010993772104e-03
1.515286772891718536e+00 -1.931259950557136507e-01 -1.557042839401049684e-02 1.951552855361051927e-02 1.151451320617276168e-02 -9.352924548872520007e-04
1.269590661685675581e+00 -2.678418647727845991e-01 -1.711177103037009317e-02 1.258001194041928096e-02 1.132040355031779973e-02 -1.733203582307393060e-03
9.586533451434493536e-01 9.745103545343015983e-02 -9.411821518842106160e-02 -3.021685588678161855e-03 1.007358168097958594e-03 -5.226825587676888971e-03
-7.021588380944304708e-01 -4.736818828926745439e-01 4.066359766696470146e-02 1.589588436306592703e-02 7.826333676181589441e-03 -5.436510305763415755e-03
1.021982383730152266e+00 1.257336452468114318e+00 1.260659170405135365e-01 -1.624945697154380267e-05 2.307657574657292088e-03 -6.644962832862039669e-03
6.081310581143605232e-01 -5.841851892614384756e-01 -2.334804842468833088e-04 -1.416698687036233723e-02 1.497476396985246731e-03 3.226403768549736956e-03
-1.042539043228661241e-02 1.105116927018238382e+00 1.481019808698103846e-01 -6.648918985362630221e-03 2.105135291471138190e-03 -1.023258307731419320e-02
5.640930882234920229e-01 7.334281249931705604e-01 -5.276904494621765390e-02 -2.656294658616814314e-03 -9.791462720247081503e-03 3.308011874284762233e-03
-7.705980036942531308e-01 -6.598956671820538356e-01 6.936185117549770185e-02 2.149065650746305109e-02 3.059558921431498359e-04 -7.484090427837340742e-03
-1.317081379747891301e+00 -5.600125758160542366e-01 -8.140415717461817191e-03 -2.578955703034722588e-02 7.139376807471451911e-03 -6.358480775049715934e-03
1.442845277135901272e+00 -4.486123439785491551e-02 -2.562088067224889409e-02 2.323752852797247859e-02 6.891880512235827941e-03 -3.466625659881454689e-03
-2.433652945234977771e+00 4.450087962791146601e-02 7.846088504053375188e-04 8.568442653255426214e-03 -9.357634027813111714e-04 4.559040004019189810e-03
-1.499203524004754540e+00 -7.545747204203161473e-01 1.430461916705069898e-02 -2.335472813235017070e-02 4.346961813181710759e-05 -1.111995008312934279e-03
-1.367451747390540762e+00 5.207479919010276070e-01 -9.411564963538529213e-03 -1.501667596769174461e-02 -4.833463080805453123e-03 7.757755655483016682e-03
7.455200003937621778e-02 -2.977532148307480628e-02 -9.225801506192150836e-02 -1.936455822244206870e-02 5.019174413752127556e-03 1.278462712059445653e-03
-2.013490459727431237e+00 -1.580178889378241469e-01 -5.627706091457249094e-02 -2.282962833410191392e-02 4.436083511781803955e-03 2.411351345283991449e-03
-1.943449641040495002e-01 1.607635644932139396e-01 -3.605520351073047275e-02 2.537168623727434000e-02 -2.949717400087655851e-03 6.404502140810201458e-03
-1.482078647164229990e+00 -4.782454573948248244e-01 6.469859353736395757e-03 -1.072338591274659726e-02 7.647967396454712248e-03 -6.792387674517777127e-03
-1.760395427350786024e+00 -2.903951015544519731e-01 3.566745127431264072e-04 1.629695177978591732e-03 2.259005418460583586e-03 -9.950831431384020778e-03
2.688893898357528900e-01 9.482943034665953785e-01 -1.412486535122387150e-02 -2.699102446891403495e-02 -7.026827859989590204e-03 -1.451987692010598199e-02
-6.239712807901124370e-01 8.404111199625968753e-01 1.450304648003936381e-01 5.278066227283749641e-03 1.203385760535861460e-03 -8.591208032360958882e-03
1.822507260908616811e+00 1.548980956447842061e+00 1.978826846162997366e-01 -2.413725153928921070e-04 1.316004519992004622e-02 -2.676151973502770894e-03
2.071394170373006105e+00 3.013918608823143996e-01 -1.173665552716769006e-01 1.189993669073559704e-02 -5.783152572104504133e-03 -2.200929481872203070e-03
3.211235617525280417e-01 -6.430714339960823533e-01 4.381205387440002125e-02 1.183768843441799189e-02 -2.368267842974994784e-03 -6.444499170730032776e-03
1.904640982640940061e+00 3.012763022675044589e-01 -9.855085519904016600e-02 1.951963484559360307e-02 -5.860486256868635557e-03 -1.214818925490916430e-03
2.006925671377945086e+00 -3.576277349369383352e-01 -6.229427655035713746e-02 -3.238141479106956822e-02 4.848866682047993891e-03 7.531571608670122042e-03
9.814122236848529246e-01 -8.812418701809858756e-01 1.055557930589573201e-01 -3.670003563671562358e-03 -1.445671938779174992e-02 7.204632971542647424e-03
-1.980208025485417522e+00 2.852296152955333675e-01 -1.618873209353945478e-02 -2.653939806775079159e-03 -4.683025944060737952e-03 4.966303455724139018e-03
2.982488330821178590e-01 -2.601118639590884185e-01 -1.824291623122794789e-02 5.850782272510451389e-03 1.074963345079197469e-02 -5.071532545672784859e-03
-1.220913372682445042e+00 1.014674241553355089e-01 -5.081058831717698981e-02 7.283819205759930332e-03 -3.998337714421313152e-03 -1.577794502502452177e-03
-3.862421941762287925e-01 4.824854407991901462e-01 -6.903453244027997482e-02 -2.757661028174462556e-03 -1.206104972909501083e-02 -1.281724780960752158e-03
-1.373031532599282123e+00 7.574643940126314368e-01 1.556161102349618575e-01 -5.799347438641784189e-03 9.166602017045435633e-03 8.113127101514966064e-03
7.052228261809512233e-01 -5.403846128376021962e-01 2.870978405624220742e-02 1.329973397568685878e-02 2.894459678072347671e-03 -7.085270514185420219e-03
-9.790564678283220079e-02 4.256262844535725343e-01 -3.685245610176962616e-02 2.577320816856773153e-02 -1.306435902374748423e-02 -4.052786883325812731e-03
1.123526602744855829e+00 -5.033809275310097142e-01 3.167392436297930547e-02 1.809998249239230805e-02 4.747809770196332463e-03 2.220233758341572973e-03
1.104345703642363175e+00 1.129151345346319557e+00 1.081949509555355654e-01 1.539143998696777815e-02 -2.987406303078215045e-03 -1.204759219940943621e-02
3.193668417096979795e-01 1.359402384431668276e+00 2.039325125895656288e-01 -1.547215768297972860e-02 1.152605304867910033e-02 -8.571768212876780882e-03
3.707580995340646335e-01 -2.278998098152442697e-01 -4.693976583568709726e-02 -1.111172094921409996e-02 1.150129395549486476e-02 -7.789121266482472786e-03
-7.313385670791378024e-01 4.488085538788396667e-01 3.301930945793372235e-02 3.120281149356985209e-02 -6.407290889564156225e-03 6.958821780221008911e-03
2.599903400324278024e+00 -1.829671128332795993e-01 -6.442506393839848855e-02 -1.424398976288295850e-02 9.281389299653441949e-03 6.842984160300336245e-03
9.092926318306453481e-01 -2.515802572505664858e-01 -5.049966562419046928e-02 -9.647747763682504307e-03 1.254303681984345921e-02 -6.706000672348958564e-04
5.887503057698209030e-01 -4.810968957154611036e-01 -9.777252925789577109e-03 -8.378206128088603113e-03 4.776057931855489692e-03 -3.196787464562526448e-03
2.448882669770152329e-02 -6.470374685802049441e-01 1.864428533299776480e-02 -5.607654061204893695e-03 1.527256960826741143e-03 -4.836629959699473812e-03
-6.495319503067201738e-01 -2.927881696741328407e-02 -8.791444808567384309e-04 3.510743068635389236e-02 -2.361083526341477713e-03 -5.003455790970566357e-03
2.119711758672939261e+00 -6.578178410636237317e-01 7.435067206217109426e-02 1.494446449070718254e-02 -9.217572307900337436e-03 4.671933993287414634e-03
-1.142322840903164494e+00 -4.694136572843214950e-01 -1.230268416148711137e-02 -1.857991878108957579e-02 9.930427233930935738e-03 -5.997040582776124590e-03
-1.062993608158784298e+00 7.015501355270060690e-01 6.582145948054277411e-04 -3.387388138629804368e-02 -6.345037864991645354e-04 1.294214077167657809e-02
1.305348691999428379e+00 -9.120044759708806348e-01 1.255403639031115459e-01 -1.701848009382954038e-02 -1.634170121913915141e-02 4.016919640699191489e-03
-4.286356127058322252e-01 8.119612507570306281e-01 4.709821335978256474e-02 -1.702411308804020057e-02 -1.753103584526853782e-03 5.436562284104252095e-03
-2.787779114515565482e+00 -3.351991733038782728e-01 7.231212093586561994e-03 -6.072829179296863021e-03 3.020054069220572406e-04 -4.206389915972898706e-03
-1.624947013304194776e+00 3.462339929704104646e-01 1.618828161086323381e-02 1.607012399801590816e-02 -5.352118273069010439e-03 1.701093346812044887e-03
-5.761258384300056434e-01 2.673002544352876542e-01 -9.548258235418995155e-02 -5.266143568655197622e-03 -1.032496252214361310e-02 -6.778465002605953658e-03
-2.438116043805070632e+00 -4.940200101485020534e-01 3.470702117363955869e-02 -1.495154375926308586e-03 1.932302578131626664e-03 -6.215165819632501552e-03
6.970831301430071569e-01 3.767667259232748700e-01 -1.088793582328162063e-01 3.228506856576573471e-03 -1.015160889037643177e-02 4.608529210173026650e-03
-1.447913517002985984e+00 -1.562758477009536517e-01 -3.448022901713969357e-02 -5.596773059616689389e-03 2.823321894725048554e-03 -3.207286715797211599e-03
6.051123464468404212e-01 -1.090700306350803839e+00 1.704402230941092777e-01 -2.532112802943962265e-02 -1.947983643013929955e-02 6.862840679741836862e-03
-1.344086860472732292e+00 -1.674932238666143047e-01 4.824761804530603576e-02 4.129392224222376562e-02 4.396233861654204301e-04 1.044718973643102376e-03
-1.288483260054462232e+00 -4.782042120392796525e-01 3.251404000586794601e-02 7.215528636207245439e-03 6.476868837364840870e-03 -5.791900341534368495e-03
-1.073711637025027477e+00 -2.800729675015172782e-01 -4.857724166435403550e-03 4.956732814879342974e-03 5.245837847061032150e-03 -7.790762615067598103e-03
-4.594977695281466934e-01 6.563674203112108696e-01 2.639249945648968181e-03 -2.938292720187826810e-03 -7.736335745038009151e-03 -5.213042570426034512e-04
-1.666280941189464126e+00 -9.610497365759378130e-02 -1.493152735692753613e-02 1.575789799136423017e-02 -2.552702101185225139e-03 -6.620743841192343326e-03
-2.039699367109021999e+00 -1.738322999217399856e-01 -1.469752920953017530e-02 -4.198543331755590774e-04 3.062114608073378003e-03 3.721942942947872347e-03
9.461719583172408798e-01 -4.812674067850319926e-01 -9.051124167288050401e-03 -6.887124609001153003e-03 5.149219434191226394e-03 -1.577524268617194964e-03
-1.208104855281481038e+00 5.809215385183280622e-01 -3.871356822985397295e-02 -2.987100040313051333e-02 -4.570869014380094311e-03 8.914929023298455435e-03
-1.090024266280114063e+00 1.350384034328092342e-01 2.842241985961196926e-02 3.611134568445846516e-02 2.414960851924562515e-02 8.125085038596056852e-02
1.978278350766573268e-01 8.949780216891795037e-01 8.434615898823583091e-02 5.065090828129598273e-03 -3.923439809545397326e-04 8.489155050039462122e-03
7.395778525140149773e-01 -4.348424158388084493e-01 -1.849259183431117490e-02 -1.193887868444648732e-02 7.659942188985046675e-03 3.610306328535197937e-03
-4.411100068079674696e-01 2.665986234090425011e-01 -9.080917455375689396e-02 -1.572623798076158317e-03 -7.541497037531554558e-03 7.624889883375211667e-04
-2.172473711264982565e+00 3.134042914720135964e-01 -3.489966030255288454e-02 -2.168493065149666374e-02 -4.614653879643700572e-03 5.384912495895036351e-03
-1.606662546526936852e-01 -7.279076838967700747e-01 6.753601621600723026e-02 1.817020795427985724e-02 -5.204508111984133822e-03 -3.900928907306173456e-03
1.527155313034444628e+00 7.107533528388954025e-01 -7.293239678866483833e-02 2.186149217153227423e-02 -1.505087360413242571e-02 -9.541044647028724263e-03
-9.450938497796663729e-01 1.013287423631126366e-01 -9.392701046058674064e-02 -1.338944276722110228e-02 -3.570942694130858387e-03 1.718892557759295857e-03
2.019076575295585541e-01 7.289599242495744535e-01 3.468317492933916529e-02 1.597197850674677427e-02 -5.967225795651957994e-03 4.008902257024655851e-03
-1.971437639435562605e+00 5.443724629680590787e-01 5.697509596745661820e-02 -1.901578335297937281e-02 2.616704547627634724e-03 9.325834386125367650e-03
1.991558504167059596e+00 -4.709899546533365955e-01 -2.892772289535472038e-03 -4.749388382094360712e-03 -3.359569859163404233e-04 4.485155194687538878e-03
8.932820304490295404e-01 -4.235140620333890382e-01 -1.489676943536074986e-02 -3.571743702866735787e-03 6.699774932081146994e-03 -5.538853515840935771e-03
7.051293637854832985e-01 3.901974980315331409e-01 -9.024545998636529509e-02 1.602994347794513275e-02 -1.257969522335400728e-02 6.970646486476524726e-06
6.658017620574007145e-01 -1.461762409009519925e-01 -3.940362318170580191e-02 2.135790287544654577e-03 1.029123617275774956e-02 -4.450454393832669123e-03
-6.304394746222595769e-01 2.693714723316964488e-01 -1.073831819796191994e-01 -1.619465669667211061e-02 -7.266757796544246785e-03 1.530471414499254626e-04
-1.350963912834776792e+00 -2.645631029904874087e-01 -2.051111038543792717e-02 -1.245318460583508084e-02 8.161830093860173233e-03 -7.234603798564128059e-04
-1.108007974109357363e+00 -5.036937198807023286e-01 1.043115335345513352e-02 -7.252666269201536557e-03 7.288414783626508305e-03 -8.995138367278209326e-03
-1.001352700714981836e+00 8.676070985142095293e-02 -3.866707451632814957e-02 1.485175733735340405e-02 -3.242241754554682932e-03 -1.535150012032433526e-03
-1.671583631234902612e+00 6.264319076236708750e-02 3.868155274295804243e-03 2.410887614489526723e-02 -4.063899375809316115e-03 -3.862762324148824372e-04
-1.304261333329578498e+00 1.021419916507209855e-02 -5.037139011221709872e-02 4.721738250793693602e-03 -3.006619615032558174e-03 -3.244505878998128149e-03
6.386074496466503936e-01 -2.724242845566471893e-01 -5.361295000596998789e-02 -1.648234814222282810e-02 1.286977288748148048e-02 1.259041768216513646e-03
-4.673958620056038737e-02 -4.111933688996921021e-01 -2.022681406457858475e-02 -1.059571663894269024e-02 1.128727558126836616e-02 -3.726546490749474221e-04
1.400249218200514401e+00 2.008242440221336966e-01 -1.046338872470098103e-01 7.320554266624706638e-03 -3.553324540110318515e-03 -4.002168805341144858e-04
-1.172236164788710289e+00 -2.062689853019219755e-01 2.070546823206567341e-02 1.989963606211040542e-02 3.741381377567815775e-03 -9.893864093340567524e-04
1.217614843738871633e+00 3.054174630077004515e-01 -1.007313797451664106e-01 1.464511315442555348e-02 -9.427931226117952992e-03 -2.854571686751435425e-03
-1.588272844317923482e+00 -1.392487052447788087e-01 -5.588158371252237300e-02 -2.080619109256452368e-02 4.323026826617898909e-03 -3.376591224237557743e-03
1.031301288138046779e+00 3.962228747452111732e-01 -8.216888575683288509e-02 2.486313230564104332e-02 -1.184211862244152237e-02 -5.252373789485588313e-06
-1.095566232898077530e+00 -3.910759063769837507e-01 -1.554883162621830371e-02 -1.266643007910239760e-02 8.895186880040565833e-03 -7.959063098498524169e-03
-2.624594633792264320e-01 -8.205298079295556546e-01 5.715182769405971475e-02 -3.891461964913731954e-03 -9.122107372908369941e-03 5.615602510880567154e-04
-1.436312312528072788e+00 3.640878923065722916e-01 -4.612251321394462630e-03 8.938013129019126840e-03 -7.024932981353021640e-03 3.006472467428846548e-03
-1.156480888901279647e+00 8.952424173934023233e-02 -1.047213125887477975e-01 -2.793367952940038410e-02 3.044872739021468812e-04 3.193804676483653123e-03
-1.264473432016732790e+00 4.024877162643861195e-01 5.763366680401347392e-02 3.104353664561499901e-02 -2.449621667030569151e-03 1.190453859745072875e-02
6.997389848692624481e-01 -3.167591958449235690e-01 -2.526070806890393095e-02 -3.552698704884602477e-04 1.078987205177059025e-02 -2.744554400212912033e-03
-2.079817405487719650e+00 -1.659606213885146397e-01 2.527017952269859299e-02 2.227748885610660728e-02 1.768409549515079573e-03 7.449865833129572235e-03
-7.381272905629052694e-01 -2.050592260265551251e-03 -8.871376997917337914e-02 -1.629170878745411777e-02 4.706257112581254363e-04 -2.078764283635300449e-03
2.246317717845301154e-01 -3.825825763389786305e-01 -1.734033745311375566e-02 -4.090263451603300994e-03 1.118383060432777062e-02 -4.463858979635989752e-03
-9.021438598055879776e-01 4.499776127317730579e-01 -5.859868987764286358e-02 -1.313087920092314599e-02 -5.752098878394553035e-03 1.348495743082190820e-02
-2.449459852389532788e-01 4.247805888470672642e-01 -2.348012961879161753e-02 2.501277009195698384e-02 -1.241703041450000107e-02 -1.322615329222213585e-03
6.280552832328771817e-01 5.626246928681217785e-01 -5.885173728204827481e-02 1.791244679585507482e-02 -1.301205125364649981e-02 1.218131921757796728e-03
1.544876602220479844e+00 4.783083367723551804e-01 -1.155262018144089242e-01 1.507187516529569400e-02 -1.209318161171894258e-02 2.155879744546763521e-03
-1.098983376665013889e+00 -1.833929483930984983e-01 -1.038292499667691979e-02 1.228355895877443309e-02 2.193861652518559659e-03 -5.780284763370095551e-03
1.125882229175042104e+00 1.238145598249227736e-01 -1.132291557403943272e-01 -1.067299170324275716e-02 1.824532502596520629e-03 7.667257226098957504e-04
-1.098494785943727070e+00 3.714179368554688110e-01 -9.726195343530454063e-02 -2.520945570415510442e-02 -8.960104816544189887e-03 4.404627536051503901e-03
-7.766000227032232583e-02 3.217590712991646451e-01 -7.128990177996540056e-02 1.254285640179943900e-02 -9.886503320273425446e-03 1.201807238183702628e-03
-1.265358714746087632e+00 -2.063183489641227941e-01 4.038631571682965021e-02 3.486730134607192444e-02 2.728757510049212125e-03 2.373012403374804777e-03
2.000470844358965064e-02 -4.936930855621082803e-01 -6.068801047002948812e-03 -6.331476244886831244e-03 7.956074225827959243e-03 -6.090211140245511273e-03
1.038451084228995347e+00 1.067205180790220309e+00 4.436868526855049233e-02 2.535848928272110923e-03 -1.885184876020860054e-03 -3.601258723280952685e-04
1.772192383014498662e-01 -8.405058533082054861e-01 1.003669897811460682e-01 2.119349693798733975e-02 -1.130449394507447927e-02 1.142962490046555823e-03
1.683759850236675293e+00 -7.293563867134992273e-01 7.212617937668770740e-02 4.020306742967486545e-03 -9.897595243650485555e-03 6.565591010632747249e-03
-1.179300933736355944e-01 1.134448629711641621e+00 1.133815576022570298e-01 -2.729490642803046596e-02 4.615544143741062526e-03 -2.047847086246317155e-03
1.278546377054672778e+00 1.006803257876810465e+00 -1.250866094867773316e-02 -2.207857648488713385e-03 -4.847154637628202194e-03 2.189044986104048043e-03
-1.772706712888353797e+00 -3.647509258117997977e-01 3.995781551281511745e-02 1.823603171809482296e-02 9.477830606953024104e-04 -9.804602772035583835e-03
-5.911645218983044847e-01 9.998057987263333501e-01 1.139042019269918549e-01 -2.732893877905920657e-02 2.932856546638254371e-03 -2.832227961527206909e-03
-3.746869765720470258e-01 -7.297076337982505434e-02 -8.142897801013719572e-02 -2.351319948561777021e-02 6.959404843001998700e-03 -3.497245258037112140e-04
1.286727474719802533e+00 -5.776258104476637012e-01 2.104215336843955064e-03 -1.512037670837988040e-02 -2.387648537849017087e-03 8.608140868429452718e-04
-8.937062772341471950e-01 8.035059876456726036e-01 7.426885597437762887e-02 -2.217208216807601759e-02 2.270381041740848326e-03 6.873111887978479266e-03
3.325813593349706276e-01 2.239389460554932348e-02 -5.119456561843439835e-02 6.477179414153710901e-03 3.673465344505373337e-03 1.202056799281579574e-04
-1.038126113193316824e+00 -3.115437260666547026e-01 -4.318252949427701243e-02 -2.496657354996352843e-02 9.411648439577485412e-03 -9.725556342309763652e-03
2.413996501922929472e+00 -8.068463360683203467e-02 -5.555400588631576042e-02 6.674540704656175931e-03 1.034791608214681580e-02 3.442787564280668736e-03
-1.421648115899708797e-01 -5.002356118063993051e-01 3.483593485112734117e-02 1.842605014539168765e-02 6.767158659955721696e-03 -9.753495320503222099e-03
-7.875774494637932666e-01 -6.606001103917767958e-01 -2.382430812973038506e-02 -3.756250492649550188e-02 2.496062590208476123e-03 5.419869614258753790e-04
2.817668127528685229e+00 -1.839131714665208917e-01 -6.663328243845380305e-02 -1.726629519021323500e-02 9.024885510556268989e-03 8.863177983390153891e-03
9.734709035792272758e-01 1.506294378846016802e+00 2.621886577087215731e-01 -4.933962768924855281e-03 1.687160161869777700e-02 -7.728842826351752307e-03
-8.087552495178342848e-01 -2.039820158025126839e-01 -1.607191093226014583e-02 2.784670756741728682e-03 5.560074601613451684e-03 -6.214982223003840192e-03
-2.307064985929417888e-01 -3.591505663707374452e-01 2.368333322945425853e-02 1.702607861156583621e-02 9.125171985743391057e-03 -6.349368729591856747e-03
-1.046661573246619126e+00 8.331477906181896653e-01 5.771779486816683985e-02 -3.550936283337649546e-02 8.179301469932914780e-04 -1.534096102809569490e-04
-1.807407518889871390e-01 -2.218393804898458610e-01 1.001205620784619259e-03 1.546945255955976990e-02 7.650260864843212542e-03 -4.503554849805486288e-03
4.260545297579666491e-01 7.900104655838340317e-01 6.406553161710892667e-03 4.604520546291641231e-03 -5.554949821651188058e-03 8.973227519214473785e-03
1.989700319917838689e+00 6.687327252949875067e-01 -1.143859443970101641e-01 1.692165117900506013e-02 -1.302728567605385135e-02 -1.264432979943674830e-03
-8.940341476641714413e-01 -8.743869300779963938e-01 6.191451096646544833e-02 -3.898867663152977281e-03 -8.966215138693764408e-03 -3.642354733083879616e-03
2.878559502297855510e-01 -3.740014306563247959e-01 4.350078398443110034e-02 3.477788706975188521e-02 9.975886942597295137e-03 -5.731969105140165624e-03
-1.516356494259386289e-01 6.725383334715344663e-01 2.617318839970999428e-02 8.532679018883049249e-03 -7.869975946588973412e-03 2.820734018603747971e-03
-7.690225021817366224e-01 2.932140825228884626e-02 4.647333053347304024e-03 3.880416426158887766e-02 -1.248891826488836591e-03 6.109421898496745183e-03
-2.084764732432410117e+00 -5.998343920978701505e-01 4.484771930724672923e-02 1.993931196667657856e-03 1.365899577397802376e-03 -1.335740882704981869e-02
-1.801200992628551267e+00 4.585535787333180346e-01 1.740684012535744646e-02 -1.113050372377396950e-02 -1.758002520737643806e-03 8.612794227071703460e-03
-2.428389385313538262e-01 5.606259369211139543e-01 1.609400379897674149e-02 2.387859716148865719e-02 -7.858840621755572992e-03 4.065867063521465784e-03
1.284456335506622526e+00 4.397090895370843744e-01 -8.558259340543204752e-02 2.772547465695280461e-02 -1.308127656010138647e-02 -2.918106802562708737e-03
8.489936129516666152e-02 3.310310306669890790e-01 -6.735253234468180361e-02 1.719073473633188701e-02 -9.129282501778539574e-03 1.076627551936400586e-03
-1.758715485770746545e+00 1.364766250198529984e-01 -3.277159083585889920e-02 -1.265280612862266282e-05 4.567146416299008404e-04 1.104252370205894077e-02
-1.345681879097277545e+00 1.443213480482977984e-01 -6.721206873545967908e-02 -3.920318289424552793e-03 -4.583576102695371100e-03 -1.762234800575730818e-03
9.083725349142945937e-01 -7.190794798055934189e-02 -5.268082712992280814e-02 3.566621310936661689e-03 7.598667959706466128e-03 -2.536513694920539738e-03
1.401991905609786815e-01 -3.325708090293720276e-01 6.731869789002271204e-03 1.094162051128375578e-02 1.055860623301834757e-02 -5.027711258730670381e-03
-3.842147275299051534e-01 1.965023581431686317e-01 -2.317578039436943987e-02 3.405561574217066262e-02 -6.439841682091751972e-03 -1.026244889220915321e-04
2.798662924387876227e+00 -7.848478037980096689e-01 1.255585630858034596e-01 -3.329909896726028495e-02 -1.775888811771629897e-02 1.045289699675232969e-02
1.734532076826461822e+00 6.638069281206159244e-01 -9.752455938796664170e-02 1.851707535332562660e-02 -1.291515699792561249e-02 -5.326074612205865624e-05
-1.708685292018234492e+00 2.287278637273210680e-01 1.353175404142038275e-03 1.685632750498045063e-02 -6.522433544078823885e-03 2.402081163135008515e-04
-3.353650195450277316e-01 5.756700025861963832e-01 -1.196204710276725647e-01 -3.366479939096676810e-02 -1.168109729978024890e-02 -1.115199505307435746e-03
-4.082259133839900023e-01 -3.170569506100636703e-01 -2.052120439230102622e-02 -7.299798277944913316e-03 1.191613141797653527e-02 -2.489537645357872177e-03
-6.679021373216454949e-01 -1.922630074385363597e-01 1.493938129445236858e-02 2.474673910416966965e-02 5.382627485411598141e-03 1.542529220101526580e-03
-1.597422263265938280e+00 -2.232049750604244986e-01 2.914935668587323794e-02 2.429164054515328686e-02 2.515491858842487053e-03 2.026997357273749214e-03
2.796245906166623940e-01 -1.748856149512659774e-01 -5.465794271223946982e-02 -1.231884135441506552e-02 1.083261462722497764e-02 -8.675320617354171943e-04
-4.195176864571720232e-01 -5.605406969215974700e-01 3.033377319855050380e-02 4.451337043963640543e-03 7.719617726203662975e-03 4.988924607207263469e-04
-2.770404507850510734e-01 -1.554165251953061877e-01 -2.028140176859418928e-02 5.691349101715171069e-03 8.793431552929916253e-03 1.543050959159199568e-03
8.990168946145963291e-01 1.066698718887585107e-01 -1.224069440051846619e-01 -2.133418252957065830e-02 2.358314994629988424e-03 -6.672639212189164851e-03
9.397591821766625442e-01 7.830286613390716743e-01 -2.379905085881266549e-02 1.369594652050667473e-02 -1.098598034083339385e-02 -5.287877612481009341e-03
-1.578902471550910347e+00 -1.209554390993665546e-01 -2.644489229170017899e-02 6.253084623054070042e-03 -8.919778574326806984e-04 -7.509410898625220460e-03
1.605744854404382860e+00 -3.346251013253161433e-01 -1.998074048199775105e-02 9.365755298144246834e-04 8.134168756623792046e-03 2.547262759136858633e-03
-8.904143936258551717e-01 -1.695775347346018813e-01 1.773616777454719434e-02 2.530266755338517193e-02 4.859701838685377348e-03 2.935823881240049848e-03
-7.040280197877287760e-01 -3.724584867076788808e-03 -5.419227341239617711e-03 2.855341231418876205e-02 1.147528993297911406e-04 2.469811749241720457e-03
1.377045801420937909e+00 -1.329634661276580809e-01 -3.382133361395169013e-02 8.566042408239400024e-03 1.244831527874249756e-02 3.652227160031913146e-03
-7.903079971230132506e-01 7.353877961700574506e-01 1.383915830698333738e-01 1.369041601861117896e-02 2.712996333803123234e-03 -4.314035831790907012e-04
-8.244439335571767113e-01 8.299220589537350534e-01 2.536986394388309612e-02 -3.802127494394160617e-02 5.023634869608809353e-04 7.900289427422942101e-03
-1.060886933325493608e-01 -7.123147855168746045e-02 -2.633938002366587039e-02 1.267017310382548452e-02 5.801786864221345277e-03 4.566569546009422061e-03
2.155638179674107813e-01 -6.792209417666511539e-01 4.171083496379462269e-02 4.916205758398729982e-03 -1.423101377077734672e-03 1.721952691593556196e-03
5.068868292598458503e-01 -4.609232013539463768e-01 2.026909292361805601e-02 1.447781684113278421e-02 8.120165334477808666e-03 -2.848570043301708495e-03
1.601081668751337173e+00 -2.112508287701633236e-01 -5.378301646819705351e-02 -5.302710263863317890e-03 1.112133056383257483e-02 3.421356782805725586e-03
1.495053169855976360e+00 -5.302103802087614337e-01 1.660897020652854494e-02 3.533056765949405160e-03 8.173542982422697016e-04 3.098186427871020467e-03
1.079635013836366841e+00 -4.609323859018003011e-01 -1.527073375195005245e-02 -1.117699009723310648e-02 4.239190379581742225e-03 -1.339768520971583226e-03
7.454435546940345603e-01 -8.720915470069595665e-02 -7.118959297985154311e-02 -1.346063715260361129e-02 1.020764513653879893e-02 1.846426936726012482e-03
-2.927985418790192695e-01 8.164760868448742714e-01 7.357906661486939004e-03 -2.187082939591203715e-02 -5.958999237980979087e-03 -6.737885373498640751e-03
4.494871908550755468e-01 3.907661867148082280e-01 -9.661053951059161982e-02 1.038152507483004923e-02 -1.349232019571434092e-02 -5.591368562780437909e-03
7.242651523126988899e-02 -3.063848261339333079e-01 -5.236153118347330881e-02 -2.127601894934726123e-02 1.277140992047811653e-02 -1.565436107940803559e-03
1.044004077752479054e+00 -1.669094109707084661e-01 -3.318566904482499885e-02 5.698772336167969715e-03 1.247048500275379362e-02 2.673511634670458926e-03
4.918764576583665726e-01 -4.523871747365021956e-01 1.495890822835113133e-02 8.480518113119613760e-03 7.486204733452328161e-03 4.672728795721252252e-04
-1.678716446942319473e+00 -1.562477861129572543e-01 -1.721502972412777138e-02 9.842594291181368596e-03 -2.081068043986787023e-03 -9.667827402671356693e-03
8.316927074463777991e-01 1.991070685527057682e-01 -1.091041640840124949e-01 -1.546211226809168261e-03 -4.450471380333331783e-03 -3.747649190146115899e-03
1.608275082791981170e+00 -1.231186848469355694e-01 -7.630471011783286628e-02 -1.425614922690644076e-02 1.123902872094598680e-02 2.469863829594358580e-03
-1.357507042450022405e+00 6.881627979330584566e-02 -3.550950739606623108e-02 1.306477977176138776e-02 -4.374961687908870620e-03 -5.382682249994216912e-03
-1.096192682728234891e+00 5.093070656781315542e-01 1.150477381155669623e-02 5.825361112611430851e-03 -6.627356176592143731e-03 -1.637224432926852194e-03
-6.033718331666735324e-01 -1.024209850996995880e-01 3.337620836287663595e-02 4.601272006182208912e-02 2.863112232739484599e-04 -3.021349825359676868e-03
-1.744140577162498262e+00 1.193867794769843532e-01 -7.185466327356515581e-02 -1.644113075405944854e-02 -1.787746030012292778e-03 4.111349094893876864e-03
-1.554746066983728747e+00 -6.341466680578191628e-01 6.524733000444192521e-02 1.122979619846232319e-02 3.127042600985305374e-03 -6.656198660944522309e-04
1.814808493190942507e+00 3.590229002919984036e-01 -1.304724927081828134e-01 7.306413622321083871e-03 -8.311107540339299216e-03 -2.605046105430095394e-03
1.413400946169868000e+00 5.346160960204442841e-02 -2.981191245349015112e-02 3.849488759638793056e-02 4.152425060186790725e-04 -1.504082521034804179e-03
9.959314001759731472e-01 -3.589523428359918666e-01 -3.308490517097755629e-02 -1.196583905086921751e-02 9.508336380887131775e-03 2.908208207710568163e-03
2.353934940444429635e+00 -4.322189066738169050e-01 -5.504728418087494711e-03 -2.654435399376843356e-03 -1.309307989498237909e-03 3.172952868376555276e-03
7.303034732810832486e-01 7.416777662742756183e-01 -3.524750338013979412e-02 1.022189067812337079e-02 -1.243958502171566179e-02 -7.832955134604711878e-03
3.865411673891143152e-01 -2.043490325305127309e-01 -3.004563587977115632e-02 6.248628934800475520e-04 1.057455325986118855e-02 -6.300455458804674752e-03
2.785164434473272332e-01 -6.389105902635556777e-01 1.566343745505596047e-02 -8.065768481675891083e-03 -2.117003210773632602e-03 -5.670604621592864950e-03
-4.731508578119882347e-01 4.764409073585339494e-01 -6.768455047478384723e-02 -7.024113868224901927e-03 -1.056602786707951797e-02 4.876603859898359303e-03
-1.584233685166592576e+00 3.834625886576065179e-01 -3.619643519315275670e-02 -1.212900286199707252e-02 -4.364252556060254154e-03 1.083101707237387433e-02
-1.279185731811694149e+00 -8.755863237708773061e-01 2.015153555401283381e-02 -3.398471674794704273e-02 -7.572886650829576023e-03 7.742383635689820045e-04
5.410706019447218962e-01 1.549676128558035992e-01 -9.415179307404968057e-02 -4.033017218771720210e-03 -9.364489030553142194e-04 9.804283727228209084e-04
-6.648018330252467578e-01 1.622792363398714577e-01 -6.226035669465673078e-02 3.717217420239683854e-03 -1.669479925658468684e-03 8.216899725073249436e-03
-3.837611779781279625e-02 -9.008154738523068694e-01 8.547131837018207001e-02 6.775970948635108701e-04 -1.370921765440700872e-02 1.754486300269690819e-03
-4.379588464435520412e-01 -4.526643343523583662e-01 -4.439441739436243706e-02 -3.131028887784171461e-02 1.101558484147651534e-02 -1.319382559348484868e-03
-8.003883358698774542e-01 5.618194170903522133e-01 1.478281969418799267e-02 3.307194722853900714e-03 -5.465723385903654107e-03 9.490460190948393424e-03
-1.878048115270953611e+00 -3.265813832911932391e-01 2.463191321460028727e-02 1.226327618526194818e-02 2.795383101078350793e-03 -2.671835077582857682e-03
-1.826189098975936176e+00 -5.841177305709938095e-01 3.947440073186475606e-02 -3.055153608824092391e-03 5.489620503450463353e-03 -1.252624216646024125e-04
