2.787443305864905518e+00 1.532348336032431035e+00 3.516741691380413370e-01 1.015278316946450002e-02 1.807871588263473264e-03 -2.056845094574654559e-02
1.051245121857676601e+00 1.491593015684010703e-01 -1.746774226518303663e-01 -1.995744306950197541e-02 3.162004988719077474e-03 3.420726575089325788e-03
-6.912814431773547375e-01 3.719082348868663623e-01 -6.736328368006259948e-02 -1.258985298428132518e-02 1.280723951016425654e-03 5.926843749847193234e-03
-1.145908447073951786e+00 5.107507682690660689e-01 -3.341297375586248924e-02 -2.580721646435295280e-02 -3.225004765590218782e-04 3.028328568151861765e-03
-1.090533399945094128e+00 2.303796816952451143e-01 -7.539660983202271793e-02 -1.089235142772793617e-02 1.926193862041934235e-03 3.605053305173178384e-03
1.257721679007858473e+00 1.266009474897544118e+00 1.616398047505252233e-01 -8.947724145728554873e-03 9.754219682437481262e-03 -9.250979214979550974e-03
9.481041806401493410e-01 -7.777772880048713366e-01 6.820468778276954358e-02 4.037128759764144789e-04 -1.602712803094166803e-04 3.677461809125694321e-03
-4.426308967275019435e-02 -1.826885994523062273e-01 -7.212832611403104111e-02 -8.881425204029036805e-04 -8.363682824651455516e-03 -5.308663220036809009e-03
2.945862172782808264e-01 1.185815902603830178e-02 -6.816862523492019099e-02 1.429278406267377698e-02 5.656146587025628544e-03 -5.681777624885561621e-06
-9.845735885687354472e-01 -8.991925591158254072e-01 9.129987231595670938e-02 -1.903105253973469760e-02 -1.914428314137821795e-03 9.833443985039365051e-03
2.053040695588903120e+00 -9.136161653852601372e-01 9.980404546214408090e-02 3.975094682407058141e-03 2.002642112137878634e-03 1.188144610448234502e-02
1.040483974625806107e+00 -6.438098643431813262e-01 4.843137022138287867e-02 7.955841456782833734e-03 3.266054689646329199e-03 -4.095892159518054430e-03
-1.056397564639713016e+00 6.260955518891273552e-01 4.470495015218690221e-02 -1.199462324646445935e-02 -7.051314865257471073e-03 7.415006020478211819e-04
2.385521477088948031e-02 9.615868583181290674e-01 1.785078565852745228e-02 -2.751942785377533424e-02 -8.480098089853987248e-03 -3.214457989613374745e-04
-1.029213374677028087e-01 -3.733139474354589815e-01 1.035089337231333284e-02 1.303575114543551253e-02 -1.980107211236880899e-03 -8.554150081228829167e-03
1.663717863787820272e+00 -7.740277441372515055e-01 4.840014734190214302e-02 -1.352566271109061080e-02 5.654822794162411501e-03 3.990174226924326530e-03
1.507967143771733243e+00 -1.100181092499732616e+00 1.256720151218953530e-01 -3.323699053101180495e-02 6.602143497960845722e-04 2.037929842737453215e-02
-1.376560081208982877e-01 1.868061728528073173e-01 -7.275557714846062063e-02 9.163863583134224458e-03 -3.364603615077604599e-03 4.529829730330305754e-03
-2.049802147852061163e-01 -2.199654768674612904e-01 -6.370313814352060455e-02 -7.168036321319420749e-03 -1.702291300106067908e-03 -7.366736549365596014e-03
-1.449153557002283543e+00 1.989694955802971399e-01 -7.742293926512427982e-02 -1.713173196314886695e-02 3.493248701668882732e-03 2.787324263313310704e-03
-1.877917591765264071e-01 -6.592178021734079740e-02 -9.488589780126795159e-02 -4.718029515879090634e-03 -7.458575933283567022e-03 -3.967527350201232803e-03
1.656733516424878871e+00 1.281806856871765321e+00 1.244066828075650888e-01 -1.094708640149882721e-02 7.150724908338087701e-03 -7.541881021608937141e-03
1.368579238847551505e+00 1.123952644960775960e+00 7.652352649967861242e-02 -1.099116319370327952e-03 4.964417082133491463e-03 -2.048387013769725415e-03
1.663914431241911185e+00 -1.813265361940455123e-01 -9.356254062196131538e-02 -2.215904366575322491e-03 5.900758301992771807e-03 -7.705480305451650747e-03
-2.311698606585714244e-01 2.290646998448065130e-01 -6.390161953209404222e-02 7.889435189927502742e-03 4.908471579327155880e-03 5.936561492983418765e-03
-1.239073131905926939e+00 7.136593059882232470e-01 1.213144681084762089e-01 1.403962514646242207e-03 -6.310865625366536037e-03 -4.671988047856367489e-03
-6.371238891737704968e-01 5.170835143400004386e-02 -5.967792539178362610e-02 1.061086128503320111e-02 3.877533372636331795e-03 2.131544276100682221e-03
-1.378136491900234573e+00 -5.172136566526747137e-01 4.879411750551072846e-02 -1.037339432867891891e-03 -8.911709417898313907e-04 -4.463275333722392657e-03
-8.188977984378253971e-01 5.019799717817193807e-01 -6.581076514749060156e-03 -1.066498133440584202e-02 -8.734215973755487736e-03 4.871147904671179266e-03
1.140623282814158701e+00 6.451401897038064881e-01 -6.714676058445302742e-02 2.841850814516426026e-03 -1.471447900439360953e-03 1.038320218097785012e-02
-1.260165211318902689e-01 7.287995250748596776e-01 -2.776049624354279960e-02 -2.069327440291008485e-02 -5.671880967123436694e-03 4.143032694649629102e-03
1.136421360704595040e-01 8.375548993770346451e-01 6.085732163565520103e-02 -1.455558547404199035e-03 -1.905459908535857630e-03 3.087318571743164018e-03
1.182453081840315168e+00 -7.534905949306671680e-01 6.339217372930926186e-02 2.955667663143039976e-03 4.010470262041982868e-04 1.983804102280441097e-03
-9.826698800633149045e-01 -2.871335344918917731e-01 8.056114074433236988e-03 1.618800016009467463e-02 -1.428262636141574117e-03 -5.377351162596323390e-03
-8.860498516311484662e-01 4.065465640960450600e-01 -2.184811795848145069e-02 -4.143148823734244153e-03 -5.271336506510973519e-03 5.607528935599110850e-03
-5.733482056635742508e-01 4.618985266426191560e-01 2.043228500413542953e-02 8.928202212109203131e-03 -4.724994231726719132e-03 5.042032234949698696e-03
1.457174069836662200e+00 -4.172239857606471758e-02 -7.016023702663758133e-02 3.125547878159758847e-02 4.767161803756723190e-04 3.318141227269119035e-03
-4.363539924972027473e-01 7.452673187186761306e-01 6.874528116648899456e-02 -6.045532762755476131e-03 8.025400358828975456e-03 3.146932012394405669e-03
1.586135157657714512e+00 3.271973886611966309e-01 -9.453746665664106152e-02 2.379721513321137946e-02 -2.245331549696659001e-03 1.093573007535979247e-02
4.943268670554585298e-01 -1.000247876606533248e+00 8.897795040131893651e-02 -2.947129096513917065e-02 -3.249000431554161482e-03 1.577908127462083684e-02
-1.068124501492808243e+00 5.883334020350321492e-01 1.219120375520814066e-03 -2.359082262397055665e-02 1.078398360187607765e-03 2.909075325115792043e-03
2.929065684018133942e-01 1.063755231158337589e-01 -4.468869263486996424e-02 3.215786883621271630e-02 -2.156571281246308282e-03 7.154561864252486671e-03
-1.224628303923743777e+00 -7.986828230546765273e-01 9.253800474249618269e-02 -9.485790947240245463e-03 -2.021241762707511307e-03 3.920831788096563325e-03
-8.822443386341665139e-01 3.864078789097453726e-01 -9.064002008580397673e-02 -2.600776318654419994e-02 2.880046004561219713e-03 5.834721578470897230e-03
2.905469075714105232e-02 -1.384536365347924514e-01 -7.285031984708081887e-02 -3.812991087237367020e-04 2.241740734109587668e-03 -6.052417147035312785e-03
-1.253020224486402767e-01 5.184789110035524784e-01 -1.812656939412218837e-02 1.572366249018991363e-03 1.713255791352565624e-03 5.746091035857122005e-03
3.066170986715535673e-02 -1.807726030604044076e-01 -9.467319819079952903e-02 -1.717110078027135958e-02 -2.498510511699156365e-03 -9.216001969496437699e-03
4.296700417508569902e-01 -3.177185601184369101e-01 1.100138634001349321e-02 3.377824325620105289e-02 -2.252154660567066893e-03 -5.468861258267581141e-03
-6.185256997587790240e-01 -1.034101759569629131e+00 1.219077507512387054e-01 -1.747144886372724304e-02 5.754762768982020710e-04 1.662269034978670207e-02
-1.296525717836490399e+00 -6.500842415729527479e-01 7.191126011454065936e-02 -2.778191674155119049e-03 -1.596863611947232703e-03 -1.224812208747918510e-03
-6.911999073184741382e-01 2.268465037321429068e-01 7.768596061232713353e-03 3.140659207097160066e-02 -2.325966886290662013e-03 5.109619540072776571e-03
1.026437523164471344e+00 1.079341966371995420e+00 1.671071810955482850e-01 2.279440885386723251e-02 -5.160704259612242844e-04 -3.391150348134996419e-03
1.213429972733025330e+00 -9.858342003231989059e-01 1.082764125573890124e-01 -8.424334129409769695e-03 -3.290715287382200115e-03 1.546566820232387132e-02
8.132526132880490977e-01 -4.083431725837314286e-01 -1.807603070138265322e-02 -4.904857760475295897e-03 6.188299941572498325e-03 -1.105925035920530923e-02
-1.111296081502796351e+00 4.656581145927767701e-02 -1.057043358462647076e-01 -1.946495318083695664e-02 3.058511360576686433e-03 -2.367768861892882769e-04
8.262850871627920742e-05 8.072580006160139376e-01 2.046300895323955107e-02 -1.461986489971117339e-02 6.895670907742382574e-03 3.448093099980751274e-03
1.519497073766042372e-01 -3.811045202741540905e-01 -3.813733644539966938e-02 -1.041796216118718622e-02 -2.119255607475893383e-03 -1.066525473932863899e-02
1.057052789980468921e+00 -2.833580477659193853e-01 -4.927965373562928630e-02 1.078198225752981763e-02 -3.396525752825417955e-03 -7.359181822993269249e-03
-2.750535307900556781e-01 6.818924760110438577e-01 -5.470841702162810433e-02 -3.000016728943689578e-02 -4.438164967483228598e-03 5.900402486797886627e-03
1.890594122588752368e+00 -4.889121793102723101e-01 -1.127636218038879576e-02 -1.188457928871327479e-03 -3.163860788099287871e-04 -9.944241132635433383e-03
-5.089931896485871965e-01 -3.103360558404928971e-01 1.456706800659409752e-02 2.754799300876964452e-02 -9.552069675208533020e-03 -4.237894074374999077e-03
3.291511398774886743e-01 9.872745930333438613e-01 9.657770870772387772e-03 -2.625968600208467008e-02 -3.739902841759617548e-03 7.114179412870673836e-04
-1.123761895995258220e+00 4.290841951578417413e-01 -2.949221208616842685e-02 -1.440539334891222621e-02 -5.867426244642244201e-03 4.121790833387492872e-03
7.626681766626556280e-01 9.282316924088123145e-01 4.384872840761774165e-02 -2.240435223577798458e-03 2.371025387266364939e-03 2.285441264404243326e-03
1.039583446332917216e+00 -7.112318918596379769e-01 9.163620653100761071e-02 2.794142178569131163e-02 -5.229322119305833232e-03 -3.606903388935074855e-04
9.995273533555301126e-01 -2.850072073787036642e-01 -6.620969243644214686e-02 -5.814172681316821800e-03 6.837865766198318812e-04 -1.006292679622433975e-02
4.692063628594998481e-01 6.223121825362334381e-01 -2.860250853533818569e-02 1.677871548829039123e-03 -8.563001070177178944e-03 8.337574011136963253e-03
1.352846676712288643e+00 4.522328931808551888e-01 -1.139649769550497571e-01 4.037932682810392582e-03 -9.649939127888534354e-04 1.016363076669744847e-02
9.001179185306877883e-01 9.097579973544426268e-01 -3.693123205143092336e-02 -1.845835022718924842e-02 -5.903028126546220819e-03 4.490602233935775921e-03
-1.991280742393667147e+00 -5.345721862492757576e-02 -7.541742605419547545e-03 1.251169733578576596e-02 1.638629968143965774e-03 -8.433444141000278357e-05
4.008992843391563921e-01 -6.626385512212887852e-01 2.420424663553076561e-02 -1.407451802516965743e-02 -8.828442031675955192e-04 -4.073710572990948443e-03
2.212474495800531571e-01 -4.339916912633724477e-01 -2.705273783271456081e-02 -2.016015813853330035e-02 1.144773169513516476e-03 -1.163641751474401957e-02
-7.812180384963451907e-01 -5.482893229571297322e-01 1.741288025112417565e-02 -1.855986096792879361e-02 3.184258889659479473e-03 -7.013921286106661150e-03
4.305072277802812764e-01 -1.017372596454185762e+00 1.197619118444174097e-01 -1.113148361212658831e-02 -1.383643066179869249e-03 1.707348510319346355e-02
1.240258689503056649e-01 -8.113772809194043090e-01 6.636495148966758961e-02 -1.288732744312494523e-02 1.409047530779937874e-03 4.541341135180530786e-03
7.503481828940425924e-01 -4.817619766187866137e-01 2.199661063770983263e-02 1.174240835696717389e-02 1.571047445647476065e-03 -9.280156146967449837e-03
-9.607689639429579653e-01 1.072865266704001730e-01 -9.519849173190811364e-02 -9.110451902176857839e-03 -3.488529278362803056e-03 3.013378048658076850e-03
2.478550036735892581e-01 -9.138223778791559893e-01 5.162807853597412705e-02 -4.071446256744797737e-02 -2.931337524890419762e-03 1.084971668119026449e-02
7.849422031065942384e-01 -2.831649386750985098e-01 -8.944492098908746192e-02 -2.385005992894454266e-02 4.459648575022817640e-03 -1.120042944427257145e-02
2.514780523135935475e-01 -5.488015589564801955e-01 2.950535766323164610e-02 7.778412820327998195e-04 -9.570594507124721858e-05 -8.427714496294638410e-03
-1.134798021529270784e+00 -5.787756281103920708e-01 8.881647338232116773e-02 1.813205312894776086e-02 -2.576151985771398152e-03 -2.208067532890738236e-03
1.840762453316351355e-01 -1.807697976211632696e-01 -7.983524647139987607e-02 -4.518518418277004192e-03 -2.646862434010183954e-03 -6.796165956899969697e-03
3.481542122851445376e-01 -1.291444121753284380e+00 2.101550755465156906e-01 -2.495034452580433340e-02 2.074232828846608553e-04 2.509172557977938992e-02
1.289861090739220728e+00 -8.412164138740648722e-01 1.024974437238986846e-01 1.406437455179236629e-02 -1.320696247299889877e-03 7.453227284836209075e-03
-1.175996115161426658e+00 -3.240149020208812902e-01 4.630203618638657065e-02 2.861963147080779854e-02 6.544437299772951425e-03 -2.984983430637709167e-03
-1.652895152247897681e-01 3.761283342716734146e-02 -2.420972573824202098e-02 3.629564760844471161e-02 -2.312796077030021893e-03 4.370711057134053779e-03
-1.261152160073493400e+00 4.450753849888370306e-01 4.358956677009683672e-02 3.709305734472913025e-03 -2.484291460738841193e-03 1.770446631939794502e-03
7.563276805019315541e-01 -6.563077220394094580e-01 6.587663033907766030e-02 1.198053919473122952e-02 3.881828178067788307e-03 -2.703793906860256935e-03
6.170197907172933482e-02 -2.901987936719730987e-01 -7.531012231627132181e-02 -2.368587527659664349e-02 -4.604484584969962928e-03 -1.186520255205468152e-02
-1.417107797249245849e+00 4.022265708052272792e-01 3.200003636349764424e-02 -2.975115901502402207e-03 8.877526899038348795e-02 3.331912842346100665e-03
6.983902730400788350e-01 5.135193770526319534e-02 -1.320330418862299959e-01 -6.073632425690083693e-03 -3.394944621288192334e-03 1.880782837132844495e-03
2.003903920056115950e+00 2.599033519883223176e-01 -1.336883790673312755e-01 1.440929788806978237e-02 -1.636847770357819070e-03 8.652560167358035528e-03
1.941349075562298188e+00 6.390746004599017448e-03 -1.213902241424335698e-01 1.163716540384394753e-02 4.853102398276782845e-03 2.137764806303020342e-03
-5.612007065653248361e-01 1.066855602226015193e-01 -3.342357767660516371e-02 2.602071042748104607e-02 -1.199044907151529567e-02 5.703844407799964385e-03
-4.735867881518378564e-01 -2.149928133875750602e-01 -1.627966236061597141e-02 1.883801051923711389e-02 4.256464410401436527e-03 -4.032631439674265808e-03
7.307813108722469586e-01 -8.082792801514764314e-01 4.608899091560983430e-02 -2.146096402011168219e-02 -2.874180022429915181e-03 4.474176507899143597e-03
-3.395213407418633533e-01 -3.578309574552841488e-01 -4.418143655041023576e-02 -1.996102730492376257e-02 -4.038326733123921014e-03 -1.112884785326738978e-02
2.704588895076243116e+00 1.460970052332229541e+00 2.371685313463427480e-01 1.228282584393592140e-03 -1.149035940646588689e-03 -1.451816650218870977e-02
7.510538863828226663e-01 3.831869281000693794e-01 -4.478784609382361476e-02 2.387380192478165755e-02 -1.337694618676028109e-03 1.005049408084933947e-02
-6.374744752463193942e-01 8.610352618202884445e-01 2.247787516678570116e-02 -3.420006832912882849e-02 -5.604781519009960529e-03 2.721118423722421209e-04
-8.122342815627117130e-01 -3.040569745383630562e-01 4.774290012330354013e-04 1.513222838790488807e-02 -2.401236513378476618e-03 -4.839826943901608114e-03
2.064161337474592184e+00 -1.913612145636516271e-01 -8.716063762210193855e-02 5.610721718813316099e-03 3.735014338450451301e-03 -7.048095172927666859e-03
1.531024542503707508e-01 4.528434079632497750e-02 -1.139568984030167043e-01 -3.476199387026194208e-03 -1.996576806304389240e-07 -1.620199897030101806e-05
5.604542468795844362e-02 7.100991537397212117e-01 7.681810523762623577e-02 1.289736168771245077e-02 -1.598132057263550393e-03 4.753717448871449744e-03
3.834656878938090818e-01 -2.610289830534470723e-01 -3.446007356184557779e-02 7.434415738214919522e-03 4.512830059005978715e-03 -8.382807579828866276e-03
-8.064026872181732086e-01 1.918588299197712399e-01 3.573131120592693694e-02 4.363654377028602926e-02 -4.393649916565542119e-04 5.595782315347370278e-03
2.391645170522976871e-01 -9.546429699277226844e-01 9.554585454558728319e-02 -1.753911443643652035e-02 1.744872012983836405e-03 1.298191433260087110e-02
4.581301303291083205e-01 4.431638635332277865e-01 -8.221223715842371216e-02 -3.650946364705191902e-04 -1.193866978980857993e-03 8.739139719432036449e-03
3.183820456735297344e-01 1.335796248902230421e-01 -7.335980677528375349e-02 1.967293594884254523e-02 -1.016401617448157990e-02 7.091535870946616416e-03
-5.517808447261699500e-01 -3.544318602342014235e-01 5.075987971220707190e-02 3.604651849549058568e-02 -9.491129658287279780e-04 -4.347148193647526297e-03
-1.070253298839479950e+00 1.570734863078229182e-01 -4.014631256629982992e-02 8.126130939126370925e-03 -7.180407483590143820e-04 3.555352604961442391e-03
-6.389023573490379415e-02 -2.307212106317156619e-01 -7.079776925813599520e-02 -1.488052581368890133e-02 4.505868679019277116e-03 -9.127265824454841928e-03
1.733061386679667804e+00 -2.785492570893677855e-01 -5.206478729460267685e-02 1.472826067652716411e-02 1.095880462436209148e-03 -6.979651574364630420e-03
-1.178932075770048549e+00 -8.886801980985346849e-02 -7.686725129340853287e-03 2.210689762558597921e-02 4.243230657760476907e-03 -2.180245582444363065e-03
1.210692068365335494e+00 -2.114850505327760949e-02 -1.606087159609360104e-01 -2.194383239740688163e-02 1.644499848421248842e-03 -3.646215605909159177e-03
2.511950280644348776e+00 -8.754272255212697251e-01 9.909459408863462160e-02 1.179372418210407163e-02 -7.427812488270122467e-04 1.056445558887437151e-02
1.175021924532219098e+00 -7.494643476109784652e-01 7.266923502082917041e-02 1.007273465250433861e-02 -3.771837504003180009e-03 2.321668889036641870e-03
1.957895738096282479e+00 -4.150253915684339878e-01 -3.419772731151490136e-02 -6.023607505224369552e-03 5.448637732021998671e-03 -1.090442641539888201e-02
1.614478043710565747e-01 1.084185487031349870e+00 9.661954805320670248e-02 -2.259409935929160632e-02 2.623525388878857317e-03 -3.702365373491052752e-03
1.680226951271950320e+00 -7.618410836376716677e-01 7.738091787146418599e-02 1.479181367488448945e-02 -1.843328156206628125e-03 2.821995535746748066e-03
1.088594763813816924e+00 1.125677327981819270e-01 -1.694026021842648666e-01 -1.909524535486156402e-02 4.211765877900789518e-03 2.722220062009961857e-03
-7.775792453038561369e-01 5.983532181150178486e-01 5.941026618709469020e-02 3.009357681387659234e-03 -3.647028460328273405e-03 7.411282497718469460e-04
-2.999271746633933033e-01 -2.232919700811758501e-01 -4.636651194217664834e-02 1.349618680218063211e-03 -1.988196582307184476e-03 -7.778958202782293441e-03
-6.730766162876224978e-01 8.392872641953696977e-01 3.295359550223045386e-02 -3.093929435279609008e-02 -2.628258850857492172e-03 7.852744295844688851e-04
-2.246264891231362970e+00 -3.197798415556008522e-01 4.026125671024975705e-02 1.658534472170917345e-02 2.129854146587682132e-03 -1.419810345603463898e-03
2.361321716528291592e+00 -1.591931601762397730e-01 -8.382680304902562218e-02 1.813247206555057209e-02 7.181051191477196873e-03 -3.197362937669445161e-03
2.138662383744971140e-01 -6.881825827444291999e-02 -3.455747269616494394e-02 3.128115090633975387e-02 -3.545581057742523559e-04 6.114273376908747469e-05
2.892998399891645311e-01 -2.919672280732624747e-01 -7.412506764398506254e-02 -1.732310320653310601e-02 -2.991704718873271218e-03 -1.043813035742415483e-02
1.585709210353395626e+00 8.564804795547411587e-01 -3.620437455458783843e-02 4.581853713663886114e-03 -6.201443951807883437e-03 7.530981465663090513e-03
-9.780906832020092034e-02 -1.732028551559899043e-01 -4.322303720666174909e-02 1.346710837459398624e-02 1.929242525346350256e-03 -4.278905134927978027e-03
9.240784836626978471e-01 -2.560315660844239005e-01 -7.034314520320243680e-02 -5.761284948996901224e-03 -5.320632152995251069e-04 -1.060001029800496618e-02
-9.580117467203996817e-01 -2.752443922256629927e-01 -3.674090326544394991e-02 -9.578985466228576509e-03 3.114118511952734033e-03 -7.652538623575428668e-03
-1.030844974216303278e+00 1.845767354906802105e-01 -3.634234079299657888e-02 7.609354496592130729e-03 3.945991688963529712e-03 5.118029990000809264e-03
-2.687653638304028925e-01 5.370730151836713429e-01 -3.998149587916456638e-02 -1.368726987869356773e-02 -2.028730856708989196e-03 7.084772830950587449e-03
1.668412889421250211e+00 -1.346954961824156916e-01 -6.396778920037599070e-02 2.625164019311769861e-02 3.237340553228637390e-03 -1.776869177261301055e-03
-2.266813014772086632e+00 -5.947022104205264004e-01 6.198799561915565443e-02 -9.909175577226149792e-03 -6.291927963837282665e-03 -1.193139370202110465e-03
-2.908409767923214151e+00 -3.168846123620163713e-01 4.838290191377556809e-02 1.108683277102471242e-02 3.956607633234237621e-03 -3.312319297317031655e-04
1.198579004293904404e+00 8.757067880245674729e-01 8.938161805016745995e-03 4.304643562564869179e-03 -1.539387618462606348e-03 5.543063290263449544e-03
1.177620976831747823e+00 9.123191413817985373e-02 -9.196553994734238402e-02 2.223341430074918940e-02 7.195381588356922469e-04 6.426561130619366791e-03
1.143474023552415675e+00 -5.405652669507684527e-01 -8.850937802850575645e-03 -1.387064865811130782e-02 2.273112330878681534e-03 -9.132459893117174723e-03
1.014593307548699919e+00 1.143055384836225485e+00 4.359755154636036495e-02 -2.087239878461475545e-02 -6.069883401513295577e-03 -2.420151372788988640e-03
1.436938903149354463e+00 -8.281356976467896258e-01 4.671053702042388817e-02 -2.387648274422959557e-02 3.779489262728777128e-03 6.195356176168060995e-03
-1.731286375337265371e-01 -7.277636941065108722e-01 4.231170506069811821e-02 -1.818814167578431534e-02 -5.813229400376886645e-03 -1.337094459035309535e-04
-1.767803009702549055e-01 4.217506959211096973e-01 -3.997382401237190713e-02 2.644453061748222589e-03 -4.249399051037088676e-03 7.314208610131634446e-03
-6.911009942004802120e-01 -6.649995707220787144e-01 1.014498409717616983e-01 1.768490582061450767e-02 1.637979288212450778e-03 -6.159277761754073125e-04
2.061841573015303075e-01 9.174209858880774116e-01 6.634368918297964268e-02 -7.423175201602876493e-03 -7.520590414757348649e-04 9.288941550704983129e-04
-4.766709147937178703e-01 -4.951300259967334472e-01 -1.624957097098396822e-02 -2.709758839750642939e-02 8.483360721031216406e-04 -1.019833203109179673e-02
1.654738756036547409e+00 -6.107399556468326995e-01 -1.131406348546118781e-02 -1.916125939466321176e-02 2.670345420754873834e-03 -5.086086015309104758e-03
3.398363078678501292e-02 -6.851062721483045515e-01 5.464682360807188860e-02 -7.337091933740303622e-04 -7.349213760221560456e-03 -2.585640002817663798e-03
-2.529190516193331018e+00 -3.506463266101164100e-01 6.648999275978831336e-02 1.739077711222420872e-02 5.864112471966268642e-02 2.849977507384941853e-03
-5.826697423761237893e-01 -9.952296782888142568e-01 1.262204158946419741e-01 -5.896419169528466751e-03 -3.997219575146037339e-03 1.454836091635007371e-02
1.497313732142360410e+00 1.246564521753984467e+00 2.012765107624899519e-01 1.223798641601752876e-02 -8.270479393608554455e-03 -8.811033901749252759e-03
6.594457370094953808e-01 -3.141805327976112672e-01 -1.530346573432151379e-02 1.587037394819005437e-02 2.118568891082152003e-03 -8.632052398616129121e-03
-8.920455653359428139e-01 4.374703652101377682e-01 -7.139876070389199192e-02 -2.324853566932682039e-02 2.669898572456756020e-03 4.362577315123777194e-03
-1.158570136996373900e+00 -4.873003630045844720e-02 -5.881406464670888706e-02 2.042552061644323756e-03 -4.265420753535212979e-04 -4.674159724931911154e-05
-1.836043059478532191e+00 -4.443477576342196728e-02 5.109977261742204221e-03 1.941344627638040554e-02 5.443597024423878390e-03 -5.720549416275230335e-04
-1.242378520540407538e-01 -1.594390855308953914e-01 -1.070072221700039267e-01 -2.585656967510769136e-02 3.935678613361089963e-03 -8.321459338000290751e-03
1.548851816274164905e+00 1.207836523103468673e+00 1.126319403895398863e-01 -4.546793106498712121e-03 9.815445021582698201e-03 -4.911673128866748950e-03
7.456019284555375215e-01 7.330005914223609587e-01 1.124749436395378402e-02 9.246080212857926001e-03 -5.660921702850326732e-03 7.803638884859213573e-03
-1.370609263659120503e+00 -4.633063509405778158e-01 3.925532932019243360e-02 1.607976328273400760e-03 3.526498192587263717e-03 -4.898087778897564255e-03
9.820464065141056020e-02 7.456925733662070344e-02 -8.506791419319237324e-02 9.219533403029275126e-03 3.174314119023774038e-03 5.184295467188028937e-03
7.918772166078111852e-01 -3.945275502271810009e-01 2.277102754072215032e-02 2.950645288362616081e-02 -4.103271414062037610e-03 -7.853796750359911052e-03
-2.231656097563882390e+00 -1.665315593080381462e-01 -1.813982474530659306e-02 7.279365310531650838e-04 -5.354503736791686730e-03 -3.374585688487248374e-03
-3.854776382532095619e-02 -9.046501471121808358e-01 5.856453725157609314e-02 -3.544802855762791555e-02 -3.358052671625323324e-03 9.958231688752167826e-03
1.559464611532849876e+00 4.032407877462900608e-02 -1.440099415094316382e-01 -1.635950519415565194e-03 -1.837770909433553927e-03 1.967001550838753422e-03
1.563969409540527433e+00 -5.242543769165961542e-01 6.561319857691223084e-03 1.589881981957108311e-03 -1.043762365335593103e-03 -9.131453983876557795e-03
-7.319007507007645463e-01 -2.442608202348488244e-01 7.232803954413562393e-03 2.163117464114201402e-02 3.627683233107314737e-03 -5.262403583973246195e-03
-5.655834833660047245e-01 6.965280191198884863e-01 1.115015999242629091e-01 1.192390827101556285e-02 -4.925810130772741678e-03 9.597030911710251666e-04
-6.199545358940017348e-01 2.414750449791958353e-01 -2.010479845888253625e-02 1.879708346738217378e-02 3.881483764471933481e-04 5.746861446137147000e-03
4.929836408289070548e-01 6.906201873933757174e-01 -5.633030556150260548e-02 -1.190891788689887702e-02 -1.192453830272733597e-03 7.421073372778552203e-03
-1.425295458187598951e+00 -3.737922659041686413e-01 1.287640698587975974e-02 5.313378614785957063e-03 -6.691699080955888432e-03 -4.949367495394985973e-03
-2.278601746956503860e+00 2.191890606983578627e-01 1.622744968114365680e-02 3.821676622616594545e-03 4.286570777722605030e-03 6.151913043738012950e-04
-1.261450223158793849e+00 -7.112900128276651301e-01 6.477738094042195804e-02 -1.552383711593244807e-02 -2.224558030195669927e-03 -1.935728744619971534e-04
4.019929202265386525e-01 1.171534092368238911e+00 1.247741967559801435e-01 -2.122488109066486897e-02 -6.082078666686038934e-04 -7.150180369839066394e-03
1.735183548827363142e-01 -2.762135316576269650e-01 -5.064520455115645130e-03 2.005720114875002985e-02 4.383019257981834831e-03 -7.383135632380285161e-03
3.937164038311310454e-01 6.887260218114502619e-01 -5.374496835156067354e-02 -1.425555283692289676e-02 -2.855462934951621783e-03 7.826001172496854438e-03
-5.721401068201893425e-01 -2.612855025995967639e-01 -1.568375202413587952e-02 1.568784644885825100e-02 -2.797571591765839888e-03 -4.402484299319853536e-03
-1.086056071741039603e-01 -3.777519751510965418e-01 -1.341056955760751290e-02 -8.368860935270248935e-04 -4.319339358182017197e-03 -9.493514162559928832e-03
2.182098796277189834e+00 -8.021407071691594171e-01 7.883886625471389631e-02 6.910809697851051647e-03 2.420269881042819930e-03 5.531174512968308268e-03
-6.493924921184288657e-01 -5.971269152286793336e-01 5.770506150689630465e-02 2.538340343461791600e-03 -9.857596007835542698e-03 -4.633055791966854582e-03
1.659286491329040381e+00 -5.740385423428109313e-01 3.130039888305307175e-03 -4.777078703972766939e-03 2.482485827114819764e-03 -6.942419718718699159e-03
1.810806242913598707e+00 1.475746551818656771e+00 2.398246276700489454e-01 -2.509696079781342792e-02 4.102386468579015399e-03 -1.857143582092642825e-02
6.580734744440643047e-02 -1.075415530444481904e+00 1.182732602056154741e-01 -2.473378835797496525e-02 -2.050933004784451057e-03 1.949443320821230355e-02
3.167241396987130475e+00 -1.204208471686407433e+00 2.144785118059390205e-01 -2.092369206493125203e-02 1.189024166096630704e-03 2.362549970221236931e-02
-6.826452540872486319e-01 -3.676783511107001856e-01 -6.122061761334812724e-03 5.214677888345565539e-03 -1.021837262907283189e-02 -6.915300605106854473e-03
-9.442679466014118833e-04 -1.039875973142476706e+00 1.013935176220161216e-01 -3.004160624741817470e-02 -3.951155868005363364e-03 1.704642747267028427e-02
1.139869497320205927e+00 -1.764768732230359571e-01 -6.798698116051400675e-02 7.857891967011552958e-03 6.673388126185686615e-03 -6.067149486943102139e-03
-6.737580732350705315e-01 7.596244060327129732e-01 1.267197227525437564e-01 8.109431888145094205e-03 -6.090771629140231264e-03 -7.472031010605351522e-04
-9.888741188780819646e-01 -8.216025959689206015e-01 8.245196993590361845e-02 -1.344736440778178041e-02 -8.767795857798790435e-03 4.621636110279472333e-03
-1.894079408875313897e+00 2.701783927941053820e-01 -4.635925012476773896e-03 -3.159064333564115404e-04 -1.111988410865071691e-02 1.816093888940198105e-03
-1.187871635029980943e+00 7.781270450639098113e-02 -6.399341427554085249e-02 1.229242721032730015e-03 -5.711598487229094766e-03 7.458606298577462454e-04
6.278969741403876981e-01 -6.518133115980427883e-01 1.387485637436984207e-02 -1.552877092218331138e-02 -4.379285018141038273e-03 -4.849218535875652637e-03
-1.221163606214474617e+00 4.334586130659777159e-01 3.669024467017750063e-02 4.828027665792784980e-03 -5.557129901228667060e-04 1.416871549184159839e-03
-8.987055324192242400e-01 8.142319125647229372e-01 2.675456050398494767e-02 -3.613028114161462995e-02 1.332193407363302991e-03 2.532831746070175727e-04
-1.997893405057349012e-02 -1.419912252216339599e-01 -3.616302175086006515e-02 2.255252878177259335e-02 -3.384168751707672135e-03 -1.558766283758009985e-03
-9.176272858985035086e-01 2.850940574735741362e-01 -4.571920909355767226e-02 6.655519513230393445e-04 3.819757333188453187e-05 4.895951906486672132e-03
-5.045630794830125998e-01 3.377867098939773410e-02 -7.624517845133914340e-02 7.804694013906516604e-03 -4.036055888570402352e-03 2.831679044927564413e-03
1.285899284276424970e+00 -2.694889269604546778e-01 -3.854507857493272988e-02 2.153361340737197996e-02 -3.061617965048734485e-04 -6.031574431557902745e-03
1.058294810231603211e+00 -3.310361154238125603e-01 -3.012144348728526544e-02 1.080285774005932189e-02 -5.675234280981128476e-04 -9.356542652964115747e-03
8.108386922399172247e-01 3.865878086296630628e-02 -1.200370156132906929e-01 1.680831351468842563e-03 -4.389367619891844374e-03 1.375623794425421794e-03
-8.140538257324146931e-01 -4.070963437672602270e-01 3.487432377035870612e-02 1.575362004424755991e-02 -2.226058974772863498e-03 -6.019124328080567750e-03
1.346982030442285039e+00 1.145865256954124778e+00 1.207472234976191966e-01 6.023154229982285134e-03 -3.208646210191686866e-03 -4.141613758416484714e-03
5.152909545319314111e-01 -6.504649906376065438e-01 2.402618127948069962e-02 -1.355466098570724635e-02 4.350959960961200967e-03 -3.735448502338112667e-03
3.819985099683691487e-01 1.076632243205748019e+00 1.433891879175207829e-01 2.257004834872474493e-03 -1.023315124508451801e-02 -4.223334454598289163e-03
7.654243496660699808e-01 6.827417742758223884e-01 -4.103596389323482807e-02 -2.731976826797932311e-03 4.640304700848813489e-03 8.360347359581840609e-03
-8.344604060983665805e-01 -6.001641935147777884e-01 8.582124274014234222e-02 1.740632345697327651e-02 -7.459397104036107409e-03 -2.608003155862591294e-03
-1.397179221948004813e+00 -4.567388975398160578e-01 -4.346763788802807810e-03 -2.482298082781087337e-02 -1.696472142460275214e-03 -8.092072229745103651e-03
1.246032524163678490e+00 -1.354710207167982849e-01 -5.183502410032027330e-02 2.868257478844277869e-02 -3.256306325824489829e-03 -1.690147816338071060e-03
-2.265215967191000157e+00 2.342029247928915370e-01 9.124662287985602777e-03 1.539194970514483904e-03 2.102241073782449524e-04 1.946354655799665298e-04
-1.524455737777996811e+00 -6.499079570517423132e-01 4.023487137441797423e-02 -2.597931934080520769e-02 3.731037177189883624e-04 -2.673739436068526404e-03
-1.047138508449811267e+00 5.824157124561047949e-01 1.884293500639749180e-02 -1.460034210402067975e-02 6.495848944104262897e-04 1.812285184612546238e-03
-4.179378878382534329e-02 -2.286532156882473826e-02 -1.178366195826995866e-01 -1.272387642690022899e-02 3.378362463258435290e-03 -2.220464003687976258e-04
-1.980083245290429339e+00 -3.610750161644013523e-02 -6.548709974398703171e-02 -1.610758208946642261e-02 4.512421322718238384e-03 -2.714411946305541213e-03
-1.902186770362603307e-01 1.676761215489532275e-01 -3.866381460662288161e-02 2.309899321567406016e-02 1.638711513596968717e-03 5.535063852613876859e-03
-1.566692741880047146e+00 -3.575031703237376846e-01 -2.002130523819634772e-03 -8.237224728828889189e-03 -2.348893142284142269e-03 -6.871763033965438451e-03
-1.753871199573278750e+00 -1.836433506967961871e-01 -1.440259941189866652e-02 1.065151052348122657e-02 -8.083459513879415886e-03 -2.989587523743691359e-03
5.440757053340411487e-01 9.437415812942397952e-01 -1.733266734674369577e-02 -2.445951053785513571e-02 -8.412858459786705725e-03 3.145561133600431342e-03
-2.865629113048672183e-01 8.862352634470870294e-01 1.397835011048391418e-01 1.217924352419933604e-02 -1.293514689155110184e-02 -1.616901213152713377e-03
2.211554243652286811e+00 1.369674930512051692e+00 2.022612172836295852e-01 6.406755314839302721e-04 2.207167370171463257e-03 -1.158239536905146874e-02
1.907899331863282866e+00 1.758114897166611346e-01 -1.376466792565142205e-01 9.905353528239830771e-03 -1.787908740786909190e-03 6.491079352062981492e-03
2.402432341671286720e-01 -6.752885499184959617e-01 6.753114152673524162e-02 7.393624427843274380e-03 -6.118839769362993501e-03 -2.323662699491439807e-03
1.773296863211566432e+00 1.721276217066576020e-01 -1.154215588479899773e-01 1.914136393283322884e-02 -1.830896690130158358e-03 6.971209830670898298e-03
1.806769012433014909e+00 -5.223134288940688430e-01 -5.143312805333002252e-02 -3.121095794549318472e-02 8.074857821616860873e-03 -8.699517763132099540e-03
7.046992258055641001e-01 -9.563037927992974474e-01 1.094186746904327184e-01 -6.068464053640737661e-03 1.916198803522445229e-03 1.397265202943925345e-02
-1.678618534524803918e+00 4.136765295828943034e-01 1.386603427955008204e-02 -9.306643264038507932e-03 -1.306258189956908738e-03 3.328253502133328608e-04
1.109722089785163679e-01 -2.446648431298256432e-01 -4.519942027638739618e-02 8.479693780096012046e-03 -2.753430804083522275e-03 -5.711105072199058538e-03
-1.167598339842498945e+00 2.164341141412229885e-01 -5.553917610249021336e-02 3.756602619651957836e-04 -5.423775634250136389e-03 4.437792903128130739e-03
-1.839718168483694682e-01 5.272501723905408388e-01 -5.010816071895033558e-02 -1.237413504150393535e-02 -3.647988920202930360e-03 6.801146528586789891e-03
-1.005667197880823371e+00 8.550318868167803288e-01 1.537855210260783978e-01 2.234819167632322388e-03 4.874385625343817703e-03 -4.828505754520127230e-03
5.654586151649668713e-01 -5.725273150021428226e-01 3.736261896877672573e-02 6.549427802293684639e-03 -5.696921200793909033e-03 -7.764164388427244844e-03
6.301505274978158599e-02 4.444906490996263781e-01 -1.894882726226467667e-02 1.399226931756062872e-02 -9.492694341922030057e-03 7.265759240008694449e-03
9.993787860464969919e-01 -5.842005776785301752e-01 4.725859819500106279e-02 1.382904265101908212e-02 5.319092124830240853e-03 -6.690596629829974676e-03
1.387022295787217585e+00 1.036050157552624196e+00 1.007301446847250481e-01 1.919193747864558763e-02 -9.831092574354782093e-03 8.363112339635088953e-04
7.992050698806317799e-01 1.301901469361655517e+00 2.111108173072306082e-01 -1.375230511320376693e-02 -5.610744233586152999e-03 -1.361011151075819728e-02
1.912536587503606278e-01 -2.340952894010262797e-01 -6.584829219077646678e-02 -7.309316223740753085e-03 -6.024801617134887231e-03 -9.593186168114739218e-03
-4.246840669069762431e-01 4.918995384935448412e-01 6.553173494283084932e-02 2.221680397945211341e-02 -3.277095454899905556e-04 4.257492061183911977e-03
2.388057249838021256e+00 -3.837426495795084325e-01 -6.032033664265200323e-02 -1.340012417597117103e-02 7.672954778157487291e-03 -1.148486923407134562e-02
7.183055574987080583e-01 -2.979376435987996508e-01 -6.091351872751590846e-02 -9.420999338123042799e-03 9.464104452095407427e-04 -1.122936895358102490e-02
4.921930118274577826e-01 -5.362632881541241625e-01 8.971055247140414385e-03 -9.760950405189058529e-03 -1.600318601153199365e-03 -8.951401231625863777e-03
-9.315532570429070625e-02 -6.265673344891256047e-01 2.851880893740977793e-02 -1.112544652004187479e-02 -2.952036384086363305e-03 -5.966393436106233114e-03
-6.547298552350149237e-01 8.952344450258799963e-03 -1.159055924276633336e-02 3.542786442875844183e-02 -7.869123530589362814e-03 2.678629146122966671e-03
1.832786320380990208e+00 -8.000698975762519094e-01 7.924544754219547960e-02 7.002759689134823752e-03 1.296960858510442204e-03 5.336353636655843773e-03
-1.255036445635911990e+00 -3.619859358059831500e-01 -2.236772274465161081e-02 -1.709721319475357090e-02 -2.651217674012672915e-03 -8.626187363068634623e-03
-7.515680862259829231e-01 7.543107764723823161e-01 1.638914861257147193e-02 -3.049443319881892447e-02 1.184683451255439703e-02 2.337801801042234309e-03
9.550286473440066093e-01 -1.008176336102256210e+00 1.108907354338787843e-01 -1.281059335880166926e-02 -2.280940771003828020e-03 1.644369745822962803e-02
-1.482374840330052401e-01 8.349919399845271428e-01 5.127951030340120731e-02 -1.436324197311372904e-02 7.686440092074868675e-03 2.827975105618512567e-03
-2.719561870127062964e+00 -1.721778813123953367e-01 2.881574499218478216e-03 1.457848422008659007e-03 -2.350122891276752984e-03 -2.799557466830423971e-03
-1.277671854888454916e+00 4.578350600626326927e-01 5.215761298528282658e-02 5.366089597024580916e-03 -4.396153329523309547e-03 9.925570561030327055e-05
-5.138797367538048277e-01 3.384539611070752629e-01 -9.547745165683570179e-02 -1.347203377456260807e-02 -1.082262063984383745e-02 6.507354697531850772e-03
-2.427574548224960882e+00 -3.361396615210148764e-01 2.707787210155949281e-02 7.023460754064257683e-03 -3.085225484965440235e-03 -1.799679504623880218e-03
7.007658580161229001e-01 3.471981846837978170e-01 -1.103966874663117465e-01 -2.107167392756169235e-03 3.073402373148855383e-03 9.634970068789454681e-03
-1.441496023589795117e+00 -7.119869455625597865e-02 -4.678066962248520616e-02 7.098866901598002536e-04 2.588674015003129391e-03 -1.840302111118977775e-03
2.850039080366552069e-01 -1.165410879160690971e+00 1.611002542710061325e-01 -1.475113514177558809e-02 -7.858786383131496781e-04 2.282389343463846199e-02
-1.312165063743820914e+00 -1.118068113835117422e-01 4.567808060546450083e-02 4.547714215603324006e-02 -1.278914746143387012e-03 -3.983418358471687410e-04
-1.374853157841288365e+00 -3.727310429869954422e-01 2.378406514037140901e-02 9.264717179523717511e-03 -2.131896231656874984e-03 -4.485643113040018413e-03
-1.126812350892074432e+00 -1.968316005036261640e-01 -2.611672207087657391e-02 1.107846078017609565e-02 -4.575442628487694056e-03 -2.688364259568029341e-03
-1.636131511333155097e-01 6.713705202577655573e-01 2.228404298062622996e-02 -2.711969941126972632e-03 -2.669195611195704365e-03 4.129857045912320619e-03
-1.643149461899997554e+00 3.075011782415276035e-02 -2.594755163667967698e-02 1.356309755261808463e-02 -8.564906907250554799e-03 1.409835056665429852e-03
-1.992522384885720976e+00 -5.762172592422505624e-02 -1.909509379921453878e-02 4.269760358252821554e-03 7.078673386681186806e-03 -1.579899787286967883e-03
7.902036593964172351e-01 -5.362526628497175096e-01 -2.541720186885945872e-03 -1.068191932555417889e-02 2.994786643314813679e-04 -9.696856644492025945e-03
-8.876124287694202586e-01 6.455530275766927506e-01 -1.415035275656381479e-02 -2.916000359051019314e-02 4.835358542921077557e-03 2.533574201411359188e-03
-1.006811272395518486e+00 2.179427837238110399e-01 3.204905520566594945e-02 2.954989790528115765e-02 9.027753450520069334e-02 6.321403212946652243e-03
4.447369858152178113e-01 8.648178389403560207e-01 8.361741827853508280e-02 8.212855257813907184e-03 6.101820344360918240e-03 2.292624256334657544e-03
6.450220284307734975e-01 -5.095156827911320185e-01 3.344555902092026327e-04 -1.101509222436175897e-02 6.103525755191095692e-03 -9.452561378665852096e-03
-3.926539098484751467e-01 3.222230512868251018e-01 -9.149557231525255740e-02 -8.821632488654779225e-03 -2.624334338068602928e-03 6.608429250044433809e-03
-1.860355062929980319e+00 4.475942086565161127e-01 -5.315054863160768167e-03 -2.433920405249643745e-02 -1.174889130033232641e-04 7.371378321500697854e-04
-2.003750948816244715e-01 -7.351804712842572309e-01 1.012840555506442780e-01 1.371599910648558032e-02 -5.058301405729249099e-03 1.494988604507332909e-03
1.620134504261292019e+00 6.332747571350618720e-01 -7.110865781756837978e-02 1.485451276299301106e-02 -5.974320497626456512e-03 1.142518007158349093e-02
-9.235787996474480455e-01 1.947113353323363660e-01 -1.014265240794148676e-01 -1.753518276158600592e-02 2.188302548509805869e-04 5.134360450121725622e-03
4.699172682374321841e-01 7.037231853399966708e-01 4.763589812286972425e-02 1.675749102018458947e-02 2.040579451431343092e-03 6.300613368982772335e-03
-1.609103937159608977e+00 6.857919935923679766e-01 7.970348562104910550e-02 -2.185311284763033143e-02 3.848843348007834585e-03 -3.042325054117203578e-03
1.790561953591271349e+00 -6.270265579309404202e-01 1.073394176732992214e-02 -7.712854194818169300e-03 3.652042286920290353e-03 -4.085499488944130224e-03
7.269557519085166897e-01 -4.676305840815216941e-01 -1.301854476649215268e-02 -7.736495852791215599e-03 -5.384658265393958178e-03 -1.102278548209435598e-02
7.240029994655086121e-01 3.773085511452443641e-01 -9.028089049991085135e-02 5.873143821794525599e-03 -3.693304679536034332e-03 1.008256491350549219e-02
4.773817431597935368e-01 -1.706801849128584680e-01 -6.723476372215946018e-02 7.355900982669010685e-03 -2.438079518559897393e-03 -5.228811873923187165e-03
-5.811020156943362824e-01 3.194058795502757175e-01 -1.058344081126139508e-01 -1.982294679306673829e-02 3.182626485995588639e-04 5.563420384786549322e-03
-1.391021891578126723e+00 -1.981846359380490807e-01 -2.957188062633014924e-02 -2.131946091261616768e-03 -1.316302744976556019e-03 -6.151689646000068658e-03
-1.214556123024169709e+00 -4.040333994558249486e-01 3.869545213640746429e-03 -6.510080105636904292e-03 -5.370855647886744154e-03 -7.235562083284013436e-03
-9.840786380854585902e-01 1.692112518766701046e-01 -4.623246935248895989e-02 1.069751124157013178e-02 -5.841739035690476922e-03 3.547436107705232485e-03
-1.557398529464133707e+00 2.035435280651408663e-01 8.195085130800161891e-03 1.603281831452996187e-02 -6.197983223208484473e-03 3.953621429260864746e-03
-1.280885319010601986e+00 1.333505679332254446e-01 -6.153043724527403752e-02 -4.815998140647144367e-04 -5.177757394797967601e-03 4.050514124137140522e-03
4.659549933645300013e-01 -3.066353999564558341e-01 -6.124584272064632212e-02 -1.487026948048559422e-02 3.387040814585243892e-03 -1.132812556809270448e-02
-1.940999576875960531e-01 -3.892364343599046261e-01 -2.401657492238665551e-02 -1.150770191100443374e-02 2.528146633353804077e-03 -1.017121139543942024e-02
1.259327312370277063e+00 1.237849530201874659e-01 -1.267005967468431415e-01 6.579417418246268079e-03 3.193610120313141983e-05 5.928874427847325053e-03
-1.168514713839473584e+00 -1.692566665166425344e-01 1.591456560202382173e-02 2.875442909991215643e-02 -1.681543719971993886e-03 -3.041403755003603722e-03
1.157586933421679953e+00 2.310609770548604225e-01 -1.102228771091957049e-01 1.191939120621739352e-02 -3.585869262878728543e-03 8.675155451454910280e-03
-1.576550609266644809e+00 -6.006110917805948524e-02 -6.669805562731803694e-02 -1.058794709353315378e-02 -2.081674458266063055e-03 -4.385607349397122913e-03
1.025552004314472132e+00 3.433546181510009343e-01 -8.391575978656515278e-02 1.713225672187023221e-02 -9.825298735359360748e-04 1.033163744185504850e-02
-1.208572458889261236e+00 -2.857871404341194577e-01 -3.707512315995085961e-02 -7.966675719890504298e-03 -5.359333037992769500e-03 -6.240586322319649493e-03
-3.278165571722890803e-01 -8.265418190760384087e-01 9.002644949069117664e-02 -5.884282445359520324e-03 -4.673764402724724294e-04 6.435603083518607638e-03
-1.133375619504637832e+00 4.507158841893390000e-01 2.743406443952390791e-02 1.203934333300803010e-03 -7.144543235161819432e-04 2.194230536500682126e-03
-1.131773452390568480e+00 1.509354423595509476e-01 -1.091984325182260990e-01 -2.331805780000085343e-02 1.602703348093378584e-03 8.473891952154074658e-04
-9.192695606902443473e-01 4.728438028810905136e-01 9.420930209850460202e-02 2.313250978809178182e-02 4.796188025656756941e-03 1.117897995539346781e-03
4.994185977868723647e-01 -3.337703309022608256e-01 -4.100172877515492059e-02 -6.730952491027329806e-04 -1.139897536781080264e-03 -8.801362329982135441e-03
-2.025666476216139156e+00 -3.977940778032935248e-02 2.359349186311058416e-02 2.333606336569605394e-02 6.616332167020281228e-03 5.709687576780171549e-04
-7.652224651305131742e-01 5.304497321406240196e-02 -1.068595679303956103e-01 -1.169229542355420745e-02 3.216394195340542268e-04 1.657254974650496310e-03
3.340581814519063414e-02 -3.558147097445227280e-01 -3.491225841531810092e-02 -5.108763353450942665e-03 -3.552160131172639977e-03 -9.355443426556527692e-03
-6.901706326645384859e-01 4.968890249692340944e-01 -3.707151403137758094e-02 -1.600073812129461717e-02 3.897821427357020096e-03 4.743372554654842928e-03
-5.949065603168806476e-02 4.428514843211287522e-01 -2.084570000624941504e-03 1.493221885332420874e-02 -5.385008732529251822e-03 7.199734401642098221e-03
7.567239570666468573e-01 5.306845860037782137e-01 -4.629026280559282031e-02 9.504166638381010904e-03 -2.076066375590216589e-03 9.365292893962795170e-03
1.515010838827358874e+00 3.982491104478411148e-01 -1.197101115200156773e-01 8.035494749505640508e-03 1.669920462633610976e-03 1.047563196465356797e-02
-1.115651534284911595e+00 -1.083091295783007307e-01 -2.757834399376411089e-02 1.662066780127324436e-02 -3.184325869517282397e-03 -4.549027612134843115e-04
9.603296834485144373e-01 6.083971444306818938e-02 -1.401362581982586730e-01 -6.856420474591860825e-03 2.379431218417748291e-03 2.118891780368087775e-03
-9.152512294336512255e-01 4.620633157032477678e-01 -8.027517235924880312e-02 -3.283728892678901279e-02 4.673201045606333037e-03 5.734759800923442015e-03
-1.714563874968141194e-02 3.507761673831102378e-01 -6.742218354609991193e-02 3.388318633440510520e-03 -2.967765096807934311e-03 8.101889029586067242e-03
-1.242484976488796855e+00 -1.529973087484064465e-01 3.425142406872898337e-02 4.107105906962800479e-02 2.093537514480273403e-03 -8.681216045823853672e-04
-1.301294103274864278e-01 -4.634963135050992888e-01 -6.964879472676187462e-03 -1.195364892944174307e-02 -2.956611890139490377e-03 -1.040389362554789213e-02
1.273290621835005521e+00 9.841689922741633234e-01 3.757944056900264923e-02 5.674198737397613546e-03 2.929075227189063737e-03 2.448771356123300314e-03
8.628379948377809527e-02 -8.759862464294322359e-01 1.315118911473384389e-01 1.775204489445137215e-02 -1.715425223018006646e-03 9.579643951870730340e-03
1.397877584725177647e+00 -8.354561902278276886e-01 7.602865854059584483e-02 -3.503216832000355298e-03 3.215208308240272497e-03 6.552354947833094814e-03
2.727400188577815410e-01 1.109261338248434869e+00 1.088732243927634930e-01 -1.630834551269936747e-02 -6.942419106962573368e-03 -5.048420521856580162e-03
1.485899036442960730e+00 9.028341640243527921e-01 -1.383624177802097489e-02 6.963032101208443394e-04 6.651979719313720271e-03 6.059623987906989813e-03
-1.765759895256497458e+00 -2.613910288318734843e-01 2.857184667671960887e-02 2.710655849912239207e-02 -8.003680685840309020e-03 -1.710776196084284884e-03
-2.245596454315458290e-01 1.016658796761902739e+00 1.085289910051980833e-01 -1.651577448517363086e-02 -3.655267917398344162e-03 -3.126945569001894545e-03
-4.662219943524783528e-01 -5.020015628216713960e-02 -1.049362463067649298e-01 -1.404243190868509523e-02 1.848697980082256512e-03 -3.099179645290304781e-03
1.104051922680870490e+00 -6.757792913426737824e-01 1.448802126714215759e-02 -1.724239758012762955e-02 7.140282165833297364e-04 -2.479089500392267845e-03
-5.928235678883879700e-01 8.611765914803036770e-01 7.587186594598607781e-02 -1.779366446998282073e-02 3.262165488512847825e-03 -1.044806143878072337e-03
2.454352328926851790e-01 -2.436271130001469581e-02 -6.794676452618966800e-02 1.417237641107526452e-02 2.971678316710114030e-03 -3.307988268559940875e-04
-1.148219861678048126e+00 -2.272963631764671755e-01 -6.215286816867396369e-02 -1.809034151296652626e-02 -6.379733374985567182e-03 -8.485083501353640062e-03
2.191265663055304902e+00 -2.551155263986010224e-01 -6.340374121220376802e-02 8.545526965044469153e-03 2.917298451952353606e-03 -8.614469298208244155e-03
-2.885893237589113314e-01 -4.548453369851845340e-01 3.025487303869243971e-02 1.277877864344861836e-02 -7.211621229960796589e-03 -7.449988999200553297e-03
-8.402831769704264264e-01 -6.146089944638413183e-01 7.148628129712758300e-04 -3.847420862256014512e-02 3.102933468464526279e-03 -5.615593994133802509e-03
2.590702044799668702e+00 -4.039548591267926869e-01 -6.295017312282784328e-02 -1.556968334338777391e-02 8.548786375943638258e-03 -1.096911538355359143e-02
1.481557943577304082e+00 1.396013141519092171e+00 2.754968505798802147e-01 -6.448461952876166810e-03 -3.339271038036607710e-03 -1.774427298555775884e-02
-8.654675765077652905e-01 -1.604851367038243604e-01 -3.318911594822625266e-02 1.124173257057747323e-02 -4.641634806726285117e-03 -3.813710426524111272e-03
-3.614454024612221983e-01 -3.292707246594998582e-01 1.214632057080086182e-02 1.894479779378192494e-02 -4.336271157552763419e-03 -6.530772429013503334e-03
-7.374080158197291457e-01 9.031612424516326509e-01 5.674354015683385349e-02 -2.980839284059748004e-02 -4.019929939211384223e-03 -2.435644363312399960e-03
-2.839955537969020560e-01 -2.108050290088779033e-01 -1.785248995331755600e-02 2.239498751812693880e-02 -1.311250438858702983e-03 -3.442203405275379678e-03
6.703123562759848442e-01 7.312495696886580632e-01 1.728428673910722968e-02 8.629435786827328522e-03 8.589629159792413343e-03 6.575765423565773510e-03
1.981486533729141408e+00 5.681324934529949910e-01 -1.201477447796511222e-01 9.294278139638043751e-03 2.677073487442523927e-04 1.078261348612951677e-02
-9.388582966958873843e-01 -8.177138236673323624e-01 9.337701151985056125e-02 -8.714691109812617437e-03 -9.946673303851626645e-04 5.298976910804588381e-03
1.235585815359578760e-01 -3.616160925144648597e-01 2.794030488312580773e-02 3.344167882373948880e-02 -5.336762373259342808e-03 -5.803900501005309145e-03
1.291277503233351220e-01 6.635458515109692312e-01 4.424094309433901362e-02 9.168230449704896021e-03 -4.985026714210314628e-04 6.386690968256314091e-03
-7.579638626009691516e-01 8.894971749650831816e-02 -1.103442581522559108e-03 3.467624853782475675e-02 2.590511012429626541e-03 5.039468372521019313e-03
-2.140861218438622426e+00 -4.289187421688243074e-01 3.838235301260122662e-02 2.328295578239044511e-03 -9.623809480942085298e-03 -2.958352005365480659e-03
-1.422922928224014116e+00 5.725059652905810648e-01 5.035921043052585255e-02 -1.450434209660736440e-02 2.863277358318836851e-03 -1.954223918852588087e-04
4.312592104285279532e-02 5.705749368692153434e-01 4.236091082234569316e-02 1.778129382818059365e-02 -1.269820984839473816e-04 5.889239184998839270e-03
1.271047927233308394e+00 3.642775831963546151e-01 -8.741318692870708729e-02 2.050273457021781556e-02 -5.982413389770403246e-03 1.028521925728373941e-02
1.242267770308483621e-01 3.357921443280038609e-01 -6.302012193998220158e-02 5.348934163809390165e-03 5.094067777219392357e-02 9.320563196871373829e-03
-1.649746715725741719e+00 2.638325142340273710e-01 -2.705359969098532560e-02 -3.761783568895163063e-03 5.378001635768243915e-03 1.634641303481297429e-03
-1.271063946250904575e+00 2.700779563220799817e-01 -6.951229379318771273e-02 -1.131755645141717045e-02 -5.647731043031775644e-03 4.093553907159929416e-03
7.196071128572854025e-01 -1.129792006963924456e-01 -8.314597030752757245e-02 8.972329991296244117e-03 -8.323260562744188131e-04 -1.874755880799368639e-03
-1.163818951414380756e-02 -3.298522868314554546e-01 -3.435042024819834252e-03 1.223242601515985017e-02 -3.161866529852968080e-03 -8.359856075934136294e-03
-3.427256386224987184e-01 2.452538703947867438e-01 -2.422744942264521556e-02 2.489037698707832758e-02 -2.983083769807642633e-03 7.096810841976555588e-03
2.396539483027440465e+00 -1.027525933050841500e+00 1.119411540430250845e-01 -2.305142655111115310e-02 3.111567710868963065e-03 1.800814553117046843e-02
1.761224511783791247e+00 5.758711621414768222e-01 -9.974986231780454127e-02 1.101674803769156497e-02 1.174025998950949286e-03 1.110781021552105161e-02
-1.458063600530756787e+00 3.494642883542301015e-01 2.614994644207906810e-02 7.702752451784974225e-03 -6.858427453582824351e-03 1.951818625303714753e-03
-1.358604158200026335e-01 6.219359341759146398e-01 -1.066863475109689485e-01 -3.864351994778074395e-02 2.739419389808453193e-04 6.953723949862211651e-03
-5.452460762113858772e-01 -2.703932047665084659e-01 -3.724835678658252464e-02 -3.039361356465536314e-03 6.957421301808841465e-04 -7.944812427395978732e-03
-6.999114690295161756e-01 -1.636852844596496104e-01 1.405685250902018180e-03 3.171802959513685821e-02 2.973264235172475012e-03 -8.155604761038832105e-04
-1.566316226424899094e+00 -1.413708340622942261e-01 2.265915079594085085e-02 2.975415703759954483e-02 2.534281378228645226e-03 -1.070699649226171130e-03
1.021128328715187605e-01 -1.707704187894039383e-01 -8.253166124291688721e-02 -6.084737616756566610e-03 1.737916777080158841e-03 -5.225874046414308305e-03
-5.219603538934889375e-01 -5.176672607798371573e-01 3.812917625943870736e-02 1.240936215335924648e-03 5.294920858351490414e-03 -6.439379376980377753e-03
-3.620352694024256968e-01 -1.559399169979660549e-01 -3.557321460925091244e-02 1.422623606504413649e-02 5.905146661485647513e-03 -4.223547004882958859e-03
7.316631757399408853e-01 5.492494144173732523e-02 -1.515550821418613081e-01 -1.520244887690771866e-02 -4.973111960435512915e-03 -4.084709767259725867e-04
1.149191718438781651e+00 7.178251723150645969e-01 -1.612863953899564690e-02 1.312316143846746497e-02 -3.444469959487090390e-03 9.107409546828777042e-03
-1.560385892476333192e+00 -1.337846299286863175e-02 -3.935889810098799207e-02 8.309223228253411961e-03 -7.755858792146258333e-03 -2.685739399430621638e-04
1.436149144467180117e+00 -4.482217364868954501e-01 -1.378947951662546322e-02 -1.011642369939297174e-03 2.534580198611898448e-03 -1.044840282448005787e-02
-8.947106793295651617e-01 -1.408393600339008234e-01 9.294810232780399695e-03 3.292810204851073091e-02 3.629967532178099334e-03 -1.504418996896875150e-03
-6.975003368653011071e-01 2.065263086418832328e-02 -1.052369217699035409e-02 3.097384944167736257e-02 1.642540404612487617e-04 1.878153138611960262e-03
1.182023597310405405e+00 -2.287392290610152090e-01 -4.891868884768110076e-02 1.316006460685074583e-02 4.295394981502895573e-03 -7.467662871145278221e-03
-4.790764893493509868e-01 8.000800927178199906e-01 1.396961355951676365e-01 1.620487985153340818e-02 -6.156827339907516329e-03 -1.750531001179407966e-03
-5.362999463336862727e-01 8.725364273254445635e-01 2.946068416537694218e-02 -3.343817728736118294e-02 7.242280765134044909e-03 -4.893244227515971086e-05
-1.702017720793858879e-01 -7.994591155184699316e-02 -4.355191747471921088e-02 2.050802525891948572e-02 1.963340649280440661e-03 -3.600122143261555050e-04
1.438237700936509933e-01 -7.090336024993363351e-01 6.895932857107586744e-02 2.090613885292184025e-03 2.537392964607924645e-03 -5.273722811442528623e-04
3.539926281001243291e-01 -4.737317818726473617e-01 2.189331448493101601e-02 9.181551619358576180e-03 -7.654859825492153769e-04 -8.778536725485180589e-03
1.389244049252301494e+00 -3.106796926990653684e-01 -6.199215866703383648e-02 -5.854660483806914915e-03 5.347730898174807290e-03 -1.000492538535812173e-02
1.342509259829582025e+00 -6.487706768615333353e-01 3.242762703272292907e-02 1.859737074162940958e-03 3.749494855230752453e-03 -3.967921240459408583e-03
9.569101182161845465e-01 -5.520301947669289389e-01 4.008690043993069145e-04 -1.169618601359264341e-02 2.733305106643315815e-03 -8.585435134799193277e-03
5.561973094332870460e-01 -1.245129246221848979e-01 -9.787756745774098266e-02 -6.361268881371576200e-03 3.465205814484767673e-03 -4.292353767226772185e-03
-1.148318309186149334e-02 8.370372025861422260e-01 1.114357308669060125e-02 -1.839062948113931797e-02 -7.965211829898712070e-03 2.345941430989150443e-03
4.823772526785847226e-01 3.932287033255381092e-01 -9.616316221463008795e-02 2.500552658710587881e-04 -8.369732162748512103e-03 9.122852919892289816e-03
-1.119781738967541851e-01 -2.767797353289923601e-01 -7.233022060098331929e-02 -1.872600072632623486e-02 2.509695174243826120e-03 -9.171781659009873092e-03
8.420914496945960392e-01 -2.215191204721729812e-01 -5.446488471895916117e-02 9.976684503754367633e-03 2.775334072384615190e-03 -6.262560793948862732e-03
3.915679434369971901e-01 -5.001648897289910911e-01 3.032369478817916256e-02 7.402540840136623453e-03 1.698126510551910750e-03 -8.228328632129184098e-03
-1.656807175526490816e+00 -3.394294677770792051e-02 -2.994798955080373720e-02 1.019128086923668311e-02 -9.637590475958539640e-03 4.004349088461731467e-04
7.412618776133413911e-01 1.466805513421527707e-01 -1.274471458483585062e-01 4.547126237712703872e-04 -4.244423841391505720e-03 5.231381421378347371e-03
1.412385098414173035e+00 -2.422909639363236833e-01 -8.438560536791672728e-02 -1.025090246111317813e-02 2.901587447768980924e-03 -9.950710669150717239e-03
-1.307217341648228448e+00 1.892813740611884732e-01 -4.170561354156946537e-02 6.855945535376889097e-03 -9.390826074603380452e-03 3.790163260655935677e-03
-7.560048213433157027e-01 5.766486902426561922e-01 4.189619795320735640e-02 7.430819543411461845e-04 -8.031948699446039841e-03 1.533839811423376356e-03
-6.100994177397519591e-01 -8.684090249284581731e-02 2.365279019757135504e-02 4.960408695511662330e-02 -4.789854974286727324e-03 7.248322674881753965e-04
-1.654629648590672852e+00 2.579935038527493285e-01 -6.994768215378270593e-02 -2.094577763835191522e-02 3.165561574068231215e-03 2.713430380931974514e-03
-1.591109739710052873e+00 -5.335230766627476751e-01 7.885104223091940479e-02 1.234402751875008676e-02 1.454897952274408768e-03 -2.423779184835631213e-03
1.700507063681418130e+00 2.502773010768489237e-01 -1.454648603724511824e-01 4.919487562894541907e-03 -2.658463209201514851e-03 7.669853119063646876e-03
1.260493443132671754e+00 -2.964161181985298932e-02 -5.421815109839650537e-02 3.896918613450781055e-02 -1.265010990387715421e-03 4.384366381055343313e-03
8.538090766258761288e-01 -4.353103586238925571e-01 -2.475712585986121483e-02 -1.237665504638960079e-02 5.033916729208105616e-03 -1.125231937762776607e-02
2.130802631411014225e+00 -6.159950417739937789e-01 7.342677534564798388e-03 -6.218984671800888674e-03 3.642536430674901595e-03 -3.988465410745955543e-03
9.423466758464520421e-01 6.918148632688052579e-01 -2.477881525522938888e-02 8.504462798227628920e-03 -6.834683114277905966e-03 8.865514089888107060e-03
2.158254219716042865e-01 -2.160695184407118719e-01 -5.111952318302260406e-02 5.555809552569538831e-03 -4.734972498361353539e-03 -7.249853101463390320e-03
1.899325110093341429e-01 -6.715156823321953850e-01 3.787127404927963931e-02 -9.843140203782433859e-03 -5.032703288804876197e-03 -3.066298836990230450e-03
-2.729561745079578383e-01 5.171780803636243373e-01 -4.833031761753315420e-02 -1.419367452608907842e-02 1.985976297550406597e-03 7.120693720120633251e-03
-1.286738313571805570e+00 4.800414047726266897e-01 -6.512231429788269479e-03 -1.691704286523021405e-02 5.777667241915583271e-03 2.271792654988715951e-03
-1.319667226041053576e+00 -7.999597074949972297e-01 5.285607278815936810e-02 -3.586283284836883078e-02 1.729551346926763971e-03 4.136711194712133950e-03
4.750184024446035269e-01 9.440886795087362338e-02 -1.070327939858716632e-01 2.544674399921554447e-03 6.718788836388839541e-04 2.766825898865665160e-03
-6.395999174326277847e-01 2.023540828561055660e-01 -6.345204242016606877e-02 2.671611871300529507e-03 4.163176230798182852e-03 4.534361770241013105e-03
-1.798717248995150009e-01 -9.133501714438253538e-01 1.101170495080318473e-01 -3.452613233053258325e-03 -1.755845321507312979e-03 1.124252902983001803e-02
-5.702205367355470678e-01 -4.027445105939265191e-01 -4.523141400140749668e-02 -3.191238884621541011e-02 2.123264734361468477e-03 -1.147991342899332828e-02
-4.951768009118797109e-01 5.916901801754322898e-01 4.156705687793706139e-02 1.501128067477961597e-03 6.767712088696147162e-03 4.341324897245877994e-03
-1.853879672653817368e+00 -2.172675843965273523e-01 1.453531732188391955e-02 2.010026375861763068e-02 1.964339978879772654e-03 -1.524435491665636789e-03
-1.873785810254426476e+00 -4.620859868694476291e-01 4.671583277349721647e-02 -7.965498148857740046e-04 4.014402043633389684e-03 -3.629213919530826539e-03
