4.607991624491419635e+00 2.519889526526343793e-01 3.646936767178812766e-01 -1.827118807072917323e-02 3.020275222128417005e-03 -1.540855448724607647e-02
6.978148667673854666e-01 1.160098783049270076e-02 -2.196481411827779506e-01 1.192345968845523289e-02 4.160454167926062874e-03 2.083294229208956143e-04
-1.354436120282440648e-01 -3.450600211091460201e-01 -4.174039853414086843e-02 3.769775652702198228e-03 3.961906901365614374e-03 6.508817115028220530e-03
-1.677008544057818629e-01 -5.606649454160174129e-01 -2.195067017474779808e-02 2.167360919364087410e-02 1.405481126313348544e-03 2.545309280843633878e-03
-5.638937784418883714e-01 -3.874283229640629322e-01 -4.859085972475860049e-02 4.648314103933295742e-03 2.660868657416491732e-03 3.453188311872332477e-03
2.847370467206559397e+00 -1.531375392455563977e-01 1.801925898381048774e-01 -2.853733729028808900e-04 8.209933404836023199e-03 -8.847507448499179750e-03
-2.792626361595792472e-01 6.701986479902366511e-01 5.631415160430729844e-02 1.632637410539713053e-03 -2.927393413614071301e-03 2.945422676899593726e-03
-3.540793669167123792e-01 -1.795205056853900819e-02 -9.784085569669706550e-02 1.637256964328149579e-03 -4.506874269830925088e-03 -3.910480434560037293e-03
1.321578547688694316e-01 7.186248866738702279e-02 -4.962157092818531012e-02 -1.521151405632287928e-02 6.641793507686179557e-03 3.999309393878078094e-03
-1.862558657232280535e+00 3.154776110149824508e-01 1.156272718372200331e-01 1.435323205864931506e-02 -4.664448040075606754e-03 -1.765709133171082957e-03
4.928308226494959032e-01 1.079099092078153799e+00 1.004406512937373319e-01 4.604183785723953322e-03 2.760936335735002158e-03 8.086312998848097996e-03
-8.847725634020008056e-02 5.779775807830694889e-01 2.262182400681597705e-02 -6.686375263334847462e-03 -2.619104517136290090e-03 1.793035672819466271e-03
2.207058584752993602e-01 -5.538344081298413046e-01 5.683400560847556154e-02 1.307009169124663528e-02 -6.944665612383556230e-03 2.331860166525351503e-03
1.368912947425847682e+00 -4.309970062194870555e-01 2.869497819966301821e-02 1.764405312686769672e-02 -9.101811411109978975e-03 -2.440230284866825704e-03
-6.015114920730041392e-01 1.599695810133379970e-01 1.326390208260698608e-03 -1.308505756784084963e-02 -3.393851233072531139e-03 -3.816133801458371656e-03
2.543517014595452763e-01 8.839282403338640792e-01 4.293830130683416041e-02 8.571210071344289097e-03 4.079938444118304600e-03 6.504586532847419535e-03
-1.934647536657708999e-01 1.077186856635280909e+00 1.341449712568666686e-01 3.473468703422143838e-02 4.251567058820628422e-03 5.474076810441843438e-03
5.460234280678941815e-02 -1.378749404295400438e-01 -5.422886136677305957e-02 -8.857353322676890517e-03 3.267443950823021529e-03 5.031544845544456274e-03
-5.471511196962867141e-01 5.931576015502899347e-03 -7.627135163564482956e-02 1.309595968229071991e-03 -3.527579433767370418e-03 -2.925161151187126093e-03
-8.619254468854636864e-01 -4.564023302731313181e-01 -4.559312106480870735e-02 9.097504421954888745e-03 5.915927202170856089e-03 7.731927200650267219e-04
-3.566933834656850766e-01 -9.416558792057388994e-02 -1.083548550709792363e-01 1.431451305156695520e-03 -7.974085409876830940e-03 -2.518296034736655989e-03
3.120938117563162972e+00 -9.851161290936660819e-02 1.353347835651545761e-01 3.233090442801059804e-03 4.815600996323866900e-03 -1.484255915066342961e-02
2.623685318744074291e+00 -1.504937409988728603e-01 8.222323000680444027e-02 2.958502255030530880e-04 2.923242559504228913e-03 -1.054527546893692554e-02
7.707067630490753718e-01 4.188646777846657954e-01 -1.328556177711540387e-01 -6.965737597989399808e-03 6.124860250307152809e-03 3.800894495448158602e-03
5.616699772823580128e-02 -1.693684688453539200e-01 -4.110222522259981970e-02 -8.326773255078920646e-03 7.072076043124928164e-03 5.191569944440078271e-03
2.455010603912209100e-01 -5.591099651171524965e-01 1.496435663425852713e-01 -3.140937418739111423e-03 -8.096039645415819067e-03 1.626575621011531331e-02
-4.261204291861093174e-01 -2.042468927982370452e-01 -4.113761335229687566e-02 -6.886348964052003627e-03 4.270907153785414093e-03 -5.186147030276876384e-04
-1.708378269346348066e+00 -8.418038695701391544e-03 7.495795730075467678e-02 -4.193782130902529333e-03 -2.148415570235561334e-03 -2.455700489451894276e-03
1.535809264935576179e-01 -4.725574934215436840e-01 2.810676539227225171e-03 1.448459029469732241e-02 -6.893478752607531609e-03 1.372886698992672365e-03
1.667161340581020612e+00 -1.372744131324807604e-01 -8.643314660017019369e-02 9.388780536212396749e-03 -1.165798878709414050e-03 -5.002208079456332314e-03
8.240342168014187507e-01 -4.312166106164273538e-01 -3.034415180906675433e-02 1.956027737258619198e-02 -5.138757718341773091e-03 1.767880780913862323e-03
1.357058538703656003e+00 -3.422865539874472285e-01 7.187350018149475661e-02 4.003844119152366252e-03 -5.264231482924926903e-03 -9.501404270697963363e-04
-8.660946234016793366e-02 6.961083342417679898e-01 4.298206746559677521e-02 3.929209481829705605e-04 7.409949385173122873e-04 2.063741646071147549e-03
-1.099766823961004558e+00 -7.530387044130419649e-02 2.459989801084326230e-02 -1.322193627225638074e-02 -1.737033321880478891e-03 -3.313341763420791022e-03
-5.443438179800395155e-03 -4.456164363423085750e-01 -1.013940868630236122e-02 1.022760870063170804e-02 -3.675980780168011490e-03 -1.373778945201044798e-03
3.092206350097548850e-01 -3.805042331407963996e-01 3.026862356758018222e-02 1.621504605887925075e-03 -3.309132169414475723e-03 2.665413781675873058e-03
9.760512155875404883e-01 2.652249051804329572e-01 -1.049653806413860108e-01 -1.800903361109226428e-02 8.054333266403947839e-04 1.572431334329145967e-03
7.519594308625547896e-01 -4.229839833401642379e-01 8.757516681641944190e-02 4.759441204313053127e-03 -2.602069640759543771e-03 9.723631064975384389e-03
1.517385186638981365e+00 1.080452875139445157e-01 -1.244303052988901814e-01 -1.045027563755181188e-02 -8.990014216558947372e-04 9.399093535897465150e-04
-8.848864129467284290e-01 7.103930233531867700e-01 8.704609554673443939e-02 2.842862704858624412e-02 -1.730426401988868160e-03 7.632298045247925232e-04
3.244706810752084197e-02 -5.592594321572836868e-01 1.497652055646848598e-02 2.062818430374269846e-02 2.553856825535996949e-03 4.279376005856250914e-03
4.028181848319891678e-01 -3.021745139253778634e-02 -4.303661062368584894e-02 -1.660254745687425593e-02 -1.387682016415936860e-03 -1.705111260819177819e-04
-1.930224658019521256e+00 1.555760435513950657e-01 1.017030092340872743e-01 7.502366676540222178e-03 -3.958924111106118179e-03 -4.288128117511004825e-03
-2.103493311578681080e-01 -4.464164448821588693e-01 -7.773120810198763664e-02 1.835330199311024924e-02 3.809358066857608093e-03 2.645976830898297510e-04
-2.841982542692920721e-01 4.110460352721509447e-02 -7.570956055100373783e-02 -4.266034959335839212e-03 2.146280698625063158e-03 -1.156170864703562427e-03
5.482628168161457483e-01 -3.055495501719543983e-01 -1.258400242404089826e-02 1.726865360420126424e-03 3.474489903627585394e-03 7.597625365368063273e-03
-4.091809164873594917e-01 2.079612668302940979e-03 -1.253149445264172546e-01 7.414760116167555017e-03 -2.867702024552743704e-03 -4.006491789879606212e-03
-6.037059865181751417e-02 2.270968872533908056e-01 -7.741797740857815115e-03 -2.150886392038298470e-02 -2.939544004090123303e-03 -3.933437936543894217e-03
-1.662040561645372838e+00 5.284699992490852205e-01 1.601622941780262710e-01 1.693655582795732320e-02 2.883382726419613136e-03 -2.701810315392700040e-03
-1.806580113225259243e+00 4.474990891106229995e-02 7.794519344633554780e-02 6.374197493667306319e-04 -4.588474193051779795e-03 -5.133068337539263212e-03
-1.373071862829768341e-01 -2.359241343860737639e-01 4.388536781140361248e-02 -2.234856150136412672e-02 -2.141239560563172129e-04 9.318242451741207827e-03
2.483058815201751202e+00 -1.415441012015379307e-01 1.875655359194857430e-01 -1.618404149112390514e-02 -1.840350753161304085e-03 -2.216511780363696841e-03
-2.447434912303197985e-01 9.074006748531435740e-01 1.132922006688539956e-01 1.462395043352967064e-02 -1.766115087909511877e-03 4.996319267546384287e-03
-6.249102751126202338e-02 3.850830576475912093e-01 -4.154274337127464301e-02 -4.483848263738135845e-03 7.201551181939156929e-03 -7.361843999870885599e-04
-8.661883617721766182e-01 -3.488511183670347515e-01 -9.240056277049189803e-02 1.229021032715134527e-02 3.762858942572043421e-03 -2.833431021524224214e-03
1.063748774813239484e+00 -3.884709399733017876e-01 2.726249039120417703e-02 1.248351923014725563e-02 7.038243398899576148e-03 3.828174284569252003e-03
-5.147862497024756623e-01 1.183140900499601994e-01 -8.713503621420524980e-02 5.099295543331397451e-03 -2.214786041566666613e-03 -5.129440387963206567e-03
2.961220357235976874e-01 2.850143929514173946e-01 -9.966234698644371726e-02 -7.683129539933274653e-03 -3.221151189259106873e-03 -6.146475014430605351e-04
7.172514270492887922e-01 -4.666992030012648285e-01 -5.897481275105902893e-02 2.846256848237344733e-02 -3.707683147931903084e-03 -5.847516006052464604e-03
6.176110144418944792e-01 6.451512863397235176e-01 -6.599449070295204667e-02 -5.276770225590330342e-03 -1.428606865492339922e-03 3.308731805310207927e-03
-7.326369090760692648e-01 6.305352396829765407e-03 9.359382642501103827e-03 -1.641546536552932964e-02 -1.036038483668566372e-02 -5.733077955070959436e-03
1.675530685506690487e+00 -3.794002430194793885e-01 1.746053513725090434e-02 1.915794561850512820e-02 -4.714191294889481278e-03 -1.193982947083233222e-02
-1.902558219966163922e-01 -5.123666694596112903e-01 -1.555546156433927456e-02 1.561477101450263472e-02 -1.518406149195948053e-03 8.051193074533857764e-05
1.782568357152877203e+00 -2.425820941596206481e-01 4.795694343613873811e-02 2.281367577335012119e-03 1.449644758312711819e-03 4.031510412856121987e-03
-9.657982747722004824e-02 6.173661148204878657e-01 6.362290892895562655e-02 -1.621909697052022897e-02 -7.429743424793030550e-03 3.663062000696223268e-04
1.846101894999516435e-01 2.900265979259839533e-01 -1.120218361700294346e-01 -1.359466562892921873e-03 3.403318520546572763e-04 -2.613516682954432346e-04
1.175819714485026868e+00 -2.505743825746698517e-01 -3.720675297262807796e-02 8.029291131216803948e-03 -7.896238841483408863e-03 -1.180662526991398294e-03
1.466794405941579615e+00 -1.097041781662794376e-02 -1.399961770002060846e-01 3.276226016682241230e-03 1.700334513581339309e-03 -8.977398225439519415e-04
1.862256366927550921e+00 -2.730932094532066423e-01 -4.558727303544023862e-02 1.765011622480819678e-02 -6.898201596524524727e-03 -9.156317035294786813e-03
-1.445375293154938401e+00 -4.437212124435820915e-01 3.129000269887203395e-02 -7.648730976689620091e-03 1.322521115356640369e-03 -2.295962979942394941e-03
-6.772055773681404656e-01 3.719442649087318364e-01 -2.004691035900672477e-02 9.248206356034767775e-03 -6.121097743757005025e-04 -2.781006184713995764e-03
-5.713134902896304101e-01 2.375129001768642167e-01 -5.299140699566797647e-02 5.144087625195884958e-03 -9.356068350250728097e-04 -1.326710798151904203e-03
-1.385143572863342776e+00 8.518355842912073150e-02 1.007287514305033743e-02 7.113234864098658475e-03 -1.521837791209897138e-03 -4.294472103778873215e-03
-8.361924598728033287e-01 7.807258741498950272e-01 1.499596173315100589e-01 1.455332039461142320e-02 -5.973873195761552029e-05 1.992786836933485919e-03
-9.618503189480761550e-01 4.658544293202520059e-01 5.547913183560445466e-02 1.192961443401069181e-02 4.316221583976774566e-04 -1.181772248090615313e-03
-1.198400790583862979e-01 3.719715876076808425e-01 -1.841596231644507600e-02 -1.123152526533494934e-02 4.692774336569326154e-04 -2.803756092068581188e-03
-5.917026677005545743e-01 -3.654474430605677004e-01 -9.135935204002809673e-02 1.056277691037207575e-02 -1.791857846665317064e-03 -4.812681167346921987e-03
-1.008008613119427688e+00 6.077293673279522412e-01 5.742904299862384987e-02 3.057222606864123601e-02 -1.673829585482074439e-03 1.749903976632780208e-03
-3.381731582067964981e-02 2.277616689117134829e-01 -1.363545953696131130e-01 8.875194317337853356e-03 4.690517384990464805e-03 -1.314451058842221361e-03
-5.815185506252934511e-01 2.858787367915149313e-01 -8.481686658760380013e-03 -3.508988191670709030e-03 -1.249376947637040845e-03 -3.935549256034452312e-03
-1.534857429715087651e+00 7.806307233793663425e-02 1.053970526779339362e-01 -1.404391900649619787e-02 -3.115214841162042194e-03 -3.920013963324909395e-03
-2.333803596942171099e-01 3.641934795698602290e-02 -1.103396950945427363e-01 1.907291663014769366e-03 -2.727538117282500389e-03 -3.875473609796048231e-03
-1.137019487639666426e+00 9.935779400471691503e-01 2.641413917520709642e-01 3.098027864312515034e-02 4.287326294247483308e-03 1.903585666959360363e-04
-3.473916688582007195e-02 7.940902989888199981e-01 8.537892567318820791e-02 -4.632474989301487225e-03 -1.675885056116315159e-03 2.441746478738159205e-03
-1.229470634025917164e+00 -3.158195198682026139e-02 9.426221384185100305e-02 -2.197320719744820516e-02 6.514013068758339221e-03 -1.081816848400828307e-03
-3.434096468334667685e-03 -7.733443222865671318e-02 -9.437566924291344514e-03 -2.099891824251884018e-02 -2.320790545484340515e-03 5.611644082003315647e-04
-2.759129158100223078e-01 -4.996517312740900718e-01 7.058413236379108835e-02 -2.730534914135865701e-04 -6.222670549313332692e-04 1.215687158362585216e-02
-2.803357879285582333e-01 5.639967756368426954e-01 6.080295719267671262e-02 -9.055775841004030588e-03 4.995719463446405412e-03 7.752189191381798905e-04
-5.448121366871513382e-01 8.141290538146589428e-02 -1.075865142645082012e-01 9.236266246152995477e-03 -3.765973408279819391e-03 -3.496861914696248845e-03
-4.731680362934188588e-01 -5.158801808594541960e-01 6.072275813740551920e-02 4.756770158133629897e-03 9.037993568838599556e-02 -9.297975900711370062e-03
4.050752173518483157e-01 2.107983071285311413e-02 -1.606163132863002163e-01 3.471862304229883945e-03 -9.059252904609765844e-04 1.685066432786575712e-04
1.631253343864503824e+00 2.123841280780091878e-01 -1.780407168226395553e-01 -9.330833740745364535e-03 -4.379738876347672588e-03 4.446579823266474073e-03
1.250836325242503877e+00 3.438560225126380820e-01 -1.648967131371524564e-01 -1.055142693591362701e-02 5.678606300099389020e-03 4.223377899571806315e-03
-1.650330804615720293e-01 -2.271659082116037620e-01 -2.167718175697584682e-02 -1.104250275997284425e-02 -1.105486522147033912e-02 -1.812610383924879824e-03
-6.281164943054354799e-01 -1.006317097202318956e-03 7.866859708639354362e-04 -1.382304588861980009e-02 3.688528960921346345e-03 -2.137948553759096929e-03
-5.509361778025033685e-01 5.896040146218314293e-01 1.775949013669082463e-02 1.725961784871702862e-02 -2.858469431434132978e-03 1.204727576797256497e-03
-8.698440744189619434e-01 4.289305426947549738e-02 -6.721309017669503671e-02 7.551324261220521659e-03 -2.636364817403667737e-03 -4.695794310856702888e-03
4.265859578713355305e+00 1.526870417979653283e-01 2.392714702281673322e-01 -8.442334824925264505e-03 -2.656407462220730393e-03 -1.761649303917485129e-02
1.054285066573737550e+00 -4.702780316205335681e-02 -4.729805877968683986e-02 -1.165957400909148865e-02 7.262925045104682512e-04 1.765626226586643720e-03
7.573831743924467341e-01 -5.358785905634676494e-01 4.032372903014926069e-02 2.175705943691676886e-02 -5.071296035811154700e-03 2.487650691636075339e-03
-9.728231733413230664e-01 -6.787634344078082027e-02 1.026829697967646506e-03 -8.726664814662766362e-03 1.098972964503319152e-03 -7.508192280711746720e-03
1.064093758613843921e+00 5.016618658696490041e-01 -1.381681558900995366e-01 -1.119142735960345324e-02 3.756224084259413530e-03 5.194863956459467268e-03
1.292522546724379599e-02 -7.187984922496268303e-02 -1.265229944615418045e-01 9.597590361517031833e-04 5.109999555252771114e-04 -1.568361314865445236e-03
1.055630700934968580e+00 -2.995552160891453708e-01 8.986300835763098849e-02 -4.636463032151779025e-03 -1.534953813561342134e-03 1.098072183410995183e-02
-1.505453120154042201e-01 2.224567939247747705e-01 -3.729131384091804308e-02 -1.111868166556124332e-02 5.636199984618205268e-03 -9.442423689122813419e-04
-1.558943804921895937e-01 -2.450509834911700768e-01 7.217723984969461049e-02 -2.640023906520899688e-02 1.159483127182179499e-03 4.038188056643157893e-03
-9.587087342919098365e-01 6.551978376264089299e-01 1.115424461985336790e-01 1.623640620212109947e-02 -8.454026103277066488e-04 1.218542285107804745e-03
8.468921418435988446e-01 -1.738131701755015746e-01 -8.870329014411280910e-02 4.555659566321444698e-03 8.976977302243339431e-04 -8.585070647906383476e-05
4.217663644333734529e-01 -8.237738941856265207e-02 -8.626440123384979120e-02 -6.412437293625454678e-03 -8.733332796817792204e-03 -1.108157110710168919e-03
-8.026814771656674008e-01 9.310977367541267702e-02 6.890680125177912896e-02 -2.638461016000133094e-02 -1.735608735328753212e-03 -1.918402741767047566e-03
-5.827005271811325215e-01 -3.190579809649155552e-01 -3.611040893326080033e-03 -7.481125150290448417e-03 7.128011332618236625e-04 4.896826430925463672e-03
-5.099652592874452939e-01 6.392686439902967033e-02 -7.995465822529300437e-02 3.470488203838311119e-03 4.480463840268715352e-03 -2.445344708131521640e-03
7.898770104776678957e-01 4.546352230353455370e-01 -1.055564346515485974e-01 -1.275337043082474218e-02 2.514588450897714458e-03 2.235502540265422132e-03
-9.740235761204516507e-01 -2.068335548527333034e-01 3.185608348545124896e-02 -1.767638996846877808e-02 5.221859167659078163e-03 2.503078447758552184e-03
5.561235923361068645e-01 1.444819165766054736e-01 -2.141681891791898384e-01 9.771595509149737235e-03 1.771999591569293781e-03 1.361471103703027668e-03
8.805462935712408123e-01 1.172258301488323218e+00 9.376639299852539133e-02 -1.336688389180955413e-03 -1.000534163128072925e-04 9.914797192969164452e-03
-6.622183625728703116e-02 7.088253061285380019e-01 5.839519468377078748e-02 -4.695175036207187638e-03 -5.095889913680162926e-03 3.211036022759994422e-03
7.520356254294480181e-01 6.617436036524079190e-01 -7.107942790593009541e-02 -5.287626323238993863e-03 4.855935216598740271e-03 4.952610755966467028e-03
1.709620189394074119e+00 -3.734210492747774279e-01 1.243390951127676253e-01 1.029685716606041843e-02 2.678859323532417451e-03 -1.495657153309022441e-03
3.252819707416314543e-01 8.391767499978664002e-01 5.788787328688448086e-02 -7.521758569588827409e-03 -2.571695660277931866e-03 5.012067779192358463e-03
6.865827681432538077e-01 4.681397975477503970e-02 -2.125817755931898867e-01 1.077719930828541749e-02 4.954772616144445009e-03 5.088687102018261618e-04
2.422148492400889308e-01 -4.606478163345124610e-01 7.600163242892575555e-02 1.129181153808533824e-04 -2.555472408488102757e-03 1.789032269236970341e-02
-6.081045231433260811e-01 -5.884407428400839028e-04 -5.535029005249892525e-02 -4.067739654016825843e-03 -2.812821909005534977e-03 -4.096611426829163162e-03
7.061584186274906250e-01 -5.281887093361607999e-01 5.256810964377121864e-02 1.962623947775064479e-02 -2.822732985915319542e-03 3.877245330721897434e-03
-2.004896275385984250e+00 -3.309625245159301676e-01 8.798910546340518724e-02 -9.913689153975287216e-03 5.255793581543649097e-03 -5.067234735795457870e-03
1.366743569154453608e+00 5.467905382946441906e-01 -1.364389654771837046e-01 -1.705053109125553856e-02 6.949094066981111040e-03 5.597493669820347885e-03
7.378756161717611728e-02 6.439447923777803784e-02 -2.886837565926071367e-02 -2.143806251795731671e-02 -7.362148372934817359e-04 5.368663857080827615e-04
-3.554235533843889683e-01 1.049034377126668582e-01 -1.185342527910478033e-01 8.490848195704645690e-03 9.247649563753395025e-04 -3.842013030990368717e-03
2.287710102514884714e+00 -1.091572623903890316e-01 -5.562447167425049743e-02 5.796987242076404902e-03 -7.355861886670518254e-03 -8.625056169188094826e-03
-3.369880447009256930e-01 2.732210829182132872e-02 -4.454495996842366967e-02 -9.868784463930430767e-03 1.221610678684676527e-03 -2.645661637831105313e-03
1.518500436561808775e-01 2.680729743764845296e-01 -1.115974953943969089e-01 -2.189349973139954626e-03 -6.325198306602622606e-04 -7.722275800784169459e-04
-1.144582187165499088e+00 -9.998683876594578746e-02 -2.669697753444166474e-02 2.306057917972133449e-03 2.923070325431377861e-03 -4.755422395885246928e-03
-4.711155388167456715e-01 -3.331257006628984829e-01 -5.723798449433302633e-03 -5.316548613041634751e-03 2.514109687583382206e-03 2.414507831584779968e-03
4.830739536875433560e-01 -3.649033310498690508e-01 -3.478381096211179829e-02 1.377993210206003745e-02 -1.073620719637632644e-03 3.177033582669554646e-03
9.670612502953108702e-01 3.928323724618165702e-01 -9.812530190461528357e-02 -1.966233495231704126e-02 2.942552505942511599e-03 2.459498199635984459e-03
-2.461289253418036171e+00 -2.024402797443805857e-01 8.484021518057656419e-02 4.856758521613079201e-03 -7.698242571169967331e-03 -6.363115614896301328e-03
-2.505679293221013015e+00 -4.733950842344662457e-01 1.106272323795249590e-01 -8.400540679435190144e-03 -6.312415777478192977e-03 4.469185677636699876e-04
2.037630235732091677e+00 -1.586414483844394707e-01 2.078137310865738833e-03 2.843332273792125754e-03 -2.746317626450355638e-04 -3.835170286803825206e-03
9.098741969311154865e-01 1.401319505177596181e-01 -1.158277817921716385e-01 -1.247234959596568021e-02 2.007389149860920596e-03 1.018687568218874188e-03
-1.733781719940506380e-02 4.951231643553233308e-01 -5.545488446667052457e-02 4.111736271819030342e-03 6.736419096804640910e-04 5.880805146789918562e-04
2.452382261799043395e+00 -2.470405494215175968e-01 5.433680483664145300e-02 1.337238827593557715e-02 -6.850256122441489987e-03 -1.750195100061436790e-02
-1.401537586780328935e-02 8.195722609358092603e-01 2.892687628155813859e-02 1.835780600235817003e-02 4.041418738849058938e-03 4.605172439165233951e-03
-1.154759680542203792e+00 3.149842814567351268e-01 2.089568906593973832e-02 1.279850689327445210e-02 -7.785656161310635162e-03 -2.364115880967980823e-03
4.461808359462147711e-01 -2.854890517222551938e-01 -3.430265723395670152e-02 3.122525226313713122e-03 -2.227800767964510827e-03 1.474406818185696865e-03
-1.324087525037053625e+00 2.444676223574132612e-01 1.180950010501390923e-01 -1.361016090005653413e-02 -1.099722397133869219e-03 -5.147669196358700032e-04
1.441617000994220632e+00 -3.401101339005581092e-01 8.107763697471090381e-02 4.016663984049735972e-03 -2.227175227918331852e-03 6.539184080646487721e-03
-1.145628407565605578e+00 7.110748782605050278e-02 -4.897611724096468527e-02 1.254189336529316912e-02 1.314540774257814493e-04 -6.158522543516647095e-03
2.841992330392396071e-01 6.757799321835753492e-01 -5.460533351016377823e-02 1.032121362176412725e-02 1.803410004874835210e-03 3.752938038824961409e-03
-9.139207936635800333e-01 2.987888168070532147e-01 1.292598613462828464e-02 2.261485233568649375e-03 -9.154470452524116758e-03 -4.349638414941662916e-03
-2.249610210957399659e+00 -3.638711681870932524e-01 1.210149146407348553e-01 -8.956176246587089010e-03 5.793078697038704650e-02 -1.788632123769431231e-02
-1.582133158726544808e+00 4.971287144430629468e-01 1.583419211575480823e-01 9.426571583278800168e-03 -3.175500876313035094e-03 -1.363380946638000166e-03
3.141614817210850230e+00 -6.417401294343541562e-02 2.215392362053435482e-01 -1.102837300301715180e-02 -9.541046985744554634e-03 -1.258784123770520687e-02
1.444557757807931643e-02 2.946698700252020076e-01 -3.296459906111372934e-02 -1.511987605858803978e-02 1.615610507820231358e-03 -1.511840589368128275e-03
-1.666636597710842715e-01 -4.595389903541777232e-01 -5.716740041721751070e-02 1.527144776079432907e-02 5.046547449934525587e-03 3.486118048449705041e-03
-8.995524055138119923e-01 -3.171641110509719752e-01 -5.137181414218113668e-02 2.248217405972332845e-03 -2.374666491283736885e-03 -4.960744329413771005e-03
-1.354331769677058039e+00 -3.761929731397860577e-01 5.593954704028381020e-02 -1.536823314944858049e-02 4.997220842036209990e-03 2.438870853813731188e-03
-5.096225854374245579e-01 -1.960555090484693286e-02 -1.227220747779424054e-01 1.096590444160511733e-02 2.854629512983620880e-03 -2.761878665563208875e-03
2.868542439711569081e+00 -1.094571698157227463e-01 1.216726523994027531e-01 -1.231945497405200927e-03 6.264853614335560636e-03 -8.646871174689887973e-03
1.567550499260618180e+00 -2.072635018750932367e-01 7.182994708576959098e-03 2.710536258528606877e-03 -5.779257392800930988e-03 -1.000365180954348315e-03
-1.620739163544965278e+00 -4.541047891908663037e-02 6.197556364997715284e-02 -6.069113222844414908e-03 -1.209150197777732677e-04 -3.588336540536655062e-03
1.267735662508605865e-01 -8.221706622870092462e-02 -8.629913395928569264e-02 -3.560422956209848000e-03 4.124282855203116605e-03 -1.006223554162826187e-03
7.886264447110957754e-02 3.704758977089813721e-01 9.780366503266928592e-05 -2.230727921245485162e-02 -4.933805347064712347e-03 -1.496994723996952206e-03
-1.850082489221538173e+00 -4.591742278087961870e-01 1.391776076262066231e-02 -1.661060598421165279e-03 -5.498382558992413564e-03 -2.793596313629218703e-03
-1.200429038878083166e+00 5.239628890215329848e-01 6.400153250605807032e-02 2.651992080762543072e-02 -3.122741477313665213e-03 2.813790596264287443e-04
9.779280278826116835e-01 2.090252079424366749e-01 -1.907934114802397052e-01 -1.007130203592957775e-03 2.134512731919528325e-03 2.833567599103056171e-03
3.528304732818694500e-01 5.971462937411192717e-01 -4.223597907414926300e-02 -6.273789817328153176e-03 -4.031858861515999308e-03 2.143868667747058331e-03
-8.598546201112672316e-01 -2.552463016819541894e-03 3.892471019445057495e-02 -1.851328167668154015e-02 3.391843934835048636e-03 7.952790347485401727e-04
6.858820631123172529e-01 -4.098804293782777330e-01 1.329834880553498466e-01 -6.040687894581048441e-03 -3.517914263505029452e-03 1.109822673131628974e-02
-1.234862270311480048e-01 -2.412899138291550172e-01 1.202779229175316572e-02 -1.469315279384706373e-02 1.556745675169706822e-03 7.725832167317501185e-03
1.223055680478022822e+00 -2.941980210127282391e-01 -6.814491238890836577e-02 1.665188738340947841e-02 -7.694109468768870050e-04 -4.203270000560291667e-03
-1.524374377845465922e+00 -1.849862328864649574e-01 1.003069059493475954e-02 -2.594219212242955021e-03 -6.629956783226634807e-03 -9.707489571582472027e-03
-1.295491762461886687e+00 -5.956034731448889286e-01 7.152997042155125051e-02 -5.624276034067053967e-03 6.036106106403473122e-03 6.019202002646051319e-03
-1.892262537319893134e+00 7.293880030180524554e-02 6.497306979570328933e-02 9.620979305320192729e-03 -2.140134772821468412e-03 -6.061461427413821108e-03
2.075343395147221326e+00 -3.253163848419804993e-01 1.535381000245030492e-01 6.946465638942569618e-03 -8.140450400416328813e-04 -2.757187133242943941e-03
-2.642285352128939113e-01 2.180711551842248186e-01 8.270607144799489371e-03 -1.943131125792123617e-02 2.934247522072946143e-03 1.478844990321388038e-03
1.192332958162988010e+00 -3.148189540736516245e-01 -6.283324753990257583e-02 1.921417459524847257e-02 -1.960024252229645471e-03 -5.453999274603204932e-03
-7.379225983454716919e-01 -5.601877582233352748e-02 -2.253413126954737986e-02 -8.242674002900171604e-03 -5.011399698852041923e-03 -5.630817778198289429e-03
-6.505605642337826122e-01 1.312768423175907639e-01 -3.118232756224514207e-02 -3.762713125876523176e-03 -3.328666676637640973e-03 -3.931955385780679969e-03
6.484785189282898932e-01 9.982496873773107904e-01 5.522176815735948402e-02 -1.530196902743466512e-03 2.742430196260365292e-03 6.585548621969724084e-03
-1.278980367125485795e+00 1.378415916953593112e-01 4.169468628689512735e-02 -3.872473105954059303e-03 -1.132788942915441584e-02 -5.330370776268461043e-03
3.752600993397314788e-01 6.720360259870116204e-01 -3.442779723411187182e-02 -1.146038674626239767e-04 2.101325476270480760e-03 3.195884674013129128e-03
3.712768483344877080e+00 -1.685244781562078575e-02 2.600165769005619021e-01 3.400114133184239332e-03 4.147158432318314575e-03 -1.758528471624418166e-02
-1.196464468251076552e+00 7.354102317539574774e-01 1.582178795154257633e-01 2.495918924064969083e-02 -1.323748258113597144e-03 1.142725713316292786e-03
1.094434022333812262e+00 1.654710827165955189e+00 2.346648406318168067e-01 2.929738834125969818e-02 8.331951592043126964e-03 1.091988809875394685e-02
-9.920098107238565222e-01 -4.369766676546593676e-02 -2.769705898468954181e-02 -2.288618619264175171e-03 -1.057480412593505247e-02 -7.454082450259740845e-03
-1.269371050137397150e+00 6.348808477744432022e-01 1.138205390837399716e-01 2.821979876745835461e-02 -2.450720157389560568e-03 -4.974951725858302093e-04
4.734605936343510568e-01 3.333732521150886696e-01 -8.381455152189073998e-02 -1.205114883339201970e-02 6.932165310934303160e-03 2.158124408391773504e-03
7.291790657082989346e-01 -4.368302740476543988e-01 1.548551803220078737e-01 -6.002412641988739452e-03 -5.051251114557733617e-03 1.125076890488341426e-02
-1.814057330668199075e+00 1.835968768504922799e-01 7.165285348396373266e-02 1.206791603803005798e-02 -1.148319478446073807e-02 -4.889927869025399026e-03
-8.858217281678429922e-01 -5.791028083325812092e-01 3.079456078211591577e-02 4.174635156800864284e-03 -6.887377492286968217e-03 1.343247950440199737e-03
-8.036289944037720012e-01 -3.449868240869509717e-01 -3.851202527657043156e-02 -1.332149991244684344e-03 -3.140272994090128299e-03 1.451373245764713861e-03
-5.108257076883823133e-01 4.047383983392203732e-01 -3.747453116395555589e-02 1.041988021514421957e-02 -2.014275077523837009e-03 -1.733156147903026434e-03
-1.936798994405456165e-01 -5.053055032815447767e-01 5.614958099417852871e-02 2.322333912638348350e-03 -2.759945055101737169e-03 6.077014848544350610e-03
4.200928435055250598e-01 -5.743022220628696273e-01 4.846524709268921344e-02 2.154973270469007218e-02 3.188645903674132962e-04 8.521081558751813709e-03
-1.867684380806870770e-01 2.125355430950580035e-02 -3.940782128685504926e-02 -1.393776151818497400e-02 -4.141481484436913135e-03 -1.920279847266828741e-03
-3.287737181915197371e-01 -3.494355732263051406e-01 -1.549212727690228025e-02 -3.159988086876671081e-03 2.829809970219723976e-03 5.941194158683357589e-03
-3.250025657826746128e-01 -2.254825175940594895e-01 -8.017216022636454442e-02 6.790224434261886086e-04 -3.856344692159092459e-03 -4.237434368169303196e-03
5.196763594494573368e-01 3.523156033089669403e-01 -8.267459697897135140e-02 -1.471843755083336244e-02 -7.942860262054595192e-05 -6.464952145045362811e-05
2.465676209755992554e-01 3.439109207815974623e-01 -7.330030091299793993e-02 -1.057186135398952877e-02 -8.108328945432143964e-04 -1.275002915647538600e-03
4.845852614011331716e-01 6.175873723200363263e-02 -1.491590002385425051e-01 -1.752423668990471224e-03 -3.944446929635946238e-03 1.970091535013904422e-04
-1.123366629581941334e+00 3.459047588167172421e-02 4.314285063037344436e-02 -1.383443407056674304e-02 -1.040542727707082296e-03 -4.796088924002808729e-03
2.687565676058944586e+00 -1.274938647061466257e-01 1.325190196961606171e-01 -6.701908989155807954e-03 -5.591755115438320697e-03 -4.483789765651663775e-03
-5.410578175276761215e-01 4.600830615556700254e-01 7.922699713495084256e-03 7.451952509104980797e-03 4.091999310629360585e-03 -4.326098301424821852e-04
2.051901732556319136e+00 -2.853383899895155507e-01 1.733139250675713450e-01 -4.016023102479777777e-03 -1.057387687948229717e-02 -4.566608122383766961e-03
1.371006431950708926e+00 -2.004660486166263966e-01 -4.737836660126130278e-02 8.714537795138204909e-03 5.519769375952777481e-03 1.542897716466845376e-03
-1.355967321651574187e+00 1.586325139372281312e-01 9.848670099156163482e-02 -1.382832116000388967e-02 -8.870081291945474886e-03 -1.300515061061621605e-03
-1.748408418879151327e+00 -1.020038745379430734e-01 3.049608414681351958e-04 9.811731863617384822e-03 -4.134727878756789057e-03 -4.724560763970829351e-03
6.940666177048456786e-01 3.096797058770686673e-01 -7.435993566200335692e-02 -2.050955231504619086e-02 -3.524490042905190600e-03 2.211638974374987091e-03
-1.220127577392784657e+00 -6.233908045403045994e-01 5.555143181908081540e-02 -8.630955602307786812e-04 1.695502042916950365e-03 3.634369556361047218e-03
-2.066064389801907986e+00 -1.519681930418972232e-02 4.808085615417657943e-02 1.405704694740955024e-02 -9.770647038347833515e-04 -4.722459147482437752e-03
-7.479267225599621483e-02 -5.236754420686667855e-01 4.087951871327970971e-02 9.446014009305073178e-03 3.210315740422473810e-03 1.402977849295811499e-02
-1.892954072377566466e-01 -1.100901294991220858e-01 -1.372523574560838289e-01 9.033678203437710968e-03 2.396503558596153188e-03 -3.032662131535679255e-03
-1.554569159732280381e+00 -4.774617215726921771e-01 -3.312610598725655719e-02 8.660414985357528170e-03 4.262844131483929655e-03 -3.091374399465189257e-03
6.945869493317786969e-02 -1.191540318660876813e-01 -1.317813186436124322e-02 -1.684706962174879058e-02 6.136426647852121288e-03 5.195202805778855425e-03
-1.684987046384970988e+00 -1.919217202263996946e-01 9.371537417301569264e-03 1.236679301292775094e-03 -2.415298456767913174e-03 -6.250488953764755766e-03
-1.510954357894728872e+00 -3.509939635389950352e-01 5.099963992581864683e-03 -6.655764168120449631e-03 -9.642194324596859573e-03 -4.135003074517753022e-03
1.750809349279586202e+00 -3.474189619377834326e-01 -1.949878226662739300e-02 2.080218199719567618e-02 -9.025026371402252931e-03 -1.429457429368595663e-02
1.293726711327019441e+00 -3.782822860716237856e-01 1.704035997437234051e-01 -8.126524413456822152e-03 -1.375325639181580045e-02 3.677093497038901124e-03
3.680776034271937558e+00 4.359046943765060300e-02 2.088360635967187462e-01 -7.734666861402282254e-03 3.705607567214519823e-05 -1.016875669463320961e-02
1.438066834696475338e+00 2.213963302510271736e-01 -1.865376458512386926e-01 -7.134187831915172334e-03 2.500921840850643587e-03 2.924876769033879845e-03
-7.135818976569825445e-01 4.093805123632150433e-01 4.889650683731039393e-02 -6.060479508134962619e-03 -8.697399310343537082e-03 -1.043974671564934335e-03
1.373369146154710396e+00 2.310004187304101342e-01 -1.505035885515208782e-01 -1.391163538570949765e-02 -7.565772966990864457e-04 3.550331389260673494e-03
4.420695740601092716e-01 6.582217518399730016e-01 -9.582227365686081522e-02 1.477191191926390673e-02 7.637162797600822485e-03 4.046540172608244917e-03
-5.597231028479323633e-01 8.031962714671546655e-01 1.339272892486003952e-01 9.183066257386922684e-03 3.152155000956311220e-03 2.900264031561444918e-03
-6.403997148411199047e-01 -5.953647261245751388e-01 4.265556456374995642e-02 7.401032141704021877e-03 5.283197597874937385e-04 9.458590392104417738e-03
-2.805971235765774008e-01 6.573896401753893948e-02 -7.119697368568767004e-02 -4.398769398250495372e-03 -3.045308590715264940e-03 -4.311544962176912417e-03
-5.155959500088446168e-01 -4.138079121235943014e-01 -3.455550304037675186e-02 2.689784342976858905e-03 -3.544787827730814210e-03 -1.561751267787556997e-03
5.500636689928036782e-01 -3.573329084027928038e-01 -5.101525251590138810e-02 1.446902372535580419e-02 -1.759899890230107828e-03 -1.804458297850523266e-04
7.300284129036590519e-01 -5.142283693652642818e-01 1.947800710797187584e-01 -4.243496918608589616e-03 3.000991949413248702e-03 6.766312329030230166e-03
-3.779548637857455540e-01 3.601318529446104755e-01 -1.039407370629536614e-02 -6.012763443042610373e-03 -6.884720172104238402e-03 -2.947225545471708532e-03
6.594937125104023412e-01 -2.279539826330650165e-01 -1.405303649113635693e-02 -4.776394509983843996e-03 -7.976549507061270888e-03 4.769567872823302947e-03
-3.425436994932060109e-02 5.115778245520412604e-01 1.207865613804528886e-02 -1.150844556338918509e-02 3.912111228179452997e-03 -1.340080383144111494e-03
2.613574780059078062e+00 -9.915557570698158019e-02 1.087742338961825289e-01 -9.620404370525009047e-03 -1.173214477774853562e-02 -9.129356259731141038e-03
2.750202144957131001e+00 -2.089549644621783997e-01 2.446944790900435207e-01 -2.977097658587499044e-04 -5.135874397121922494e-03 -8.777019742841441624e-03
-3.278255807677943334e-01 9.900801845183204719e-02 -9.091623368222453982e-02 -1.576393681340719998e-04 -6.250338862796219266e-03 -2.472579366882627933e-03
4.707653252100691410e-01 -3.333969462521731431e-01 7.868209275019842630e-02 -7.747101251826878955e-03 1.737093985978289349e-03 7.621669740360605474e-03
1.037068220766892424e+00 6.922275302101188466e-01 -1.227568746827095991e-01 -2.722885292548683171e-04 6.954039684184065706e-03 5.650830602213322527e-03
-4.511196136180405103e-02 2.441502979184329014e-01 -1.006990107078560709e-01 -9.456216578871548604e-06 3.430845363941028106e-04 -1.877710299194024039e-03
-4.538604986595252688e-01 3.750011593376900154e-01 -1.640959981139842108e-02 5.867463543327967965e-04 -3.283042221135758915e-03 -2.648878781837491359e-04
-9.770346459892119695e-01 2.079818648199935893e-01 -2.122001861556322908e-02 7.815476069609739868e-03 -4.266771389418490441e-03 -5.872573872095584839e-03
-3.859752047146371434e-01 -1.654657849966253425e-01 1.177955052172141581e-02 -2.131613270448500658e-02 -7.864370137214561629e-03 1.570960145733046875e-03
3.928196133694368819e-01 9.088963398826933604e-01 5.876554086803012500e-02 -2.043801705341113679e-03 1.204815820049474646e-03 4.977875874827166099e-03
-1.493689722249167628e+00 -1.480264271555090660e-01 -2.670421624452232884e-02 7.027059676135057227e-03 -2.953284568647675853e-03 -7.207180145192306625e-03
3.849358763412036866e-01 -5.326632521567241652e-01 3.337467106775511561e-02 2.001554594905610371e-02 1.129961191035211768e-02 7.046421450343049939e-03
-4.861742829081437955e-01 8.402949743517877934e-01 1.100679723227248052e-01 1.845581013942919346e-02 -7.979006834474322617e-04 2.620117762825005785e-03
1.054510362446503757e+00 -3.998018735622855813e-01 6.735959925913510837e-02 1.011171678208346893e-02 8.047465315607514255e-03 3.342889047688956013e-03
-2.209943553636556590e+00 -5.402598147261232775e-01 5.306885958974512374e-02 -3.547077672704143300e-03 -4.217368053630758673e-03 6.160864106612863990e-04
-1.775089206969371614e-01 -5.270809837317325108e-01 7.084759311305600937e-02 3.022900712174616828e-03 -1.448709365267208525e-04 4.969194157766225993e-03
2.654377244027590968e-02 -3.579283446971154858e-01 -9.245783317732023110e-02 1.271053245181382081e-02 -8.383370510494243463e-03 -1.027376273081067291e-03
-2.171957048893922604e+00 -3.853798439216388760e-01 6.841404380063996482e-02 -3.461479420540028527e-03 -2.804390241094794657e-03 -5.576312633990694080e-03
8.587287606445835886e-01 -8.897866212364316518e-02 -1.231432108015123178e-01 4.021996565139499338e-03 5.680856708516986153e-03 -3.283015952283935648e-04
-1.157921666170455888e+00 -3.364871843401929796e-01 -2.416124440718476693e-02 -6.443442547553520500e-04 2.352309690539423296e-03 -3.295953455625600954e-03
-1.072503134712384121e+00 8.608558440513760512e-01 2.044539327996735545e-01 2.172073197910587977e-02 1.934058433048828135e-03 6.880191779617551417e-04
-1.009665593914429227e+00 -1.916177421113627322e-01 9.721782398366665690e-02 -3.289164394733780361e-02 -2.368293703448615811e-03 7.262638099326873195e-03
-1.466185454218819517e+00 -1.145853277614033994e-01 4.602005152072671107e-02 -8.094123732962921203e-03 -1.923988439314213870e-03 -5.292739491440577766e-03
-1.045049084955676610e+00 -2.334688539523780415e-01 -2.721950294547270319e-02 -3.835793340533127840e-03 -6.609768872034848218e-03 -6.609136032665479527e-03
7.570438236148354649e-01 -3.766579267043373425e-01 2.802542209152067421e-02 6.606772626554537758e-03 -1.427251186730811626e-03 1.006710441059040229e-02
-1.077428095487460880e+00 -4.177788756432663786e-01 5.971579639320586351e-03 -6.791146905458165552e-03 -8.455148688936106952e-03 -7.500786357018635964e-04
-1.533898773584068564e+00 -4.253164814183488240e-01 2.762304225017163384e-02 -5.924707816127843668e-03 3.591985460685971372e-03 7.855680927031715799e-04
-2.434793686687847514e-01 3.674192830496367246e-01 -5.962763831521113861e-02 4.124548775422668366e-03 2.844009193715485700e-03 -2.636736253825296486e-03
1.272609352681939865e-01 -5.467876079167214298e-01 -2.408246922622059218e-03 2.178112415747868527e-02 6.404870810355107677e-03 8.440716738767747515e-03
-3.453511009692964984e-01 -2.993546189936899804e-01 7.137955051120695171e-02 -1.811289452088562027e-02 8.765223050376429181e-02 -1.113975363435512969e-02
1.518924246804723932e+00 -2.613079131710400738e-01 9.519266582633027773e-02 -4.873403337584974841e-03 5.956572196381489451e-03 1.022063024587554006e-02
-3.120701610068093990e-01 4.101254410692273256e-01 -2.010511378938666452e-02 3.577984969289792943e-04 4.777064742150371676e-03 6.141418889279937011e-05
8.167341333810856918e-02 -3.125716534132761404e-01 -8.748845696525903159e-02 8.375804668382834037e-03 -2.684282885325401172e-04 -1.347991806721123053e-03
-7.922412848567228494e-01 -6.550895755550343313e-01 2.747462726698918570e-02 1.570612386869382759e-02 1.258077724330224512e-03 9.662353304610455176e-03
-1.053002078238989059e+00 3.961073166512831811e-01 1.107682663470644091e-01 -9.103574459071273745e-03 -7.213817184708285098e-03 1.113290020423691237e-03
1.990753885488651065e+00 -2.526626285310346748e-02 -9.587336866748652486e-02 1.688964325338401882e-03 -5.622177961653842398e-03 -3.521743638864844629e-03
-4.519849171470690652e-01 -3.888341010493122640e-01 -9.432617596787917780e-02 1.482314726416130227e-02 2.057641352010100566e-03 -3.637319171802635889e-03
1.336368683346544017e+00 -2.340441384369659761e-01 4.907188809534369922e-02 -3.544373783808239635e-03 2.167988118819424818e-03 5.019372079024112150e-03
-1.506832911582552392e-01 -6.537375319655193140e-01 1.110393679617072277e-01 1.149629035373644047e-02 1.681294116430415717e-03 1.268327737713902288e-02
4.159588445646233978e-01 7.451732906573669268e-01 -2.575680402280813852e-02 2.978673709952265203e-03 2.351939830695166239e-03 4.239136289729727308e-03
-2.104450542734715435e-01 3.217237024167255988e-01 -6.626310464786226706e-02 7.784918645076261551e-04 -2.088873516054460221e-03 -2.354240190659515151e-03
9.900019065959113629e-01 -1.041679784374066747e-01 -1.052653190643666192e-01 3.050936121756697792e-03 8.307534767231118797e-05 -1.620915967533618661e-03
3.161712430573019456e-02 1.157460857449713748e-01 -9.450500979396384005e-02 -5.519800663070745933e-03 -1.032933765692044259e-03 -2.794999945890949168e-03
-1.512993413076948457e-01 -3.324691314713696388e-01 -9.106246905055413732e-02 1.000186259274174309e-02 -1.026388286858433531e-03 4.599138801294980899e-03
-1.359006340339497632e+00 -1.985692476530765138e-01 9.516410671350575279e-03 -3.158085649467989517e-03 3.119146189022167434e-03 -1.260406247724951386e-03
-1.476062074412309189e+00 -8.874227131962253434e-02 7.726796519590376985e-03 -1.596166407280138967e-04 -5.908283531644317396e-03 -5.670403358816365584e-03
-4.834728067731503542e-01 -3.264273310573379550e-01 -1.966521374190471905e-02 -7.018603076807093666e-03 -4.299924552905474116e-03 2.706860872382582141e-03
-7.155450565478965741e-01 -4.448400459562678599e-01 4.810264395161838180e-02 -8.561655643288326734e-03 -3.972097006661535860e-03 2.615278021053306628e-03
-6.890109126706539522e-01 -4.192605089406278851e-01 -4.506414689060343065e-02 4.821473986459729605e-03 -8.745263113081141321e-03 -3.523623013753809322e-03
-2.415451273042643066e-01 2.071960824980240701e-01 -9.050244309461881465e-02 2.709855932950833070e-03 3.016989789968116831e-03 -1.832513500338519121e-03
-7.624826065004907116e-01 1.169150575532381386e-01 -4.052616891175624819e-02 2.075247368391050853e-03 2.017567955086424503e-03 -4.340414057899838474e-03
9.405671986894194037e-01 9.591147903302288391e-02 -1.672501789876554845e-01 -2.295314160692753496e-03 1.180963166403199748e-03 7.668852063490212310e-04
-1.053386605954105715e+00 -1.390089655269773627e-01 6.258396333872456863e-02 -2.216371902373624053e-02 -2.472672429380450444e-03 4.837785712706002550e-03
1.044774618302212632e+00 5.984698055557668289e-02 -1.340279641706931535e-01 -5.971677162629629269e-03 -2.934206275803967739e-03 1.895754759943675625e-03
-1.329843615104606469e+00 -3.627714454277081169e-01 -3.794112572072267514e-02 2.919934677618745734e-03 -2.539306876621920742e-03 3.015790277988073713e-04
1.136218282940444357e+00 1.134376648689465922e-04 -9.854213366297168153e-02 -7.638852964016984957e-03 -7.109196947334802319e-04 9.157733213196628686e-04
-1.301812213394899720e+00 -2.063982972850827158e-01 -4.302084909762349252e-02 6.053945539491855515e-03 -5.453804332038359078e-03 -7.297255685481516055e-03
-1.269231489583566352e+00 4.347357716851877329e-01 1.098697703906431483e-01 4.850682387359262111e-03 -2.004409832069270654e-03 4.318617960755448577e-04
-1.883473628324510152e-01 -4.847322392661537749e-01 4.931008362027062414e-02 1.455952227156914964e-03 -1.374169639481540158e-03 1.112123813994716874e-02
-8.013556187483424909e-01 -3.731525140315978262e-01 -8.301502007156354168e-02 1.098164329348605243e-02 2.933764919907427306e-03 1.862735652943480879e-03
9.044709891242452837e-02 -4.207573792508567667e-01 1.155633381827483458e-01 -1.075920783917038749e-02 5.515907017273845997e-03 1.180419704817811666e-02
-1.727033365121392050e-01 2.035731669369763297e-01 -7.859405777813384397e-02 -1.824097729534984941e-03 -1.174933941632433235e-03 -2.760121502309148631e-03
-1.455001331988166280e+00 -4.044240375333901238e-01 8.302613023223394395e-02 -1.798484022666289525e-02 6.991257017861784821e-03 1.594277913526298291e-03
-5.652751695978479596e-01 -3.037530275254194945e-01 -1.088556109716707909e-01 1.120787322141459513e-02 9.926380743113776949e-04 -4.856434535091307819e-03
-5.363581008347092505e-01 9.263028626877171934e-02 -7.391029091895534586e-02 2.209663652346683781e-03 -3.962220253861220044e-03 -4.595839608611879644e-03
3.388843424478357041e-02 -4.106932061866013783e-01 -1.768456676689033821e-02 9.361295311234961794e-03 1.212772382229669252e-02 7.006037038910956603e-03
5.664484808487028067e-01 -2.356098928544956561e-01 9.741621193366786779e-03 -6.850566632568849505e-03 -3.453762082757902072e-03 8.127550223016095921e-03
1.210285606830353355e+00 -1.276545885674456038e-01 -5.278439304934944010e-02 -5.693963842619139629e-04 1.590177413969057077e-03 1.795693261044697042e-03
1.504455449971293657e+00 4.492927434782413576e-02 -1.504576527136054498e-01 -4.392841029330546757e-04 2.874519560636735246e-03 -4.049376879580615738e-05
-8.982038375837537725e-01 -2.631622013022184015e-01 -1.890892950334011752e-02 -6.833779437461353495e-03 -4.754088971357406032e-03 -5.478686508303287454e-03
5.887312996749491933e-01 6.397874187619106978e-02 -1.767279436786869384e-01 3.852897277990537366e-03 3.052582913120662281e-03 3.670653722430099858e-05
-1.399203178051707797e-01 -4.876306345296446132e-01 -6.790023384909332771e-02 2.359819451969866200e-02 8.046416871493496104e-03 -2.899906422505536905e-04
4.283738923173097679e-01 -2.213585204982704280e-01 -6.305900459602044317e-02 8.857185402977757775e-04 -6.392878730332429140e-04 9.274028715121861166e-04
-1.013274951856648620e+00 -1.813839166979861472e-01 7.341930707153063174e-02 -2.832088469516494053e-02 1.294279661434793614e-03 2.090414580111748643e-03
-8.185023982724018987e-01 1.289064657475676445e-01 -4.703959611795131140e-02 3.913161222399030685e-03 -4.026155619952712442e-03 -6.217793171268157747e-03
2.291797560290779412e+00 -1.624711996768677391e-01 3.386373854902519076e-02 -1.436427911670487632e-04 1.041976502836765295e-03 -7.339601090033615396e-03
-9.158920294575870757e-01 6.016938834563537730e-01 1.598290933847978657e-01 -9.513106971991765193e-03 -3.318568498916366159e-03 2.463113719827575432e-03
9.055577010280677769e-03 8.074973815239955277e-01 5.540951727115969727e-02 5.767331380026633966e-03 3.127244419711312090e-03 3.326766422076682297e-03
1.936027431820895872e+00 -3.429300419248412779e-01 1.374228564861660062e-01 6.440959855585210760e-03 -7.148452976134296241e-03 -4.525790995010286859e-03
2.247650788566924795e+00 -1.204553003455579030e-01 -2.541505429633931709e-02 5.148143491927190812e-03 5.234990417885198796e-03 -6.440434148024538896e-03
-1.573963026468501392e+00 -2.789558421105349795e-01 5.758173712853598830e-02 -1.667672307428256021e-02 -8.234668231174052666e-03 -3.356505266267399267e-03
1.423937917805882192e+00 -4.225374331995293553e-01 1.420987044585446946e-01 7.211353441335683484e-03 -3.172275797974565339e-03 1.318137710023257461e-03
-5.418338949805213689e-01 -1.656576499609671849e-01 -1.110914131872587640e-01 7.626020728534727185e-03 1.814023176498716795e-03 -3.403019012779912294e-03
-1.769512651195928044e-01 5.771355668933287886e-01 -2.581741049669056265e-02 1.168879650252659108e-02 -5.629696149931206345e-04 9.960669685077588962e-04
7.976128817556848993e-01 -4.868059207095306595e-01 1.006325951796802481e-01 9.051541449794073269e-03 4.793333720712575872e-03 9.716847779949525782e-03
6.776385122198137767e-02 4.938407383112800031e-02 -6.109982738461025575e-02 -1.360999249294007202e-02 -7.768221403566547218e-04 3.011685047524334351e-03
-1.274992972809661396e+00 -2.012149163968738885e-01 -6.073538931819218861e-02 7.994454509017355839e-03 -5.273154893989393313e-03 -4.965272946879367190e-03
1.101442914822665431e+00 5.884944441664714532e-01 -1.117490902046408691e-01 -1.377678422522060284e-02 3.884380480869627315e-03 5.422867340761968608e-03
-8.101730659937749213e-01 1.334336816735517406e-01 1.023522231277123988e-02 -1.049034766527205675e-02 -8.444733561650751355e-03 -6.016216836445003116e-03
-1.583767604547856145e+00 9.859765824382989152e-02 -8.684318750689803620e-03 2.086618257560113668e-02 1.362088501053283947e-03 -4.205444987064412866e-03
1.161306176280915370e+00 7.569670068292670972e-01 -1.253081727099559506e-01 1.291776309495649934e-03 7.605040277265402889e-03 6.681384695089878298e-03
3.423589609930260291e+00 -4.444354452526842747e-02 3.013981982693815787e-01 -8.600901199076355433e-03 -2.921841088630343190e-03 -9.855661257353149143e-03
-8.637829659633291524e-01 -1.468738613396006476e-01 -1.970868266948351544e-02 -8.670647129680710691e-03 -5.214514548411488051e-03 -2.106734262188381546e-03
-6.926902387096264269e-01 9.053357114624327462e-02 1.721176064811355891e-02 -1.606914842922469583e-02 -5.030164637105428473e-03 -2.329178640452957052e-03
7.358315476629835317e-01 -5.440513100980627348e-01 8.229269482607821928e-02 1.546537599583512265e-02 -3.320145084466999408e-03 1.042005130477486642e-02
-4.661203457483121260e-01 1.908510454310034105e-02 -1.156118253978662830e-02 -1.464554411062248332e-02 -1.960378008077133614e-03 -2.665805679295263093e-03
1.398945835568981222e+00 -2.101703120546797587e-01 1.682562380489856929e-02 1.752707418453999772e-05 8.839241326747685618e-03 7.653280383997744345e-03
2.067441340790336923e+00 5.624614084368754346e-02 -1.570766573631940666e-01 2.603529961222908386e-03 1.544936453076109896e-04 -1.311039076379460220e-03
-1.744360063921152504e+00 2.362490411240456556e-01 9.911037687757510983e-02 7.769792233256698002e-03 -3.135169800104586901e-03 -4.298179912681374983e-03
-3.294546911970879788e-01 1.869428689782722808e-01 1.245493728525810286e-02 -2.154864266285978075e-02 -6.721794139826926633e-03 -4.589874666441702035e-03
1.003105159324495288e+00 -2.862151015196269244e-01 5.306469091486565315e-02 -4.462727225835909427e-04 -2.873385562146585251e-04 8.909057304122355511e-03
-3.299949990495735785e-01 -2.036700016136816227e-01 3.353220232302545761e-02 -2.136850978416846014e-02 2.356326246611761561e-03 3.000582796814962872e-03
-2.118735938247128470e+00 -2.801980703366557801e-01 5.707245958602657349e-02 -2.653173623918974634e-03 -9.295072216691126557e-03 -8.093427659806173499e-03
-1.974247132769097191e-01 -6.016319822241671389e-01 7.281531268533587842e-02 1.225956648190219475e-02 3.963648957335971952e-03 9.312552757233361067e-03
8.666998507790546480e-01 -2.799235228583265567e-01 4.569375146966851708e-02 -3.938433984380251655e-03 7.310101998700709426e-04 5.474291544552106585e-03
1.317347020269709956e+00 4.922382253180294237e-02 -1.045682722343368870e-01 -1.096630176355184970e-02 -5.254003405201173975e-03 2.857675848680610222e-03
4.653566432561360711e-01 -1.569318478725438559e-01 -5.485904422610222986e-02 -7.275784608549812522e-03 -1.271471032572145431e-03 4.999362400058529957e-03
-8.837632925788778682e-01 -4.912234352396969150e-01 1.622644631151110017e-02 -2.120135428411887984e-03 7.583722169921694976e-03 7.805334781951073914e-03
-5.532325158527544584e-01 -4.743149118236044126e-01 -5.085456200354997874e-02 1.014418903172252182e-02 -3.534383108224706856e-03 -1.665096220586406803e-03
2.920899779779055905e-01 1.228599090451586856e-01 -1.150522537758565667e-01 -5.533923098173056977e-03 -2.617470230067358173e-03 -5.893045667985078893e-04
-4.846972579458473374e-01 1.660524504568167137e-01 -6.530527670133736209e-03 -1.335048240113089965e-02 -3.773370369593746082e-03 -1.659304778941919981e-03
1.498114942997114118e-01 -2.115501623941275777e-01 -6.441129118057881478e-03 -1.341923653554004392e-02 -1.301118657216502337e-03 1.238057029452769740e-03
5.901855187201491271e-01 1.276433319061840210e+00 1.231535500619871104e-01 2.721615777911139122e-02 6.434947723474351497e-03 1.014064788907150308e-02
1.951856045681856333e+00 2.459795283080444192e-02 -1.286253073721353168e-01 1.616472144238164689e-03 1.807801242620410680e-03 -1.883889551139994673e-03
-4.901620502377772026e-01 -4.994120417304083182e-01 5.846596919181913654e-02 -2.515012773141711306e-03 -5.066959534976546789e-03 8.189484981291022744e-03
6.241297822822848840e-01 -4.323779393614131661e-01 -1.159782030535023711e-01 3.297368413208769111e-02 2.280416175922120141e-03 -5.178020388971702262e-03
-8.343250207295178633e-01 -2.562136857480227028e-02 -4.133771518448649263e-02 -1.110827787963287929e-03 1.311015986966513084e-03 -5.421026567192240020e-03
-6.491795963868783881e-01 -8.817211110600209345e-02 2.102789838187814689e-02 -1.975035248850621344e-02 2.230646861450147084e-03 -2.581647775475067689e-03
-1.248391294934740881e+00 -2.745816853240266031e-01 6.228852955824329407e-02 -2.081897121578231424e-02 1.756219605025391168e-03 3.295374146487742729e-04
-2.594887026905844385e-01 2.115342742469537504e-02 -1.052661685852032819e-01 2.990899362630112558e-03 1.343027990017147419e-04 -2.950062618111615968e-03
-1.080535334361160116e+00 1.460314117524770805e-01 3.360524183797886782e-02 -5.090242653182703268e-03 3.805929802007447429e-03 -5.597754398266785794e-03
-5.127657908720679725e-01 -4.625787075103682082e-03 -1.762403485491726221e-02 -1.263947455808153535e-02 3.763212048993759724e-03 -1.664219137625856551e-04
3.630586513298517115e-01 1.329594372542632595e-02 -1.878102896721686177e-01 7.415116239730533410e-03 -4.622294152513460944e-03 2.065141966267857983e-04
1.810749774821039271e+00 -1.313981209697900887e-01 -2.855458402246412175e-02 1.791129492134233350e-03 -3.640694682218093090e-03 -3.750303029114964749e-03
-1.129277792035430883e+00 -3.963166623685552281e-01 -1.661208458680406980e-02 -3.746737360547649012e-03 -7.980534380307822626e-03 -2.682744337947100353e-03
3.479378669581728589e-01 5.121491307142616023e-01 -6.201903250345652124e-02 -5.642902493292712221e-03 3.091524609989495988e-03 1.067129924613711110e-03
-7.820858860544559477e-01 -1.160383574453357491e-01 4.247503528497987429e-02 -2.321323880903823633e-02 2.842833277652538886e-03 1.108065596548417527e-03
-4.498663881736921777e-01 -1.451379957108343832e-01 2.757697842602924165e-02 -2.261527482203783829e-02 1.556263135110477606e-04 5.574266032913272398e-03
4.596920736407887342e-01 3.677658389190283650e-01 -7.003687066972957842e-02 -1.490254671488254988e-02 4.468819277721344796e-03 1.477568177509194043e-03
9.674071687823867505e-01 -4.009810353577080155e-01 1.663849463089354941e-01 -1.132544292282929195e-02 -7.334221850176976705e-03 1.113913457153067020e-02
7.247996479537964776e-01 -5.130605864930597448e-01 4.806346906775046945e-02 1.985676564408543968e-02 1.259843798027888463e-02 5.022778744176635557e-03
-2.305732989574769687e-01 -3.064938144594921490e-02 -3.565757037097672111e-02 -1.319428964922726884e-02 5.569064641638586319e-03 -2.464658310554310779e-03
-8.172009976800574949e-01 4.181635340216295349e-01 5.892800149147996158e-02 -1.149295174812740936e-03 1.576034771201108645e-03 -1.766783739489593977e-03
-3.940906190750457228e-01 2.884610735736679588e-01 -7.887174964407694597e-03 -9.920550907737251886e-03 -2.006923643092726507e-03 -3.467295187533851308e-03
4.309101476125298258e-01 3.980748244877280184e-01 -1.130138308838590233e-01 -2.666296118915366560e-03 4.101020012547370620e-03 1.176047018245695479e-03
9.656094312062793450e-02 6.239348226854182222e-01 -6.758708514840231635e-03 -1.208610765530726853e-03 1.979376238960292231e-03 1.162550522621111143e-03
-1.510117302343392254e-01 4.663763429055315379e-01 -4.088552527259583375e-02 2.869709664675014048e-03 1.222451049349931526e-03 -5.274956888107477015e-04
9.561720233321939488e-02 1.143622463499396197e-01 -1.209492016739286413e-01 7.034388093401270584e-04 3.836233099916701306e-03 -7.102098240273480413e-04
1.131614953576842053e+00 -4.106683345412794894e-01 1.604848471900196041e-02 1.518731194215225053e-02 -5.189675385365513302e-03 1.327470523856219770e-03
8.120247013523114177e-01 -1.686618227745317056e-01 -1.090825992711015879e-01 5.860940686403443879e-03 -6.224562229696160853e-03 -1.327329547109812888e-03
-5.981618600314987377e-01 2.005274347872990429e-02 -1.033256565902231222e-01 9.418104324607422598e-03 2.176580344644073271e-03 -5.090581342300190201e-03
2.313784531658706345e-01 2.536087676651888057e-01 -8.035587775228865415e-02 -9.891017454068265838e-03 4.026443645550774504e-03 -1.071771780211521266e-03
-4.012350710191035508e-01 3.806063575672147259e-01 2.728556589834261331e-02 -1.138278346795972354e-02 -1.431180035194434385e-04 1.115941836616366313e-03
-1.178506735851311049e+00 -4.106724451629536476e-01 -6.916584945076451052e-03 -3.467273316076937943e-03 -9.910512945499494464e-03 -3.570755985438485262e-03
5.847492422577476034e-01 -1.327116101558727113e-02 -1.532796369349884447e-01 5.358018409147579948e-04 -2.992327312974182949e-03 1.709391740803951432e-04
4.969526276121168928e-01 3.974194010764676155e-01 -1.216713195705534656e-01 -2.168001734038217925e-03 3.077892835786510788e-03 3.296311682801965261e-03
-6.346118966141471862e-01 -4.187346115760554599e-01 -1.479395296663231496e-02 -2.319600296945500094e-03 -7.872896470056739079e-03 -1.282447958827916785e-04
2.819459380189606734e-01 -4.658415996600649422e-01 5.297997769641724780e-02 4.663442558038588710e-03 -7.356669878829791634e-03 1.054431545219844391e-02
-4.562736284109010221e-01 -7.753101398776877928e-02 5.209705168330034525e-02 -3.354638561948156128e-02 -7.832128921684290354e-03 4.043868222066375646e-03
-9.116595876257572728e-01 -5.282703529749381843e-01 -3.653164280165663996e-02 1.098484845531663701e-02 2.335897373506003443e-03 3.065739895816398976e-03
-1.842266379577949031e+00 -6.941166713457108846e-03 1.243759054071427034e-01 -1.192262662201426168e-02 5.344219388238083922e-03 -2.053292737886705261e-03
1.377844025566798969e+00 1.336533850894826569e-01 -1.900076183457987677e-01 -2.619480327559702438e-03 -2.327101579961067274e-03 2.415760895924716663e-03
8.971069593524483299e-01 2.237935734010612632e-01 -8.179397220779589806e-02 -2.140046238779142948e-02 -1.173101319069292650e-03 7.989508145591335628e-04
-8.932783655351937691e-02 3.869891711260818323e-01 -5.776912956827064821e-02 5.232080667141014154e-04 4.601502501409577423e-03 -4.029848908903892950e-04
6.982253873388803989e-01 8.421563393409516873e-01 -2.465327899673334239e-02 1.037526770596161737e-03 2.454098909287582338e-03 6.428689661227066608e-03
1.601142673116192849e+00 -1.710805700458515877e-01 -3.638214626613280045e-02 4.165526622880678584e-03 -6.823950037871610863e-03 -2.109015569068277852e-03
-2.196703216107112333e-01 1.147914862776630851e-01 -6.594279800285761384e-02 -7.391331291913915032e-03 -4.841203103712343921e-03 -1.907189932741941299e-03
-8.066393283943947834e-01 3.749069717034877458e-01 1.452822991219479901e-02 5.326776305905341936e-03 -6.820429399543694385e-03 -1.249783310438053055e-03
4.393014470057702847e-01 -3.561138612034486228e-01 -4.243496817582136094e-02 1.362512500902472723e-02 5.017540407008482493e-03 1.952190925428981842e-03
-3.300476292815849866e-01 -5.485601776826971587e-01 1.477170912034939283e-02 1.246622290680485592e-02 6.575048736937338413e-03 8.892651669871336900e-03
-2.087240492075309817e+00 1.414718547231855750e-01 6.823909635739530688e-02 2.356286324385566122e-02 1.930544552523913091e-03 -4.543634082728020135e-03
3.199713227798871573e-01 1.692716751529589961e-02 -1.079843989027664819e-01 -5.545458991708151000e-03 2.095743977145563854e-03 3.196790430711781046e-03
-2.744293198554025870e-01 -2.507786855531833892e-01 -3.476154051057597782e-02 -4.697690467944398533e-03 8.807116237306100368e-03 3.587578896430776085e-03
-1.198197035435315749e+00 5.608411290481665201e-01 1.430355705600724892e-01 5.036112047556330108e-03 -2.776112067146290982e-03 1.399836316686785091e-03
-1.127365155705007060e+00 1.451159639587660741e-02 -6.621015745947414488e-02 1.426982858516922734e-02 1.828151742724423929e-03 -5.618030657892680857e-03
4.135349970371843820e-01 -3.948421473728834785e-01 5.793652591406150965e-02 1.804493311155068620e-03 5.450018059008293093e-03 1.258353913199228812e-02
-1.568851332364002316e+00 -3.296935259258156337e-01 4.604716764075317964e-02 -1.240419613210536239e-02 -6.740869390202138640e-04 -4.281165049777247399e-03
-2.004112215362269911e+00 -1.210502191504449626e-01 9.522099142240199321e-02 -4.978029505855830449e-03 5.470193309831668932e-03 -3.779117982584692670e-03
