4.517615745236931879e+00 1.539584863616410004e-01 3.712615744433530041e-01 -2.207813579009674371e-02 -1.643983084001017850e-03 8.017059483440490755e-03
7.251500144513275403e-01 1.414283491008438108e-02 -2.169279761693557185e-01 1.191280110539883960e-02 9.558763340571507913e-04 1.624293477273534348e-05
-1.636672678376585033e-01 -3.609616051390443503e-01 -4.963137252065490806e-02 4.853382985002466579e-03 6.770971447618769935e-03 -9.491846593406685949e-04
-2.434243064886413843e-01 -5.782173956206186904e-01 -2.672807018190319697e-02 2.062410203582195137e-02 2.721118449670086124e-03 -3.315470268630354989e-03
-5.958171790487905017e-01 -3.967445922421830029e-01 -5.371838088987120063e-02 5.998199797689625357e-03 5.462190130541752335e-03 5.649229180926785784e-05
2.764246495373362755e+00 -2.273502566931134838e-01 1.812220147328091613e-01 1.340780352535335038e-04 2.425159390543456272e-04 1.361340689294526438e-02
-1.678476406603494897e-01 7.182207288109327958e-01 5.813152614801402052e-02 6.728855688977026205e-04 -1.388307842821069312e-03 -3.081953006333973399e-03
-3.501782123320887896e-01 -5.109927835331043271e-03 -9.118011108091036987e-02 -2.507513645441086163e-04 -4.420293470711075638e-03 1.577130984933451793e-03
1.748973096903617963e-01 7.476374754210136919e-02 -5.474110336711987546e-02 -1.140466912524492477e-02 7.242624374656170261e-03 3.859263846387072771e-03
-1.782720641801208927e+00 3.683149014782927666e-01 1.109916215330022382e-01 1.366535910342016671e-02 -3.917776886019287870e-03 -3.924464198814208056e-03
6.274722432812512851e-01 1.120733389735028007e+00 1.043816585059490348e-01 3.497734845392054277e-03 6.813175308176020600e-03 -7.362218804656655777e-03
-3.135101742460228011e-04 6.132794941211255901e-01 2.620510714937840380e-02 -6.057260343571034544e-03 9.783081928546176909e-04 2.545368244042272611e-03
1.009510452474041975e-01 -5.954057811342005069e-01 5.643125916858831442e-02 1.395838305244544511e-02 -4.468573279435895419e-03 -7.578392022789352638e-03
1.282045105911414407e+00 -4.888320884325297322e-01 2.523018335068862028e-02 2.426515001595207568e-02 -5.449287774948321367e-03 3.235517095008382058e-03
-5.601341269020252422e-01 1.779188109723310596e-01 -2.485425076028561359e-03 -1.134981818977285478e-02 -5.656648072339838344e-03 1.904506378149716222e-03
3.925872670849773205e-01 9.265240665661953479e-01 4.269482592626260703e-02 1.033970040816556066e-02 6.402230135487593440e-03 -2.195181678259505026e-03
-2.606506817891286396e-02 1.132559578437152492e+00 1.351556779229914629e-01 3.451899786913441986e-02 7.733365214709498302e-03 -9.234798505517111469e-03
6.252069434556527250e-02 -1.440074827230709842e-01 -6.024207624934600075e-02 -7.059440442397158129e-03 5.122458828502020334e-03 -1.337069330578043863e-03
-5.316397324572522676e-01 1.934915986256049991e-02 -7.358025011431289231e-02 1.503258355234071047e-03 -1.184272108245992567e-03 5.427070301812047561e-03
-9.087279427556244071e-01 -4.643982768243959391e-01 -4.779277149400327357e-02 9.348196927806275841e-03 7.041221444856258019e-03 2.889166329333970988e-03
-3.296727931121977706e-01 -8.197062362251560097e-02 -1.091145968073596317e-01 3.952745775934859464e-03 -5.419127454222949329e-03 -6.744973062482188721e-04
3.030295378661641781e+00 -1.775790206414457617e-01 1.392891383145146711e-01 2.381670153318771535e-03 -3.623759115591141961e-03 1.298521298370420435e-02
2.549379934057248054e+00 -2.224204425108467498e-01 8.152227335954043141e-02 3.613293512554170174e-03 -5.772860804117716307e-03 7.053925385064161932e-03
8.504956093306292875e-01 4.255108845122217431e-01 -1.367489341437286565e-01 -3.215857511521116614e-03 3.129003073765277733e-03 5.178710366883654097e-03
4.957086797687598745e-02 -1.798707927259658168e-01 -4.645598613423388562e-02 -7.505854887309095294e-03 6.399134152804171992e-03 -1.459098521249887473e-03
1.330853943887517488e-01 -6.093096826953300349e-01 1.432334872954731386e-01 1.505927036602550855e-03 -1.137822068034916164e-03 -5.062204518806315452e-03
-4.344637745293484232e-01 -2.033202172508913885e-01 -4.267631926753174404e-02 -6.874393930758335332e-03 3.498593936895695068e-03 -5.319541458795313919e-04
-1.697107759567262120e+00 1.112599719875976417e-02 6.900939201869366046e-02 -2.147488312886403766e-03 -2.078727178476623069e-03 4.834939744467267250e-03
4.964657836123808482e-02 -4.973846378994442596e-01 5.899629608733696247e-03 9.893708603070677787e-03 -7.278994676072746833e-04 -6.805513860349077584e-03
1.608187624966286089e+00 -1.696311099725393845e-01 -8.239527488253575727e-02 6.777194755381867573e-03 -3.781371030903782956e-03 -5.628480888326057620e-03
7.670457206071910061e-01 -4.671003021555957813e-01 -3.763775156984316972e-02 2.459180684799220848e-02 -5.041609439822631288e-03 -5.883731669778690526e-03
1.248710341432513138e+00 -3.997547976660998925e-01 7.463501453970773636e-02 5.843771898405708543e-03 -4.793892483527134249e-03 -3.305419285693659680e-03
2.393411377054541905e-02 7.431394420100403408e-01 4.707347049364094677e-02 -9.488122075776484789e-04 1.435258710056401500e-03 -9.225129065810872258e-04
-1.077890895286050199e+00 -5.538402027550141243e-02 2.174347804442038415e-02 -1.119233219873971841e-02 -3.336672832910540613e-03 1.610500535170481234e-03
-9.477675042733070543e-02 -4.619700730907554953e-01 -9.061164377361303687e-03 4.473335938054719997e-03 -5.028522163177457554e-04 -7.731805651909796559e-03
2.241668429859792200e-01 -4.019036413091294779e-01 3.082576214573485088e-02 -3.063776581574052631e-03 4.173150617963107697e-04 -9.505777837205079545e-03
9.998059987412291072e-01 2.700577091092415949e-01 -9.667446700075905952e-02 -2.139984817642372542e-02 1.664729730535331872e-03 -3.340064243960092806e-03
6.276689991437999216e-01 -4.774405263807880995e-01 9.179327300429195036e-02 5.301903724282803175e-03 6.852009375171045323e-03 6.357541394375321436e-04
1.519561241169037569e+00 9.559258093439890192e-02 -1.232232905072461332e-01 -1.368242068614469037e-02 1.088310389531835492e-03 -7.842840337007205356e-03
-7.570861756340733217e-01 7.646103461949591562e-01 8.742975935538570276e-02 2.832232831489762612e-02 -4.580008204700082510e-04 -7.510459256122913388e-03
-7.546319169681432737e-02 -5.914464834867181331e-01 1.470598947406209951e-02 1.936823227360980407e-02 3.995630496691575904e-03 -1.743328498932153990e-03
3.809978447173135163e-01 -3.795055012689918517e-02 -3.953370884776290922e-02 -2.030377884857578405e-02 1.145113765392881573e-03 -7.174711329234493250e-03
-1.896578478961017167e+00 2.004393122941203753e-01 1.018058067538294559e-01 4.116307387945964888e-03 -6.228186556606073003e-03 -1.062255855929019081e-03
-2.650129149877611945e-01 -4.593495647207097576e-01 -8.172195535428976310e-02 1.642012639600572144e-02 3.044114127343943658e-03 -2.193696331610591604e-03
-2.466875825217851870e-01 5.177442758587776778e-02 -7.882328131519932002e-02 -1.358986134871754785e-03 9.315854992995689947e-04 4.612379039927333793e-03
5.181386963053083994e-01 -3.226429477460104334e-01 -2.172538249101844607e-02 2.361995584051942640e-03 7.336753438535187008e-03 -5.095129831362823526e-03
-3.685561286311517248e-01 1.781815560323284434e-02 -1.275490928829320636e-01 1.032118798162463824e-02 -3.674332691004810868e-03 4.557689522638542871e-03
-4.326111672591305413e-02 2.401198055309897716e-01 -2.643755153667707702e-03 -2.428320103659759380e-02 -1.437445531270904308e-03 1.006010733964605129e-03
-1.562816746586672689e+00 5.816152520184403318e-01 1.575149690512999689e-01 1.561783244105948917e-02 5.661887190048120900e-04 -6.483922659684994601e-03
-1.796362169700150169e+00 7.361278485045384679e-02 7.638213498614714048e-02 -2.104208451991135048e-04 -8.198881466406533064e-03 3.393279507494724760e-04
-1.688550040126324536e-01 -2.503755239995926196e-01 3.754277130476960100e-02 -2.221401466078895548e-02 7.864754245858036896e-03 -4.721259820585791377e-03
2.387295374406333881e+00 -2.142247172426397506e-01 1.902415726371680382e-01 -1.540790703487249572e-02 -3.410273634327537669e-03 3.416182450831575009e-03
-1.183408511928958629e-01 9.547272204511803029e-01 1.159687134228524208e-01 1.355272994690957453e-02 3.329480671977994629e-03 -8.041499093108365331e-03
1.110400066360568531e-02 4.052912786192172656e-01 -4.398452635790708887e-02 -2.522162114434354889e-03 4.517566799671993432e-04 6.494719728350898183e-03
-8.857801318735030183e-01 -3.442423028793382134e-01 -9.145215171609334670e-02 1.239211106062319129e-02 1.765622102817495948e-03 3.275668413120512434e-03
9.865403399804070217e-01 -4.376008584892868147e-01 2.331528825871941046e-02 1.746808649360479665e-02 4.242454961623356134e-03 1.103158711824152923e-03
-4.919160815109138163e-01 1.377126983476517075e-01 -8.245870844930104637e-02 3.604774355524345466e-03 -4.800486469820649908e-03 5.650855019825463954e-03
3.320699435463165261e-01 2.973619697961913388e-01 -9.463556265318891214e-02 -9.065845598743802261e-03 -6.458366398721161229e-04 3.666620411983539506e-03
6.202655199446241996e-01 -5.036647711986845799e-01 -5.704382544793366178e-02 2.868275465065807037e-02 -5.276382942912988608e-03 -3.429116735884806932e-03
7.292476964054173116e-01 6.757759266454785863e-01 -6.373629410763806402e-02 -3.686905017055674451e-03 7.171359990709276966e-04 3.707920549620231671e-03
-7.290014395644587308e-01 2.294660982854163089e-02 1.348901391468878760e-02 -1.788657226018092877e-02 -7.418182411325188914e-03 -1.789635624746330547e-03
1.573644643370379015e+00 -4.412725027909521480e-01 1.874999573159221236e-02 2.190453088333517428e-02 -1.319076194928855625e-02 1.795209272782968390e-03
-2.782708655455300994e-01 -5.279843105382960866e-01 -1.631594209316387240e-02 1.079505142476535132e-02 -4.140584350857394891e-04 -6.470216623286163989e-03
1.721668418251483645e+00 -2.988947738212292538e-01 4.464575285601084936e-02 7.991299239727748388e-03 1.707972439368634666e-03 2.402000311120399464e-03
-7.825184381001779391e-03 6.565460696611293834e-01 6.738334747311697237e-02 -1.687215187852575057e-02 -2.905417387641340884e-03 -2.222142907914918895e-03
2.379616601385331487e-01 3.025893610383054155e-01 -1.120275446274537345e-01 -3.153056207680547890e-04 -2.496610963704265062e-03 4.826864003245372875e-03
1.116001293898545299e+00 -2.808766004683725948e-01 -3.797733484992543707e-02 7.319818864010613560e-03 -4.523563584655301145e-03 -8.953149677520467337e-03
1.450702599601686682e+00 -2.641399375403764502e-02 -1.388508985509553650e-01 -1.162833915383383945e-03 -1.282229796810650520e-04 -5.866773996035362301e-03
1.783765133755536025e+00 -3.276868171252556028e-01 -4.270475522402138874e-02 2.120879324337707206e-02 -7.654927142415403861e-03 1.685635138143307555e-03
-1.501900279985907138e+00 -4.418696931927731941e-01 3.409262724676490053e-02 -9.308413780649837932e-03 1.995395897354273855e-03 8.035533598017169940e-04
-6.037551559086913322e-01 4.124242914977409025e-01 -1.461783261228856608e-02 9.432155712209587539e-03 -3.824444115344968146e-03 3.291431059721798297e-03
-5.081361874785779165e-01 2.609320199365386395e-01 -5.563347424799220536e-02 7.789322089426186507e-03 -4.418245292058829710e-03 5.945214876765441379e-03
-1.356266565794619350e+00 1.103277343033956526e-01 8.379634136579681980e-03 8.506629840901962572e-03 -3.786972491881296105e-03 5.976003966922967606e-03
-7.101880911871577551e-01 8.311492488171963178e-01 1.471982865860167466e-01 1.389991921957905822e-02 1.489241527675995436e-03 -8.985502722957011343e-03
-8.833186402909699586e-01 5.169228686233715564e-01 6.157884015179602294e-02 8.702966792721001169e-03 -5.544135796385962550e-04 4.862247583503416146e-04
-7.653246454766142459e-02 3.928402336425015351e-01 -1.287439374483872329e-02 -1.302606013110491068e-02 -1.502465006582285852e-03 4.564500742144865508e-03
-6.325499938829485247e-01 -3.673464465159800296e-01 -8.945171814299447688e-02 8.732749373092220033e-03 -2.073780657371190363e-03 -2.991827530928153293e-03
-8.931177423376889246e-01 6.585609332534967386e-01 5.762049059639202941e-02 3.135338157225183581e-02 1.847519760028422733e-04 -3.896523517036280370e-03
1.985198440724521632e-02 2.422303562089187789e-01 -1.363416015622114785e-01 1.035370762370891977e-02 -1.517138537553496848e-03 7.331779570573996110e-03
-5.495998761911586872e-01 3.103392679356355988e-01 -2.044168240709484750e-03 -5.604392938339143072e-03 -3.506799961440011486e-03 4.653840101364460462e-03
-1.522017240874264488e+00 1.001702862462538063e-01 1.008900237652956416e-01 -1.306013077131835086e-02 -3.399006183225508539e-03 1.122764484272417576e-03
-2.069320651804333888e-01 4.955935211144307101e-02 -1.086143902688935931e-01 2.704100819111719938e-03 -2.936642040350083242e-03 2.933814119492100976e-03
-9.700357932955938622e-01 1.053657102166355664e+00 2.658526224086402157e-01 3.279203487102418102e-02 7.637444512951809678e-03 -9.536839225749774857e-03
7.809702978523369588e-02 8.426932147883005042e-01 9.025773407789691727e-02 -6.874333000791988703e-03 2.120475295739569256e-03 -4.153958570745636646e-03
-1.219973048710145447e+00 -1.635560020149598448e-02 9.098873331246631890e-02 -2.147255818384394277e-02 3.616731911940530234e-03 4.677147002785637595e-03
-1.765466614646281004e-02 -7.947547843205900187e-02 -8.201004243382506442e-03 -2.319510832574302878e-02 1.948652842349322392e-03 -5.687597563286011550e-03
-3.639109145081366181e-01 -5.202728836457820583e-01 6.780417680385165957e-02 -3.163490860605014474e-03 1.114260309280927681e-02 -6.586195689744742425e-04
-1.854683715509762298e-01 6.007670699869447350e-01 5.880314016733319965e-02 -8.238412554138454386e-03 1.184620712764707226e-03 1.228038539665756183e-03
-4.983784006431826175e-01 9.937248510331316009e-02 -1.104139418019030733e-01 1.143586277228469603e-02 -6.311648581571157116e-03 5.640306895077759619e-03
-5.239645431168151735e-01 -5.260445060980980525e-01 4.891000594566818210e-02 6.205226460977941901e-03 5.560336271513369177e-02 2.316747084360660722e-02
4.286546172882710337e-01 2.655093446070068072e-02 -1.573345662549398005e-01 3.164360984035487819e-03 -1.947780900119934185e-03 -1.386908784529926981e-03
1.658187402816345246e+00 2.013692736309276310e-01 -1.764342993814871086e-01 -9.778338594711380102e-03 2.853459102174926102e-03 -4.558219236085700107e-03
1.301905165604445802e+00 3.472330864987641652e-01 -1.605859957434742635e-01 -1.142929158990876708e-02 4.279992709783340434e-03 -5.224550222587459646e-04
-2.132699791934460076e-01 -2.360745486693176798e-01 -1.904506395058746387e-02 -1.474541232528445329e-02 -5.334020472530508726e-03 -1.014339363249386859e-02
-6.232260766472691449e-01 9.963635877066029378e-03 3.433818326740388158e-03 -1.470766079232576490e-02 1.834487264753665052e-03 3.615637704506802393e-03
-4.445299061699218846e-01 6.423616993841018141e-01 2.385967289904663072e-02 1.620112492021693468e-02 -1.533617141698272776e-04 -6.042610095573394376e-04
-8.416787457892664914e-01 6.158764004393315478e-02 -6.759827729872686097e-02 8.476099762614193109e-03 -5.623218354950944645e-03 6.351010245462858188e-03
4.183744929799678047e+00 6.071846577932109301e-02 2.443781594890045428e-01 -1.121417095032314036e-02 -8.236487145392537221e-03 8.229320733674942018e-03
1.035300443442177309e+00 -6.296745310278135943e-02 -5.052020044041404673e-02 -1.478749665836734048e-02 2.528333178867971012e-03 -9.785597253991954250e-03
6.428972829163304148e-01 -5.912821125184231086e-01 3.954307512973317257e-02 2.628234342936440135e-02 -8.030779882573850200e-04 2.769942667408089362e-03
-9.813110834455063269e-01 -5.081919153377933984e-02 6.971140553999640235e-03 -1.113406365341939805e-02 -2.822301562961811432e-03 2.190853201056528182e-03
1.145426507663571236e+00 5.072873289799153529e-01 -1.398551749070146288e-01 -8.180715062827071532e-03 3.399362291208440131e-03 3.535849982071104323e-03
4.632245359012927138e-02 -6.455722836525000508e-02 -1.295376739071641137e-01 4.003778901355945982e-03 -9.020676443437639135e-05 -1.952963669963380181e-04
9.507206229631205430e-01 -3.503304144629217354e-01 9.344507235205047613e-02 -4.772751839492527133e-03 8.479467446546347723e-03 -1.670290062430565331e-03
-1.012617424112130793e-01 2.344101186449857044e-01 -4.184936027335903891e-02 -9.479942377953767124e-03 1.631168549563374957e-03 6.154738568627761940e-03
-2.174825735178779473e-01 -2.614147606593228423e-01 7.066736562186970438e-02 -3.117357161785892783e-02 2.002250885203319894e-04 -1.102916183645363465e-02
-8.608836319862970266e-01 7.036418676453708443e-01 1.139991595226002574e-01 1.451116070790744832e-02 2.173187930618422203e-03 -4.522655813590106301e-03
8.234834363428975568e-01 -1.887973975541798466e-01 -9.311883290537938118e-02 2.539709980184635518e-03 9.152247923893986345e-04 -7.246987584257397544e-03
3.974230469538692634e-01 -8.951431917815923234e-02 -8.218073680685029914e-02 -9.712430983720776040e-03 -3.011657049361563063e-03 -7.820261576812164231e-03
-7.782796067361350545e-01 1.097917802830902928e-01 6.604753118730839756e-02 -2.506617437690166622e-02 1.901014134045086456e-05 1.599837673346294524e-03
-6.183656313455094811e-01 -3.269952148857375729e-01 -5.752166417554411583e-03 -7.572882555901816297e-03 8.317346972698782398e-03 9.880007976612555694e-04
-4.755687915133046673e-01 7.768910176801867296e-02 -8.211806561608654687e-02 4.907387526215918096e-03 2.689495917717098575e-04 7.790449879952877563e-03
8.388577166787716255e-01 4.617935853057663631e-01 -1.007942976434447468e-01 -1.393858786904827486e-02 1.395339987642115658e-03 3.244254771170053397e-03
-9.695890486197462632e-01 -2.011637551503069055e-01 2.738347280095196346e-02 -1.416634854983403122e-02 5.362972266865833823e-03 2.678893077906238217e-03
6.141043310859213289e-01 1.552350092681990534e-01 -2.142154707730445362e-01 1.171082828788206492e-02 -7.950074230201043240e-04 1.830482684261268336e-03
1.035956373089306437e+00 1.212488910028483025e+00 9.462646162573462583e-02 -1.776377097500314453e-04 8.114137922332745334e-03 -8.052754927025552317e-03
5.028951591178425912e-02 7.552375934085500120e-01 5.960492568992154655e-02 -5.165182717890107536e-03 -9.464309242547141619e-04 -3.071024829425889838e-03
8.668469483273928411e-01 6.862739432918369964e-01 -7.220416814802121941e-02 -2.780034658443634923e-03 3.044403636018858019e-03 5.215731853110023089e-03
1.594464734413192808e+00 -4.440792648069543658e-01 1.278518558434394436e-01 1.239320054022372518e-02 1.704037032683466653e-03 1.119980184604541483e-02
4.427384771417161025e-01 8.836502069499889700e-01 6.316779147175996534e-02 -9.291380190991252452e-03 2.103261148168814390e-03 -2.677339819384942209e-03
7.131297768314547314e-01 5.023598454406248692e-02 -2.083553536782628834e-01 1.007275472857749321e-02 1.100241263468549344e-03 4.517343824232487436e-04
1.750457496848613070e-01 -4.917557090019089583e-01 6.694458536743061461e-02 3.186771559683779058e-03 7.965051749128416320e-03 -2.827745252821070934e-03
-5.744454059110958299e-01 1.623688982255895585e-02 -5.770311366566729244e-02 -1.607277457685519530e-03 -2.419944123184128090e-03 3.498946025088164793e-03
5.822363575882105735e-01 -5.844214686761147748e-01 5.393848781308108881e-02 2.277321646474630285e-02 1.863728843150413463e-03 3.387098216711018333e-03
-2.028207055520236946e+00 -3.094715975126974827e-01 9.056127628375645888e-02 -1.034215419912161253e-02 2.501449074073842197e-05 4.375600972788903573e-03
1.431060411185967496e+00 5.483937697429209779e-01 -1.336410234682197384e-01 -1.732324162953152724e-02 5.322297159347009685e-03 1.928200685751723124e-03
9.058498881170387595e-02 6.897381106003093454e-02 -2.758171787131186159e-02 -2.125427770097139749e-02 1.836883668174047867e-03 -1.759405104693121703e-03
-3.256070957775942243e-01 1.214562002296347559e-01 -1.155693535587052206e-01 8.202293699930997967e-03 -2.336480302685721693e-03 6.790177351637085440e-03
2.230163023388046284e+00 -1.597317282044429798e-01 -5.251356182286933544e-02 7.742321869542041594e-03 -1.080176838406773573e-02 -3.401643959877344477e-03
-3.232919724660551775e-01 3.698096969304361797e-02 -4.242029833674486328e-02 -9.894529974950950699e-03 -6.104360814171658742e-06 2.203466893892220071e-03
2.170759130379761870e-01 2.811337914668576299e-01 -1.155876489169763155e-01 1.052046130917792723e-03 -1.447305682348821619e-03 5.145137150526574860e-03
-1.135331683728861396e+00 -8.181664492928826526e-02 -2.631245250053613691e-02 2.531053886824085209e-03 -5.861772756686890566e-04 6.951313525952377767e-03
-5.334174091360830428e-01 -3.463890485646288209e-01 -3.655912634696869157e-03 -8.329255839579715465e-03 6.162302773617870863e-03 -1.763317314258470297e-03
4.067711194763893867e-01 -3.885760406376785325e-01 -3.346050583843814680e-02 9.741920687806309570e-03 1.621374500989852330e-03 -4.811699504038238241e-03
1.015337267838497315e+00 3.970706114419824684e-01 -9.613573037421548062e-02 -2.077985948226123911e-02 1.139060902246180878e-03 -5.205911598919757887e-04
-2.467216212431829092e+00 -1.749853831194382037e-01 7.869268706290893922e-02 6.505522483917687733e-03 -9.371772774929692032e-03 8.306366732595016908e-04
-2.526779606759618435e+00 -4.497690754755248599e-01 1.087341745261565379e-01 -5.663218653489527493e-03 -2.866399521742953906e-03 3.883776054013259819e-03
1.971500653072479015e+00 -2.128864003548574524e-01 3.943581504772448489e-03 5.444777216780789970e-03 -4.178817900013960529e-03 -1.479057579046455300e-03
9.263310505562352137e-01 1.380161395490107912e-01 -1.119244275410195971e-01 -1.449578452954781820e-02 2.306521036643007384e-03 -3.959815904570711080e-03
8.269113565581588665e-02 5.298497811179282424e-01 -5.380788292438977438e-02 6.367837117393494555e-03 -9.491795284020112470e-04 4.610441406704410446e-03
2.346020605488383204e+00 -3.221969574711188167e-01 5.770818929349035009e-02 1.467743454052503928e-02 -1.155554967625880593e-02 7.822915546430813521e-03
1.106545363274072658e-01 8.658098832977842996e-01 3.364391434287490601e-02 1.802787036390107386e-02 3.123790999471676849e-03 -2.892499446564608841e-03
-1.074603263820830046e+00 3.635631068086115358e-01 2.203308292526022158e-02 1.297131200502313342e-02 -7.282844818270563410e-03 -2.756674402261575043e-04
3.925611807283625465e-01 -3.021256520088372310e-01 -3.699736126724605112e-02 -5.951607329194544705e-04 9.181509804206773248e-04 -8.316387128846199073e-03
-1.281950439025197896e+00 2.736348584214640667e-01 1.109125147752338947e-01 -1.255709613237756921e-02 -1.978620304181076105e-03 -1.833479120896493501e-04
1.353320356802496294e+00 -3.986236771740956919e-01 7.994318825870438960e-02 9.042430536883565989e-03 4.675437234360653449e-03 4.472399815261159962e-03
-1.119404814601980824e+00 9.645600156934987235e-02 -4.594464930184594120e-02 1.276892520182230581e-02 -4.719129042244652079e-03 7.579718854221170407e-03
4.103280308217120975e-01 7.175715525187901234e-01 -5.046746918802479109e-02 1.236965910094136797e-02 2.579304793386665972e-03 3.531785176860207428e-03
-8.604392538368104137e-01 3.369441145408000327e-01 1.817949465128589071e-02 1.475768925389865996e-03 -8.739849122459321384e-03 2.445688461208369896e-04
-2.248573856868396614e+00 -3.323390154459404111e-01 1.171209116381355525e-01 -1.169087813163450715e-02 -1.857302416280436682e-03 2.654551543169215121e-03
-1.494750693834951072e+00 5.500636461935235477e-01 1.571268567765403412e-01 6.941897884242290324e-03 -2.319176680759450163e-03 -7.009432858151380154e-03
3.040319808877825380e+00 -1.416511041315973995e-01 2.274041690256800308e-01 -1.480446926098950323e-02 -1.356162458332625144e-02 2.958876886646610339e-03
6.209984850929559097e-02 3.072294808250726206e-01 -3.498293982010212966e-02 -1.440650691942202410e-02 4.297026838794692762e-05 4.337561141523898697e-03
-2.029705570862115893e-01 -4.712998362923294660e-01 -6.725296096227470488e-02 1.616624950503741873e-02 5.823272691068567819e-03 -1.872999213886596560e-03
-9.409535364527498169e-01 -3.112717955218614607e-01 -4.461766093977675290e-02 -7.683210560480494260e-04 -1.370386752163500234e-03 -8.306764617643181076e-04
-1.381301969037031618e+00 -3.742492822661642182e-01 5.271855356201612247e-02 -1.331466981957295584e-02 6.506768067847455532e-03 3.430038682650457700e-03
-4.761886982776956656e-01 -5.483240500604613654e-03 -1.238021471046725358e-01 1.298112863119401869e-02 -8.638902637555235771e-04 7.260654141554665625e-03
2.782135615680247920e+00 -1.863482503139955726e-01 1.253930608946046132e-01 -9.800912121960281016e-04 -2.542782206596248297e-03 1.132155574819541065e-02
1.484785257829922545e+00 -2.536532538160454764e-01 1.137603165130939703e-02 2.379918018734098872e-03 -3.776907836281857486e-03 -6.073913721663899874e-03
-1.614124257744215862e+00 -2.572885801207959108e-02 5.902551958467478627e-02 -5.001126928282691002e-03 -4.850227567687858017e-03 3.352383119620177925e-03
1.053331374297868661e-01 -8.541657096676537331e-02 -8.001622380840585358e-02 -7.248593225170471034e-03 2.979043362997925784e-03 -1.013994903664387727e-03
1.146871126180576961e-01 3.823705041597633136e-01 2.417166062300825195e-03 -2.351558157717108591e-02 -1.442293048021338299e-03 2.441422038019580923e-03
-1.875067323828611521e+00 -4.473461642788807979e-01 1.320755727741863318e-02 1.507165003161249888e-03 -4.616779560680249299e-03 1.111049922535140531e-03
-1.099568614696363023e+00 5.752677094349225584e-01 6.486536447358098867e-02 2.647626433352382250e-02 -1.292465442754623566e-03 -3.097381412932755877e-03
1.020716142044984842e+00 2.145145074115042128e-01 -1.862445317561742253e-01 -1.568372830711156716e-03 1.702033347208223909e-03 -4.619150536720012762e-04
4.621108804759117006e-01 6.294209293243340220e-01 -4.144322528346335716e-02 -3.571038571645689455e-03 1.016593563844757873e-03 3.730677977070199873e-03
-8.286706974148196903e-01 1.285557231373300399e-02 3.336987739982422846e-02 -1.534980468609141446e-02 4.288522888126733087e-03 5.203562543179282920e-03
5.585456327536668653e-01 -4.636659755837463370e-01 1.364701144701927493e-01 -6.135630423749893238e-03 4.424732720933808108e-03 -3.967606115228953373e-03
-1.524267890736791531e-01 -2.551127495533225820e-01 6.796854590359397395e-03 -1.492469332739331835e-02 6.288785249124762347e-03 -4.121679016286050254e-03
1.172852459974053518e+00 -3.260269100973708922e-01 -7.137436997181624554e-02 1.868598405825537545e-02 -3.512646451561441795e-03 -5.477548321139022978e-03
-1.532287507395639015e+00 -1.605525396331821397e-01 1.384804545882580874e-02 -3.653901872310629309e-03 -8.885289235147919573e-03 5.731392869102747969e-04
-1.372012224371492506e+00 -6.061658354515466751e-01 6.714468934132342137e-02 -6.852515162726733125e-03 8.397949174536454772e-03 2.489436231572371774e-03
-1.870092886327015425e+00 1.097845455049707153e-01 6.436096753946546345e-02 7.914074181470222638e-03 -7.043274105025597136e-03 1.353163698146293272e-03
1.969563891766443309e+00 -3.980260019225079771e-01 1.551003415153257570e-01 9.615756507576411066e-03 1.594647904212960834e-03 1.370265333801760910e-02
-2.177866319073685220e-01 2.293925569911867968e-01 2.350487084470043436e-03 -1.718085989983823489e-02 3.196250625542285811e-03 5.611608375366259477e-03
1.114270464950671391e+00 -3.511573961488526074e-01 -6.036051448659561502e-02 1.875746549224766024e-02 -3.955482636744988949e-03 -4.121942952678273042e-03
-7.514216775738297160e-01 -4.239587720086463590e-02 -1.458727179138148700e-02 -1.092295990996909778e-02 -3.571776013384482789e-03 9.470711672557500073e-04
-6.249410691038742582e-01 1.478153902743390424e-01 -3.041111890877666243e-02 -3.637842070699272030e-03 -3.007573483735350318e-03 5.475644659701630126e-03
7.880276452515840857e-01 1.041224980699875680e+00 5.885119950594382143e-02 -1.524015321843656418e-03 5.626579389934827959e-03 -4.588580271090977013e-03
-1.247140012344605031e+00 1.650640516379010270e-01 3.972542507313057969e-02 -2.492793451487477704e-03 -8.415826156513742454e-03 5.832847770757058599e-04
4.982171648724864066e-01 7.096309801645750426e-01 -3.289026356562099046e-02 2.178967675595131024e-03 -1.280115021037041381e-06 2.086453968443781164e-03
3.613500910538174349e+00 -1.081760451364432024e-01 2.627794564480922523e-01 2.523647831074198565e-03 -2.206828555899959833e-03 1.404154243030495894e-02
-1.074239001786418957e+00 7.854525894236983330e-01 1.551052885772749856e-01 2.475663793879950142e-02 3.620976763845316568e-03 -7.468508161299828967e-03
1.299923322254641356e+00 1.696647337179887582e+00 2.376806082299682543e-01 3.371014341901492489e-02 1.663094234509698843e-02 -1.121376893276170190e-02
-9.959899591999814561e-01 -2.322089090712816176e-02 -2.120494819571635062e-02 -4.660150528492855437e-03 -7.818826332173742580e-03 1.957242412843122198e-03
-1.152875775849154572e+00 6.898053897526333911e-01 1.138959635641353524e-01 2.763308899192258930e-02 2.170399853170605880e-04 -7.072641524707079172e-03
5.318729198114093837e-01 3.395984199003740378e-01 -8.703158585728100471e-02 -1.025049278816824935e-02 4.275158804854586013e-03 5.827015666760682749e-03
5.895833542232813418e-01 -4.960283920173019223e-01 1.594014027816864632e-01 -5.745557125423988130e-03 5.112831025837540413e-03 -1.331697160434311628e-03
-1.761602407548355842e+00 2.350319028396189724e-01 7.286590997225507460e-02 1.006334101679110492e-02 -8.660297024055385248e-03 -2.354417432054231075e-03
-9.819728912772934803e-01 -5.899551670862042130e-01 2.914732929926209387e-02 -1.646661014700108536e-03 -2.913322037618542269e-03 -7.164011617186672939e-03
-8.203944943184192651e-01 -3.435781317311251692e-01 -4.231617487554374668e-02 -3.617227281634742640e-04 1.826360847606208490e-04 -1.612649938096298195e-03
-4.368713013848105065e-01 4.447432370523965450e-01 -2.971186798999658069e-02 9.740943108384468238e-03 -5.330667474027105633e-03 3.037207464097663612e-03
-2.784072043376049632e-01 -5.224757067162832946e-01 5.240132095423806480e-02 -9.969123601277912750e-04 1.483076664981178685e-03 -7.860988979615735062e-03
3.124528471577278643e-01 -6.260644474113827851e-01 4.500126681416793950e-02 2.666511915024875543e-02 6.578626599649265751e-03 5.172821291297035294e-03
-1.923800202354336020e-01 2.854841789612009781e-02 -3.175766794636702278e-02 -1.680292040667153569e-02 -2.491073368776912118e-03 -1.457385800414994978e-03
-3.613752869033018400e-01 -3.628646210030693209e-01 -2.274430135015943072e-02 -2.273415497525385891e-03 6.106638015245107430e-03 -2.327090715284270590e-03
-3.504318503826193698e-01 -2.221938903866785830e-01 -7.588244641372239585e-02 -2.511883218023004509e-03 -4.688385953208344496e-03 -5.128845464167901963e-03
5.574684493836472576e-01 3.623505414070956054e-01 -7.782391042388048241e-02 -1.683573827641638571e-02 -3.982734032635638585e-04 2.123619102781432871e-03
2.951539655159496345e-01 3.565082476271973499e-01 -7.219514885620151312e-02 -1.054326249119341176e-02 -8.228059101237963349e-04 4.241156203271880497e-03
5.216823949035233055e-01 6.867593764987704741e-02 -1.481874132256452425e-01 -5.620283700656799296e-04 -1.797768757038665415e-03 -2.135065897384510244e-03
-1.101633205350545541e+00 5.367852813869445489e-02 3.991688741503655879e-02 -1.193178614489330720e-02 -2.889226844479833665e-03 2.939321902781839684e-03
2.604712639644052086e+00 -2.019211174857608593e-01 1.338318038212421568e-01 -4.852422411199187879e-03 -6.222007483863424039e-03 6.306730443333965867e-03
-4.546951812925320580e-01 4.998191381828142599e-01 9.964759348428017457e-03 7.739016101420031699e-03 -2.230391899731054334e-04 3.806272869447541174e-03
1.932479013265622658e+00 -3.577526584504939211e-01 1.770352550425585703e-01 -4.450168024937251054e-03 -1.272313520281897863e-02 6.430571546869417966e-04
1.325352638956244444e+00 -2.327154494669302909e-01 -4.932619930426358767e-02 8.546064597410365019e-03 1.903985347485454872e-03 -4.173316422203429167e-03
-1.328800305966605588e+00 1.824568183577121860e-01 9.317247066012951384e-02 -1.229361283694511107e-02 -5.266626559726703301e-03 -2.449377033985602938e-04
-1.727167842404553344e+00 -7.902479018437394420e-02 -5.028870144315299683e-03 1.325128826976691709e-02 -7.230223333621395299e-03 5.395718993747257095e-03
7.283498841529900680e-01 3.138785080209927081e-01 -7.121583626344282769e-02 -2.181638895965968758e-02 -2.001641437725321722e-04 -1.068235791566667309e-03
-1.306810220018032265e+00 -6.329677589172330032e-01 5.071977907518620404e-02 -4.131932346386478147e-03 9.043031888232854225e-04 -3.069599893762538917e-03
-2.032319722064068301e+00 2.033396555610229861e-02 4.096450593297416842e-02 1.603890556115342494e-02 -5.904057021388722272e-03 3.208708674753370585e-03
-1.345230845970423195e-01 -5.488986068991373868e-01 3.082923946261955164e-02 1.175296435225433277e-02 1.007037608728364973e-02 8.348316712023100576e-04
-1.945724009391745779e-01 -1.019455688622042111e-01 -1.296199918479200297e-01 6.537767110575404619e-03 -1.820170591260092613e-03 1.038504484927624304e-03
-1.587619060797762494e+00 -4.702804186377647633e-01 -3.292544392829331590e-02 9.315317406800813563e-03 -9.474995681023327303e-04 3.025149455676141332e-03
6.020461899670622591e-02 -1.279747234951613133e-01 -1.642452029888100476e-02 -1.690106692038782429e-02 8.980670895617786156e-03 -1.213311729083953053e-03
-1.668665909736259056e+00 -1.672807518580897990e-01 5.395711892589603008e-03 3.685811182467734273e-03 -8.601232750349191089e-03 2.219450142951783205e-03
-1.523174199622209013e+00 -3.382427313048922413e-01 4.385067179767303779e-03 -3.065993895805489179e-03 -4.549453638003364726e-03 -4.892224282991089468e-04
1.651447711685667619e+00 -4.060689508259339164e-01 -1.624561809874131707e-02 2.263038307213401448e-02 -1.595144756889968138e-02 -1.631278239781189156e-04
1.162494648442058631e+00 -4.410925209727794005e-01 1.748916463485286343e-01 -8.848572434634141906e-03 -1.117067617603459753e-02 -6.684193068066260693e-03
3.592825266366899140e+00 -4.280833278421115884e-02 2.154484062786572729e-01 -9.330145222115681508e-03 1.739852716076605629e-03 1.507704381233074438e-02
1.472720464060452983e+00 2.173849641454181081e-01 -1.835054536816290716e-01 -8.462778321663696340e-03 1.459578933166914188e-03 -4.121569052241791896e-03
-6.363280462152586248e-01 4.470861805469376615e-01 4.796228298308233273e-02 -4.567719498563222423e-03 -3.687831478367154404e-03 -1.698662129948515904e-04
1.415089945818608586e+00 2.260055163856557192e-01 -1.508102180910010637e-01 -1.344614552329563908e-02 3.164478544720147977e-03 -4.618408274928505371e-03
5.721822230018029920e-01 6.953351926812236794e-01 -9.361592827188619514e-02 1.782404373590071658e-02 4.171201557193689874e-03 6.066488634089983734e-03
-4.486602562394054194e-01 8.482483850103983425e-01 1.341617869566125720e-01 7.718998222726493851e-03 3.984728901023424155e-03 -6.541783110953913391e-03
-7.153619062957669028e-01 -6.085031052743345992e-01 3.525156937827026576e-02 5.569217063842028456e-03 5.355132174491931615e-03 -2.238033520573291021e-03
-2.771244086704918175e-01 7.817603437715819892e-02 -6.375189650958554277e-02 -6.890368056614240219e-03 -2.287851011653910509e-03 2.624989997797097432e-03
-5.739532106585734095e-01 -4.255302331721529940e-01 -3.744773324966328004e-02 1.187798480986713024e-03 -3.903161059835773099e-04 -5.990145990467560938e-03
4.864478936894437444e-01 -3.780043005167119663e-01 -5.229890757975283466e-02 1.187560020452887478e-02 -8.988818286363290701e-04 -6.969052409031128298e-03
5.929635313771801641e-01 -5.719203027807893136e-01 1.959564047876040938e-01 -4.970493979768725659e-03 -5.111664369591336840e-03 -3.293737806351154391e-03
-3.310728413720758767e-01 3.875358617441541087e-01 -4.182461002040860701e-03 -7.792542861566262302e-03 -6.560172246605237498e-03 2.159405117188206713e-03
6.207513077049785499e-01 -2.449960236437528360e-01 -1.959539385556999247e-02 -7.262088759786097629e-03 -1.549938645526020061e-03 -1.170109505311558301e-02
2.020978994076191512e-02 5.373231194567575919e-01 1.911588872546707979e-02 -1.458842550588162687e-02 -1.200775939085081895e-03 3.009364722054847386e-03
2.516147225716625524e+00 -1.715524679131516517e-01 1.144394814799818277e-01 -1.005582901713182424e-02 -1.279365976179584578e-02 -7.056097567652770165e-04
2.647562314029384467e+00 -2.849812055125501842e-01 2.461153577905525469e-01 -1.350528165980906031e-03 -9.340764465421327878e-03 7.440914397315603890e-03
-2.812417115470245976e-01 1.147296184619276821e-01 -9.410488227756469426e-02 2.124915252020027467e-03 -5.433300041154108181e-03 3.328409478229417927e-03
3.829304519866567058e-01 -3.588404974658372937e-01 8.006533898208309519e-02 -1.329171221255544613e-02 1.269828714438685701e-03 -1.038390209395255795e-02
1.158926198979668198e+00 7.196205906975873257e-01 -1.201155834512526305e-01 1.400330038968515675e-03 4.428372722013330931e-03 5.356687807396605036e-03
1.446856932604874066e-02 2.592326455361483872e-01 -1.035009693767686423e-01 2.533820316367731921e-03 -2.281186394933707850e-03 5.733317075483682600e-03
-3.715364921109640672e-01 4.047402297959780126e-01 -1.918215117515060381e-02 3.708291777216765183e-03 -4.114492344701977007e-03 3.412090482503558377e-03
-9.379638206480619411e-01 2.413753181547784454e-01 -1.539613929529467032e-02 6.643712819808987591e-03 -7.540007667637762395e-03 3.478808340391776298e-03
-4.034954363426634383e-01 -1.657455264231235681e-01 1.131800282830235614e-02 -2.227680867356778005e-02 1.676603509812003520e-04 -5.699084551976684940e-03
5.216361127289960153e-01 9.536581173379112819e-01 6.309623168667642668e-02 -2.593494738881217503e-03 4.904135113002975471e-03 -3.427041881833948339e-03
-1.484494965545241074e+00 -1.254819095615541114e-01 -2.711807890731141035e-02 8.163961360637246589e-03 -6.220654811196327932e-03 5.162962402862373776e-03
2.980562869745334020e-01 -5.763122768268577056e-01 2.708263995374639299e-02 2.338184881562936288e-02 6.412966456190469060e-03 2.575070966304898127e-03
-3.602390114723817982e-01 8.910246214436476908e-01 1.125131254355895560e-01 1.744143018583415444e-02 3.502760309050399583e-03 -7.459902710041121411e-03
9.396565696976623139e-01 -4.565866464252636980e-01 7.087677511578054090e-02 1.053216269893854015e-02 2.257050122647609545e-03 1.367838332920984527e-03
-2.234922559319357571e+00 -5.279626717613604692e-01 4.895738289126103787e-02 2.103920277882005176e-03 1.659272524551290038e-03 6.089766632016352377e-03
-2.715680171707577917e-01 -5.473152572735836552e-01 6.798385212121836607e-02 -2.375033417055230276e-04 9.291882365440138226e-04 -7.992788208822201521e-03
-1.853969400817116059e-02 -3.700962943201119848e-01 -9.571894593264118622e-02 1.110098927462799950e-02 -2.784040218511561488e-03 -6.793199447301121255e-03
-2.208286797584086081e+00 -3.633635112965173941e-01 7.377511237205752748e-02 -4.556067621402646803e-03 -2.845597253364567231e-03 4.146158100030846068e-03
8.312787281268138040e-01 -1.038244129278307198e-01 -1.209222027882045220e-01 -1.163608123322780810e-04 2.636923413104348256e-03 -3.847445692876991143e-03
-1.188230605082980951e+00 -3.296504207039143153e-01 -2.078000956064888355e-02 -1.669862289918197344e-03 -1.669481447848378611e-03 3.878167227464065342e-04
-9.377140566392238030e-01 9.133788164791385444e-01 2.038459107486527144e-01 2.081762317800076034e-02 3.138200323188817566e-03 -1.037753119089596804e-02
-1.017034940091193551e+00 -1.899897773601530171e-01 9.333923772014972309e-02 -2.924341221658503104e-02 7.771045605331364757e-03 1.794836810718347664e-03
-1.482152259167451414e+00 -9.562947857364817450e-02 5.080439226045928292e-02 -1.055565434516353776e-02 -3.395759596069391692e-03 3.543924445791676089e-03
-1.077085923794536937e+00 -2.210194597737768496e-01 -1.806811255666036786e-02 -6.324129196009735734e-03 -4.729895324757507798e-03 -8.353165869642606260e-04
6.933179866372504163e-01 -4.126990827886916624e-01 2.159794640340496549e-02 9.379072462081229633e-03 2.115154782897325694e-03 -5.401569182753729846e-03
-1.128458646820022837e+00 -4.182620123065483586e-01 6.146534045102100378e-03 -8.666597580512932705e-03 -3.084147516914835779e-03 -4.806563273104987218e-03
-1.563135239140528432e+00 -4.211988444410669774e-01 2.570117877557439451e-02 -3.577456856215551709e-03 4.919912885437663537e-03 4.665233809851065082e-03
-1.901495127262273765e-01 3.962025548944394515e-01 -5.119898640954047286e-02 2.394549136941916730e-03 -1.081507646824275996e-03 6.712150235169123819e-03
5.843911368303801590e-02 -5.762560547663638788e-01 -1.085234950907206473e-02 2.523612025516589613e-02 8.305677617316853042e-03 1.496144352992723409e-03
-3.701106304184196838e-01 -3.038886676788175589e-01 6.082647821043313252e-02 -2.587731592182529461e-02 3.574567399457392360e-03 -7.646330785785820754e-03
1.443489578294048892e+00 -3.172447045510516372e-01 9.279798813655910916e-02 -1.106438588674375691e-03 4.229698758692918871e-03 -1.032105997681877609e-04
-2.274585585845762536e-01 4.372709250140665027e-01 -2.330812365478706835e-02 3.374643811990981918e-03 -5.047261565591747417e-04 5.441958746436631467e-03
4.855869305088977850e-02 -3.243393343971986420e-01 -9.238106185749880850e-02 7.511436364901230567e-03 -7.406894851513623577e-05 -5.989420827074053849e-03
-8.780864360761114762e-01 -6.716499659214353324e-01 2.155919797746571123e-02 1.441579650771843135e-02 9.188093169022814449e-03 2.369074708682149515e-03
-9.803642362673247179e-01 4.370025965514026112e-01 1.062154951260612795e-01 -9.086418046163714096e-03 -2.913835699643472967e-03 -2.124406269442131925e-03
1.950651616415420397e+00 -5.623659725637378259e-02 -9.299266069285679059e-02 -8.674358087830600066e-04 -5.707458788923707067e-03 -7.523214712810321475e-03
-5.169624280683793316e-01 -3.995534653311983986e-01 -9.061749315123839021e-02 1.116644410773125901e-02 1.387501447541056050e-04 -2.023362000899694719e-03
1.265727373671676315e+00 -2.773601359300899571e-01 4.808529771027823807e-02 -2.100316597592491192e-03 2.437911716764791254e-03 -6.209082727453430275e-03
-2.846970572853704806e-01 -7.018741139431069476e-01 1.085022270951363776e-01 1.301620106317096133e-02 3.353492851071883125e-03 -7.360456809561895829e-06
5.496869940696886836e-01 7.867042370583298139e-01 -2.391043149648344746e-02 5.211833779838999717e-03 3.120773722083001762e-03 1.907657648269637293e-03
-1.558593235713600644e-01 3.467914906526973207e-01 -6.110027917495305938e-02 1.122344693200626810e-04 -3.988069028062238633e-03 5.372116731112548671e-03
9.510905652380516884e-01 -1.194416382137596377e-01 -1.024665676698068573e-01 -2.413252824214772666e-03 -4.211171717628456324e-04 -7.172071207486837956e-03
5.920315004050764190e-02 1.263849879755316319e-01 -9.227618445318774842e-02 -5.772336755988700767e-03 -3.141586439584082707e-03 1.072002333326662563e-03
-1.703684039292737706e-01 -3.448030824615025414e-01 -9.830017606070391711e-02 1.244486346393268439e-02 4.842793422034755851e-03 -3.420284144260147987e-04
-1.339940658515033300e+00 -1.815835918185881859e-01 3.848839409149217711e-03 7.634922369360406261e-06 7.192949233037392249e-04 5.985300286048341953e-03
-1.466912508072036214e+00 -6.848086354547583410e-02 6.160947680638922778e-03 1.282189180127076868e-03 -7.161790644883412639e-03 3.600483324549738455e-03
-5.100378202034442365e-01 -3.339595852277369437e-01 -2.561190410319471450e-02 -5.836578857804418895e-03 1.896226843842370967e-03 -4.437670632655727615e-03
-8.135204905006603315e-01 -4.614126890189122476e-01 5.119695149995679567e-02 -1.407887397382414849e-02 4.790708577046672891e-03 -3.865323217846881963e-03
-7.606743216948893549e-01 -4.291406516449798869e-01 -4.198732009363820988e-02 1.667147724613809393e-03 -2.509605585544971706e-03 -5.489854074541809098e-03
-1.866181426368671847e-01 2.225550327285976404e-01 -9.321616049387780600e-02 5.188339344573058599e-03 -1.224914211075602650e-03 7.351577856984141401e-03
-7.348101394141061116e-01 1.341662298174405576e-01 -3.994645118538025369e-02 2.399532720157956933e-03 -2.762472510657081048e-03 6.933103918283363767e-03
9.565545325432639467e-01 9.460289111585772071e-02 -1.625130037546279327e-01 -4.322319459745386540e-03 1.839652220613683081e-05 -3.686331038390213040e-03
-1.041834752659564378e+00 -1.282159933820508357e-01 5.914538177767125759e-02 -1.880166391103772067e-02 3.660179308220046657e-03 2.758755992497943094e-03
1.046715477295832919e+00 4.921764723594192897e-02 -1.322128683685430128e-01 -7.945869941481529392e-03 -6.834769598904749666e-04 -6.252413818539443759e-03
-1.327823003962629089e+00 -3.530291383494334467e-01 -4.246702470492547815e-02 7.507624130646629868e-03 -8.003096138585375939e-04 3.116747678553086990e-03
1.130224637778672880e+00 -1.357100562541491487e-02 -1.003484009692837409e-01 -9.804908022492803826e-03 1.910697234904952741e-03 -7.656642644879092796e-03
-1.323708542485117601e+00 -1.878403267859831971e-01 -3.484560065236903120e-02 3.531902426985054043e-03 -6.564776846667441483e-03 3.227297537924127616e-03
-1.190534195888539371e+00 4.820290752612255147e-01 1.073934740790085107e-01 3.183048853347593497e-03 4.528046050668034744e-04 -1.204318127029252797e-03
-2.590277257197997063e-01 -5.022882562951654917e-01 4.315589130363377268e-02 1.534615178927004856e-04 9.452030698374086146e-03 -2.238539250343422101e-03
-8.014336158876921301e-01 -3.718737777293671387e-01 -8.955696502622083333e-02 1.453723615501042142e-02 5.053754478639455039e-03 4.507314598379348787e-03
4.667538392389533239e-04 -4.456517425528063736e-01 1.135587603671712048e-01 -1.457912531291511403e-02 7.926459145497957715e-03 -5.657496483635033636e-03
-1.531777106641134811e-01 2.173261550460040270e-01 -7.255041490935260073e-02 -4.563591634918786472e-03 -2.692478663768716526e-03 5.192307262574348721e-03
-1.503622377708755398e+00 -4.064676125278275931e-01 8.257682297444934871e-02 -1.843321401120412428e-02 6.211448243468753461e-03 3.112211233476411092e-03
-5.899809093024190876e-01 -2.996174662125107857e-01 -1.056226263981306229e-01 9.204060765330075375e-03 -2.517673252882697641e-03 -1.351138816119152718e-03
-5.267823243127295330e-01 1.104114187149045495e-01 -6.702956246739860680e-02 -7.340599909972541064e-04 -4.919247090327306254e-03 4.782287349199216935e-03
-3.711011499107438709e-03 -4.268761010691853874e-01 -2.694505085692280866e-02 8.719819892920898860e-03 7.599149677075421258e-03 -1.549546675604682178e-03
5.161082202441844569e-01 -2.549079828529322578e-01 6.467966852390144919e-03 -9.680711930666640805e-03 7.882065212727201037e-03 -6.061496377029042086e-03
1.177579731886639447e+00 -1.492498296361036980e-01 -5.518558976248688630e-02 -2.864355494139787968e-03 2.863028332936958485e-03 -7.333207075096983760e-03
1.495857409208048550e+00 3.091446276394314158e-02 -1.482306321636346069e-01 -4.728321399191138218e-03 1.180262887972276286e-03 -5.365524601383864570e-03
-9.322906236638248689e-01 -2.550872500583738489e-01 -1.217207138170817160e-02 -9.191916754890757171e-03 -2.362511175962495307e-03 -2.464956875433250549e-03
6.194243473253455701e-01 6.989459878866698117e-02 -1.734038210027669669e-01 3.825331118972285973e-03 1.018728788379102664e-03 -2.874728062965828737e-04
-2.101289394764765950e-01 -5.029858998166848449e-01 -7.010529939616953754e-02 1.976055539675181452e-02 3.810235332471984763e-03 -1.232909575046638910e-03
3.902416066969395803e-01 -2.359415235615517359e-01 -6.537744371478433625e-02 -1.954188363063288567e-03 1.555235776686558899e-03 -7.079079117425229536e-03
-1.022726942010376394e+00 -1.768459964915868599e-01 7.179352002951126799e-02 -2.591342184149330458e-02 3.788331150978703748e-03 -4.073827944639188430e-05
-7.855205138515217733e-01 1.522916418033681829e-01 -4.490959656500951441e-02 3.912058724814166527e-03 -8.340419340086000985e-03 4.165343532620515571e-03
2.237726001146439270e+00 -2.213074799676177096e-01 3.122042916876874644e-02 4.488534766719309323e-03 -7.856385901272137234e-03 -3.376293595700345976e-04
-8.283224629533753047e-01 6.461958059013156452e-01 1.566907559410614659e-01 -1.123796678033069270e-02 1.727198786252225103e-03 -4.841804726639639851e-03
1.181938599040421728e-01 8.549106730376136998e-01 6.377964417393267027e-02 3.143989594611651395e-03 4.161320601677319549e-03 -2.095541496992548922e-03
1.819822614519849724e+00 -4.158150897935803947e-01 1.396376290005177934e-01 8.883006264257833212e-03 -3.501326079494307322e-03 9.049431770117495957e-03
2.183392918545506323e+00 -1.757063027607779215e-01 -2.155466820792329222e-02 7.338638303300128694e-03 -1.497344864736286762e-03 2.080166308011836569e-03
-1.576971952202156801e+00 -2.616941158511185139e-01 5.599719731030242120e-02 -1.351674687952303736e-02 -6.914960368495690936e-03 -2.296688437153626954e-03
1.293114520053663563e+00 -4.911644353998091961e-01 1.466834920141678600e-01 8.404839658369569685e-03 -7.387118028558897027e-04 7.013561408559876656e-03
-5.342817238566367477e-01 -1.549443509778931638e-01 -1.087968203082397001e-01 8.435317627066328885e-03 -8.999312773713823458e-04 2.813498839177400526e-03
-5.954955977083369739e-02 6.252288631768406768e-01 -2.192820889095188977e-02 1.262637921430172401e-02 -2.046131980050608021e-03 1.298626618511295339e-03
6.925052291179892849e-01 -5.420401161014146707e-01 9.772614669929964581e-02 1.265980898245802448e-02 2.674785575830585741e-03 1.972479018981983159e-03
9.952603882460614448e-02 5.437213416209042693e-02 -6.286972614465768938e-02 -1.160452167681489018e-02 1.317600453344443517e-03 2.592998222691472471e-04
-1.255444441818388768e+00 -1.810885155268867341e-01 -6.330167352953522397e-02 1.151244402958921664e-02 -2.924230152930002748e-03 5.892162628887339174e-03
1.195541355775426640e+00 5.993269355062293968e-01 -1.128544698043155436e-01 -1.108134522948293378e-02 4.042752939477031911e-03 4.538481077263523296e-03
-7.914455009273511088e-01 1.528889547881375488e-01 1.215682179931016488e-02 -1.135979178610956389e-02 -8.362921367221085728e-03 1.125988450718499491e-03
-1.530749746832578362e+00 1.346270305322408434e-01 -1.177838808037167534e-02 2.334550282912708705e-02 -4.933116382920620969e-03 5.709954774067070582e-03
1.293923614258210675e+00 7.862792784471333007e-01 -1.221530054782815344e-01 3.275149221581331177e-03 5.153227905891654033e-03 5.109830496756406944e-03
3.324093702328098310e+00 -1.304618566037425431e-01 3.041410163158158042e-01 -1.083505364949731431e-02 -9.063921100467923000e-03 6.203269512156761416e-03
-8.626513521775031057e-01 -1.357924686021873550e-01 -1.841949004195566481e-02 -7.625504939411571932e-03 -2.973637519694396353e-03 3.171880941731560757e-04
-6.730533794928841296e-01 1.063665570637272878e-01 1.721857499971622338e-02 -1.640531261548856118e-02 -3.422063009459739343e-03 2.011565285454335397e-03
6.385430932525403280e-01 -5.990112704890402373e-01 7.621825695315645466e-02 2.259472906936465034e-02 4.710023255186578280e-03 5.728209249749685074e-03
-4.671981960521505162e-01 2.857441259424068486e-02 -6.461768346249526992e-03 -1.659734853163596577e-02 -1.972535644327269577e-03 5.938930972646151588e-04
1.356928033802573319e+00 -2.491928099650415340e-01 1.077383037924813970e-02 2.648649072821851729e-03 3.713192090311385248e-03 -4.624332345164564560e-03
2.050911457048337105e+00 3.354282185054382331e-02 -1.547573051782439868e-01 -1.164769140164479159e-03 -2.348708562794470447e-03 -5.315925243360332744e-03
-1.684437845999195327e+00 2.867038739011195103e-01 9.718931146349088501e-02 5.642619941701384166e-03 -3.836778607550237440e-03 -1.329934241488544503e-03
-3.132355279816390614e-01 2.026790748340959736e-01 1.594131521438142685e-02 -2.411258643171457910e-02 -5.510546096916818168e-03 -5.360733960074689792e-04
9.096782728731414025e-01 -3.295308475135276249e-01 5.572607914037518845e-02 -1.763539952457239112e-03 7.566347877617776371e-03 -2.818739140062951048e-03
-3.758535833332795617e-01 -2.120943304358852144e-01 3.573346602195649063e-02 -2.513998719450883518e-02 5.587714069378012585e-03 -4.127779379136557042e-03
-2.124209172765268328e+00 -2.524900670089929022e-01 5.653665633818620584e-02 -2.881519174353933338e-04 -6.557997759167362960e-03 2.210257180713338584e-03
-3.143840970584206307e-01 -6.368357488480015371e-01 7.072756117569642398e-02 1.131864239464904637e-02 3.801935092593050191e-03 -2.405909388332547454e-03
7.982879845452663936e-01 -3.085250506790009339e-01 4.397067458270531581e-02 -6.541677095816048754e-03 -1.813525309834600110e-03 -1.155660599668300974e-02
1.328846876960430690e+00 3.585370129192487487e-02 -1.091906489704559946e-01 -1.145121693697430387e-02 1.479613706090127621e-03 -8.647760351306764057e-03
4.588798622046947329e-01 -1.738843399322976546e-01 -6.362837624869571718e-02 -2.453708601931684483e-04 3.223638580473180137e-02 9.443101547165187043e-03
-9.201824424847585560e-01 -5.015302490602617791e-01 6.298873126433754931e-03 8.848477087045749723e-04 1.079903012217848374e-02 2.526022399808841579e-03
-6.125481327937947196e-01 -4.852345372282905189e-01 -5.524110068400166218e-02 8.864494709846525849e-03 -9.238007016880806985e-04 -5.455213480905821664e-03
3.107205683987344647e-01 1.326795148287000792e-01 -1.082571909602976640e-01 -7.674150369193955164e-03 -1.641961417870203008e-03 -1.552260450652973673e-04
-4.482552416673050710e-01 1.807274576106294439e-01 -9.564962567918472436e-03 -1.223200839804096211e-02 -2.966134133174988443e-03 3.433318673723857826e-03
1.112710650558461217e-01 -2.258345892929104204e-01 -1.032404589611359870e-02 -1.561879516612984554e-02 1.655421303471236224e-03 -9.182850271582616852e-03
7.674777892150642655e-01 1.325052702196801269e+00 1.223588517937286707e-01 2.677537462658943074e-02 1.286790017596942462e-02 -8.671499096745402535e-03
1.925622579583195604e+00 -4.546016652003540080e-04 -1.264195883398958054e-01 -2.244198678202080632e-03 -2.401644451478158766e-03 -6.018446396399293810e-03
-5.770935504051456499e-01 -5.140164884813143154e-01 5.596871793830283243e-02 -6.831247828779686733e-03 6.581275952066072826e-03 -3.685366167344438035e-03
5.498443988953548578e-01 -4.575027350247929392e-01 -1.152905792149739872e-01 3.113802153589409830e-02 -3.412754619930404368e-03 -2.586479208318348284e-03
-8.140542273706816712e-01 -7.471271434191822935e-03 -4.136398030735286696e-02 -8.011834572619513017e-04 -2.862624433335530464e-03 4.478367825301003344e-03
-6.728827491788531567e-01 -8.268246550183212806e-02 2.795247600968671017e-02 -2.251478437005208222e-02 1.362250847359602803e-03 -4.978807192518404021e-04
-1.274622231963665531e+00 -2.697944195067044082e-01 6.332034272039924194e-02 -2.026110351813286900e-02 1.865758997923989775e-04 -6.842660770905754572e-04
-2.533630734692307596e-01 3.144337821830448659e-02 -9.909356202465909036e-02 1.325627215810532434e-03 -1.383040798833664892e-03 3.706928241796506821e-03
-1.065046972170333950e+00 1.657684349786836819e-01 3.499541707788512285e-02 -6.316321710479388604e-03 -3.435770497827355177e-03 4.469995370868764563e-03
-4.892094764598883816e-01 5.287765948722111982e-03 -1.989889001403383900e-02 -1.043355048882599681e-02 3.455635322351255801e-03 4.378234995873190281e-03
4.092205955881052515e-01 2.220549194748341892e-02 -1.884557167623064078e-01 1.062032919123115718e-02 -5.179793235846298031e-04 3.696604928224117396e-04
1.752125524984527116e+00 -1.718818688850493881e-01 -2.652133230023473801e-02 2.070875013478919169e-03 -3.012619413394419191e-03 -6.192156020219233281e-03
-1.157577483992513923e+00 -3.907323629096733919e-01 -1.798699018830158050e-02 -3.645955464112503840e-03 -4.871362081784755792e-03 -4.176306602691479478e-03
4.222466070471686539e-01 5.359043740638054221e-01 -5.667791384663104642e-02 -6.769530129376924270e-03 -1.269220293119973763e-03 4.402691676134214832e-03
-7.870969467213742021e-01 -1.104469523158912170e-01 4.285169105217270097e-02 -2.202778654781805193e-02 4.767870332179111048e-03 1.351603297657574853e-03
-4.573280601760095210e-01 -1.468657378192512464e-01 2.529693192433933591e-02 -2.196836452936600653e-02 6.214719902137932558e-03 -3.797953138911128006e-04
5.215499363191035131e-01 3.759352272844774245e-01 -7.348711070277159918e-02 -1.350065829330078862e-02 3.365562261565949783e-05 3.402854834762943526e-03
8.544918086628686682e-01 -4.576798831970635972e-01 1.654387530602609013e-01 -9.631819364584364232e-03 -5.676344556317322772e-03 -7.880121181531980767e-03
6.396710802039704546e-01 -5.648603763477327844e-01 4.149679877293437763e-02 2.582705377780283515e-02 8.034707283482630039e-03 6.725440987239633857e-03
-2.327023243720059420e-01 -2.517624770318067223e-02 -3.120160862305030799e-02 -1.489645712241979315e-02 2.436463748190613454e-03 3.559659864850675949e-04
-7.461722642476287248e-01 4.587051063850660637e-01 6.029350748053827203e-02 -2.131007763859014970e-03 -1.907705696986592781e-03 9.128155767245979633e-04
-3.627275679254685081e-01 3.075187470108633470e-01 -3.373240809728501703e-03 -1.190219560788107617e-02 -5.197022602734305968e-03 3.253039869662609392e-03
4.931298953665219087e-01 4.117779737076427415e-01 -1.107747358426717232e-01 -2.391790454741955004e-03 -4.368985628382559454e-04 5.456279187585457227e-03
1.952936653668292943e-01 6.636093926100710139e-01 -4.476669896645868191e-04 -1.702104425065994846e-03 -8.535010574327707780e-04 1.789180706175000878e-03
-5.678288013828318437e-02 5.004197098599922899e-01 -3.988131603885432253e-02 5.026085976657173118e-03 -1.735439667336687508e-03 4.170724836156682741e-03
1.185525221539937141e-01 1.216199716385092389e-01 -1.175583661171649974e-01 1.971213934623664737e-04 1.502194948513982517e-03 4.507011370049326254e-03
1.049582322990000760e+00 -4.620726894481186342e-01 1.257107689847827489e-02 2.116334548149902128e-02 -2.284437260259781881e-03 -7.170389337235981431e-04
7.846913144987490707e-01 -1.822548508349482455e-01 -1.109867985834813719e-01 3.210680665877298223e-03 -2.025319635459136951e-03 -8.131904788461815498e-03
-5.851794927872224772e-01 3.677886267501660755e-02 -9.814879267528441031e-02 7.591477107932426138e-03 -3.081248531415151440e-03 6.495744080877883728e-03
2.682694235297418683e-01 2.637767248008556220e-01 -7.810911820409739692e-02 -1.109299110498791416e-02 -1.200760523618885680e-04 3.278973550888683326e-03
-3.445671702008417658e-01 3.995627050291319926e-01 2.419395512611688739e-02 -9.703094172293532521e-03 1.121002021356469393e-03 5.526694936510361846e-03
-1.230854192575282280e+00 -4.068694673386605287e-01 -3.023284560941406820e-03 -6.159045549146198277e-03 -4.724712795840367401e-03 -4.108567625507250631e-03
6.016581246864834975e-01 -1.508022619500866239e-02 -1.528749869055135435e-01 1.029857982527296626e-03 4.634993851629355644e-05 -3.225074221307255157e-03
5.788163294642699741e-01 4.097673223035590007e-01 -1.247517131140080671e-01 9.891458179636083894e-04 1.780857810438236921e-04 5.780576977858087849e-03
-6.882534776338936622e-01 -4.296087883605505531e-01 -1.900619219284705591e-02 -3.094972076581662540e-03 -3.283525048246062339e-03 -7.854450409810032063e-03
2.050787777293021641e-01 -4.950213557838671341e-01 4.688581022166537354e-02 5.964799292629157680e-03 1.661663138101845787e-04 -7.886477357390874951e-03
-4.554449830320168591e-01 -7.531434079636291357e-02 5.028459609923482954e-02 -3.174845505668377754e-02 1.670372760048135586e-03 -4.445152765848422831e-03
-9.692722881355222420e-01 -5.399985601186024775e-01 -4.127509155676425262e-02 1.180185370801435651e-02 6.332537947426625929e-03 1.486181700802879750e-03
-1.827472126649652751e+00 1.330880631688798055e-02 1.136858321334938970e-01 -1.024949825082589923e-02 -2.122451696498518607e-03 2.243550143118993190e-03
1.402142379547057116e+00 1.252068833347754484e-01 -1.887375684401469689e-01 -3.316131506058974179e-03 -1.231920861003952010e-03 -5.340836283206048737e-03
9.127849396250186098e-01 2.276060287932856474e-01 -7.385333763662531303e-02 -2.531778720149239700e-02 7.151967996191586213e-04 -5.050245046827274778e-03
-1.757559215831902902e-02 4.100239646073744471e-01 -5.735910370517666862e-02 1.883863935683229409e-03 5.528711457340417228e-04 7.222822279010371500e-03
8.420150152531712395e-01 8.826354148261454924e-01 -2.314382197697997107e-02 2.890402175824652396e-03 3.270175901577855072e-03 6.311365729566157691e-04
1.550473004630723795e+00 -2.069274009183650065e-01 -3.689995894754125733e-02 4.896580372393340326e-03 -4.996720277061751647e-03 -8.133771522908861754e-03
-1.837474151447363313e-01 1.283248281349236297e-01 -6.646368020546589150e-02 -6.661962645374973520e-03 -3.846354313020864182e-03 2.088528953446943445e-03
-7.260054538519391532e-01 4.160784946558206410e-01 1.535907722070896202e-02 6.608825109978644710e-03 -4.959407883168804460e-03 1.227917835737104332e-03
3.711650937241814385e-01 -3.766977738300338330e-01 -4.242488377023778678e-02 8.915793905359445382e-03 6.794150469665089691e-04 -5.580381959069199635e-03
-3.972993254844224276e-01 -5.646085774633813337e-01 7.354874560379762519e-03 1.091888867045617481e-02 5.237865816268349323e-03 -2.477641847216441578e-03
-2.021318687292942951e+00 1.944894265230656949e-01 6.363776208644600363e-02 2.254783705452773068e-02 -3.437676887216663171e-03 1.311165996127520517e-03
3.515517689935125367e-01 1.754111427546622276e-02 -1.105974353696076717e-01 -3.278786396821936101e-03 3.757809436990847563e-03 8.242424889167493038e-04
-2.881823179412704161e-01 -2.587126074986554336e-01 -3.956970576272397094e-02 -3.769624315653336433e-03 8.646513084083628717e-03 1.241445531744836189e-03
-1.101300996805933519e+00 6.094825018726354182e-01 1.391209608945433163e-01 4.230978324426187126e-03 -1.223432357193606607e-04 -5.490674513849784846e-03
-1.098407514656716488e+00 3.558748881244262752e-02 -6.640761937033964890e-02 1.593082493237179750e-02 -3.805772437600238398e-03 8.851608152897337545e-03
3.356260744995144818e-01 -4.261160027488205548e-01 5.508971043689895458e-02 4.874383023197517294e-04 7.982029426684373458e-03 -2.875728741983496484e-03
-1.600254461399236661e+00 -3.192259996530321664e-01 4.922907055648433061e-02 -1.156187105517610461e-02 -8.614128691162185403e-04 1.195953623209554308e-03
-1.996104565343964410e+00 -1.032326841331401013e-01 8.499591467781768273e-02 -2.195288978306041746e-03 2.736901081036911162e-05 5.935272295122603556e-03
