4.922595748976292818e+00 4.650398123687315977e-01 3.648791748694391046e-01 -1.332035921388821306e-02 4.514652969375546054e-03 1.874221094002129565e-02
6.303670933360138173e-01 -1.580405997016487429e-02 -2.261850680122863277e-01 1.297867034485379947e-02 2.779746219123661096e-03 1.667471766175362968e-03
-4.924144822622843892e-02 -3.129780703126202046e-01 -3.362985007625972356e-02 7.909417769512146895e-03 3.245023476936575828e-03 -6.280616000433798980e-03
2.436622335721538510e-02 -4.803539647354595488e-01 -1.448353924086770265e-02 1.723791304120463747e-02 9.955574132696954248e-05 -4.204839604807142882e-03
-4.755950666306550945e-01 -3.614133385762480222e-01 -3.857417751445704063e-02 9.088359941624039873e-03 2.653241461160923877e-03 -1.614916214056696074e-03
3.102884118958957327e+00 8.263886781262139852e-03 1.791705609782481556e-01 2.160693709400206101e-03 8.649134022303293923e-03 1.189915279164333907e-02
-5.018608412263432239e-01 5.684767725961978879e-01 4.797898939824943310e-02 6.296562226651294209e-04 -2.441860368077869957e-03 -3.012634032043747141e-03
-4.102027202963264285e-01 -5.356054052663562770e-02 -1.029914809684110560e-01 6.894141739009041576e-04 -7.921167744986145481e-03 4.151883688674448507e-03
7.578419684588288963e-02 5.923232336883808152e-02 -4.970506309696899605e-02 -1.353147732401973301e-02 1.023963804973516273e-02 -1.875239226399618570e-03
-2.006793501194547247e+00 2.319593467137716081e-01 1.240744605196867634e-01 1.510098586151391656e-02 -3.507324548159232447e-03 4.093507605979189055e-04
1.763825668588522022e-01 9.367384093088084729e-01 8.228787546538615660e-02 5.836119182041522337e-03 1.706308824960159126e-03 -7.890442326936869186e-03
-2.746985358547768263e-01 4.984208236417271842e-01 1.678809773484789269e-02 -7.756006049758544692e-03 -2.379204815698933526e-03 -2.129738896523304757e-03
4.774004590310241269e-01 -4.370526989551893338e-01 6.411116110389877831e-02 6.708041087452822418e-03 -7.284035385152689591e-03 -3.348891624929434263e-03
1.601017607702245105e+00 -3.001769454769657175e-01 3.062617911648014835e-02 1.277489175329375726e-02 -6.000014406186925803e-03 5.045899457619277065e-03
-6.885316597528744476e-01 1.174737849139126655e-01 -4.888596877875684516e-04 -1.398612297414824832e-02 -2.796075193017581815e-03 3.818375554860467622e-03
-3.442405117314060320e-02 7.598970267655181798e-01 2.845689226837045532e-02 8.017027907640339110e-03 4.814887557471982972e-03 -5.473689998299125122e-03
-5.268907295138285374e-01 9.341065629351832378e-01 1.242787274415778909e-01 3.488670042695771883e-02 1.341076927827232002e-03 -5.420593480389732793e-03
7.601622822220514830e-02 -1.278480368609552775e-01 -4.934120323484823822e-02 -4.800891360136325982e-03 9.477659066486157115e-04 -3.745366020456455079e-03
-6.158924659948535885e-01 -2.877795598944038816e-02 -7.885366632953526300e-02 -4.120210240139648527e-04 -1.083641399742638067e-03 4.573437165885732743e-03
-7.588674023500697752e-01 -4.257411183654731257e-01 -3.306410662822028418e-02 1.310550856360557202e-02 5.804125103762717425e-03 9.341594381121657393e-04
-3.935075675907013792e-01 -1.141167923609500701e-01 -1.097448847747445611e-01 1.054150410079830779e-03 -6.908232772527157957e-03 4.604738653590796649e-03
3.351750626425520796e+00 5.385554572778107618e-02 1.319450949955469632e-01 5.988016542839982685e-03 5.865921174465479893e-03 1.553973380586596252e-02
2.820389571387300620e+00 -2.249637293495376777e-02 7.722298729938732731e-02 1.717852507296672732e-03 3.959881478427665705e-03 1.056206569223082890e-02
6.032751364346518042e-01 3.626276112731446344e-01 -1.420026819405760810e-01 -8.621154243964257446e-03 6.350351856168872516e-03 -2.441311592561981516e-03
9.367939801164427982e-02 -1.552940222163370909e-01 -3.556714481382280274e-02 -2.817168686517109322e-03 7.823608869997073639e-03 -3.912614512568093894e-03
5.278675443121843003e-01 -4.257622632536250395e-01 1.585464584427319357e-01 -8.307740102033372293e-03 -6.620541541031942090e-03 -1.374552425843456570e-02
-3.909671994254105276e-01 -1.958708227150166570e-01 -3.480418536102503069e-02 -2.665531435852592362e-03 5.286208327140547863e-03 2.239772149665610317e-03
-1.760355016646147464e+00 -4.182745218610636057e-02 8.435964928776500116e-02 -5.308382274270611809e-03 -1.600033793289725196e-03 2.282469616672661798e-03
3.481022688183433300e-01 -3.923416681278352192e-01 7.662559799336313496e-03 1.061050168799567220e-02 -8.376714382706483206e-03 -4.242238466695031317e-03
1.755128558510568704e+00 -8.808159814803084853e-02 -9.660466654487673277e-02 6.201995620177275063e-03 -2.285674881231233076e-03 4.010178264235840116e-04
9.986813252512594108e-01 -3.367184271984866029e-01 -3.027848999921593093e-02 1.210570293359421526e-02 -6.291300246817193090e-03 -2.343634784325184049e-03
1.578887530897372438e+00 -2.232622791168312748e-01 7.199738978429211234e-02 8.073443160193774287e-04 -2.208787576417545456e-03 1.337686113304269652e-03
-3.136377574642251753e-01 5.944590446956357077e-01 3.314090732145090479e-02 -5.145040796370421244e-04 1.620501783755932436e-03 -2.337644276538524118e-03
-1.133721820971899552e+00 -1.017961327507805047e-01 2.630691689373634151e-02 -7.417476624735002549e-03 4.555647302262955806e-02 1.301395642904846529e-02
1.669479510962391666e-01 -3.863129596150465250e-01 -5.412751101529972297e-03 1.039894838504192183e-02 -4.491594227649726122e-03 -1.890898228696374569e-03
4.837130137360901583e-01 -3.111551589833757014e-01 3.314992137280883822e-02 7.034655778516424188e-04 -3.095984467575686912e-03 -5.773897698647788117e-03
8.883784060091139967e-01 2.238195805553738760e-01 -1.162051985579455465e-01 -1.444095860985935426e-02 -2.730596447046453306e-03 -2.714125723961667482e-03
9.740508050822417330e-01 -3.068744002949941319e-01 9.225867020217379255e-02 -3.673697512626908227e-04 -2.639731265411439116e-03 -9.571466381857534136e-03
1.501405497529635591e+00 9.576558201049679975e-02 -1.337783048439653844e-01 -4.242052392683819985e-03 -1.973770069311583941e-03 -3.856390218690822300e-03
-1.157010269971025629e+00 5.771839871669318667e-01 7.764157916468381049e-02 2.774508259849792560e-02 -2.929459675614705817e-03 -8.830077736701586431e-04
2.536474496770992904e-01 -4.582609304862824695e-01 2.304324654229381389e-02 1.427159168744338881e-02 1.393098785612308229e-03 -5.652620275318180273e-03
4.258442919442618768e-01 -3.350245509444521597e-02 -4.307250246307173236e-02 -9.204110302467134394e-03 -6.673907296414399509e-04 -5.924966853871119470e-04
-2.012548052499521845e+00 1.037746872147689708e-01 1.134045516604206549e-01 5.780227441102131145e-03 -2.873996759756886499e-03 3.220286503573037591e-03
-9.171229658101875959e-02 -4.092511842606341710e-01 -7.119257287567010151e-02 2.078006665663085714e-02 4.949347902567247277e-03 -5.138191266413157012e-04
-3.559400513660191390e-01 1.326596153063769497e-02 -7.765221048903310497e-02 -5.813131397715351131e-03 1.671013551921367605e-03 2.257610025904762015e-03
6.688071559490046392e-01 -2.513728631672273450e-01 -1.127992138596902241e-02 1.618888829650235416e-03 3.232593748896422925e-03 -9.177448268844357743e-03
-4.957365887277940253e-01 -3.797170630938751651e-02 -1.304372781006101212e-01 4.537383275556021445e-03 -2.193771179915883583e-03 5.897045500955035331e-03
-1.477398214421472844e-01 1.782373781924962153e-01 -1.558316311984234669e-02 -1.992136759613850200e-02 -2.783733394850700787e-03 2.369214229700737726e-03
-1.862065927234076046e+00 4.167709918701580918e-01 1.643760766009329244e-01 2.057244531413173622e-02 1.570544627235537271e-03 -5.180875602823613877e-04
-1.866474757085615943e+00 3.398770369865859037e-03 8.667185094914221788e-02 -1.638246846194451852e-03 -5.711361349607335137e-03 4.386945432954068164e-03
-4.779549636720117206e-02 -2.124169527054116935e-01 5.101947288774585226e-02 -1.388195220319745488e-02 -1.429646141130860897e-05 -8.929337505659591320e-03
2.715737871616438426e+00 -6.218584534704601000e-03 1.836294514346470674e-01 -1.227838430606998689e-02 -7.022437068967907420e-04 4.881637196787104276e-03
-5.357861934690187899e-01 7.699402712571513652e-01 1.003648510315651027e-01 1.524724153504192214e-02 -3.069599275880346458e-03 -5.519266457575139340e-03
-2.115029912536920131e-01 3.309960484536959568e-01 -4.391446141440344397e-02 -6.706071712117787562e-03 5.618269966643046377e-03 3.273410234400606382e-04
-8.221577132470578864e-01 -3.371527451862668112e-01 -8.378471876673243557e-02 1.326516415714465956e-02 4.331808936584039850e-03 5.536455554200430361e-03
1.253237951264806860e+00 -2.797787003225684077e-01 2.786917166427611489e-02 5.572205440023374722e-03 -4.669572335869709954e-04 -5.363821437217346916e-03
-6.171852391824772521e-01 6.316591945151187049e-02 -9.306448308017260806e-02 2.814272583935795592e-03 -2.115181104986537958e-03 5.832702831960892911e-03
1.686360889971089960e-01 2.247088223598273649e-01 -1.104719804547215078e-01 -7.801520256169585700e-03 -7.404504967050502730e-04 1.279302738599466483e-03
9.059463944873108465e-01 -3.746758565289506904e-01 -5.834165504190325785e-02 2.116226154826482062e-02 -5.018588784107368486e-03 3.900689545879420378e-03
4.051221381401262089e-01 5.667164470619600047e-01 -7.639237250163090354e-02 -8.176681349753711983e-03 -2.231942921899843571e-03 -3.421869697556029991e-03
-7.712655251197244599e-01 -2.717878440202253776e-02 6.329247598247570057e-03 -1.540026954914222590e-02 -9.326951774080933025e-03 5.108213362203675376e-03
1.906680169859837015e+00 -2.489945643416396626e-01 1.779934054515394312e-02 1.542038845155107099e-02 -4.034367990316562770e-03 1.193485086536535261e-02
-7.239575610599693900e-03 -4.460108029416639530e-01 -8.753870736121962398e-03 1.436415017058679730e-02 -2.563605462100256548e-03 -2.553235280228328876e-03
1.949592692664275484e+00 -1.327328630420386846e-01 4.443408581914655431e-02 -1.709430249753475560e-03 1.028907278523864257e-03 -4.071199689814779255e-03
-2.756510012227018636e-01 5.335252932686668226e-01 5.681024218581575552e-02 -1.528380038082476598e-02 -6.611835395201824325e-03 -1.449979501453246443e-03
4.636705606806609814e-02 2.339172412559769043e-01 -1.194487392922273378e-01 -3.223684055306244058e-03 2.007350473448458582e-03 1.783762795942664143e-03
1.304358663281027786e+00 -1.853341741970948309e-01 -4.195984132234800712e-02 4.313352056283733214e-03 -8.982901571053109047e-03 -2.142802552534791433e-03
1.478789786459477451e+00 -5.962733963584323019e-03 -1.489011276883921708e-01 5.514966474257173082e-03 -7.745350698254738772e-04 -2.879487334501215374e-03
2.024240379120117783e+00 -1.719366668098473994e-01 -5.063887578295681730e-02 1.268924489129831176e-02 -6.942034480825263858e-03 7.113910342774470465e-03
-1.337322158339313560e+00 -4.171727218936222004e-01 4.514159600725936583e-02 -3.258047074968805929e-03 2.191914702194237320e-03 3.727495587582812207e-03
-8.368630648314766551e-01 2.972407871187465744e-01 -2.288993242745795964e-02 6.584239597573677584e-03 -5.203213636852763602e-04 3.634414981069904876e-03
-7.014439897199229446e-01 1.860999805212835978e-01 -5.294268304951102455e-02 2.051740518184216270e-03 2.082073713748003991e-04 3.123840060545568249e-03
-1.473136311153577349e+00 4.040249275526037326e-02 1.585062105283901318e-02 4.580837508582166762e-03 1.991667667011851918e-03 5.401253855236467540e-03
-1.091538154738245447e+00 6.551934122543169314e-01 1.457753538507387536e-01 1.727348722155387303e-02 4.294362068807261999e-04 -3.573221956509003636e-03
-1.141939243411162153e+00 3.773489539765768619e-01 5.323466937979610264e-02 9.677921492084066990e-03 7.969898821904130692e-04 6.397653636922019356e-04
-2.499585369847640848e-01 3.119514491991706162e-01 -2.317740064037179804e-02 -1.128488375821982449e-02 5.920252685648904169e-04 2.084209529133883038e-03
-5.117646885634326015e-01 -3.505330739530151396e-01 -8.384365269469117032e-02 1.445099125068603600e-02 -1.347397931707361397e-03 5.686214441948480615e-03
-1.260515808132001148e+00 4.854085098772653040e-01 5.081961719931112759e-02 2.840662084384097327e-02 -3.108502021636739675e-03 -1.496524031674272958e-03
-1.730251862763775295e-01 1.739969789791348531e-01 -1.418894091590524875e-01 5.174662602320171181e-03 4.208850413615019929e-03 2.773627581934863008e-03
-7.003802828115102130e-01 2.262468791549027136e-01 -1.048559709068339410e-02 -3.955909862330832250e-03 1.353669390885475516e-03 4.265000572164339039e-03
-1.591951297231346762e+00 3.731907927723441404e-02 1.114205101954593019e-01 -1.365011515410293440e-02 -7.669368451293080789e-04 2.853866328877708962e-03
-3.132596226652721860e-01 -5.031327974614047821e-03 -1.169025483608445437e-01 7.217526550125794244e-04 -2.108644589645168859e-03 4.959947735761647929e-03
-1.434817461102104286e+00 8.670281624038057577e-01 2.667599185423667474e-01 3.477696771615721577e-02 2.455301052895443679e-03 -1.943953785099432948e-03
-2.809669430515100985e-01 6.757345207059948233e-01 7.173410601964243238e-02 -3.735513699147104127e-03 -1.298127026103092175e-03 -3.770868554927991716e-03
-1.259602152543115139e+00 -4.969472744470935371e-02 9.939605556122120544e-02 -2.233027338144527238e-02 3.864749771769874793e-03 -1.177408700022372547e-03
2.638544854361847200e-02 -7.601368286449695921e-02 -6.552151029701798295e-03 -1.412429130007398538e-02 -1.055180058096923720e-03 -1.118643379015135035e-04
-7.504757435873839200e-02 -4.164860147906196408e-01 8.190997483821635394e-02 -1.318097641895034800e-03 -1.699129503142890810e-03 -1.346794784384640516e-02
-4.538382494547275603e-01 4.928964693975321221e-01 5.870378894148032406e-02 -1.056521052480778600e-02 8.386907958375655614e-04 -3.196994552917243118e-03
-6.500728473780553740e-01 3.737139182609956062e-02 -1.100452032056740137e-01 4.901365357387383118e-03 -5.261911687508315227e-03 4.871610735574681203e-03
-2.894667644300331077e-01 -4.471313356944556228e-01 7.216782014916280075e-02 1.035215032814281420e-02 8.861015438595601368e-02 4.390076735487663528e-03
3.478455214257137884e-01 -3.332161797090208658e-03 -1.652870181755633772e-01 4.225819551349497757e-03 -3.123115481057453079e-03 1.116755636634167133e-03
1.555431529597433915e+00 1.793019418215500704e-01 -1.896434362900768222e-01 -2.989067415769240850e-03 -2.793987256675309425e-03 -3.857823727370296614e-03
1.118894791909922359e+00 2.973613953302324808e-01 -1.767660768227352630e-01 -9.239328192518700411e-03 5.056226146357063224e-03 -3.313795972783505680e-03
-8.270522288291656809e-02 -2.147271224012870239e-01 -1.695512208619753824e-02 -3.519679305770862139e-03 -8.540632598988722596e-03 1.026129096410908310e-03
-6.667930424632579900e-01 -2.213802101552009294e-02 1.750835232926484155e-03 -1.315987777518403887e-02 4.645497778955547802e-03 2.633870980870703631e-03
-7.845761729775390103e-01 4.787144486311401548e-01 7.317053283214292742e-03 1.475220128697345666e-02 7.282613244608355987e-04 1.885387276910610306e-04
-9.570693449200653458e-01 1.147835427661239799e-03 -6.741109630798983177e-02 3.921776977035512472e-03 -2.562151289801219839e-03 5.867895012355030769e-03
4.514445302839639851e+00 3.270150549498107018e-01 2.334805345632759432e-01 -3.481196156898872136e-03 -2.878409277655413594e-03 1.780090060975813085e-02
1.098732964003691581e+00 -3.513582381548625150e-02 -5.175340713456412500e-02 -5.827332893207461291e-03 6.395754346325900922e-04 -5.049862313775396738e-03
1.009250350844308919e+00 -4.040460004131802285e-01 4.605619824994054701e-02 1.458375701031087990e-02 -5.410569793784215931e-03 -6.370964084364233275e-04
-1.000396268107130116e+00 -9.558838156743731940e-02 6.512990706688811604e-04 -8.763589561680894952e-03 -5.824843575216584121e-04 6.584820942181090001e-03
8.832845110720843884e-01 4.388388529149125916e-01 -1.500457946522015529e-01 -1.228132320315086443e-02 3.724056641899007366e-03 -4.056947883832996357e-03
-1.946949623752903050e-02 -8.537521704558026503e-02 -1.272535796604947755e-01 2.197383681255242558e-03 1.283304926564734962e-03 3.762122645650841507e-03
1.241847018342303377e+00 -1.983861169527720847e-01 9.087562690025195733e-02 -8.313659707455204814e-03 -1.889799244228677812e-03 -1.206366905036739857e-02
-2.574611643978320652e-01 1.821960318809604240e-01 -3.984413789740431228e-02 -1.232586679197907736e-02 5.411300780475394347e-03 8.536203421493751596e-04
-4.369250217345937298e-02 -2.220732168356642777e-01 7.820633981318425576e-02 -1.634082317619569430e-02 -7.247488548547611912e-04 -6.652083578617900596e-03
-1.194241242405968295e+00 5.348218529905141017e-01 1.062021475039331003e-01 1.693972697273482195e-02 -1.560044752826331453e-03 -2.916112125684524204e-03
9.077557366446052933e-01 -1.523592523341986693e-01 -9.189620118297463225e-02 7.094662014027373724e-03 2.567305142421065695e-04 -2.518363167695410968e-03
4.494901998597237713e-01 -8.717276917379868095e-02 -8.770726178291983477e-02 -1.858224589156536174e-04 -7.036283089281266355e-03 9.077762186033692157e-05
-8.557580078242728039e-01 6.284026441090553861e-02 6.883412467489313791e-02 -2.593398103322704096e-02 -1.046775053252330936e-03 1.087752313706474416e-03
-4.995797282842667775e-01 -2.936969046233973701e-01 7.117953172652605534e-03 -1.564872127707075088e-03 4.248810134325020291e-03 -2.155998174063278230e-03
-6.014777283067052061e-01 2.683884335359070297e-02 -8.150888705013575875e-02 6.732457953875467830e-04 5.230938536799439181e-03 3.838486946838855478e-03
6.300262533851207492e-01 3.888573185406516974e-01 -1.176295969496946037e-01 -1.290342483670997228e-02 1.252361950219880657e-03 -2.453653674021608142e-03
-9.485857281398324403e-01 -1.993861552317308661e-01 4.038767522797530318e-02 -1.534528049959943061e-02 4.420760111275939992e-03 -1.127761528917096230e-03
4.308858678472309300e-01 9.864046674621586297e-02 -2.240172548834576116e-01 7.161234025101123266e-03 8.666471486847496372e-04 1.468296147735835078e-03
5.477850304496587608e-01 1.027600706668016173e+00 7.268904219865233995e-02 5.058787312111158642e-05 -1.096785772946377337e-03 -9.212485994906266171e-03
-2.886838800236957159e-01 6.099700241276632129e-01 4.938726460614911717e-02 -5.240608327903584392e-03 -4.493571048191136869e-03 -3.588118439399916575e-03
5.362919525200029458e-01 5.901422206163445816e-01 -7.994481979198377053e-02 -8.448050682418856150e-03 5.299078722968714877e-03 -5.152742893725852959e-03
1.963220400405644162e+00 -2.269449520177100887e-01 1.268394155320675398e-01 8.655940514461474278e-03 2.737193971933926748e-03 4.716848692985282053e-03
7.391587026628225476e-02 7.273728412007859356e-01 4.404268439503572496e-02 -7.251413210775119536e-03 -2.163443003127092906e-03 -5.516358185886773707e-03
6.091764801459207401e-01 1.705294696024449788e-02 -2.194198590345311783e-01 1.121373482553907064e-02 3.498370887536176709e-03 1.308927009909943186e-03
4.461978867066795917e-01 -3.602369357782713166e-01 8.343150257460497932e-02 -4.810126541084967268e-03 -3.053683567843428273e-03 -1.767202169617627938e-02
-6.721070102659074674e-01 -3.294808338815802262e-02 -5.775869822156531191e-02 -5.619134676247091766e-03 -1.893614559073330443e-03 5.369179575869522172e-03
9.571162928561198768e-01 -3.977054970077806839e-01 5.863383708494818852e-02 1.287108577570864401e-02 -2.372761790085670206e-03 -2.088594886898679538e-03
-1.968447999191361042e+00 -3.304669481801866260e-01 9.779977725172016301e-02 -1.115377079414933345e-02 2.370397801491092894e-03 3.068437475363517460e-03
1.185750907250939123e+00 4.806670743996629969e-01 -1.511065170979815353e-01 -1.639473600585142354e-02 6.769094321049364850e-03 -5.183619152691254159e-03
4.064024923708872694e-02 4.734060075591075417e-02 -3.010125566944151301e-02 -1.742769167867062180e-02 2.547671049582386858e-03 5.594278461256551455e-04
-4.631675332544800683e-01 5.357911691952006034e-02 -1.244909323575530413e-01 5.498875074225167969e-03 1.359008850967867877e-03 5.191695991179867860e-03
2.399453163562569102e+00 -3.161459285618611892e-02 -6.673807115325050554e-02 2.764707920113661406e-03 -7.251533777043875535e-03 4.817821641864851977e-03
-3.890561925667718191e-01 1.380311611512248450e-04 -4.681842814905465278e-02 -8.961521233279614446e-03 4.323500403638539345e-03 3.801607279185794958e-03
1.607302322933731181e-02 2.153837922283216300e-01 -1.184981691933652270e-01 -4.489523265873498169e-03 -2.852654428387871657e-04 2.039533221428839731e-03
-1.191068873026496888e+00 -1.269193403596603487e-01 -2.474254236411251376e-02 -4.424108126055384014e-05 3.265374163346930741e-03 5.846401833174749881e-03
-3.727336967365501019e-01 -3.097977246592054645e-01 3.300561646189391091e-03 2.351889383081782244e-03 7.250068403034852157e-03 -8.005172552015628372e-04
6.225473816495347146e-01 -3.024322706868116106e-01 -3.288072275667973388e-02 1.131078793430847010e-02 -8.859105147639416032e-04 -5.154492187979799363e-03
8.317574949710111465e-01 3.389734420308654905e-01 -1.105030542774587676e-01 -1.801386864790731693e-02 3.456631448619599308e-03 -2.458066786971852338e-03
-2.480019280914370405e+00 -2.344243880401474800e-01 9.584985547774296788e-02 2.417681189494178678e-03 -5.560814225321381206e-03 6.077183791413377431e-03
-2.438643710333583403e+00 -4.594004028291043262e-01 1.254840196699377741e-01 -9.416721395577969111e-03 1.061350282859089634e-03 1.787415799793771890e-03
2.174402334970593209e+00 -6.599108415010992990e-02 -5.271305629111441328e-03 -4.891349450437006401e-04 -5.667352087748567377e-04 1.126820000381710020e-03
8.567409342737589695e-01 1.141983779239287428e-01 -1.228616485749241677e-01 -7.439899780198850655e-03 1.604567651350262891e-03 -1.330177659424672081e-03
-2.063911437928402648e-01 4.212976405177504269e-01 -6.157992680392698759e-02 7.143326051566430352e-04 2.507865358496337831e-04 1.517167466170022815e-04
2.686795491926975643e+00 -1.076178859046644232e-01 5.272726991708698990e-02 1.332068389489958309e-02 -8.558069998535557804e-03 1.660751028589886255e-02
-3.040395074140168075e-01 6.898000967727634380e-01 1.347105356558555254e-02 1.647622455691128210e-02 3.044796038394089778e-03 -3.652978207302135828e-03
-1.304472601865026338e+00 2.431213342157325930e-01 2.170658889544384643e-02 9.133727252244844275e-03 -7.723284233408293092e-03 2.936241162263908931e-03
5.586874744913131741e-01 -2.471103634713018582e-01 -3.334255343093337626e-02 5.461483132185432354e-03 -2.567794488738973317e-03 -4.010106625684127166e-03
-1.409309609188172052e+00 1.982985229156171980e-01 1.265130230600312322e-01 -1.285070781104123185e-02 1.865498257307620896e-03 1.311497761960061246e-04
1.652131388005504187e+00 -2.168661790193259775e-01 8.142897200595329565e-02 -2.604026514546488162e-04 -2.316298594660965056e-03 -4.934790227050815312e-03
-1.238911529749636475e+00 2.284376169609224697e-02 -4.650950142832131762e-02 9.332272135849804459e-03 -3.766920920453179595e-04 7.168746317870827028e-03
3.218166749786448982e-02 5.742364576923419950e-01 -6.809843755340090621e-02 6.294588834028941662e-03 -3.681939216084937879e-04 -2.920044207069708280e-03
-1.041343031118216356e+00 2.310553738021626224e-01 1.172727419455490278e-02 5.000304308706576698e-04 -8.866187209595210311e-03 4.609397715331016096e-03
-2.207211418529312130e+00 -3.566905516196060000e-01 1.316626307515607608e-01 -1.704560210290082672e-02 -3.044375040836878356e-03 -6.165024234389528471e-04
-1.765868783548882881e+00 3.922573824045312851e-01 1.612939989554894316e-01 1.198349192630055078e-02 -3.804247642306280396e-03 -2.111300130002392948e-03
3.413533049279028564e+00 1.013399533661508006e-01 2.196931432291232278e-01 -7.063387252274521549e-03 -8.365800490473836518e-03 1.450720851174137037e-02
-1.007246252250797031e-01 2.467371052279649923e-01 -3.779957403581755276e-02 -1.529432197744844124e-02 2.583964285632111939e-03 1.399040241069931427e-03
-3.976518751973626142e-02 -4.140364452946355689e-01 -5.049670465722765761e-02 1.656089628822098037e-02 4.502865150298874901e-03 -3.942056963608513501e-03
-8.398986073939230801e-01 -3.099279009370752291e-01 -4.447107131487178233e-02 5.474108387370271375e-03 2.139113073132522169e-04 6.819142078769623028e-03
-1.273193679596708261e+00 -3.510935749300331254e-01 6.914873770272161879e-02 -1.208908742690873936e-02 4.598677888776110667e-03 -1.520756631902095597e-03
-5.921935560033319002e-01 -5.295609938222561874e-02 -1.246934656743526604e-01 7.869426717521990286e-03 6.179252860904380432e-03 5.600948590535171669e-03
3.071228622651383855e+00 2.761789381949497635e-02 1.170169370093678274e-01 1.226832901971142489e-03 7.083881708934050558e-03 9.354767157890032589e-03
1.713092193112869976e+00 -1.234143986699886286e-01 1.492995766003526667e-03 -1.243529661980687876e-03 -6.634598802505189269e-03 -2.043116859501102871e-03
-1.664669054848872953e+00 -7.677862552057498902e-02 6.857777351747113004e-02 -7.533433931094191301e-03 -1.405962358783714944e-03 3.284726979979298630e-03
1.315647034595080478e-01 -8.820759938502842346e-02 -8.527621801162445225e-02 1.005326831671493571e-03 4.684768925425722777e-03 1.594602397684732019e-03
-3.835899041056203829e-02 3.162522327591411053e-01 -5.902269491981387839e-03 -2.124287679812945223e-02 -4.113615578176544989e-03 3.611461469425831161e-04
-1.776786057058465040e+00 -4.440238842913103445e-01 2.623907425865760687e-02 -1.421968000270001269e-03 -5.005363544884220729e-03 5.133283006017480554e-03
-1.428400600390418607e+00 4.086541139915026433e-01 5.934919296394652183e-02 2.489484941784313177e-02 -3.975263389869613737e-03 -6.314262057832487670e-04
8.681528769960858982e-01 1.675673172264768862e-01 -2.009967508850121487e-01 -2.278148940598618817e-04 9.121808459365380066e-04 -1.434632210243532574e-03
1.542969432752302472e-01 5.210660686644358330e-01 -5.063567675918557304e-02 -8.400209211950115940e-03 -2.804131895557296361e-03 -1.780074159508318859e-03
-9.048882469006406248e-01 -2.303301006918107019e-02 4.130002828710817309e-02 -1.873553007794742306e-02 3.791612520084549406e-03 -3.388096660437489772e-05
9.246932184381667641e-01 -2.913528578859412299e-01 1.379837779860660918e-01 -1.018543754647801072e-02 -4.299389259919040966e-03 -1.205002066622550688e-02
-4.507668645898516707e-02 -2.185379262570456005e-01 1.917112764757379975e-02 -8.012157339992644067e-03 -7.500364231390705891e-05 -7.935924608378596215e-03
1.350312086931250821e+00 -2.242576608714840769e-01 -7.345295936687402938e-02 1.140944855317469614e-02 -2.005959420693956101e-03 1.338099843683906737e-03
-1.537301928254839689e+00 -2.130551848737037846e-01 1.097891016413986114e-02 -4.006866362117330466e-03 -6.861058051654568384e-03 9.082409012150419181e-03
-1.116981399928472118e+00 -5.433924280951214492e-01 8.858107192947900499e-02 5.042521640159364216e-04 5.176574358464071553e-03 -6.144169382283668802e-03
-1.966208742651687880e+00 2.652684125618233121e-02 7.528649748525022278e-02 6.904960103500130258e-03 -3.095738841188331886e-03 5.166500414076675811e-03
2.348691756736204894e+00 -1.676286177275439215e-01 1.561968947763024418e-01 7.085640546299243510e-03 -6.409781782529835013e-04 7.463995636717014361e-03
-3.589928974545387730e-01 1.820081848380878664e-01 7.025927996417891293e-03 -1.978359061673204064e-02 3.632898328593489080e-03 -1.220195663804558069e-03
1.335681648154901646e+00 -2.394726669144381925e-01 -6.728607931097170536e-02 1.361535773006826953e-02 -3.556509555269832951e-03 2.309686640684729692e-03
-7.681121215357045173e-01 -8.691840932865155245e-02 -2.523494043098084560e-02 -6.981669675155252261e-03 -2.753773746220709948e-03 6.211318814582610960e-03
-7.402201560164305416e-01 8.702762349678613840e-02 -3.271988192880358887e-02 -5.626277301078173518e-03 -2.940822390970997818e-03 4.191820434032073918e-03
3.443975211118566748e-01 8.640891429997807904e-01 3.492123868486623345e-02 -1.307433863340124423e-03 1.679833653078754421e-03 -6.569339930650528424e-03
-1.364185103914505204e+00 8.747389916264605714e-02 4.451587658345989434e-02 -5.168806793429360155e-03 -9.467028647380798870e-03 5.389825477573905767e-03
1.429389290898553933e-01 5.805139719757271832e-01 -4.618170374030489134e-02 -2.619803719548167986e-03 2.484274767450541342e-03 -2.649997849168136271e-03
4.037442244481076692e+00 1.904798154789567322e-01 2.640943587785197777e-01 5.680540403069205165e-03 5.081924904725515675e-03 2.108299132144839799e-02
-1.446936602315241904e+00 6.147197034842493135e-01 1.589534575626121438e-01 2.701039383175244182e-02 -1.371877644867876842e-03 -2.588785731363914874e-03
6.844522075240216941e-01 1.490994524209919847e+00 2.196311367205446841e-01 3.426232493213042518e-02 7.374162538224897021e-03 -1.057421336656462485e-02
-1.039825137204252403e+00 -8.513822298530319965e-02 -3.112018815581350101e-02 -3.251309467397210315e-03 -1.042296869802691699e-02 7.164564079438077646e-03
-1.517891554167825729e+00 5.078758923831641070e-01 1.096204747965060095e-01 2.856168864391951320e-02 -4.106998986251427473e-03 -6.488347457931725954e-04
3.393928075708297909e-01 2.868245245584441494e-01 -9.038179294630856175e-02 -1.262511607836885874e-02 7.854505810333005031e-03 -1.439179054124307532e-03
9.889933528576204669e-01 -3.076746175999687805e-01 1.605992964251989341e-01 -9.997925214006459643e-03 -5.382846449317086300e-03 -1.114963984345851943e-02
-1.919439859154940198e+00 1.189419331966680426e-01 7.830695330663094145e-02 9.487762247268610380e-03 -1.071719608908519930e-02 4.520690345208795528e-03
-6.877864941328258874e-01 -5.230549512758037034e-01 4.391806219987341026e-02 7.925908263263285042e-03 -1.029937916737628037e-02 -3.483782356328619326e-03
-7.352515785661866143e-01 -3.260897506926894729e-01 -2.865544064751343947e-02 2.151983624391893765e-03 -2.556026413337424922e-03 1.619155784051300390e-03
-6.814557182510952993e-01 3.269602665095819871e-01 -4.222283698058266338e-02 6.979590383461782219e-03 -4.509620372682476667e-03 2.406201048224652743e-03
1.490643255953021627e-02 -4.235004170792873168e-01 6.430223810283142161e-02 5.017282725736387948e-04 -3.571336266098863472e-03 -8.565475616936470138e-03
6.620651798087840989e-01 -4.470571130918852276e-01 5.653546185517181050e-02 1.399720642745339201e-02 9.346658817405366739e-05 -6.618946156535996522e-03
-2.200236478893888847e-01 -2.936996635038734149e-03 -4.194572543022550420e-02 -1.085961690310839264e-02 6.923065390896937380e-04 3.074281121261579226e-03
-2.347731702830163358e-01 -3.218983750395935095e-01 -7.203024957779723299e-03 2.732322620968932227e-03 2.582663007092785793e-03 -5.296250831798276701e-03
-2.798561519698288258e-01 -2.237425988553113643e-01 -7.681970503861461352e-02 4.959507587455447286e-03 -3.101590108317079254e-03 4.662476119837835435e-03
3.874747342187245258e-01 2.919845295415859354e-01 -9.420167301706283691e-02 -1.405006742670172198e-02 4.586180918143425251e-04 -2.387557874492388446e-04
1.125838241833145154e-01 2.857018025650038817e-01 -8.143031760343250047e-02 -1.101962674943203317e-02 -3.043073338672449657e-04 1.249141880517326856e-03
4.194567852140260178e-01 3.434514216167438433e-02 -1.551789477629390013e-01 -4.973561378532861997e-04 -4.180373162485804574e-03 1.116038822001831155e-03
-1.178413932364606120e+00 2.037852675878603725e-04 4.461054420277060090e-02 -1.489514673002589711e-02 -1.233315200789246143e-03 3.911829720585781496e-03
2.896457786836726722e+00 5.911329995855544618e-03 1.278782983605282197e-01 -4.340295003660169480e-03 -4.709830248243367622e-03 6.292016437534607605e-03
-7.182769177953444162e-01 3.862738770498977958e-01 5.843699228757037560e-03 4.295452118991205728e-03 2.934510612388324495e-03 1.659624332253869551e-04
2.329198229525074382e+00 -1.361071767131777910e-01 1.744215653600443561e-01 -2.119254039298715427e-03 -9.754344736232500174e-03 8.099155362577614009e-03
1.471592572109851060e+00 -1.371841771557208711e-01 -5.296026998417591169e-02 4.475206059886849622e-03 4.323966763250633102e-03 -4.786876791254565146e-03
-1.429718954068903702e+00 1.155989339092703544e-01 1.043738487550039257e-01 -1.448134730510513071e-02 -7.418067587947545227e-03 6.528742322357589545e-04
-1.802283607481730332e+00 -1.343133343014211445e-01 8.143408292469086693e-03 6.570966751175884649e-03 -1.229332822023004651e-03 6.834537829511639836e-03
5.843836202788826872e-01 2.635539577504091846e-01 -8.431927341174674795e-02 -1.863388693340136196e-02 -2.574389426023266855e-03 -2.170407021046033905e-03
-1.020878558511371992e+00 -5.681728109128605375e-01 7.177706384427608166e-02 4.887682684129121373e-03 5.326510797743807656e-04 -4.276363843181665153e-03
-2.131110581236387080e+00 -5.292814179078853681e-02 6.076350851492922506e-02 1.030167906877382279e-02 -3.546927357481778620e-04 5.428246619125918354e-03
1.186849926704996866e-01 -4.284532579305431743e-01 5.220185232833632338e-02 5.455163684493315179e-03 2.318607227145152820e-03 -1.393221831943259985e-02
-2.139166097306262893e-01 -1.280418105387606253e-01 -1.380592571775892674e-01 9.856842130548548742e-03 4.000571583848380741e-03 5.038463595827475869e-03
-1.477264201924421538e+00 -4.550846668578168441e-01 -1.993668214006438788e-02 9.032068108693608668e-03 4.653320178130872752e-03 5.805757848368793550e-03
1.050898993973788248e-01 -1.075851349280387698e-01 -8.108107048968787173e-03 -1.044703629347462463e-02 6.898155246653337944e-03 -4.323768997197312974e-03
-1.711958784674357137e+00 -2.155917413918878311e-01 1.352276478551202137e-02 -2.285303592674733323e-03 -2.608754727166050485e-03 6.893822244259044385e-03
-1.461499528976483386e+00 -3.468884315039372779e-01 1.335706266069267185e-02 -5.405013647853592132e-03 -7.597383953689882362e-03 6.676019590081451634e-03
1.961019979522530710e+00 -2.284971680526875770e-01 -2.139352707057452091e-02 1.648551557828032560e-02 -8.824029212598491489e-03 1.242207348090265326e-02
1.571776872023745497e+00 -2.379052082498945286e-01 1.735533910249451028e-01 -9.695063294237636284e-03 -1.228694370322011911e-02 -1.418097389089999260e-03
3.909661094867571407e+00 2.039284536909193590e-01 2.036392058957224860e-01 -2.895087837890454249e-03 2.550440896110782538e-03 1.277068674516831231e-02
1.346306284873582504e+00 1.834484847847319966e-01 -1.983462039655824738e-01 -2.932021194130239594e-03 -2.877046183927658117e-03 -3.323276682990379538e-03
-8.558377112960332544e-01 3.430676882557269214e-01 4.914220771942019034e-02 -7.027350532300075461e-03 -7.949206927616463136e-03 1.008491610469509393e-03
1.288622805147175532e+00 1.979002093133790663e-01 -1.608194811456275519e-01 -8.824932455832245823e-03 -1.816486622011726166e-03 -3.573658286094105394e-03
1.839625356225463582e-01 5.617381852039894374e-01 -1.091894291716084819e-01 9.538954153636739278e-03 5.648223565821948282e-03 -3.124240007130880004e-03
-8.131923712608779553e-01 6.793143285729682512e-01 1.273478220824512397e-01 1.131937511822058047e-02 2.165132821493905187e-03 -4.750616110852121793e-03
-4.318810943603687003e-01 -5.157052515359741296e-01 5.593764011029505462e-02 6.527348137014906022e-03 -8.744418945454756698e-04 -1.025936595536382397e-02
-3.513383896213567725e-01 2.205063657713499103e-02 -7.802471510955474865e-02 -4.188882609489928688e-03 -2.054803134391365669e-03 4.468134814264730637e-03
-3.976674031036181445e-01 -3.893206131333750153e-01 -2.693817378597373330e-02 9.060932254632531047e-03 -3.528138151677657954e-03 1.032316392678161825e-03
6.851497616940552815e-01 -2.996763670769305721e-01 -5.111550308052717484e-02 1.191168323618466834e-02 -2.726450025852163346e-03 -2.555767995802113099e-03
1.043172166197691597e+00 -3.624111309357491151e-01 2.028381245327023630e-01 -6.896769439648293976e-03 4.984507247805281503e-03 -4.038235626433579750e-03
-5.115255667667178985e-01 2.951359142612524078e-01 -1.449837078064467738e-02 -6.918084736527693561e-03 -7.140487031617751001e-03 2.576979092146582540e-03
7.645471039233309174e-01 -1.892829712239612883e-01 -1.480433133536372507e-02 -2.371552898433523186e-03 -8.137589132074575862e-03 -7.190852913993373355e-03
-1.907880237599411111e-01 4.432690339823815995e-01 7.529322298819898264e-03 -1.154834598643877767e-02 4.237707216819690086e-03 2.884795134222265683e-04
2.811183328618674704e+00 2.266032054575061599e-02 1.027652574663099061e-01 -7.469185704187278514e-03 -1.052658008687099543e-02 8.212181622466650094e-03
3.087120522379893206e+00 -1.152784071102524489e-02 2.508474829680238383e-01 4.294353968105439883e-04 -4.251434013091455119e-03 1.454882954667676906e-02
-4.259082564499725998e-01 5.707280394748187602e-02 -9.542420227446488101e-02 -3.002540368221804767e-03 -5.858555407459917035e-03 3.734504533547801028e-03
6.505654914701212155e-01 -2.542722099619244003e-01 8.173683322883899816e-02 -9.269357150496903772e-03 3.037652050203183251e-04 -1.145442622209362320e-02
8.010226436136825834e-01 6.131534388564480187e-01 -1.359408093033107057e-01 -4.846216163657619119e-03 6.562170011015313643e-03 -5.374545689665965499e-03
-1.753384342541844942e-01 1.923597625967413405e-01 -1.060923311912458922e-01 -2.528571825134092853e-03 7.052075911187029355e-04 2.906886424048664690e-03
-6.036779014845897740e-01 3.160318179425858909e-01 -1.677705152542955866e-02 -2.261044648700167182e-03 -3.266376052841715033e-03 9.666308355106989362e-04
-1.093770963891841808e+00 1.448625891964969714e-01 -2.254252741547727035e-02 5.318182939753216508e-03 -4.670992985173974196e-03 6.364351197305898045e-03
-3.352525739560798246e-01 -1.566394377224760992e-01 1.773097184284001815e-02 -1.504038527615297362e-02 -6.515483980092943300e-03 -2.220074701178081304e-04
1.094851370097084664e-01 7.799800342839713352e-01 4.062509769309551044e-02 -1.593329457668484156e-03 7.559290573619282692e-04 -5.356500595149465450e-03
-1.536998189152794403e+00 -1.794688980911154641e-01 -2.440051372954468029e-02 3.487189478475441473e-03 -3.170720880302023252e-03 8.141383211978481943e-03
5.985883943840392130e-01 -4.187228924463514690e-01 4.102931856197295640e-02 1.350698897051044213e-02 1.021826290321594180e-02 -7.151412258618736022e-03
-7.697782887112635253e-01 7.025681738668576592e-01 9.785475805630888813e-02 1.902934024573123620e-02 -1.811537904472673623e-03 -3.266984136071531767e-03
1.268455697794563131e+00 -2.810237977387602393e-01 6.992623126288262381e-02 5.222401263933741829e-03 7.535100819321597851e-03 -3.712425836338698049e-03
-2.118249305554678941e+00 -5.159771163214781353e-01 6.881287501973704090e-02 -3.506216572357253973e-03 -1.795934151433954467e-03 2.281696133986816158e-03
4.996826828574262025e-02 -4.342960443117662162e-01 7.948909823130888286e-02 -6.133422432976435440e-04 -4.453040712259785129e-03 -8.765670948902133663e-03
1.236337403317725597e-01 -3.331640129808239870e-01 -8.912326956200626593e-02 1.577756786902347053e-02 -8.816801013100504167e-03 -1.394911751451230648e-04
-2.127636272865416345e+00 -3.851865463117881139e-01 7.860907061717965771e-02 -5.245594781721193978e-03 -2.557606334739357355e-03 5.185254483512013665e-03
8.800528282771576949e-01 -8.662768879216960205e-02 -1.260268765002481028e-01 8.805442454930055562e-03 4.360747010928395229e-03 -1.648719295181816369e-03
-1.103621704460067354e+00 -3.252676936991386603e-01 -1.496715870028416523e-02 1.231631740275529203e-03 3.078711738531168546e-03 5.307518723746780173e-03
-1.336508202237747467e+00 7.380040928124861344e-01 2.053866702930573496e-01 2.482142765179685615e-02 1.526076544771097932e-03 -3.036169282103472113e-03
-9.638027406923760365e-01 -1.784363291720040823e-01 1.071613205847415928e-01 -2.826574107133469904e-02 -8.987189045397079570e-04 -5.652171274082859811e-03
-1.490611818911385944e+00 -1.400613861008540018e-01 4.937984709940868022e-02 -9.315369992689843948e-03 -2.004765722870051944e-03 4.647475036614218472e-03
-1.019252926995531050e+00 -2.438020123204013012e-01 -2.443279369499231149e-02 -1.722192121615244561e-03 -4.321513920700817586e-03 7.630952858782206680e-03
9.308417666266530777e-01 -2.843611587525334272e-01 2.952890007724138025e-02 1.005533308979958233e-03 -2.410607630618236390e-03 -1.083390751471221408e-02
-9.631279079310056668e-01 -3.913482527736124594e-01 1.855819021706429234e-02 -1.269794046617971290e-03 -7.874191573573805641e-03 2.381252979321904755e-03
-1.456567816153131689e+00 -4.012533328278031219e-01 4.117304161408948809e-02 -4.220735031977354557e-03 4.248194532264341385e-03 1.336737273245678422e-03
-3.960396011883036138e-01 2.996522622483039910e-01 -6.500013194387617432e-02 1.424194253507775039e-03 2.028560180984803531e-04 2.776793642356646663e-03
3.248311627917690458e-01 -4.480723188221245046e-01 5.201511202297811123e-03 1.492269562591689094e-02 5.148426919924353057e-03 -8.718995720821742790e-03
-2.360378307580913992e-01 -2.721287043115758197e-01 7.931063564543282263e-02 -4.514397273252809123e-03 9.050330637395527511e-02 8.157391562440979155e-03
1.701197955826938335e+00 -1.498280805159009077e-01 9.346239728332624008e-02 -8.291298616859343884e-03 5.870825076104687311e-03 -9.769280086951000197e-03
-4.684511242031081379e-01 3.528188414965615083e-01 -2.022139187430441534e-02 -2.810134786330423240e-03 1.897055433361035130e-03 -3.718369391780141221e-04
1.627314698152606820e-01 -2.933366968789166696e-01 -8.447006734717357745e-02 1.282287828262311524e-02 -5.454762898431291321e-04 2.601009355481331917e-04
-5.765466124896373445e-01 -5.676781188772580533e-01 4.363789683853264850e-02 1.336242310513920464e-02 -4.925954362076461173e-05 -9.722114752716917024e-03
-1.177601494324099551e+00 3.361938394092102711e-01 1.160248962993419841e-01 -9.798068350035498905e-03 -5.731103050517614809e-03 -2.260595873982109566e-03
2.045957791606649590e+00 1.042169194780297875e-02 -1.095512829855650322e-01 -3.919602323868007828e-04 -6.969235652737562625e-03 -1.848948895016732817e-03
-3.622375016034342088e-01 -3.721191199426597263e-01 -8.759211661129245874e-02 1.930616200805683122e-02 1.931470771853730471e-03 3.656828140854921898e-03
1.494275425178253514e+00 -1.453618386832127019e-01 4.559188503648300278e-02 -7.067203356315727991e-03 1.594181271901229250e-03 -7.124852264648561841e-03
1.368167536410279661e-01 -5.195653879701385147e-01 1.248060873359381345e-01 5.392320321556027390e-03 2.204511513214315807e-03 -1.124397902917942393e-02
1.596620683717401845e-01 6.416053692234594541e-01 -3.969911075260829786e-02 5.210169925408205966e-04 1.759787479238585301e-03 -3.583796619664568125e-03
-3.499280514156383748e-01 2.608091837536245516e-01 -7.109055080109054348e-02 -1.717530673418334866e-03 -4.676062248181798824e-03 2.588790160417993660e-03
1.036387046057074546e+00 -9.375235400923578877e-02 -1.100340619167433087e-01 6.807366679578955200e-03 -1.037192731027851249e-03 -1.687548927045522031e-03
-5.467694002412942095e-02 7.321126541786728004e-02 -1.020982202580570236e-01 -5.510150663678286924e-03 -2.173686300663034215e-04 3.321017827688015674e-03
-8.671159990467916523e-02 -3.114233120575181091e-01 -8.459409460139602488e-02 1.355322182690864297e-02 8.802330108205552131e-05 -2.500999466199712792e-03
-1.375774683364788809e+00 -2.070736966986723715e-01 1.667161298658465657e-02 -5.258507044234222126e-03 1.517533192072680840e-03 2.273364434045738094e-03
-1.520794233289444186e+00 -1.206402653109352047e-01 1.109767387555936867e-02 -3.097402499911475898e-03 -6.224604582678643083e-03 5.927902928286632976e-03
-3.946844853356261118e-01 -3.043654388208488770e-01 -1.071536211324671493e-02 -8.436900918460711347e-04 -4.088517428931349486e-03 -1.310752863994716797e-03
-5.592949574926947554e-01 -4.071500448650761106e-01 5.914278897445857802e-02 -9.630993714211171994e-04 -4.285466650490274421e-03 -4.043393486107053209e-03
-5.731201737336822921e-01 -3.990490887738242787e-01 -3.666524509312205776e-02 1.143958163670942899e-02 -3.643343962230558963e-03 3.915566579314913413e-03
-3.650914864834833296e-01 1.594871802083423495e-01 -9.359057256712782769e-02 -2.605662667023324721e-04 3.231229947849238292e-03 2.973272231332223237e-03
-8.564015371791620090e-01 7.305163488875815458e-02 -4.039552070913473431e-02 -2.372162597325514659e-04 2.400035115604519896e-03 4.944185658683770968e-03
8.829921841380634628e-01 6.630861430582912774e-02 -1.754536799902594035e-01 1.780154339345090811e-03 -2.627928172908539046e-05 -5.980563928876855145e-04
-1.053581266859962007e+00 -1.416477378173627844e-01 6.902382407258421393e-02 -2.042845883511128571e-02 9.744392687060537310e-04 -2.351518040496187491e-03
1.019090479240742475e+00 4.298619206800093073e-02 -1.397628674217246125e-01 9.540283025338216376e-05 -2.282872311661785381e-03 -2.078870433966773131e-03
-1.293563139089293879e+00 -3.519061218924214307e-01 -2.767098533703906890e-02 2.500247135235094970e-03 -1.948052109869733350e-03 3.504515775332533566e-03
1.148021638002619804e+00 -1.043012145783597279e-03 -1.040590049768400083e-01 -1.536569035497447428e-03 3.338049985919981449e-04 -3.097518592045616585e-03
-1.316791386099076977e+00 -2.324284361932473508e-01 -4.226426163953780207e-02 4.786099148600722261e-03 -3.971347862110016259e-03 8.732369958271500587e-03
-1.424533121202684161e+00 3.563560769437584819e-01 1.151025488287135273e-01 4.536800009280366093e-03 -2.287888541876055819e-03 -2.533441763570660251e-03
2.343286081983939474e-04 -4.077275386215824526e-01 5.862029007697235755e-02 9.104150515721042567e-05 -3.767906210299575183e-03 -1.289595116225598741e-02
-7.526007129372771498e-01 -3.508129877940264763e-01 -7.226889432882999120e-02 1.143360683738461198e-02 3.333732137370321556e-03 1.549052002073823299e-03
3.005581262839451817e-01 -3.289652852092115332e-01 1.236509506950371207e-01 -1.220294654604398704e-02 4.817668273817384342e-03 -1.468378220014044527e-02
-2.835459064927902673e-01 1.498274786775017076e-01 -8.495747264353765982e-02 -3.224415888605048058e-03 -9.107694240521725746e-04 2.977081357929233039e-03
-1.357020646130403296e+00 -3.746840095252664815e-01 9.787796378049343216e-02 -1.340548876425796607e-02 7.936453368540994160e-03 -1.239985423123506807e-03
-5.205182965826204988e-01 -2.989042790854971599e-01 -1.034273584432634369e-01 1.368751600121674572e-02 1.050016798710459720e-03 6.308791685963027925e-03
-6.267141605397358317e-01 4.140652414796738151e-02 -7.954432079080349383e-02 3.021270247043222629e-04 -3.625491891364763901e-03 4.993679102004830797e-03
1.630734315153489489e-01 -3.531696878897161440e-01 -9.839006791695949217e-03 8.968683697870627469e-03 5.548906680874923433e-03 -1.006406935368172988e-02
6.778442222402448758e-01 -1.928754354575605012e-01 1.095307524297838529e-02 -3.935725203579647224e-03 -2.830130509399397809e-03 -9.950862703233299272e-03
1.282954914896478504e+00 -9.220014121535057006e-02 -5.827171846637579922e-02 1.026420503233256093e-04 8.893941315919316358e-04 -5.350771712492627223e-03
1.496544721487174767e+00 3.890105857774184273e-02 -1.594501389526811752e-01 3.956430186579621040e-03 2.245798415668665525e-03 -2.804351705514794655e-03
-8.455508628244776670e-01 -2.591994476836021466e-01 -1.326889039754037755e-02 -3.538517417116838169e-03 -3.629234491447638072e-03 6.237123756412628513e-03
5.168210991205244298e-01 3.403338201369993099e-02 -1.834928615574674959e-01 5.195410811594429815e-03 3.812093723007549569e-03 1.806094039930759279e-03
3.824012560726173723e-03 -4.331162188586634154e-01 -6.054845906276435513e-02 2.272066840304558591e-02 5.463819120685288987e-03 -1.969718216234187316e-03
5.029587633989299755e-01 -2.020491652740185606e-01 -6.232781042649834097e-02 5.684295315567994278e-03 -8.628100320230202907e-04 -2.899783751784356951e-03
-9.748424179250353427e-01 -1.752581177606161722e-01 8.164153197761300773e-02 -2.377173409710597873e-02 2.583805481739927246e-03 -8.063495216167091773e-04
-9.155027880598809453e-01 7.814604108534177473e-02 -4.823751255005282595e-02 1.546807591864104254e-03 -4.112628929895529618e-03 6.598457345729251931e-03
2.456172407207329655e+00 -5.277761443008927716e-02 2.734559161828979679e-02 -1.620264476325970586e-03 1.863992024974663909e-03 5.818499352130691339e-03
-1.088985631830165390e+00 5.120055877563053359e-01 1.622272910663294376e-01 -6.545216479889500068e-03 -2.581520317478663059e-03 -5.532036440335787522e-03
-2.584777864765671063e-01 6.814282931557437140e-01 3.983767952883972285e-02 5.578902174617098725e-03 3.001554362843494861e-03 -3.732634052072139434e-03
2.211504474797236330e+00 -1.910559011715917133e-01 1.399684696020885299e-01 6.628657401902006072e-03 -6.738103678503886383e-03 8.595415705916074206e-03
2.366478940315312585e+00 -3.312929729547552105e-02 -3.449985994653730070e-02 2.161274284203091103e-03 5.322505215883668525e-03 3.150259829543308483e-03
-1.538145630131865005e+00 -2.800725856164024141e-01 6.477451599767096446e-02 -1.575297468497904169e-02 -7.411923681337719699e-03 4.072432563643132997e-03
1.701742376221655029e+00 -2.739084049377262242e-01 1.462387875616782684e-01 5.278299333985498297e-03 -2.637621440417371559e-03 2.633443706195583850e-03
-5.593850331965772860e-01 -1.778488985743559569e-01 -1.092577685980262586e-01 7.333337245644837472e-03 2.598757508206781495e-03 5.751654106126087226e-03
-4.037297921121207334e-01 4.798644927186732079e-01 -3.642407659191577995e-02 8.062933932883245905e-03 -7.772764902178552716e-04 1.817384403816949578e-05
1.045490752894782327e+00 -3.543705375682256742e-01 1.063620198874226236e-01 3.598517561581528971e-03 5.120532975724899870e-03 -7.672759275957027544e-03
1.942426357439205192e-02 3.366287936573945927e-02 -6.177309938667375350e-02 -1.202489207387256488e-02 1.279713548901125104e-03 -9.055377682390376931e-04
-1.305405887728431580e+00 -2.216625559697187609e-01 -5.783527615636384345e-02 4.390200996916802066e-03 -6.252907411131403484e-03 7.054056366928844468e-03
9.088411255564086133e-01 5.255107431338108537e-01 -1.227834608143462958e-01 -1.563252532016415688e-02 2.809800853077029908e-03 -5.496149865332119848e-03
-8.872708179727365474e-01 8.657263621972620393e-02 8.297149808707521279e-03 -1.124254060509142887e-02 -8.630791171306223183e-03 5.108367128390366857e-03
-1.690083849903110114e+00 5.010192192694708224e-02 -3.982888991966857038e-04 1.624945439013546558e-02 1.657621518614839622e-03 5.867946753696036757e-03
9.006516330651200830e-01 6.665777187567777373e-01 -1.413954575457533891e-01 -3.011212400053183379e-03 7.239053701527678464e-03 -6.411818212279643200e-03
3.762326908769316969e+00 1.643152818162749995e-01 3.066284321663176327e-01 -6.329455865361250863e-03 -1.679948675284767892e-03 1.549104560771656994e-02
-8.711739611005279160e-01 -1.594604789367659869e-01 -1.694161626164617310e-02 -7.731219448968490102e-03 -4.242753920125488104e-03 3.998308138550818285e-03
-7.596038304653917050e-01 5.509804432149542630e-02 1.593387930207632724e-02 -1.689175087512499035e-02 -6.223191041660297053e-03 1.690111084399858847e-03
9.965833861950500472e-01 -4.048254767147073663e-01 8.918119098650507948e-02 8.659516875916943926e-03 -3.269079148231086949e-03 -6.769385117671374540e-03
-5.065634438166851661e-01 -6.387522707728518663e-03 -1.301144923079217315e-02 -1.327794225916679137e-02 -6.587974025794575373e-04 3.023564033758579985e-03
1.525149741181035079e+00 -1.291703871472297260e-01 1.283769637326507077e-02 -4.816379159347660907e-03 1.229374194636415367e-03 -1.065448416569335019e-02
2.071109720440812207e+00 6.599549800302088876e-02 -1.720157749249461021e-01 2.328565292855096398e-03 -9.231034031433597202e-04 -3.142347585636205091e-03
-1.853634151798712493e+00 1.734916327742931086e-01 1.073957662261941504e-01 5.575818835539108134e-03 -5.937062058594309855e-03 1.921103738106354859e-03
-4.083743422663250189e-01 1.392670456876889395e-01 6.091150593936080909e-03 -1.984425036615223431e-02 -3.570239955168274127e-03 3.708283456836048743e-03
1.167609435272621621e+00 -1.973926605578116555e-01 5.335112978562471520e-02 -4.303302517264413762e-03 -1.276562244614126880e-03 -1.096969827869484493e-02
-2.517527389900598433e-01 -1.855110811954391314e-01 4.165573493782464415e-02 -1.322912892973046942e-02 4.017747524301877420e-03 -2.395571490153338475e-03
-2.114253998770731613e+00 -3.005648207479100220e-01 6.249657327998552753e-02 -5.904550187214177917e-03 -9.699860805223529600e-03 6.874597800436425994e-03
5.471010523356881899e-02 -4.876544913856719621e-01 8.458522296977842581e-02 6.352739742236047406e-03 3.081204270013114012e-03 -1.033111236966415339e-02
1.026688336415648939e+00 -2.023501788595384598e-01 4.494081303053278770e-02 -6.568259875175605500e-03 2.731895853291089289e-05 -8.699542587758860024e-03
1.313302417503533936e+00 4.495584261933906894e-02 -1.115153381259485488e-01 -4.960551997248671338e-03 -4.567962204184307547e-03 -4.513613150349429608e-03
5.110296277393679976e-01 -1.442606971625449153e-01 -5.386563587919915297e-02 -1.438909032720449331e-03 -1.272290701418276465e-03 -5.518030445688393466e-03
-7.545030789687341422e-01 -4.510035528528689719e-01 2.965459678883311523e-02 3.272078588257071839e-03 6.865275047417220868e-03 -6.303989713229153115e-03
-4.208874194729989582e-01 -4.421536809600783990e-01 -4.241628082628855212e-02 1.485896067591613995e-02 -3.785294364349055078e-03 1.015217807007931950e-03
2.139027882236112232e-01 8.362004682524161459e-02 -1.228842883822582333e-01 -4.355624777879730028e-03 -2.458392572048822048e-04 1.790048280089098862e-03
-5.731433478150981253e-01 1.261981471054332005e-01 -8.139460444939900299e-03 -1.438652618506577711e-02 -3.278930926624758907e-03 1.843496511045171916e-03
2.323297844022345626e-01 -1.958903139742692034e-01 -3.702876875341513160e-03 -5.192330717014083732e-03 -6.885600335757954176e-04 -2.844720100956716746e-03
2.289330150711093304e-01 1.128432632403103542e+00 1.084970066126355465e-01 2.760059402130953313e-02 4.782398204196071714e-03 -9.312240990677169913e-03
1.973904424445726891e+00 4.262502653002678277e-02 -1.419760507320415310e-01 1.342894091447234192e-03 7.231356793255928157e-04 -2.854445023096460234e-03
-2.995684265999411511e-01 -4.348999202000888298e-01 6.960365040095560507e-02 -1.320671563897674364e-04 -5.904450418300796234e-03 -9.611122681717793048e-03
7.634529783482090215e-01 -3.662356728609095224e-01 -1.166774522668045933e-01 2.650745759586041472e-02 5.501022336757043418e-04 2.636154059411869015e-03
-8.940848800270400076e-01 -5.823889790338394878e-02 -4.229866014674996816e-02 -3.277918220923891051e-03 -6.964401981508420818e-04 5.621849527039437210e-03
-6.411455115347074463e-01 -9.717608958677452502e-02 2.415909027994610561e-02 -1.530924190361164505e-02 5.678792748267196683e-03 3.807831480325500530e-03
-1.190906598632029967e+00 -2.622992108279544876e-01 7.236035393645678937e-02 -1.707730003256734824e-02 2.900297567735660165e-03 8.251627635695776277e-04
-3.291753630691706678e-01 -1.575031796701111680e-02 -1.101517735753900218e-01 2.187852031836988887e-03 2.436791755267828530e-03 4.510111275449496353e-03
-1.163551299996073318e+00 1.004778666620248923e-01 3.709052839314543049e-02 -5.648237389807836580e-03 2.532219113556584324e-03 4.401575708932130467e-03
-5.565507261286088969e-01 -2.274304973989973652e-02 -1.645807424596157711e-02 -1.231919363287432324e-02 4.926823727450551499e-03 1.586667379924737225e-03
2.885995149927739201e-01 -1.528136536040901675e-02 -1.936677811195697818e-01 6.674448521271966056e-03 -5.488576787847301505e-03 2.100298733416887994e-03
1.921295661281650080e+00 -6.434802347034866699e-02 -3.806642868260422252e-02 -1.026587214445664380e-03 -2.275671624723617399e-03 7.316910640365269745e-05
-1.041865851579545810e+00 -3.769402448061435762e-01 -5.951614521104910994e-03 3.139641321858929193e-05 -7.209261089952479287e-03 4.797618229132801296e-03
1.733359629057557583e-01 4.461375987308861535e-01 -6.911979977253893126e-02 -7.871429233090667527e-03 2.878031016069701638e-03 -1.263241244473079167e-03
-7.707319576538562700e-01 -1.183135524690649976e-01 4.798734592788191783e-02 -1.958141373360190382e-02 4.018088317427918540e-03 2.795644159333299824e-04
-4.157780445091899257e-01 -1.329026331335621536e-01 3.506263255462575834e-02 -1.783262976421164797e-02 1.250883950018682805e-03 -3.639467152697130944e-03
3.220809789702954173e-01 3.173980095772481747e-01 -7.708305526319027268e-02 -1.497709606644854509e-02 6.662460047978562352e-03 -8.851748469320155866e-04
1.228505705624595823e+00 -2.697774612508934688e-01 1.700733192655500547e-01 -1.413238790707048269e-02 -5.694898285839336896e-03 -9.501659392596180365e-03
9.476853403620700833e-01 -3.875466920229398982e-01 5.370674901444302818e-02 1.281110688702286581e-02 9.683028742105193043e-03 -5.180540637130436922e-03
-2.453839217123299221e-01 -4.252615172310657277e-02 -3.456478403824352758e-02 -1.028606769229318228e-02 5.061301398608991121e-03 2.407916390426385195e-03
-9.636918281442604650e-01 3.504211407107976628e-01 6.004029331023285482e-02 -2.536902157782979124e-03 1.130120074897414525e-03 8.887771791855116890e-04
-5.058444571639263421e-01 2.343776102641981773e-01 -1.040653749756745815e-02 -1.040760678745642452e-02 -3.495421238290095847e-03 2.483490974715449936e-03
2.703702928084206758e-01 3.375107093259641089e-01 -1.212483298494906742e-01 -4.855161609973844203e-03 4.154568310055300855e-03 -4.928857124530235329e-04
-1.153797669556129446e-01 5.324648538422448452e-01 -1.695971969554627146e-02 -2.719716796166619672e-03 2.024667181303649571e-03 -1.298603040393616790e-03
-3.283752639198719847e-01 3.961412304855982391e-01 -4.529756390735679983e-02 -8.650200490053525191e-05 7.292705940409303401e-04 9.201430898489374290e-04
2.326059857075437644e-03 7.524643219348714496e-02 -1.268069959816295056e-01 -2.918716413472494759e-04 4.428187642974155784e-03 2.209968673891164314e-03
1.334861868485117897e+00 -2.968578835956635076e-01 1.653064272723980474e-02 8.704797860126864059e-03 -5.730521505573613061e-03 -8.824905082606299698e-04
8.684399350091822622e-01 -1.534795537126945053e-01 -1.125849141496357841e-01 8.715449319146592946e-03 -7.115908701567294492e-03 -1.374376187102787977e-03
-6.835940329457040887e-01 -2.421650656463413681e-02 -1.073682773410054442e-01 6.417228296506110111e-03 1.469557605008403644e-03 5.870251064943658031e-03
1.159135920269601105e-01 2.046874531519931595e-01 -8.815694163179073339e-02 -1.021053638093276199e-02 4.970433580009071817e-03 1.283419123144171779e-03
-5.307780250079549011e-01 3.295291265242705769e-01 2.907682676521097798e-02 -1.198071431525933594e-02 3.160576886016532505e-04 -1.137703349595019274e-03
-1.077197051526862071e+00 -3.903632285464669338e-01 4.066193022311161663e-03 8.653695905007205338e-04 -9.188964999733465269e-03 5.000454367003420372e-03
5.525598179983735037e-01 -3.139554922465773862e-02 -1.572796597620707004e-01 4.224308855065811094e-03 -3.759980838019423826e-03 7.096219801373203871e-04
3.312274760736252932e-01 3.438207308440470178e-01 -1.283248200899750890e-01 -5.528350287324420784e-03 2.125452707930323201e-03 -2.353982177235388381e-03
-5.141065077180307918e-01 -3.936810115848528024e-01 -6.082404537162465138e-03 4.588285514689570584e-03 -7.873985359812905177e-03 1.868626075680911212e-04
4.895002648110339249e-01 -3.690998475040361271e-01 5.821205756489071514e-02 -7.264120154656214697e-04 -7.771168912991598295e-03 -1.153176723886870439e-02
-4.295472388861696356e-01 -7.435398862257448782e-02 5.740865229606874343e-02 -2.782493675400315308e-02 -6.063785046904854488e-03 -2.363640115841526661e-03
-7.833147123316728244e-01 -4.927040091256427723e-01 -2.404820119375198142e-02 1.593085229210909268e-02 5.069549314365810744e-03 -7.589035885815930858e-04
-1.882816731356664608e+00 -3.553654648565974378e-02 1.364343827588568314e-01 -1.161439102638071180e-02 6.075529193306088670e-03 5.210296301607331669e-04
1.313256775490549755e+00 1.040358686970301733e-01 -1.999994435490242140e-01 2.447120083504633874e-03 -3.525524863029810309e-03 -2.337152322127304324e-03
8.331322665651847981e-01 1.893151749069316991e-01 -9.124033448086692200e-02 -1.627140320069952670e-02 -7.724585661647856904e-04 -2.031318001278678391e-03
-2.446071431760945825e-01 3.293484478041898700e-01 -6.066176765127396370e-02 -2.307485806329633016e-03 4.263069305481154668e-03 8.692216195203544956e-04
4.201528231139532443e-01 7.321556455265343377e-01 -4.076079593753487856e-02 -1.069801843817037509e-03 -2.388745576893966198e-04 -5.894045012292380321e-03
1.713015244115053903e+00 -1.054586566427444111e-01 -4.452356730380183786e-02 5.005553024387658385e-04 -7.688710268687736632e-03 -1.452777901551036881e-03
-3.067793117489902022e-01 7.564581995442140605e-02 -7.062684566420987520e-02 -8.589320998895606102e-03 -4.233421880221283247e-03 2.664929315999787010e-03
-9.610295646735136366e-01 3.048795075126539134e-01 1.410871223401538761e-02 2.733352366494424743e-03 -6.035792763175450680e-03 1.991216955610329662e-03
5.694688246840511336e-01 -2.996352520473611891e-01 -4.020301885626387933e-02 1.223439518755075651e-02 4.262230000228868672e-03 -4.407392456643260958e-03
-1.412065974493656451e-01 -4.695958595003799085e-01 2.549742344686791937e-02 1.041144236892689763e-02 5.577565101189150415e-03 -9.609633741591114275e-03
-2.199186347819875653e+00 8.067310433116418877e-02 8.002443341033792235e-02 1.981573963637601674e-02 -2.386702512720311126e-04 3.011950208119349662e-03
2.772860634972924010e-01 6.412751387054779241e-03 -1.082082489133158881e-01 -3.741330781155220112e-03 2.751255131999065517e-03 -1.070063351506001393e-03
-2.203334456828016930e-01 -2.312002846706742165e-01 -2.663968538248271539e-02 2.273235995714555048e-04 9.162705023193259968e-03 -2.254205436586386412e-03
-1.389744069927577153e+00 4.606736286476034170e-01 1.445827503858710672e-01 6.750804762122500531e-03 -2.617032323967244563e-03 -4.004576190624567489e-03
-1.215052955956475778e+00 -2.667186486040626706e-02 -6.341251060926267336e-02 1.036672239203293051e-02 2.427729715310601982e-03 7.137146339225144964e-03
5.921583528336464841e-01 -3.049958951593828571e-01 6.388733855874853540e-02 -1.117331095418824371e-03 7.569578637366410935e-03 -1.324380252767772166e-02
-1.512432497397698361e+00 -3.234978547251143310e-01 5.543568008672793840e-02 -1.024493856649074004e-02 2.704963776708964080e-04 5.196913663216690821e-03
-2.033068527128759850e+00 -1.444746483788056091e-01 1.077231383317455299e-01 -5.665722315280761340e-03 5.483337645360049709e-03 2.352473989467706444e-03
