5.364813542026271698e+00 6.490461275398435870e-01 3.588893992438919045e-01 -1.235206979808393252e-02 1.931692353800033499e-02 3.130987413273311412e-03
5.469235293449941082e-01 -7.158278887191930895e-02 -2.360043579873161712e-01 1.302252540982095676e-02 1.332518868052634531e-03 2.061847030857185629e-03
5.196795199978895829e-02 -2.681185311610124744e-01 -2.914361638758441314e-02 6.120350023019136172e-03 -5.227966037958020964e-03 9.206618351434669306e-03
2.322044563682947871e-01 -3.823378408887805335e-01 -1.930432361907827863e-03 1.095336162452331501e-02 -5.494910002185001731e-03 -1.377733434713386074e-03
-3.762959650020509250e-01 -3.215030814121173086e-01 -2.786480388878901510e-02 8.112411245575349913e-03 -1.093193259879203343e-03 6.352096057201900119e-03
3.440166643609167796e+00 1.483319645198709902e-01 1.759875858002650229e-01 5.416642957945896376e-03 1.291554704966264497e-02 6.702156695822083024e-03
-7.195070889546327786e-01 4.893997866375976447e-01 3.526702906031111556e-02 -1.196887862171412383e-03 -4.096506568846354328e-03 -3.129839820605117423e-03
-4.750935959769532202e-01 -9.155638428044016175e-02 -9.654402277475870875e-02 2.848353331435358841e-03 8.046876049425989025e-03 -1.392011751819648277e-03
2.739770325124786174e-02 2.507906521958767551e-02 -5.726738732016502936e-02 -5.901504892013071171e-03 2.965028540635520921e-03 1.017234750823605045e-02
-2.151934838044561538e+00 2.043827748657047749e-01 1.330551762711901509e-01 1.335714091799285880e-02 -2.970656864472829596e-03 -5.160559821870702030e-03
-1.468852999966903383e-01 8.015823709470043523e-01 5.212615152194632201e-02 2.398353190222611737e-03 -9.310873627425475182e-03 1.790401422161564662e-03
-4.820314273884322986e-01 4.170596594446406846e-01 3.357847252912625913e-03 -8.468112574747835991e-03 -1.938689521896556954e-03 1.029548236553835252e-03
7.449094587256636091e-01 -3.195973655070821207e-01 7.992159116553849973e-02 3.094959010726683422e-03 -3.420031343876943439e-03 -9.449536654757922927e-03
1.873246739885106260e+00 -1.883596536564417223e-01 3.263872885401816054e-02 1.631323554608170648e-02 5.216243962893782685e-03 -2.565580934073289666e-03
-7.802607909119276819e-01 7.863040604462694094e-02 -5.854324624953645417e-03 -1.085081059467530099e-02 4.361279096193122068e-03 -4.077128854577281511e-03
-3.148960101989247140e-01 6.525781719115791857e-01 2.704550204444696425e-03 4.506296533520193215e-03 -6.108547136878634057e-03 3.724204524696025833e-03
-8.817755770512492042e-01 7.941224538571899361e-01 9.470406885009462206e-02 3.072174751582348873e-02 -6.274764901160440923e-03 2.958542076743384420e-03
1.024042649754038636e-01 -1.322540306469614790e-01 -5.310819069496362788e-02 -7.609070241347242868e-04 -2.028151038693913697e-03 5.497455739130871141e-03
-6.925754435441086043e-01 -6.137478357933852380e-02 -7.254708213825392105e-02 1.600808438372420400e-03 9.093976127654515573e-03 1.834899797306675838e-03
-6.508634306901802669e-01 -3.769462847128103311e-01 -1.373789581696856048e-02 1.077592824736055103e-02 8.939482396391909644e-04 7.777415951642010182e-03
-4.191169905011849495e-01 -1.392619053259089301e-01 -1.085916039228678881e-01 6.070052352281962542e-03 7.736203971708537942e-03 -3.123211731256594209e-03
3.637855012223394802e+00 1.690480757994134997e-01 1.265256565841396952e-01 9.065783594011275065e-03 1.386070876698092084e-02 3.752553561836592493e-03
3.059857080406002350e+00 6.625119160662651385e-02 6.516900681822115904e-02 6.909619588770008966e-03 7.574515477402461727e-03 -8.750700754923397377e-04
4.261408988527256581e-01 2.789924286105542883e-01 -1.638462219295996891e-01 -6.131229128724075862e-03 2.382724787351841404e-03 5.453436982422637039e-03
1.341700222590053726e-01 -1.499934174936662923e-01 -3.702729342739972257e-02 -1.162727568122836220e-03 -3.636011860346960098e-03 7.143850971914440622e-03
8.471365238137517073e-01 -2.892012864683396467e-01 1.691584589065004418e-01 -8.395538041606065080e-03 -4.430327974699500328e-03 3.118404508875011324e-04
-3.589195515861485219e-01 -1.965739793995106011e-01 -2.923657402124919813e-02 9.475065399337668365e-04 2.261775408267674599e-03 4.089332267150475562e-03
-1.833906158782672602e+00 -4.883205076432082375e-02 9.543640490779431440e-02 -3.463730815742946650e-03 8.532293294603141183e-04 8.590712402649797750e-04
5.341746981928712223e-01 -3.059680433832824287e-01 2.325270691238982140e-02 4.099198160672971533e-03 -6.301712455339673197e-03 -5.465713547776660484e-03
1.827687739332675143e+00 -6.953857177885522378e-02 -1.066842909941022460e-01 3.611529750655139651e-03 -5.841149060837388420e-03 -6.505435738729171968e-03
1.203859602173835031e+00 -2.507290834368671173e-01 -3.282359665077805994e-02 1.154994542616082434e-02 -3.966621042332280078e-03 -7.086657016935718999e-03
1.811410553817885072e+00 -1.293671674076987410e-01 7.603924865810378353e-02 1.559378611897305113e-03 -2.475982439948907761e-04 -7.299571605860539179e-03
-5.428123569291597450e-01 5.082173341997147098e-01 1.848812159177630823e-02 -3.262166279614404051e-03 -3.590919258527431809e-03 -4.755835916825943213e-04
-1.145997501546048625e+00 -9.918788838507255901e-02 3.414630297508794432e-02 -9.123369623042412030e-03 5.009270901585767544e-03 -4.040022555736862662e-03
3.366212269098434740e-01 -3.119557555549099526e-01 7.271105700880496799e-03 3.428896589538397988e-03 -6.500821630055573196e-03 -7.569181763013178160e-03
6.571009637837441630e-01 -2.367996212923336175e-01 4.059483970411622428e-02 -4.777013884905484051e-03 -9.139828948596665642e-03 -7.584398032067589911e-03
7.772683081309808006e-01 1.427580070989442063e-01 -1.299396616090891798e-01 -9.611459887072276026e-03 -1.551760345806245086e-03 1.950585343334150675e-04
1.187675372045069899e+00 -2.067941616160313412e-01 1.064833049434644602e-01 -2.672825285794427821e-03 -5.104638291459578578e-03 4.388718167775526764e-03
1.461652380049457856e+00 5.041740044050718739e-02 -1.570096947555640055e-01 -5.505477104807883666e-03 -1.026582702686288859e-02 -3.340130667341863809e-03
-1.423335770732216510e+00 4.851484831622983607e-01 6.496776408725442320e-02 2.300705876198514202e-02 -3.863983454033543923e-03 -4.063126773153222238e-03
4.748647554060929643e-01 -3.515696711873679825e-01 4.103317324599489030e-02 7.600741638274395411e-03 -5.163036738294517723e-03 4.722009871274943679e-04
4.275546874653283758e-01 -5.711799632039535335e-02 -4.673734628331666779e-02 -7.791176174268795926e-03 -4.318724251001202809e-03 -1.769356163222355694e-03
-2.137394604595062919e+00 7.928224561319140162e-02 1.276926781770167940e-01 3.528363793585458704e-03 -1.708916769173360632e-03 -6.306221786356213527e-03
3.247732095270443320e-02 -3.512857776195494330e-01 -6.154876892679325695e-02 1.358279077075868861e-02 -4.298788353952420760e-03 1.045597013759187906e-03
-4.225408671991471854e-01 -2.102251728440736323e-02 -7.971977026615444106e-02 -3.305620257930652855e-04 7.619673118977029168e-03 3.829430197543361430e-03
8.083543338961109992e-01 -1.965890318032143536e-01 -1.926138220952402710e-02 -2.578490230613425397e-04 -1.014087080763946200e-02 7.275225611365010664e-04
-5.754805824828742589e-01 -7.645049614050371256e-02 -1.325882939170441310e-01 7.478386945983943150e-03 1.015915323573422270e-02 -3.541019119320856757e-04
-2.491987142894738771e-01 1.224889451002519475e-01 -1.935274704221880485e-02 -1.649060664744013416e-02 4.046704110491363381e-03 -1.872579679442411054e-03
-2.051818137367136696e+00 3.680056013343463439e-01 1.688363965586043292e-01 1.745706387314230335e-02 -5.818163014626059372e-03 -3.253448769177192355e-03
-1.964730350368076639e+00 -1.384768732883178734e-02 9.863612099851203074e-02 -3.168717379876893111e-03 -2.058688519517483807e-04 -6.469513351491247219e-03
5.898831181355870812e-02 -1.773268255014994188e-01 5.261963762022547203e-02 -1.263362948988410762e-02 -8.406283174594126120e-03 5.469122668014708526e-03
3.005696029333567498e+00 1.073572719172797008e-01 1.783811945635462859e-01 -7.527668821582577524e-03 5.632936718325316609e-03 -2.292842822640164986e-03
-8.310163582418987893e-01 6.565807701318234768e-01 8.031643274728701709e-02 1.180872267714729029e-02 -7.405549501197272906e-03 -1.279431807284045312e-03
-3.846281536701743886e-01 2.627645301154309387e-01 -5.754935951428773178e-02 -7.115400433476046747e-03 2.535462803580848176e-03 3.791541064003053994e-03
-7.843596948744450126e-01 -3.248796672889816550e-01 -6.719667605297183210e-02 1.393333224910608785e-02 6.860252798467984282e-03 4.226293717982910862e-03
1.463026153559104703e+00 -1.905385399023364901e-01 2.757714766089294431e-02 7.036408541028303827e-03 -3.640897549244894935e-03 3.321684913858583520e-03
-7.425705584718783614e-01 1.137419100339592988e-02 -9.211213574342357047e-02 8.500096925444568805e-04 8.669619981071179093e-03 -1.206562733156847514e-03
2.040842419189305840e-02 1.481347298746664709e-01 -1.199816890751616294e-01 -6.456410762767116063e-03 4.767112311561448948e-03 9.879073474686902133e-04
1.097061540461502283e+00 -2.902637857383328357e-01 -4.834018460947966250e-02 1.670353813548232369e-02 -7.942323407467503362e-04 -7.507261013205099656e-03
1.695435566665592364e-01 4.622242342256316361e-01 -1.020126053627280205e-01 -8.761346085736967590e-03 -6.025520411241682122e-04 2.262451103179080256e-03
-8.089500051480887910e-01 -4.971289113989574987e-02 1.306121952060193894e-02 -1.177043821505949737e-02 5.596631908267121584e-03 -7.702008952334299732e-03
2.166626438364361196e+00 -1.427990722580055605e-01 2.171711290337155487e-02 1.608982578596029542e-02 7.546460623909334413e-03 -9.942853465583692887e-03
1.790266275724624045e-01 -3.599999683886485613e-01 6.412985357661800737e-03 6.602178862272581675e-03 -5.807776647848328540e-03 -6.064426613295605638e-03
2.141855234351149662e+00 -5.748647908278056023e-02 3.441304572194855277e-02 2.675130744772754709e-03 -2.518488201004981906e-03 3.318980512559857425e-03
-4.734129100169496840e-01 4.489380937685307771e-01 4.033092398962431768e-02 -1.453435630456929167e-02 -3.873697313165973353e-03 -4.797530626515125740e-03
-1.123397639768523720e-01 1.621765478689045914e-01 -1.315654788115983853e-01 -3.345537015113022802e-03 5.237586437494680044e-03 4.959464804000165723e-04
1.434086194602227637e+00 -1.383384559798327140e-01 -4.829979678689568651e-02 2.886216213676856199e-03 -7.131403832221335816e-03 -9.668920700294337395e-03
1.463034418996614239e+00 -3.011354597438856834e-02 -1.673656693271990681e-01 1.154322164271318280e-03 -9.071827275392740919e-03 -3.266278726555533682e-03
2.195334286520036926e+00 -1.055690093601149848e-01 -5.413700691766774181e-02 1.388787681506622497e-02 3.434669074245970486e-03 -5.261432137810936188e-03
-1.232972031350448860e+00 -3.764256869773970338e-01 7.226278983996818617e-02 -9.810817995801850155e-04 2.485291175273572715e-03 1.436653120113570974e-03
-1.024984206291303046e+00 2.303084483990508469e-01 -2.707682601989079563e-02 2.863565894516943797e-03 2.804645298797760981e-03 -1.435307470924311948e-03
-8.528172507703731808e-01 1.344759502578660726e-01 -5.896603009840035298e-02 9.505365309023377520e-05 5.057549543363341893e-03 -3.669567805670685836e-05
-1.591780386948588921e+00 1.258000694230884502e-02 2.302250930556160036e-02 1.839515525822421962e-03 3.884669780797537185e-03 -2.424313722444892960e-03
-1.343619794969729275e+00 5.670294038375053303e-01 1.320095597511717345e-01 1.508943823332057656e-02 -7.945554757213245736e-03 -1.200290038589163239e-03
-1.340148929297096281e+00 3.172319310660756675e-01 5.576748943477066039e-02 5.635723443055374107e-03 -1.181446072959409406e-03 -1.482013079211293030e-03
-4.224899294655806714e-01 2.371468784831461674e-01 -3.197393653556318549e-02 -1.242853574339053760e-02 2.879461353500185547e-03 -1.500132308373056794e-04
-4.413093000563924617e-01 -3.305415535936160332e-01 -7.046893780799491636e-02 1.229867826171154865e-02 2.304039415464316943e-03 -2.465229888932557976e-03
-1.503391278876036630e+00 4.106425902892670288e-01 4.586174861135568215e-02 2.332956415869701094e-02 -2.551502400668314696e-03 -1.402016281180477842e-03
-3.348768107620177514e-01 1.087150794008253513e-01 -1.497303837678710947e-01 3.407827386656272529e-03 7.064801244508567800e-03 2.628425604358630187e-03
-8.655513902398157544e-01 1.634730735565086968e-01 -1.189469651080916207e-02 -7.278251968780780762e-03 3.870223063399373317e-03 -1.429058457270953285e-03
-1.669821509073004862e+00 2.111253813883159913e-02 1.175835438559012791e-01 -1.171160707328757627e-02 -1.732015088966856178e-03 -4.269573526480521970e-03
-3.940572417815240702e-01 -4.971596818549712388e-02 -1.183350765298673557e-01 3.358019951474283758e-03 8.288772052576264329e-03 -6.894009288049183452e-04
-1.738650341270402189e+00 7.554216229665392524e-01 2.526619637908767424e-01 3.428856719382306073e-02 -7.615337097418329280e-03 2.257354341243031273e-03
-5.187997691249968124e-01 5.822276347638635219e-01 5.523822764539785407e-02 -5.236237779084051101e-03 -5.900837134577049947e-03 -1.962641598707371652e-03
-1.283654018036070044e+00 -4.673793342970188058e-02 1.105339897201065014e-01 -1.647612440488837801e-02 -3.209102113078445289e-04 4.504785765331571420e-03
4.496467326723892904e-02 -9.105922315190465022e-02 -6.837578860128613704e-03 -9.963484805155072704e-03 -1.698242392066795026e-03 -6.506977686688148995e-04
1.300474209425794281e-01 -3.189496678517405592e-01 9.807186028173492387e-02 -5.765894799686151206e-03 -9.583856059580304204e-03 8.079273385032444826e-03
-6.418560955071211938e-01 4.217849777631494379e-01 4.416844602961698951e-02 -9.500153035680776806e-03 -4.158831342570017478e-03 3.863847640853794734e-04
-7.630029420896456971e-01 -3.973451344811833839e-03 -1.121073142376335652e-01 4.745755642385040066e-03 9.145481774506329306e-03 -1.579155057618257659e-03
-7.018370230543503896e-02 -3.482898477326860087e-01 7.959929809207007267e-02 8.466623840813038496e-03 -5.930987034063495492e-03 4.640929419066078948e-02
2.760266654381795526e-01 -5.491176204231670160e-02 -1.714174908432849753e-01 7.017406561229542344e-03 2.412163889675910354e-03 -6.410405599822002060e-04
1.457434309741658884e+00 1.058435263956277878e-01 -2.157432352549804311e-01 -2.748368187746132608e-03 -7.123334911167325881e-03 7.089147584307460993e-04
9.586584708923872045e-01 1.993270410255507386e-01 -1.974028620538096079e-01 -4.317972723124904356e-03 -3.780282098539549393e-04 4.200073583634635760e-03
-1.287314815500982708e-02 -2.025810961431933621e-01 -1.069184943233320202e-02 -4.865235119089038850e-03 -3.636761568796659152e-03 -9.058968109752566986e-03
-7.116305899472469276e-01 -4.106340176766615224e-02 1.075285447181596743e-02 -9.602457862399816496e-03 5.734255803377336612e-03 3.270519428990516231e-03
-1.013650967495251409e+00 4.019013380251819645e-01 1.064104291416220543e-03 9.749588626241673106e-03 -3.200758317321183055e-04 -4.601621859170423033e-04
-1.060908152741111499e+00 -3.220207144214175948e-02 -6.299501379724850580e-02 2.814079971197913903e-03 8.862994606561083386e-03 -1.219933128444533089e-03
4.856482321719494344e+00 4.646389347287988580e-01 2.209333221397657421e-01 -1.442690262270875969e-03 1.658586325676463316e-02 -1.598366913593567921e-03
1.135497402342112716e+00 -3.815184529629515181e-02 -6.803776354266663495e-02 -7.194296386847394593e-03 -1.145283486769393434e-02 -3.466688433145237880e-03
1.283924102401726275e+00 -2.817137170325378359e-01 5.983116588442261713e-02 1.447460852606304547e-02 2.532528649496308768e-03 1.478351004972713900e-04
-1.033784641983703123e+00 -1.083923697087462723e-01 1.500636568896071381e-02 -6.759426229832405514e-03 7.350496951431519273e-03 -2.405102525806834812e-03
6.855702391271705221e-01 3.400562439309356422e-01 -1.759820383589399406e-01 -9.399132689833767512e-03 8.644162671685882635e-04 4.481701432289743325e-03
-4.475969002603442937e-02 -1.155713662525903879e-01 -1.328204053472616386e-01 7.541121986166476193e-03 4.878588029719504310e-03 1.203013674401144694e-03
1.416894538798587844e+00 -1.204064078938178739e-01 9.637878599892522880e-02 -9.362321057429037058e-03 -8.659918674543800113e-03 4.337136555289277350e-03
-3.690012030303242430e-01 1.358743771747367990e-01 -4.758426190136649803e-02 -9.293806679389135170e-03 4.457663985047593570e-03 4.692326346120039016e-03
7.494531932991645162e-02 -1.809710428387094894e-01 8.432725543323775497e-02 -1.826344790215226124e-02 -9.930314903370748847e-03 -2.981917872270982168e-03
-1.427681946032087534e+00 4.605576631997608805e-01 1.036297638893706879e-01 1.295101738198080679e-02 -5.437755356425707370e-03 -1.588179051305640401e-03
9.651522116616866320e-01 -1.395129653248850521e-01 -1.037444698911435537e-01 3.925432501995550563e-03 -8.570262309813309054e-03 -3.541394183776702849e-03
4.571850606935665140e-01 -1.077861669483078239e-01 -9.129528520162814853e-02 -8.652240391298444879e-04 -4.248391038003875020e-03 -5.740653199534670112e-03
-9.016390682024834069e-01 4.336380568419178488e-02 7.018570813317949464e-02 -1.872585232149922077e-02 1.250658892501968576e-03 -9.126391281117912776e-04
-4.162798863491188883e-01 -2.636062818356113557e-01 1.986823628817190393e-02 -3.952272316703923992e-04 -1.454153348120115980e-03 8.797228955612787504e-03
-6.965593226343808064e-01 -5.821330833027188456e-03 -7.953797934307184347e-02 1.617132915044872414e-03 8.417330572020143703e-03 4.527113198707861941e-03
4.384623711179042593e-01 2.930368447839849511e-01 -1.348965493235074475e-01 -1.210891398909136676e-02 1.394256021902460499e-03 2.145595991013052577e-03
-9.049643943455980555e-01 -1.869675399099982316e-01 5.074464070254097736e-02 -6.397102173991872989e-03 2.731169786134269965e-03 8.824916434756864547e-03
2.959065465534317374e-01 2.403245221064314111e-02 -2.379355581910010120e-01 1.017864896742094044e-02 5.795872807318736691e-03 1.675579515052809387e-03
2.176032039606673740e-01 8.803139079931662225e-01 3.217663164602134473e-02 -8.136653343576160128e-04 -1.016300242143825493e-02 2.126219351043594306e-03
-5.073492313882614901e-01 5.256530126156495619e-01 3.204818052223121910e-02 -5.961935235221251135e-03 -4.874321054656818170e-03 -2.897717006733344959e-03
2.997370587125491870e-01 4.889210465766415936e-01 -1.068170165375912778e-01 -9.183298432032511657e-03 -1.831294792311727749e-03 5.576423325739188717e-03
2.263831206961340214e+00 -9.034050196949969247e-02 1.382304352096740685e-01 9.285496530459817419e-03 8.214467354521271317e-03 6.842042911583021310e-03
-1.769953280613708047e-01 6.257090882696729750e-01 2.335846698669330479e-02 -9.266695085282829550e-03 -6.079537164662185238e-03 -5.797199190880523252e-04
5.091085261729962896e-01 -4.552879494683730044e-02 -2.281199460830708736e-01 1.175722737644167154e-02 2.048472816171162305e-03 2.803616714545302795e-03
6.739428704502476997e-01 -2.591599259652445641e-01 8.622363334194609041e-02 -6.000291539714170536e-03 -1.049024046718435507e-02 6.697038934593536018e-03
-7.249193555019851631e-01 -5.888792047752396119e-02 -5.673766418068489775e-02 -9.075749264833744704e-04 8.789813014371893052e-03 -3.209672331506857883e-04
1.220708094373242014e+00 -2.773511123389727495e-01 7.507680029656978171e-02 1.164251067787928917e-02 1.283003633248887146e-03 2.167331233408685814e-03
-1.923275767588596752e+00 -2.920264832286079137e-01 1.266636461364478439e-01 -7.357546854083541268e-03 2.367835963777340912e-03 1.005683182394025935e-03
9.760365732950756490e-01 3.689396545862816956e-01 -1.767163228449560031e-01 -1.336175866034268293e-02 -1.270291912256291339e-03 5.288067678862064247e-03
3.605560479239443544e-03 9.997748969366572133e-03 -3.349799505717544756e-02 -1.082574139501277059e-02 2.381030931621840561e-03 1.269822742456230271e-03
-5.864470020543572915e-01 2.807982577738205032e-03 -1.239176900856361618e-01 4.514063858773756550e-03 9.190623462755662110e-03 1.332551412483398744e-03
2.514960474306158211e+00 2.268385233641893959e-03 -8.157753928390928944e-02 4.104679999061829759e-03 -1.027672614818605622e-03 -9.855052453811017840e-03
-4.450413900446102966e-01 -3.203513561296222195e-02 -4.387931612166591500e-02 -5.631331541519361307e-03 6.330923354867587158e-03 -4.685370200391218275e-04
-1.282790085645002798e-01 1.487192016055932098e-01 -1.337990564173263397e-01 -2.591874406074350448e-03 5.789697298702286762e-03 1.174974762587560877e-03
-1.236885684526180862e+00 -1.325221842559379803e-01 -1.082938447311910038e-02 6.706116760689185066e-04 8.902951594213764225e-03 2.076665659826408897e-03
-2.827756592613509534e-01 -2.731122128247204794e-01 1.949018153487354008e-02 -1.399798284619077930e-03 -3.116587569875413875e-03 4.498971706673152333e-03
7.499137687468884206e-01 -2.422609185288560896e-01 -2.585723808568385698e-02 4.241602003330357390e-03 -7.865623953954098413e-03 -3.054029780317931136e-03
6.759769923237861633e-01 2.464292492744109553e-01 -1.309979967102860021e-01 -1.244303526153232517e-02 4.581883045897845448e-04 2.653096765948240350e-03
-2.510224364693872889e+00 -2.162936541726288020e-01 1.164803274453563714e-01 1.712381022082366333e-03 1.374557786856298860e-03 -8.087028605885960772e-03
-2.350958446881697750e+00 -3.977231281901136284e-01 1.581066023250747299e-01 -4.729095258844434602e-03 8.827207376313202063e-04 1.198603915610193475e-03
2.316284794240917932e+00 -1.502394286697230491e-02 -1.610862224463248740e-02 1.539763927318584750e-03 -2.555446811294799850e-03 -3.934630388916473404e-03
7.853517186658461879e-01 5.475145532412052651e-02 -1.362677685168246222e-01 -4.548328445795671131e-03 -3.332291306066246812e-03 4.707063144500235987e-05
-4.159263172554631405e-01 3.380782528142724508e-01 -7.773256300119396611e-02 -1.114438936925546625e-03 1.771484997901501702e-03 1.451831162145525086e-03
2.960568450449689859e+00 1.515396124437196242e-03 5.356816192626066842e-02 1.591319647109556631e-02 1.279625315488477390e-02 -5.760865623306884835e-03
-5.942359420604692577e-01 5.835472065279845300e-01 -5.054585891066762371e-03 9.974497680614299866e-03 -4.128585955614608866e-03 1.085286208436102772e-03
-1.469019458938544798e+00 1.935127790948405757e-01 2.183493916101967788e-02 6.765878786626574985e-03 1.227944727557247215e-03 -6.442142074235017966e-03
6.680585959515241701e-01 -2.065391804768431094e-01 -3.465311378006454696e-02 1.223574310482985518e-03 -8.411477490620931571e-03 -5.039120992642155336e-03
-1.521297466873420934e+00 1.678294412741331565e-01 1.257659459215504649e-01 -1.127695356288491331e-02 -4.868918680914216361e-03 -2.804256967239375595e-03
1.887441236285912538e+00 -1.191542849592845260e-01 8.154136623794037975e-02 3.945574442209189708e-03 -4.378415211382692142e-04 5.549684694171777392e-03
-1.369911561959533230e+00 -1.611211008306149758e-02 -3.949533228258807899e-02 5.799356912148484651e-03 8.456512058864393624e-03 -5.222761909466524903e-04
-2.181178117080002921e-01 4.794184763962565099e-01 -8.766744181716465412e-02 1.933553371198604371e-03 -4.134468346110040994e-04 3.830557231300139257e-03
-1.205757887426151864e+00 1.702380909250031660e-01 9.054945478000104783e-03 -2.365568635593221902e-03 2.213755721590210737e-03 -7.326700334612175000e-03
-2.135818553846911882e+00 -3.077070486437208374e-01 1.553270880444227731e-01 -9.559867374057597067e-03 -9.970624843426633636e-04 5.880957354916218835e-04
-1.940561574183363058e+00 3.468615757714565984e-01 1.672182552945127854e-01 1.024535398738476467e-02 -5.893971238377287113e-03 -5.857671420564930162e-03
3.761919997494096446e+00 2.433540421031845924e-01 2.182521278724037228e-01 -5.157401191149334901e-03 1.236586953866533611e-02 -9.946983145670169890e-03
-2.303179207601229184e-01 1.868557469985448194e-01 -4.894239144137674941e-02 -1.273080914446702953e-02 3.739175605126657080e-03 1.673626664692798522e-03
1.116666260367841224e-01 -3.464672767576981172e-01 -4.746318546949133965e-02 1.227874343387764383e-02 -5.627931334517526606e-03 3.681682712621806540e-03
-7.963558509129152752e-01 -3.010819766403090569e-01 -2.483123900013008492e-02 5.827548970565360822e-03 5.583343126160270758e-03 -9.427463908432788054e-04
-1.178014150334078192e+00 -3.142815467694644038e-01 8.910373004951661902e-02 -4.644385988316631665e-03 6.981110704146842403e-04 8.768924900848412349e-03
-6.746855621638545575e-01 -8.400639102651250023e-02 -1.207726684773045844e-01 8.858849180203130433e-03 1.028079775553395782e-02 3.591679095715918230e-03
3.313694502313026646e+00 1.240541607083912867e-01 1.098606689961079547e-01 5.309528709112601094e-03 9.569871345878489671e-03 4.497036083317663795e-03
1.852694568316056944e+00 -7.025463027578696118e-02 -1.969542843429154550e-03 -1.765183006886745978e-03 -6.026004168321945527e-03 -7.305584630971917459e-03
-1.720127748895425190e+00 -8.006266247322003926e-02 8.211287756833564322e-02 -6.180840092567372115e-03 2.453198774695809423e-03 -2.679905165013562063e-03
1.096524951904623291e-01 -1.129215207493796808e-01 -8.061050815903597622e-02 1.026863996980645214e-03 1.671035684204382843e-04 2.225397892195397909e-03
-1.860433876938411280e-01 2.451744279977587371e-01 -1.718988630547307883e-02 -1.918667116908711126e-02 1.902783191115159844e-03 -9.792110293233879156e-04
-1.681524874866403341e+00 -4.017590589621678476e-01 5.357018858441407738e-02 4.359354367453317086e-03 6.479964930331748654e-03 -1.660412423604189268e-03
-1.646971099229006530e+00 3.464784005407393619e-01 5.956698927798252663e-02 2.010568922180299908e-02 -1.923017814700877029e-03 -2.782927787531593034e-03
7.366322199526443848e-01 8.441379061290621433e-02 -2.160926026257844468e-01 3.429603082516523814e-03 1.158303002252525924e-03 2.465750868612332294e-03
-6.234176990378265115e-02 4.261461409116374943e-01 -7.418423823793568461e-02 -8.023230279857407332e-03 -1.136469890602024479e-04 1.951191480379904381e-03
-9.316548478164777825e-01 -2.900655828161055952e-02 4.486823257125766712e-02 -1.178703207559514583e-02 3.168390184220609782e-03 5.833175381831764462e-03
1.159967823198947423e+00 -1.872356776219728791e-01 1.506545732115313618e-01 -1.198275820234937471e-02 -6.684875083575446755e-03 1.089866403479602692e-03
4.411745193178613633e-02 -1.890932318079994179e-01 2.201590293610981158e-02 -7.160234458428314103e-03 -6.561741391824881843e-03 6.047123387574903329e-03
1.491103305411822122e+00 -1.712981879720150979e-01 -8.122518990053813337e-02 1.064708696772118622e-02 -4.133990297231261886e-03 -6.629753539459110577e-03
-1.543487899704096389e+00 -2.076678123467169956e-01 2.923033410431998685e-02 -2.468155037144935220e-03 7.866234196683932756e-03 -8.333933073734863667e-03
-9.053969093895577469e-01 -4.409117372700909199e-01 1.167146783106166597e-01 -3.102777551030370343e-03 -5.697813904629988463e-03 9.644589607581560003e-03
-2.082035238401254151e+00 6.367473868161878554e-03 8.887890397752432059e-02 3.616009985069904443e-03 6.584579085952327847e-04 -5.862744566227358865e-03
2.698988042934302722e+00 -1.376584578207695406e-02 1.652641003447058166e-01 1.001462040569268963e-02 1.189114193173394438e-02 7.788730723037692004e-03
-4.535976606130338040e-01 1.428219455134213667e-01 -2.424662476635893089e-04 -1.471183698481646866e-02 2.684983725673097295e-03 5.328972433206623747e-03
1.476759015537290276e+00 -1.825060121372629185e-01 -6.685734636301275680e-02 1.071884123321304068e-02 -2.962506227761204161e-03 -6.369083943829665674e-03
-8.048990514002737351e-01 -1.075605633545592688e-01 -1.230371643443677401e-02 -5.418072484071176712e-03 7.448408413779870722e-03 -3.065244546611196799e-03
-8.505028202270320525e-01 4.528669444760247131e-02 -3.161680352623200130e-02 -5.119332195619857862e-03 6.507228022856775818e-03 -2.768183714626997567e-04
4.778923046527185775e-02 7.393189357244586146e-01 3.545987031629312461e-03 -4.096639268746566677e-03 -7.475062997753066131e-03 1.546331638002396104e-03
-1.475765278395862135e+00 5.250490519031327658e-02 4.552889864119662178e-02 -5.023245517722870618e-03 2.057312397064003581e-03 -8.096337788521101170e-03
-8.955247086324381878e-02 4.875944243808505441e-01 -6.892863612345483115e-02 -5.127230448038742373e-03 -1.607335061541076589e-03 1.178741876950981093e-03
4.486551838213875598e+00 3.851029447582954846e-01 2.676447471413125889e-01 5.652518704025086098e-03 2.076495253270020311e-02 5.252568413784987171e-03
-1.704339974459785800e+00 5.280390662480086705e-01 1.502814380766397118e-01 2.393536230886933805e-02 -7.054133550915520426e-03 -3.958725458713609918e-04
2.550689125476375274e-01 1.305203390858636681e+00 1.691192402598825639e-01 3.127656343325847105e-02 -9.640500752250194191e-03 1.147509255230375926e-02
-1.096355309259317456e+00 -1.081589726481944486e-01 -1.938837295310688255e-02 -2.919889939695818285e-03 8.729275301049223626e-03 -5.964501206336804938e-03
-1.763575394939879359e+00 4.299483408516485139e-01 1.042677446600316638e-01 2.429636671065165537e-02 -4.065982639401728715e-03 -3.610831149031708091e-03
1.961563842091766929e-01 2.189005978360024363e-01 -1.052001978920069081e-01 -9.125678768492661783e-03 2.920755348206798170e-03 6.649602076599180241e-03
1.248212571015079542e+00 -1.933593059762709065e-01 1.760881122496761320e-01 -1.031890053758038363e-02 -3.839080695798693325e-03 3.378124876058069114e-03
-2.050922052363556070e+00 8.782724385098092390e-02 8.858481434981127500e-02 7.245220690485255043e-03 1.796083337380559005e-04 -1.061561581091818862e-02
-4.791792655038129012e-01 -4.260648740564376147e-01 6.751078164726677378e-02 -1.753054563584932070e-04 -5.768059942231882654e-03 -6.598609200108524440e-03
-6.597343163419625567e-01 -3.036921020919763903e-01 -1.775408531827776110e-02 4.991106019982090129e-03 2.406004933113778301e-03 1.997970366014344221e-03
-8.854067217331936801e-01 2.519873492626188982e-01 -4.712451898991720789e-02 2.142795359464320145e-03 2.867930224230685974e-03 -2.802753294054707075e-03
2.380314731358584013e-01 -3.236755168000294280e-01 7.637871944453414330e-02 -4.978561720931643647e-03 -8.870338743459917075e-03 -4.456742066821225284e-03
9.251887769592137545e-01 -3.224538433109955804e-01 7.148657994451146358e-02 1.242286869445526076e-02 -1.152811785667932302e-03 7.770238826010232927e-03
-2.673587900219734359e-01 -3.808054718730870952e-02 -3.571696594125074731e-02 -7.700111168579345730e-03 4.611985170020448110e-03 -9.525023564323588160e-04
-1.205340962132102484e-01 -2.754168915651859506e-01 -1.142606093706733782e-03 1.051352321953131878e-03 -5.247121427357870870e-03 5.701602666094484316e-03
-2.466099721464679040e-01 -2.271985631964308083e-01 -6.884560788078433746e-02 4.813856972083015683e-03 1.808350717293030763e-03 -5.391958819543841291e-03
2.327264775206503156e-01 2.089785105213227412e-01 -1.070106651728377767e-01 -1.171377595347543668e-02 2.866797947120372936e-03 4.220161764393390432e-04
-4.606171454846506169e-02 2.089790906049174279e-01 -9.549066001819618565e-02 -9.892917612869226926e-03 3.940351440702792758e-03 7.118509426292009149e-04
3.505523494790263594e-01 -2.013664260781617907e-02 -1.660043709284705349e-01 4.258281739511529315e-03 2.267253918060175080e-03 -1.204502012325895603e-03
-1.233128939721730655e+00 -1.654716719133139669e-02 4.913722412962159836e-02 -1.030850894227055420e-02 3.458262475085243856e-03 -2.581624375941709865e-03
3.154358360588949584e+00 1.050834821187159041e-01 1.188748038672223784e-01 1.087519264728848334e-03 7.213670014169293494e-03 -8.309247323296729522e-04
-9.143977928332925886e-01 3.211092578353764715e-01 -2.548434390956471436e-05 1.305371681097309243e-03 -7.585010407711471133e-05 1.310528379148680591e-03
2.672672575373994164e+00 8.822102866720188744e-03 1.822813940888243778e-01 -4.739455370710237521e-04 8.851048801807615343e-03 -7.793595864501628653e-03
1.569360248066475449e+00 -9.973782693251113940e-02 -6.302106886773610472e-02 2.459778158071632310e-03 -8.305507080831404237e-03 -4.149298549444772172e-04
-1.527933089403120670e+00 8.922954133258691189e-02 1.060076109310455761e-01 -1.235580215306955783e-02 -2.897529444047996106e-03 -5.607753173699829737e-03
-1.866869871945585624e+00 -1.376346643447443341e-01 2.055904228711235432e-02 5.915423387044038694e-03 6.802640026003526144e-03 -2.961506011144780012e-03
4.559035134263630940e-01 1.853708897420578705e-01 -9.859906182860121715e-02 -1.332190130394030926e-02 1.125933496747012199e-03 -3.104927884249496163e-04
-7.933090766892483270e-01 -4.606827269381063017e-01 9.771121116080255797e-02 -1.750849264075197542e-03 -5.950590376131858691e-03 1.446529089502749342e-04
-2.223998868577372612e+00 -6.044736699045167444e-02 7.249177896199307525e-02 8.281551436737701402e-03 1.589257180238004162e-03 -3.494864880022872152e-03
3.340307841186421767e-01 -3.259419625474330728e-01 5.994980773791013656e-02 2.501439013398515637e-03 -8.678818110473437292e-03 1.001783284063934715e-02
-2.589527267910288755e-01 -1.593200021316864834e-01 -1.297348752735996702e-01 9.687280288949147097e-03 5.955109672672440416e-03 3.463850200023378375e-04
-1.394654916143320822e+00 -4.165887645492935554e-01 7.180749114593930858e-03 1.078854129898729371e-02 7.380079248150011283e-03 3.086723516566681341e-03
1.382768339109276545e-01 -1.094962239361495643e-01 -9.370895907928380661e-03 -7.153747906034436076e-03 -3.889266457595851999e-03 7.455404456255764617e-03
-1.721193834840531789e+00 -2.037743388317859450e-01 2.826755484040083602e-02 2.967287209863348797e-04 6.934502492189098879e-03 -5.908490404140772680e-03
-1.388061951605765287e+00 -3.209804198000451025e-01 3.328617814621503274e-02 2.156499640795938536e-03 7.119763077718278300e-03 -2.248105577679966171e-03
2.189376732527418490e+00 -1.377271707080021945e-01 -1.878529485938743721e-02 1.625136834612609174e-02 6.595934131592475110e-03 -1.280915017725191458e-02
1.880837982941356845e+00 -1.094253217634864467e-01 1.845922487646536048e-01 -9.324258177441060308e-03 1.786629642330219694e-03 -1.202437575179127367e-02
4.204887696249277163e+00 3.247017265200002334e-01 1.953992434698579583e-01 9.207900338501491359e-04 1.415115996712184611e-02 8.994729449031494198e-03
1.234470014686316119e+00 1.036800519679293708e-01 -2.210415515586714452e-01 -1.335943587328230781e-03 -4.656575748159938119e-03 4.220384461639422853e-04
-1.017854515833142459e+00 2.828762762962964139e-01 4.062283162225992922e-02 -5.561549952098351381e-03 -1.227293620926310546e-03 -3.436391062416818687e-03
1.193612150552384010e+00 1.237939891456567298e-01 -1.855698141946352797e-01 -4.571135691333095413e-03 -5.255865771787320007e-03 1.080944914428166783e-03
-7.290775401089619190e-02 4.668454492004898149e-01 -1.302477527183250883e-01 4.245550773213464454e-03 2.137874837063416414e-04 6.847721348001797707e-03
-1.067111214133401598e+00 5.894048814597591113e-01 1.153913095815904816e-01 8.724514372918707253e-03 -7.953961683491560936e-03 4.252662641114660319e-04
-1.986472274115011205e-01 -4.061894675081103023e-01 7.271215829986690804e-02 8.945768415270665720e-04 -7.889363486544039364e-03 3.964957652332982627e-03
-4.367213087804814320e-01 -2.381276901256272963e-02 -7.389292670955570352e-02 -2.918786743973049436e-03 7.283736197696250719e-03 -7.301650552618454059e-04
-2.702628458376599707e-01 -3.397187626531002480e-01 -1.551600447690672409e-02 5.142319891286071219e-03 -3.038392123624604479e-03 -4.018886748102546216e-03
8.195821209076482594e-01 -2.429729502994349699e-01 -4.943638017048832684e-02 6.925487844798559368e-03 -6.992265964657501560e-03 -5.873136031402858767e-03
1.399047375997800602e+00 -2.073940818318204815e-01 2.205130156899106075e-01 -9.114931623868192945e-03 2.028378913799067183e-03 -2.745949752587039695e-03
-6.894106061595962620e-01 2.214411759796362789e-01 -2.199493169540295279e-02 -9.326348251450403831e-03 2.652028088561825692e-03 -4.472345971173499225e-03
8.758109757553087515e-01 -1.523821528926467550e-01 -2.322032194495167803e-02 -4.507950222018737747e-03 -1.060339438982658977e-02 -8.266133701321334501e-03
-3.979394132503643045e-01 3.567752803467830192e-01 -3.071875261016489191e-03 -1.354215366642641007e-02 -3.037223494370429170e-04 2.295046394339103710e-03
3.027987622516058241e+00 1.009848030367378469e-01 9.462915032629928835e-02 -3.616205364660813638e-03 4.189149269082763534e-03 -1.131457903568148550e-02
3.543210648330203938e+00 1.865172116222710841e-01 2.602850431432721101e-01 3.086000068090273205e-04 1.631900943001894644e-02 -3.509038356416181639e-03
-5.206520499727662621e-01 1.479398822059186866e-02 -1.000767676199743050e-01 -1.825769195299648342e-04 8.078703762134183466e-03 -2.087436455722521591e-03
8.246046992763090833e-01 -1.782109951732264719e-01 8.795922502402137022e-02 -1.469295471856002511e-02 -1.201550651574665417e-02 -5.736173226026643375e-03
5.398615833624051952e-01 4.981088529430302003e-01 -1.653524717183020853e-01 -6.732338632699380772e-03 -6.734468207410714219e-04 6.828206479459341012e-03
-3.198689485478864447e-01 1.294136630198108040e-01 -1.180202390769356235e-01 -1.813478845159352754e-03 6.269149810192505869e-03 9.199473218353683120e-04
-7.749973595569704665e-01 2.531807840794480513e-01 -2.834174005349869921e-02 -2.993719094431218208e-03 1.285168306503813159e-03 -1.433679894058871411e-03
-1.253365381693812841e+00 8.775981647162522936e-02 -2.217626774861445119e-02 1.258000930899285394e-03 5.366361325880402572e-03 -4.612949808876529861e-03
-2.881374448649030029e-01 -1.572605579773486140e-01 2.191436504428929954e-02 -9.501724464166435777e-03 -8.801184758306962886e-04 -1.836292557078091775e-03
-1.609610989497181899e-01 6.703581658507254959e-01 1.626445661247676033e-02 -4.093740342887690689e-03 -6.498979145955957604e-03 1.135428405178000267e-03
-1.577775497033642838e+00 -1.810448652693475713e-01 -9.147513819105609206e-03 4.059782884769985202e-03 9.617661212562975473e-03 -2.873227288071764692e-03
8.319122187054728279e-01 -3.067955835461884662e-01 5.090803142853275037e-02 9.612616213948002586e-03 -4.615328775335151255e-03 7.036398884520280936e-03
-1.054293747572340623e+00 5.957394238124443797e-01 8.029210916530941933e-02 1.535310676296775673e-02 -6.103336936780900251e-03 -1.391169486811431053e-03
1.482190077766736280e+00 -1.827801090938805106e-01 8.049513222578812133e-02 3.203850790943911769e-03 -2.221951501639265070e-03 3.881807351756251436e-03
-1.993151836429019053e+00 -4.553150018804301147e-01 9.959472241526876046e-02 4.925054708909647021e-03 4.485657802512023513e-03 6.046006953680285387e-03
2.906685078600381722e-01 -3.262151454839785636e-01 9.330475181830726050e-02 -5.862014431285662158e-03 -8.566861670828816375e-03 -4.980838827595060643e-03
2.224126997954211926e-01 -2.960225439449474805e-01 -8.596016668631925595e-02 1.091243454795506537e-02 -4.693683263411865814e-03 -5.964508689237775670e-03
-2.081320812853910240e+00 -3.440229236659370082e-01 1.129743995372544940e-01 -2.659650546766815799e-03 4.667649962006165110e-03 -8.510645309758441395e-04
8.748323657405226994e-01 -1.002731320835274220e-01 -1.329029392507268814e-01 3.852434453431867641e-03 -7.195980210901998381e-03 2.401540448156504225e-04
-1.052999063246858213e+00 -3.072017592571235078e-01 6.736814683933507741e-03 3.353483654590249177e-03 6.208836201740238793e-03 4.116890212870709235e-04
-1.616866425733458179e+00 6.339143220050583727e-01 1.922802295738400558e-01 2.246127503545771245e-02 -9.233132231469116241e-03 -2.058373662513482069e-03
-9.008334176561463291e-01 -1.611967975516903073e-01 1.184338251231839695e-01 -1.692359491048910786e-02 -2.191809391542435051e-03 8.573285730820827399e-03
-1.524894465540568955e+00 -1.374985373891854934e-01 7.036463974015605416e-02 -8.457787520068066334e-03 4.808232896820564817e-03 -2.131995814426113165e-03
-9.971983952430938380e-01 -2.417020130003220413e-01 -3.037491179131419569e-03 1.626966357200752302e-04 7.808352897414482310e-03 -4.279353195000129388e-03
1.123768678341829252e+00 -2.016007558056249760e-01 2.749710049849488774e-02 -2.881877110768833804e-04 -8.668975909794318646e-03 -6.395903833425337082e-04
-8.490475664136797329e-01 -3.523790936563125364e-01 3.791860597632296798e-02 -6.439229709139901079e-05 6.859227414343418159e-04 -3.610968132332624449e-03
-1.365870865412739610e+00 -3.607778211064758822e-01 6.581938274161110158e-02 1.551367294821245869e-03 3.733070979934569478e-03 7.881240563321218959e-03
-5.973289475858047926e-01 2.193826953273200486e-01 -7.149659733045181376e-02 -2.676774451060807015e-03 4.574340244000045519e-03 1.570304178788988836e-03
5.449625313407263638e-01 -3.439004651868593498e-01 1.293208553527759770e-02 1.157939055289500599e-02 -5.929026238145841156e-03 7.155787925219576559e-03
-8.815028455990725487e-02 -2.139407223265527846e-01 7.974186011882232472e-02 -1.637896818202510749e-02 -9.790780623218257178e-03 1.882025934798670390e-03
1.901828866025185638e+00 -6.869308994639948540e-02 8.721843906598970853e-02 -5.695094383491037908e-03 -5.786035198099774568e-03 4.036730372780270720e-03
-6.489779524126182420e-01 2.861697113395555991e-01 -3.287743637982211420e-02 -3.256033738028686966e-03 8.345308833439785785e-04 2.536616465809379568e-03
2.488615106199227045e-01 -2.641012292510390158e-01 -8.476557452100549894e-02 8.891944925073119385e-03 -4.802117547411455419e-03 -3.463703608365699665e-03
-3.452189088050664489e-01 -4.521363739573321938e-01 6.717796079992935376e-02 7.236060615099541501e-03 -5.677945906977083061e-03 9.077493131872374846e-03
-1.324093083995297571e+00 2.885500904822944634e-01 1.112957018678297355e-01 -8.017524228102904452e-03 -5.380183106153932186e-03 -5.606337723149774736e-03
2.084419408917347116e+00 6.457283515314542199e-03 -1.287820854683055516e-01 -1.590795856276541742e-03 -7.952565880089813508e-03 -8.215930977257522930e-03
-2.883879242419792321e-01 -3.418201257572118790e-01 -7.080362888803026777e-02 1.291542778427093134e-02 -2.358909409481084311e-04 -7.673892648375192594e-04
1.660168878446584895e+00 -8.155372155873699680e-02 3.918988450110303529e-02 -6.287055822258100744e-03 -8.629491825372336000e-03 -2.465223192039342655e-03
4.391319168961284602e-01 -3.756797816118986333e-01 1.487687252349954581e-01 1.469310568277370349e-04 -3.738679096897843876e-03 5.138160511872411768e-03
-8.830555495982776726e-02 5.434221478893703772e-01 -6.381198712293498221e-02 -2.154072841330713795e-03 -2.213851990962493240e-03 3.229071456304418754e-03
-5.285920498594428585e-01 1.871694941520244682e-01 -7.916371646207190360e-02 -4.046251803066962596e-03 4.906793903339140908e-03 -8.222438863356596600e-04
1.055123443623763313e+00 -1.000765809886718927e-01 -1.187551285163510606e-01 1.537227163048486122e-03 -8.539478744732931226e-03 -4.725405379077863947e-03
-1.465400701693654328e-01 1.942902744798253797e-02 -1.072262886265223092e-01 -2.411045488088811670e-03 5.987574079621111635e-03 -1.550220621729923344e-03
-1.067025404099994183e-02 -2.816390176027628311e-01 -8.174791269481045120e-02 1.200673806949158900e-02 -2.637242465643217272e-03 5.818731177374834168e-03
-1.372040110186352857e+00 -1.896167509084739911e-01 3.076123493301476108e-02 -1.118352653173164835e-03 5.873333283838049097e-03 4.621729479289677159e-03
-1.568625881246524578e+00 -1.262464532362264635e-01 2.410263266743607399e-02 -1.534216052468395436e-03 6.563026797118021345e-03 -4.691710270978968408e-03
-2.934382310316585585e-01 -2.734290392919698220e-01 -5.202728649390879825e-03 6.861951147789103469e-04 -2.373057977424154232e-03 6.318883316922688578e-04
-4.067815740909971889e-01 -3.372151409009917500e-01 8.290299229295346184e-02 -6.808947656124200200e-03 -6.251555919658686664e-03 5.442968613505158636e-04
-4.634280245066215720e-01 -3.573681557371795048e-01 -1.822436451967491405e-02 6.474032681846195181e-03 -5.361886879670945847e-04 -5.064346733740298506e-03
-5.038943130336309695e-01 1.051363716694421330e-01 -1.010643906592020302e-01 -3.044563415979375859e-04 6.678605181417919534e-03 2.732646446560489141e-03
-9.751670671442039806e-01 3.342022986496078624e-02 -3.758414542009747700e-02 -1.584592150085331217e-03 7.036976944036034583e-03 9.342257586753146366e-04
8.054640162129174108e-01 5.650161424659539203e-03 -1.884746592403618581e-01 2.406164799124299852e-03 -2.558811413611639107e-03 -6.707134908392083355e-04
-1.034283999730323700e+00 -1.303169385360328503e-01 7.979199225180337585e-02 -1.283562640328091836e-02 1.121692658073624328e-03 5.411357084117171014e-03
9.714628462605467973e-01 -1.878601347749351159e-03 -1.546714917552485524e-01 -7.805253136714797530e-04 -6.321082015762081313e-03 -2.811848996069344232e-03
-1.234285302486126001e+00 -3.259339824339240743e-01 -1.017558504022260737e-02 7.945511319409473416e-03 7.836438423878759607e-03 3.566323415370415729e-03
1.146309685164227155e+00 -2.359072822618323712e-02 -1.217926319572445459e-01 -2.717275671798637451e-03 -9.517300874450655354e-03 -2.873604055578802066e-03
-1.337320692341727124e+00 -2.334272211078058656e-01 -1.935245710251147153e-02 3.947468029896219165e-03 1.066629091563809674e-02 -3.247990505122139940e-03
-1.590859081888252868e+00 3.132024195714849801e-01 1.186302225565602914e-01 3.934531123003410201e-03 -4.650187352552797790e-03 -2.311545612242468448e-03
2.048644039609381906e-01 -3.148721661839168906e-01 6.852745030158367834e-02 -3.064781111467093297e-03 -9.492174599860847550e-03 5.736404175667904337e-03
-6.916298542865479959e-01 -3.271738374830587825e-01 -6.114720846437029372e-02 1.470966065007109705e-02 4.881654993091208254e-03 9.480973281455142357e-03
5.144026302204672829e-01 -2.328386888906537611e-01 1.336293050160250184e-01 -1.690046376824897584e-02 -1.221013442728301548e-02 3.473816906514692101e-03
-4.240182340084865942e-01 9.010248223427450021e-02 -8.502289660230054336e-02 -4.729012755272179319e-03 6.454340635849936322e-03 1.256301167690237054e-04
-1.254006953018844461e+00 -3.299821963829800420e-01 1.240178994772919430e-01 -8.347643691547895414e-03 -8.744876289701135862e-04 8.297278868183398381e-03
-4.861016014882212355e-01 -2.949576727963749700e-01 -9.092378592365249479e-02 1.294507362071809810e-02 4.604463810008668258e-03 -9.333566667205675212e-04
-7.402569449152627268e-01 -4.932118472594806263e-03 -7.381041018341064075e-02 -9.069453034681199208e-04 8.579082907641725694e-03 -3.239341221981172450e-04
3.087217715580223842e-01 -2.853840731964170097e-01 -7.247049580003630392e-03 5.040994405440911777e-03 -8.197653461514924425e-03 6.849071024761330118e-03
7.874684819394522917e-01 -1.513150661368415639e-01 7.615355208428429765e-03 -6.332846119761344553e-03 -1.109755703483199414e-02 1.744717232935506183e-03
1.348772707895281586e+00 -7.562675111073384471e-02 -7.165749333863676018e-02 -1.739626281468641773e-03 -1.051128660890841837e-02 -2.688902157231754918e-03
1.456624792068800245e+00 1.058307487075112749e-03 -1.793706672895687693e-01 -2.628966252976799932e-04 -9.176078331523479514e-03 -1.859666295431443685e-03
-8.028829915266073591e-01 -2.544548810225983337e-01 4.189749218289236937e-03 -6.034292909455890716e-04 5.071240513928775701e-03 -3.137309903764433534e-03
4.303880222945584144e-01 -2.593398071147868036e-02 -1.931150479691378929e-01 7.706871440288510199e-03 2.132525245295489782e-03 1.724800106783739694e-03
1.438427468149005573e-01 -3.636787104056647957e-01 -4.749591016169245339e-02 1.447989538105381481e-02 -4.541770511909906487e-03 1.891421552230632434e-03
5.723049163119252603e-01 -1.812776130603620528e-01 -6.546257139315952989e-02 1.700156018236090132e-03 -7.823284065011492511e-03 -2.935200267045693506e-03
-9.233546482420932344e-01 -1.637708870304025455e-01 9.360134163569466814e-02 -1.456468368108203813e-02 2.955996822214209709e-04 3.573627249118485616e-03
-1.043330574834874902e+00 2.965916993101854263e-02 -4.840268231134833149e-02 2.086582832339649752e-04 7.584184407906853151e-03 -2.443546959778328861e-03
2.652467763220527353e+00 1.451346271017476056e-02 1.097984140946777799e-02 3.643383249438042308e-03 1.488678454978034638e-03 -6.119371973940251550e-03
-1.267339206396603357e+00 4.545982225704992552e-01 1.577106657678695179e-01 -4.726552473843848023e-03 -8.335074745402780774e-03 -1.691482558777297664e-03
-5.252228125849707219e-01 5.814547119992024005e-01 2.581267122902327488e-02 5.881956937996644366e-04 -4.677674559321839433e-03 1.291651882465960546e-03
2.553152490183131285e+00 -4.375234213290891266e-02 1.497545377009099343e-01 9.073898681934757307e-03 1.091559518677118548e-02 8.852945042732449175e-04
2.484409006468529135e+00 8.305019313639873044e-03 -4.608373379413487070e-02 3.589492057562042922e-03 -1.166300162512218415e-03 -2.126743163114577838e-04
-1.475257442481905823e+00 -2.548780195157225315e-01 8.216732709604863960e-02 -7.696123659377497941e-03 3.542993324205628413e-03 -6.524517027263232113e-03
2.026098319186966368e+00 -1.276400834079573221e-01 1.625305455131139665e-01 5.009192407435011062e-03 7.230220274851963981e-03 2.755581827252483098e-03
-5.786229898369078528e-01 -1.940852649747288605e-01 -1.001081085847038837e-01 9.685783364663686293e-03 8.381272153758246093e-03 2.730338407328139331e-04
-6.275974501949361795e-01 3.983039662634999534e-01 -5.040279104082886347e-02 3.967198878655596971e-03 3.743362373150468068e-04 -1.311229755905173001e-03
1.320925879012393445e+00 -2.321636729768400687e-01 1.156780603010857528e-01 3.313850095807665316e-03 -1.326365941205963133e-03 4.668688726994104504e-03
-2.789570474369311090e-02 -2.942074338302895931e-03 -6.650757901641472791e-02 -5.345526512265903057e-03 3.531620206932662050e-03 3.638000376433666531e-03
-1.319066757001811530e+00 -2.188972301015538191e-01 -4.449748871370338976e-02 7.795575108501881859e-03 1.141209916824419135e-02 -3.679939095699210619e-04
6.931000609691024827e-01 4.214497181967401529e-01 -1.514185348522128771e-01 -1.302145977285761383e-02 -5.309194006429489689e-04 6.247187901128311259e-03
-9.867180470415602977e-01 4.548536555699347894e-02 9.069680848212403196e-03 -1.029019033538576197e-02 4.745360130962870439e-03 -6.940501199518577836e-03
-1.823598196728951848e+00 2.359366588371149612e-02 7.555193360994898015e-03 1.239750303683109268e-02 4.161898369103291147e-03 -8.988692522173682498e-04
6.246798916818624425e-01 5.471974962502776929e-01 -1.728015087487644597e-01 -5.963913997971096760e-03 -1.660404486627368266e-03 7.764570833566592639e-03
4.230662249231972538e+00 3.666563507156530011e-01 3.118262857772721164e-01 -7.171881332185398722e-03 1.719110803890285671e-02 -2.662953323772932097e-03
-8.699581006849637088e-01 -1.643407954657848946e-01 -5.217072233267776304e-03 -2.959201626781401799e-03 6.791642941798228458e-03 -1.339899222516104582e-03
-8.288926329943980820e-01 2.871924756989590113e-02 1.955291975768459409e-02 -1.300855579407427312e-02 4.416569664648115588e-03 -2.218057434599159886e-03
1.301208860808285683e+00 -2.714822460870202625e-01 9.817653001866111229e-02 1.157345195936473718e-02 1.766332049751688244e-03 7.905969758429181107e-03
-5.566975543648120528e-01 -3.377486372053843666e-02 -5.276980910896307726e-03 -1.012373552580313717e-02 5.509464502712431086e-03 -1.084779058339720766e-03
1.665659674762421050e+00 -7.500738109999714742e-02 -2.696605844481589397e-04 -3.768491405213373387e-03 -1.013798932526807119e-02 1.599202353089630973e-03
2.045380565017109298e+00 3.188809484980128367e-02 -1.970225224184372348e-01 -9.054674325591747543e-04 -8.448103875263790474e-03 -4.173144311222036149e-03
-1.985456644730864140e+00 1.435494784669753832e-01 1.156961291907737249e-01 5.205296971152389290e-03 -2.054673481796471992e-03 -5.134915789038727897e-03
-4.974652963495703739e-01 9.346211880008369055e-02 3.907343482991721892e-03 -1.728834274072113195e-02 3.853749799777577562e-03 -5.848742531421150664e-03
1.318631925906469604e+00 -1.291499714006740240e-01 5.731312743507797902e-02 -6.581116560331347863e-03 -9.558551725869021340e-03 2.967478490499529404e-03
-1.884106762864622697e-01 -1.718166117246568425e-01 5.159301022144636983e-02 -1.277761410484481823e-02 -4.230411292190373353e-03 4.826306848045338314e-04
-2.092437503057101189e+00 -2.742220922081174961e-01 8.512856895625763032e-02 -1.520531438425153700e-03 4.583642418064990363e-03 -6.431595211459417705e-03
3.111183288362036614e-01 -3.652561358622236076e-01 1.050284009819804631e-01 5.661046695672362905e-04 -6.479790591461355616e-03 5.048866095551080013e-03
1.190316958035691597e+00 -1.368786662187377601e-01 4.199404035971464333e-02 -9.630439621250772367e-03 -1.109349072940584921e-02 -8.802162023074768318e-03
1.302882694104313233e+00 1.491078526531670542e-02 -1.356655300221329963e-01 -4.353991999974597682e-03 -1.014560857372668289e-02 -3.285898657990346441e-03
5.694969505830811407e-01 -1.337854822347333550e-01 -6.501067018120786078e-02 -7.195398578866217098e-04 -7.673858310114875167e-03 3.235498931893944236e-03
-5.861314059707216639e-01 -3.756261352564104761e-01 4.362354091372674242e-02 2.810925830812017415e-03 -4.214892182712590314e-03 1.188609170794113074e-02
-2.756121693886617319e-01 -3.812368265806271861e-01 -3.021799662680559745e-02 9.800919371314775752e-03 -2.953700782507320734e-03 -4.282264717409695054e-03
1.187802820875667881e-01 2.245428428504432986e-02 -1.266907857359783618e-01 -1.300392904441658110e-03 4.231544612768324207e-03 -6.179980364033893373e-04
-6.679137637069227917e-01 8.743990486065927881e-02 -1.145376853425184895e-02 -1.111551763111867999e-02 4.421344885175019015e-03 -8.397864868523303951e-04
3.201532345792306167e-01 -1.725343368258527299e-01 -5.825049485048770792e-03 -6.721497133569440119e-03 -7.570714115596504680e-03 -3.944826990200699449e-03
-1.561819902974208585e-01 9.668571383449080514e-01 6.727138836833761182e-02 2.417257210381647259e-02 -7.800689813105356023e-03 7.291561780951433085e-03
1.967609503402773408e+00 1.880737474615108706e-02 -1.640791020976164472e-01 -1.036415901078719401e-03 -8.649569133857696809e-03 -3.273890756296928082e-03
-9.993884609442114930e-02 -3.428791177428101022e-01 8.698805518045579777e-02 -5.541535381827700744e-03 -8.680077937285713904e-03 2.409234958221140570e-03
8.969940633009708675e-01 -3.044138076571339946e-01 -1.100387527827179357e-01 1.969335104539737466e-02 -2.197210413806442459e-03 -4.577878118305333914e-03
-9.514201602114391587e-01 -7.803976728127152984e-02 -3.522937548257251000e-02 -9.743424129872678679e-04 8.857389628310305060e-03 -1.505069054841047548e-04
-6.448634132221592319e-01 -1.077778673916197222e-01 3.847477657710180604e-02 -1.230767254277776238e-02 3.625627720754653199e-03 -1.185544527572385699e-03
-1.126104088032086725e+00 -2.402671681794183445e-01 9.198228358850926711e-02 -1.048298068136889298e-02 1.359188837717158118e-03 1.139020896136584129e-03
-4.151955460603732329e-01 -5.908901269655173621e-02 -1.046950667410970343e-01 3.106102866752235431e-03 8.006423224018212326e-03 1.232421427912582142e-03
-1.282923065423658082e+00 6.503651039282122570e-02 4.297022180714937106e-02 -6.952183781194174253e-03 3.293713530985014834e-03 -5.722410437077617195e-04
-5.938088617784884615e-01 -4.163016872790367001e-02 -1.331101295767503009e-02 -7.074763918672666123e-03 5.724959021685765113e-03 3.601416314248036959e-03
2.157734620939179282e-01 -6.796052524626569613e-02 -2.035745263753446221e-01 1.177641746607926282e-02 4.910172351349607368e-03 1.148623437636389893e-03
2.031108841443301394e+00 -3.069427786093600202e-02 -5.025756816045870434e-02 -5.007050028069630473e-04 -6.108114395232908458e-03 -6.950352097342870662e-03
-9.470853691284827347e-01 -3.484972700301764981e-01 9.948979234130673338e-03 4.017573471926558573e-03 3.651871751929365671e-03 -2.933295416082577073e-03
-4.323435105798389272e-02 3.533801302019483059e-01 -8.509981063747330821e-02 -1.048126093599651039e-02 1.145376528362060950e-03 1.192895712414071552e-03
-7.542740524262780966e-01 -1.194304388566282682e-01 5.843649772122222474e-02 -1.232785856834589869e-02 2.405842442898574202e-03 4.937544641937442746e-03
-3.819317899610097933e-01 -1.320441414653150958e-01 4.076607552352170399e-02 -1.089639663154577838e-02 -4.771397550894945251e-04 7.036226947050440265e-03
1.754056484321062925e-01 2.473684207231256205e-01 -9.395115658451697049e-02 -1.260584411589362082e-02 2.283728997311793973e-03 2.136989804499761243e-03
1.517284379592782839e+00 -1.525890590219486920e-01 1.754841295576971827e-01 -1.302262037441511908e-02 -3.084563436570715144e-03 -6.150954165284617733e-03
1.203028108103701088e+00 -2.703307337378105246e-01 6.023087990178832563e-02 1.269157568096565374e-02 -1.291395954717633595e-03 1.003397380948082770e-02
-2.723320730646173193e-01 -6.886245359776264896e-02 -2.895251187658424985e-02 -5.881267179579523045e-03 4.200981033294253104e-03 2.830537827186382482e-03
-1.136355365134529505e+00 2.919156331794200976e-01 5.649481998467893035e-02 -3.654924197827618369e-03 -1.814942472351727554e-03 -2.190770572772984728e-03
-6.578714129267487776e-01 1.720160313013647801e-01 -1.410886714682228586e-02 -1.153029209115498735e-02 3.484332485865055361e-03 -3.192059044494580892e-03
7.836675068628254359e-02 2.521338587525756014e-01 -1.362685254837077420e-01 -5.892028942484207540e-03 3.405177951966753373e-03 2.107180104238105291e-03
-3.425588033019111300e-01 4.428336924414922326e-01 -3.224808647823979718e-02 -6.218093580649645610e-03 -1.303297961955668036e-03 -4.709380515192593004e-04
-5.280906808353471593e-01 3.179047111092548339e-01 -5.982364478065067132e-02 -1.845198614799316641e-03 1.611669348446854522e-03 3.981686048886140918e-04
-1.094260971576494351e-01 1.884514346319910577e-02 -1.288093329634340256e-01 1.899937443377335044e-03 6.346805496232716011e-03 3.906405531679414851e-03
1.563302623817121928e+00 -2.024515838435184123e-01 1.705887290956843369e-02 1.073049829772354524e-02 -3.820530331933174348e-04 -2.940427870340537285e-03
9.142184653931089144e-01 -1.486230194996286669e-01 -1.228495536053377524e-01 5.193446054407733527e-03 -7.568503631044219346e-03 -6.317019728899147743e-03
-7.851081668653333567e-01 -6.244340698937648343e-02 -9.908025905894718433e-02 5.074610204337004146e-03 1.005382468665410103e-02 9.188249791771799279e-04
-1.412116342975355647e-02 1.394626767181388893e-01 -9.576441798753156098e-02 -7.858814284358731431e-03 4.706052929197005429e-03 1.619428719423673859e-03
-6.936503850069567489e-01 2.693099444269374532e-01 1.986598804817687330e-02 -1.111463872481039013e-02 -5.955427796175135702e-04 3.247409000414301552e-03
-9.823927877112511586e-01 -3.593943721864398810e-01 2.648636231069361954e-02 2.114719920950928513e-03 3.205262384018459348e-03 -4.969294195586710858e-03
5.130726081944244621e-01 -7.160111703806139316e-02 -1.672257592083290501e-01 6.244452392104932886e-03 -9.391943827980799844e-04 -5.150148688103224582e-04
1.492654771567086258e-01 2.652719403245921703e-01 -1.468276680201550111e-01 -4.703513838949203822e-03 3.075048683085393735e-03 3.844509464809913075e-03
-3.774398472141975991e-01 -3.415295969174104718e-01 5.188398895548245252e-03 1.685659744406522043e-03 -3.320160555129766759e-03 -6.407753932402262577e-03
7.174767751478963174e-01 -2.701883976629842476e-01 6.283169317608715276e-02 -3.079788766266118236e-03 -8.830493606947362184e-03 -4.206256639803238398e-03
-3.962272248530729901e-01 -8.218564289481668228e-02 5.961777853999235960e-02 -1.766412391776652976e-02 -8.359327621637617414e-04 -1.112117679758260291e-04
-6.356803137856167352e-01 -4.221048115174592108e-01 -4.131390924934321383e-03 1.089024696259577318e-02 -1.366177718667867507e-03 5.719000882325371744e-03
-1.938124819302512014e+00 -3.341695590519061509e-02 1.457629849906557362e-01 -9.661306480480138029e-03 -3.870744034647874161e-03 -7.179257689737391854e-04
1.229912513205998481e+00 3.985744020527992593e-02 -2.221685549324771136e-01 1.683215473599336673e-03 -5.572479869285766607e-03 -2.154854751018467351e-03
7.462176632233372686e-01 1.177154386858646345e-01 -1.041512927411820805e-01 -1.191643783124882346e-02 -2.718246238475276536e-03 -1.586323642070422597e-03
-4.316910130782316002e-01 2.567279164006251446e-01 -7.222398651805146674e-02 -4.066994971048638191e-03 3.197166087021787763e-03 3.484242871272227350e-03
1.532542574105397182e-01 6.246436035666534936e-01 -6.948783022469094683e-02 -4.202173111832359365e-03 -4.013889503647199118e-03 3.355483622539339340e-03
1.829750153750102637e+00 -6.785132115776826289e-02 -5.678857034871602483e-02 1.045237924945038388e-03 -6.798854508772255237e-03 -8.868008164808392768e-03
-3.935932055207431168e-01 3.217670181571897353e-02 -7.362134500679240467e-02 -4.497317841075606538e-03 6.934467755963195403e-03 -2.565228619619940443e-04
-1.133012280292762020e+00 2.469186535806104366e-01 9.324963429230753720e-03 1.083324888459911419e-03 7.121076071331578937e-04 -4.298827508445100982e-03
6.895524891058837369e-01 -2.437985828109164865e-01 -3.473105800114070774e-02 4.917188666954615955e-03 -7.822947853375374072e-03 -2.580044184160088742e-03
6.690985741621488514e-02 -3.707687750528017023e-01 3.778478063531204995e-02 4.805258728837635829e-03 -7.555687718134331682e-03 5.363461342043961654e-03
-2.324507969955373454e+00 6.590505588307070395e-02 9.512690599710840744e-02 1.778986464313384377e-02 5.694128529273686417e-04 -2.326709086380596841e-03
2.293351967499214494e-01 -3.333228754024904900e-02 -1.160948460335000515e-01 2.102830890081893583e-03 1.810955813549496160e-03 5.779432231918035269e-03
-1.611536013597898165e-01 -2.139250228790403330e-01 -2.171773340632429661e-02 1.326535754880175510e-03 -1.831240823815848042e-03 7.517658464325722815e-03
-1.571055536260559826e+00 4.083111509617960433e-01 1.435820368701070382e-01 6.564905236866704422e-03 -6.717820288244124964e-03 -2.996931043953582514e-03
-1.326897696005755245e+00 -5.582928318141929663e-02 -5.583713940462762398e-02 7.447788142783484146e-03 9.461472701797753876e-03 9.340904083393289804e-04
7.710538628191514476e-01 -2.201680277537176600e-01 7.032374042523761859e-02 -6.047207654141208838e-03 -1.060017297548550459e-02 5.139634737717934179e-03
-1.446091412021998535e+00 -2.961500933190748808e-01 8.071426985255587827e-02 -4.318459220462279695e-03 4.722851422032090830e-03 -3.729009635861701760e-04
-2.067458121818834371e+00 -1.305334292287232689e-01 1.228584573294770471e-01 -2.978669490228641296e-03 -8.074551206132940106e-05 2.583958408309151161e-03
