6.042543243429761901e+00 6.901561815747637718e-01 -1.806189074244791415e-01 2.585078144977342660e-02 6.913454456932073208e-03 1.286033799353276247e-02
3.763365902322370338e-01 -1.665897631302445392e-01 2.264964627042556078e-01 -1.003604361593119117e-02 1.284491237583192504e-03 -2.142503604802164976e-03
2.665273647711081662e-01 -1.617145153996180362e-01 -1.196116237940375408e-02 -2.094847085928708535e-03 3.839313371106096821e-03 -9.413215739284986477e-03
7.117267045821487059e-01 -2.020151990913867379e-01 -5.073060371049077644e-02 -1.289561514309380333e-02 -1.529835288862117391e-03 -1.728471053989205771e-03
-1.418519766286394646e-01 -1.980183664175919900e-01 -2.246517509027056228e-02 -4.872182329442508938e-03 5.850236646180144960e-03 -5.131513450488651464e-03
4.104100297870997949e+00 2.805079749123076671e-01 -1.129599875978964801e-01 -2.246425298093684530e-03 8.143813709289952907e-03 2.378122431751070968e-03
-1.334914504928566004e+00 2.943462190733882600e-01 1.579518534145765013e-02 -1.976928431177787677e-03 -3.087742087824036762e-03 -1.047613172370835243e-03
-5.577386269220323545e-01 -1.309739930263140173e-01 8.506254394038806343e-02 -8.433738314550457815e-04 -3.591464322520386641e-03 1.635877404590702728e-03
-1.284427293547640569e-01 -2.676598839745495187e-02 5.531101161021381718e-02 1.033816646248148299e-02 1.301185541574839677e-02 -3.977550829362608807e-03
-2.597755299994416234e+00 1.721889073832115480e-01 -1.393392063250514790e-01 -1.387184172360365550e-02 -5.445977703129851501e-03 4.020702067876660423e-05
-9.597971220274742477e-01 5.271070558055026556e-01 5.005831650909090685e-02 1.307715398952483121e-03 3.929722176685837370e-04 -5.762244905473414697e-03
-1.009491221165947028e+00 2.263276814251768965e-01 4.327954761103729175e-02 4.622550524015510247e-03 -2.110292718934027485e-03 -1.781390424467376224e-04
1.402846680592524375e+00 -1.028328503912478431e-01 -1.100394869849547069e-01 -6.419632053717381874e-03 -7.864502341549374498e-03 3.240609600205433295e-03
2.479301598864348755e+00 -1.524757058663175728e-02 -4.590522872194283122e-02 -1.231388907315222013e-02 -9.300568000099514523e-03 3.021636917088238862e-04
-1.008513902766460468e+00 6.177626929605936797e-03 4.434832397342847524e-03 9.467704391934676084e-03 -1.193773164209208267e-03 5.635460616994154674e-03
-1.081029531066594274e+00 4.044223666900887970e-01 6.823905911873794083e-02 -4.798090494691813201e-03 3.920289000613491441e-03 -4.823380192350363443e-03
-1.788727696863999128e+00 5.709515267185047982e-01 -8.079970116800590588e-03 -1.455297905141672912e-02 5.515824572691703422e-05 -6.233813480983641311e-03
1.389990350797174201e-01 -1.053609220591458367e-01 3.262292416036414316e-02 7.730439923928538251e-03 1.257363677493697702e-03 -8.738678433456338254e-03
-8.311547078926416754e-01 -1.019764119482675369e-01 5.809068688523836427e-02 6.737185701971860332e-04 -8.231193695121089308e-04 9.954847296719891020e-04
-3.635926635004226859e-01 -2.233247684910117936e-01 -4.407748045065467551e-02 -7.549656115081824354e-03 5.589599434929111606e-03 -4.216990807575073108e-03
-4.966509700038746478e-01 -1.560210587975433272e-01 8.126961680760129425e-02 8.912492803345083646e-05 -6.580566744833427940e-03 9.985283755886145089e-04
4.240731496278943524e+00 2.649685182189825960e-01 -5.669963344753959494e-02 -5.941917774952094368e-03 4.383965929334509605e-03 7.478211438619853345e-03
3.571486917267405747e+00 1.496983182212559271e-01 -2.257473630383068433e-02 -6.853679195767829573e-03 3.398141739960505985e-03 6.679425952144522199e-03
-5.786504981409836684e-02 6.370275425818484882e-02 1.957398229544712875e-01 6.724259412416247646e-03 6.510351329727747001e-03 -4.154553249566176817e-03
2.214957486702852363e-01 -1.061482111151867830e-01 1.630623128011342987e-02 4.491836824462837330e-03 8.973973992655231990e-03 -6.774445941738587752e-03
1.581247255959383535e+00 -2.917034826251452273e-02 -1.963228170986514032e-01 7.421007776431965026e-03 -6.494084497027280238e-03 -1.314146078548156064e-02
-2.622742692559002498e-01 -1.397129306785377112e-01 1.064457177299322783e-03 2.947186399181712501e-03 6.660894267219451964e-03 -2.255109957906820367e-04
-1.965341351173878870e+00 -1.496367951208122521e-02 -1.273533577025822150e-01 2.280768170947487360e-03 -1.186689831110923458e-03 2.401845387701221930e-03
1.040176391409537437e+00 -1.463269603060300406e-01 -5.051351004957805452e-02 -7.552292935801882545e-03 -8.826937778253574410e-03 1.494178529475570678e-03
2.062739458194687181e+00 -7.335263641789141476e-02 1.193255855848593255e-01 -8.861993382281047396e-03 -1.859895481990782870e-03 7.473848694950601355e-03
1.626379782692974230e+00 -1.246906857557880111e-01 1.360757960166095485e-03 -1.110658418549631196e-02 -6.811363136589233813e-03 -6.026820623510544418e-04
2.399637688839803218e+00 2.010746912051642257e-02 -6.743569222883331882e-02 -4.490525786252223470e-03 -4.301082493302859841e-03 4.320077789152539614e-03
-1.161742019168568563e+00 2.948175124756842735e-01 3.865987854130070733e-02 -2.362896628715431026e-03 2.455904183745290757e-03 2.122685572974838714e-04
-1.193401426388742470e+00 -7.882614967552710461e-02 -6.046546446266809482e-02 1.006308112225878793e-02 5.238150834526681277e-04 4.589146027451073209e-03
7.909302906253311560e-01 -1.657166685011497997e-01 -3.846249651657111801e-02 -7.497559175509513167e-03 -5.314211680166173492e-03 4.794228328987129410e-03
1.100746947934568620e+00 -1.074165414459838791e-01 -5.622328782739360875e-02 -4.993302374802648146e-04 -4.111997356263004388e-03 2.718270176032317690e-03
5.716052718269271082e-01 -7.530356402191107010e-03 1.684911779612093263e-01 1.108396744097335171e-02 -1.157241451738040897e-03 -6.216880606845837836e-04
1.781532752150540855e+00 -2.587138762155260716e-02 -1.100578282830869253e-01 -2.902038706934515280e-03 1.518062532844784282e-03 -5.370390237137350614e-03
1.408677971474422863e+00 -5.172313837340271336e-02 1.808609920535989013e-01 3.938336107750544345e-03 -1.132703883911399681e-03 2.326409537842622638e-03
-2.132392821821611051e+00 3.332270843213134826e-01 -2.501741612349674126e-02 -1.743428228988298107e-02 -5.201867224929172286e-03 -1.890982155883866181e-03
1.038862813382424033e+00 -1.534902494980649457e-01 -8.029550482667605071e-02 -1.197287798323487702e-02 -2.543026867546586533e-04 -3.109476871251647557e-03
4.949722623553398093e-01 -6.905460772796941094e-02 5.416151184663452189e-02 8.044207170250769479e-03 9.366391858582687321e-04 2.518142823067907789e-03
-2.416358020570242626e+00 7.410799798910817915e-02 -1.416890653191303084e-01 -9.293972832407194559e-03 -3.972603691413309317e-03 4.736489833799349854e-03
3.453257781652783742e-01 -2.229639255235976725e-01 1.041510587184216359e-02 -1.354656090313767144e-02 1.384670702044650883e-03 -2.573094499192437549e-03
-6.039951381362146376e-01 -7.652881396433695860e-02 6.732847683799175753e-02 4.037380341805571829e-03 4.201216729740587207e-03 -4.227224775292174447e-04
1.082447075098823763e+00 -1.132831527192196125e-01 -4.242952916188338225e-03 -7.764874978282256587e-04 2.938032300575051537e-03 -5.775605421058098606e-03
-7.797469310254663277e-01 -1.382362725118529700e-01 1.088537991510139802e-01 -3.600526077721538567e-03 -2.886218312459194659e-03 1.357083681613100628e-03
-4.318518747813096526e-01 2.036560562169153349e-02 4.427046735255110027e-02 1.416207870417552500e-02 5.329322748365690433e-04 5.814323238293745560e-03
-2.615817174872542950e+00 3.049157943085004097e-01 -1.490709256373339286e-01 -1.570842428560666540e-02 2.221739420199415980e-03 8.746132929020761790e-04
-2.134424665843007496e+00 -1.472105071729140667e-04 -1.232886432497880269e-01 -2.305873870062723208e-03 -4.091864028942113207e-03 6.503846450672362903e-03
2.871465469772468415e-01 -8.350852769504139850e-02 -7.024193328862375629e-02 1.484424632290123024e-02 2.326263650582033413e-03 -7.521464458037872662e-03
3.644467729509777598e+00 2.340348609462910290e-01 -1.199755053073513905e-01 6.764826957837941600e-03 5.022345727795919342e-04 3.153846059005622517e-03
-1.581850866620289509e+00 4.491217056151838305e-01 -6.089167990938224202e-03 -6.412774898282877327e-03 -3.621459239033850055e-03 -4.029831596869666750e-03
-8.184935768689413083e-01 1.053581241432620802e-01 7.825717121500491702e-02 3.978260907939931527e-03 5.598839030102780064e-03 -9.719857278798380799e-04
-6.444751223097333614e-01 -2.288630828124174899e-01 1.413668842632625870e-02 -8.939910989405417535e-03 4.155435391427665312e-03 -1.295623565580577468e-03
1.944480712503628528e+00 -5.218455988032207754e-02 -4.151607013769886140e-02 -9.809084814129256230e-03 5.940736904012658415e-03 -3.475661962282461728e-03
-9.705101182307533936e-01 -7.834609968363094590e-02 8.770470334170926696e-02 -2.908148456071963772e-03 -2.567884829005888121e-03 2.104572771713558808e-03
-2.839322876665548168e-01 -7.871433938736193542e-03 1.447464209965714788e-01 6.301387242413964210e-03 -2.303619639788563080e-03 -7.734088802672132393e-04
1.594839900721833015e+00 -1.503719377310321348e-01 1.860569758373899901e-02 -2.027201936311441924e-02 -4.343818915222527263e-03 6.765056348106824810e-03
-4.482178312951523580e-01 2.037803447418743141e-01 1.575022901046392310e-01 6.444553112981888168e-03 -2.138975784349557083e-03 -3.095989821952627435e-03
-8.505284095465573957e-01 -6.402259053658115873e-02 -1.845064575171739829e-02 1.224551334473851678e-02 -6.628359331892737585e-03 8.120862090031735064e-03
2.782675845737644593e+00 1.016231690181614890e-02 -2.115991558983346121e-02 -1.775443740210247076e-02 -2.873185852528929284e-03 1.007968457536808672e-02
6.560892168847453076e-01 -1.906939774818779965e-01 -4.932241126593249481e-02 -1.009612026777786768e-02 -4.166869554933812572e-03 1.826644438630866318e-03
2.560877870594933547e+00 3.210318774053180779e-02 -2.167651540478418223e-02 -2.944676103295837399e-03 4.160572738085168256e-04 -6.541199793875350152e-03
-9.854811566206673756e-01 2.535403301722429781e-01 1.596229939093260497e-02 1.027999452246503541e-02 -5.532341988815912479e-03 3.876001121601854466e-03
-4.856812542255271037e-01 6.536385238960116476e-04 1.475676826944404829e-01 2.539482204400255426e-03 1.825613298003336382e-04 -1.303676250125707830e-03
1.749587514927303245e+00 -8.505194827405858360e-02 4.591268193168892425e-02 -4.855972754441017537e-03 -8.426432705011560609e-03 4.809311036922839060e-03
1.490422145927296382e+00 -9.476945123476282484e-02 1.774581285512960294e-01 -3.920563089114984662e-03 -1.102367265758883363e-03 2.062377687721522745e-03
2.617411721066698505e+00 -3.291299922405112321e-02 6.073526226976056624e-02 -1.459704413454082812e-02 -7.661250696446450514e-03 6.749966878528567207e-03
-9.010506007711748255e-01 -2.000416875495847069e-01 -1.244595469781671626e-01 3.219935107706201755e-03 2.240005747432949508e-03 2.083027485136089169e-03
-1.474767764994845631e+00 9.256097424535519869e-02 4.222918537818652618e-02 -7.621530168259340980e-03 -2.394803344885198127e-03 2.469904339374792788e-03
-1.224540762418569129e+00 2.657518211446936382e-02 5.553327554693167356e-02 -2.721051357729289272e-03 1.088034323355187337e-03 7.284103888091192055e-04
-1.833209135007948021e+00 -1.220444594613733294e-02 -4.570698758900779840e-02 -5.204485461208815077e-03 -2.212141409290311646e-03 3.548591998316192112e-03
-2.036909090994445393e+00 4.233766382503841297e-01 -8.001078348654162842e-02 -9.449296482171175640e-03 9.239188709382378968e-04 -1.691831630379255283e-03
-1.832869921360054555e+00 1.930497636272479611e-01 -3.029667035466169014e-02 -1.161324681708810098e-02 9.622063385040968871e-04 2.072183180289827349e-03
-7.691933393765938431e-01 8.661060227433928227e-02 6.347276312592316228e-02 7.913830066197382815e-03 2.374581851662112102e-04 2.789529587651809819e-03
-2.169849736277492946e-01 -2.313028899710194153e-01 2.371638077082140889e-02 -9.893938592246256936e-03 -2.539458151737797320e-03 3.039857685873172469e-03
-2.166240050756106594e+00 2.787195494033583576e-01 -1.998867947767516209e-02 -1.978501446442217787e-02 -3.934396373099105157e-03 -3.416823598587793737e-03
-7.121526026672900800e-01 -3.544608860819571661e-02 1.523876238656208248e-01 -4.463579576241561916e-03 2.763913224643718778e-03 -1.887377391566318844e-03
-1.171200294673922171e+00 5.260762544043305622e-02 2.834095005162495448e-02 2.007699734088239790e-03 -1.083114299282078759e-03 3.964819754923567738e-03
-1.813805516263561124e+00 2.838699365120443685e-02 -1.330608999126081105e-01 7.723016350401669568e-03 -9.971600382290821997e-04 6.937537299020165964e-03
-5.626877853613128089e-01 -1.179726796046906279e-01 1.070434612145608477e-01 -7.216375175038623703e-04 -2.455932747975382666e-03 1.842286565079523809e-03
-2.560587716452049634e+00 6.212480349174043237e-01 -1.777545859000461137e-01 -1.586757281685848703e-02 4.952057878838111819e-03 -1.799416736472120998e-03
-1.164787184593474967e+00 3.560530629548227521e-01 1.710227378902710524e-02 1.596406283496741791e-03 -1.385005797528628558e-03 7.335714620577705449e-04
-1.311445156249699595e+00 -9.133717782270968019e-03 -1.295307353785698778e-01 1.440797556739792026e-02 8.561024933378768784e-03 2.025040557263115080e-03
1.285381422600374857e-01 -7.270823392787614803e-02 4.827848988246880198e-03 1.199017295426942943e-02 1.637859770212817759e-03 2.000740671882393022e-03
6.263630394346944019e-01 -1.279062510098926964e-01 -1.309209687405076261e-01 3.732489025449543373e-03 -1.658475886216835993e-03 -1.056609328124981893e-02
-1.162653898155878052e+00 2.537967514017991921e-01 -3.382955408111499012e-03 5.329778741848254127e-03 1.318267658608563439e-03 -4.239518191200663112e-04
-1.040460787644301499e+00 -8.599826629665839606e-02 9.333450456802344641e-02 -3.168909013406380742e-03 -5.428862839403501145e-03 8.114470487949995063e-05
3.621080884239992748e-01 -1.625297676036652206e-01 -1.293124315275172020e-01 -2.574564702622375925e-02 8.450268558057592860e-02 1.420087421315675315e-02
1.352184355011787631e-01 -1.311574826190049781e-01 1.657971648265162967e-01 -2.293474800872632741e-03 -3.560796886911918226e-03 -2.293634718080575594e-03
1.251750610614098536e+00 -5.189559757981165866e-02 2.446442212783993819e-01 4.247354648073293874e-03 -1.711121181460229131e-03 -1.102371504299212842e-03
6.051250334223329252e-01 -6.847696257309289882e-04 2.362686594417205410e-01 6.277869399423652297e-03 5.596051194964214368e-03 -3.389253526922225528e-03
2.148316625342660546e-01 -1.329881832400909014e-01 -5.525303071694142448e-03 5.645529498747239514e-03 -8.917444578576327538e-03 4.257703255561635924e-03
-7.722607477622168703e-01 -4.979819215425376061e-02 -1.753497985177967372e-02 9.792117923809793775e-03 6.915138544237329175e-03 2.247713987093079291e-03
-1.623544661141642642e+00 2.221362607535409539e-01 3.600638899604193671e-02 -1.336238077324891638e-02 -2.040491843913326987e-03 -7.980143619902967805e-04
-1.273772899533504699e+00 -8.218859810709785996e-02 4.163026170162542616e-02 -3.328307512542279852e-03 -3.130449592118505694e-03 2.027550955994407260e-03
5.440036341039446555e+00 4.964104223086523993e-01 -8.593598234334440256e-02 1.152647839701727121e-02 -3.060395880964560458e-03 1.193159493324308026e-02
1.235517545518605820e+00 -5.576305458809036053e-02 7.700391946224048600e-02 5.472264706610132506e-03 1.367410310232514701e-03 1.942763176851321693e-03
1.956724701654168230e+00 -6.256579836478345924e-02 -8.666639817210976260e-02 -1.319974900371618555e-02 -6.620105349661262011e-03 -3.511948854133417619e-03
-1.037873422314480099e+00 -9.498154798692114154e-02 -3.032629082260897627e-02 6.475866716716741772e-03 -4.073039889589095833e-04 6.956620151361229271e-03
1.673145860674760954e-01 9.065827741626449054e-02 2.225580128480501851e-01 9.242597581049826275e-03 5.846063792495266760e-03 -3.979874875614059990e-03
-1.413199346187016536e-01 -1.479656702645319455e-01 1.102752453423097301e-01 -1.325138769810305572e-03 -1.117365468982265639e-04 -1.606061214135404765e-04
1.902783288551976870e+00 6.384853220259434185e-03 -8.422038662882616600e-02 4.657878123988590940e-03 -1.023643210363468694e-03 -7.579094448674884334e-03
-6.595977579029291826e-01 2.959101003106819061e-02 5.527635252200534949e-02 8.720230200250363856e-03 6.701385509855928117e-03 -3.195350611953649876e-04
3.838952109115581490e-01 -7.550620239421099167e-02 -9.253829786194706086e-02 1.477249315189083784e-02 3.209156223116150890e-03 1.247225868075275967e-03
-2.043088233551475064e+00 3.280619805083026530e-01 -6.185962071964366121e-02 -1.180375823068151482e-02 -2.210053044427708925e-03 -1.795313376263456360e-03
1.107634189242454381e+00 -1.255761950433418594e-01 9.130155857233819561e-02 -4.497643261249582684e-03 -4.701982004918756107e-04 1.657106470036343168e-03
5.391132193630314706e-01 -1.176454319552995426e-01 8.941927641145260008e-02 2.696102212793429712e-03 -8.281105099747056511e-03 2.077072496586699398e-03
-1.011371753991281430e+00 1.925816051822344319e-02 -7.144791732108669857e-02 1.806695037010727298e-02 1.808832030537096524e-03 5.536563482667203502e-03
-1.906589279075625865e-01 -1.472533510294934955e-01 -5.551394881290516725e-02 5.361376174437074323e-03 1.594873909739681931e-03 -6.991942174359937201e-03
-9.165068830535205713e-01 -6.749868918849019628e-02 6.400762483063458796e-02 -1.172709391900573486e-03 5.171752307246828620e-03 -5.398025665225484162e-04
2.077546883765645294e-02 7.296805199395735297e-02 1.827995448296716174e-01 9.327151890683210017e-03 3.198593238481449441e-03 -2.094099136522279466e-03
-8.142384640570247134e-01 -1.040021493760399929e-01 -8.569558311334013467e-02 1.206139720766630577e-02 7.018624966696445332e-03 -3.459324985579424663e-03
-3.434394571073643571e-02 -1.231365721096950860e-01 2.357511884185975182e-01 -5.911523965414258210e-03 -2.097283153667628506e-04 -3.549194722252146852e-03
-6.542035658413623000e-01 5.687877658010672688e-01 8.162256882858841267e-02 6.635413021863289552e-03 -9.028672511196643565e-04 -5.983372469145402037e-03
-1.130317414019907707e+00 3.133585342770419668e-01 2.615568938882715730e-02 3.082629420154966299e-03 -4.507439519562120127e-03 -4.676093061298399172e-04
-3.395219676071338788e-01 2.278173324457116455e-01 1.619431744671005757e-01 5.884295473608146081e-03 5.163676432230076239e-03 -5.244391907313033889e-03
2.975730049138790800e+00 1.083869906409939410e-01 -1.216028824635537742e-01 -8.536257923354663782e-03 5.720369780141793502e-04 -4.125699397036817519e-03
-8.482502153181449289e-01 3.704959385289250950e-01 5.639718490835432529e-02 4.780745941134588103e-03 -6.297734892601596513e-04 -1.838646467403065024e-03
3.171526867856350740e-01 -1.493925724301731206e-01 2.238638404103114321e-01 -8.662657178347524939e-03 1.697369418988893498e-03 -2.961525232320426360e-03
1.146464166793534023e+00 -8.951478363589797371e-02 -1.146468385014593055e-01 4.960335769474462191e-03 -2.930093873377033822e-03 -1.595442437476194200e-02
-8.711188230447116654e-01 -9.509938256846532656e-02 3.774110610299075130e-02 3.901984160938015787e-03 -9.652587056322992076e-04 3.635091500310296247e-03
1.898654490246841187e+00 -5.665881388073134434e-02 -9.788567582239054987e-02 -1.198478400025279784e-02 -4.360136283484889776e-03 -4.489199292484548007e-03
-1.735314283924505485e+00 -1.442633140184934604e-01 -1.795765106612438322e-01 8.257468674159638283e-03 3.346017063187812796e-03 3.152759418583039527e-03
4.883474727166504104e-01 1.051433579799983253e-01 2.378078329077326636e-01 1.166835230993032088e-02 8.032211829208229029e-03 -3.837590691737944367e-03
-7.080923721114873448e-02 -3.391994636533140345e-02 4.048671471164697055e-02 1.283747434062523091e-02 5.231184866733427918e-03 1.478087596473549262e-03
-8.366044038907657354e-01 -9.195161051680399156e-02 1.160696473081668373e-01 -5.055426402472704486e-03 2.896315379851730040e-04 5.476770151591716556e-04
2.800926888360969258e+00 -8.143464118915827703e-04 1.085917485854764747e-01 -7.470046381122258036e-03 -6.913421072263390907e-03 9.349371606410816077e-03
-5.448870586627929669e-01 -6.924124449496969758e-02 3.890532055767038228e-02 6.638370139206603050e-03 4.180898653351894888e-03 2.558407799383378024e-03
-5.098270905877393400e-01 -6.514968307775337655e-03 1.432357270650618242e-01 3.421580561149002286e-03 -7.198426724329022716e-04 -4.429632957109872122e-04
-1.305266700353475029e+00 -1.153231865142810009e-01 -2.154737552820363763e-02 -5.868488133503966392e-04 3.742894915630399274e-03 2.632774226946952168e-03
4.940775813795244414e-03 -1.523125011711000398e-01 -4.923855017443388299e-02 2.954500388245895380e-04 6.738783143075363982e-03 -1.642948711172248456e-03
1.115983992555471316e+00 -1.360270663127639001e-01 4.239247955105811955e-03 -8.394846056758964795e-03 -1.913128380193285976e-03 -2.459555279599823317e-03
3.288134472195376468e-01 5.233906253096268918e-02 1.749744976309546285e-01 1.284147075965967437e-02 4.880049791361893569e-03 -8.926625777772411027e-04
-2.528673115927597248e+00 -1.124820855581640106e-01 -1.774845254600221356e-01 -4.223753287129182639e-03 -5.935402531706772573e-03 6.827877427792936049e-03
-2.085051457788166029e+00 -1.873088133496548513e-01 -2.359160793992591820e-01 8.830212417938885366e-03 -1.823621765096170759e-03 -1.869338795932032424e-03
2.665742599870469132e+00 2.364317669633866220e-02 4.078309925723677676e-02 -5.346058375151256301e-03 2.696398067701810545e-04 3.747966045886602822e-03
6.534581471645358741e-01 -5.056621955622134235e-02 1.570685381248198009e-01 5.871069848776927676e-03 2.322901958988464206e-03 3.933641709709629697e-04
-9.659853754139944293e-01 1.414745447821559865e-01 1.077790366106858161e-01 -1.881707806749288291e-03 -9.533405893074726155e-04 -1.247813101553608148e-03
3.588048584811270647e+00 1.277082475013363028e-01 -1.996609510361873827e-02 -1.213154899462472007e-02 -9.940190622334468470e-03 1.136123251222336157e-02
-1.334929706577412611e+00 3.522343418361847389e-01 6.819887563104136408e-02 -1.115721554995867566e-02 9.702749099976360836e-04 -4.531782427416239378e-03
-1.906179717428795772e+00 9.856996522804946370e-02 -2.069409961836276082e-02 -9.369202071149622738e-03 -9.183346110108724439e-03 2.753460567713363841e-03
9.533975166660382250e-01 -1.294299457300868428e-01 1.606299280097186338e-02 -2.847002587254562640e-03 -3.019175404726527710e-03 9.399639333555220334e-04
-1.811876824231746230e+00 1.252478872896733708e-01 -1.250941354158600638e-01 5.229337842215193988e-03 2.681322997602489638e-03 4.349713426583915604e-03
2.441645476067506149e+00 3.124450377597302528e-02 -7.626623341248089938e-02 -3.123536030780619914e-03 -2.097351449100775568e-03 -7.254793210484476035e-03
-1.608818038282299190e+00 -6.310091616262054892e-02 1.885052210707044429e-02 -8.541263230283150515e-03 -1.932132106378041392e-03 3.599259582965400397e-03
-8.954531273862362806e-01 2.324326880090705760e-01 1.365721350604241213e-01 -6.077024172678554929e-03 -1.528335489947930178e-04 -4.292511891004092278e-03
-1.561335978887719023e+00 6.457946696992576674e-02 1.358807532779744221e-03 -1.798739614270636463e-03 -9.391438387341136812e-03 5.197768673552318267e-03
-1.951184375702235352e+00 -1.416363721688324306e-01 -2.202056130476617857e-01 1.360386136421884787e-02 -1.841796589966989252e-03 -1.249589963739733585e-03
-2.451992165058126449e+00 2.797356338339955228e-01 -1.459623124672611572e-01 -1.123135569857511284e-02 -1.530500488437744637e-03 1.461367064697035581e-03
4.462592319503404958e+00 3.597494120692553699e-01 -1.285282770395232699e-01 9.101789816419156992e-03 -7.210872490493409025e-03 1.091911821707766857e-02
-5.432137994151323701e-01 5.341403723287534155e-02 6.950194271146011016e-02 1.081085838197220171e-02 3.928782222298522926e-03 2.271677829393905709e-03
4.197295277885742526e-01 -2.121451018309315206e-01 -7.897529125061973285e-03 -1.050450215821506841e-02 2.764134895786739612e-03 -5.160886468344641660e-03
-5.920400763271506106e-01 -2.033816673637152128e-01 -1.416294685427413845e-02 -3.566459638046680716e-03 -8.688874940752496162e-04 3.772473684313807155e-03
-9.267678737162110547e-01 -1.550071158848640440e-01 -1.392588348035749268e-01 1.014330745699124937e-02 6.414540292712854648e-03 -3.357891438406994736e-03
-8.680927372864232217e-01 -1.317973173813256627e-01 9.452368606261063455e-02 -6.222057663849221709e-03 3.911677473000622733e-03 -8.098987269564074821e-04
3.860182871343452948e+00 2.138230973397107770e-01 -4.996889050431368301e-02 -5.211333023390811274e-03 6.248536960247097830e-03 1.684356703646033068e-03
2.236092424061198347e+00 -1.068350792796642253e-02 1.921640677260307017e-02 -2.646971889559737636e-03 -5.305082195301904883e-03 3.775895045595332664e-03
-1.802344417590254988e+00 -4.449829471564161615e-02 -1.135087381730834621e-01 2.153028664351091474e-03 4.756897402852430616e-03 5.867051367517171941e-03
1.492560838657414346e-01 -1.159130753737922653e-01 7.511584345646617200e-02 -2.035467427661292886e-04 5.121145674351883052e-03 1.772113819220626956e-05
-4.921682495693658899e-01 9.752246560166977218e-02 5.383433370788216765e-02 1.668879019164749844e-02 -2.799654083178907283e-03 3.078553749294426784e-03
-1.431114849838856840e+00 -2.290473324433610069e-01 -1.235986612487612046e-01 2.676707871322683667e-03 -4.791107401684621507e-03 1.323042919916628301e-03
-2.241953827419742584e+00 2.351218616510841741e-01 -4.141368957652300647e-02 -1.899430080716150646e-02 -4.988774167911071838e-03 -1.992636417969770226e-03
4.500253211865193892e-01 -7.544441993421723003e-02 2.349346633950052665e-01 -1.994906298499479974e-04 1.086320169272520690e-03 -3.188360447646461458e-03
-6.475111358784377824e-01 1.942579245102474261e-01 1.217565699169537163e-01 6.205314887279856327e-03 -3.093856326886538968e-03 -1.115447718121094587e-03
-1.024210787152549873e+00 -2.658824629559217514e-02 -6.246506693078958394e-02 1.386891478010869941e-02 5.989136570512089766e-03 -5.966137970189667366e-04
1.792072457764398496e+00 4.357326182322331619e-03 -1.481147299601489886e-01 6.343558022575220348e-03 -2.389880685457560980e-03 -5.699179105769354610e-03
2.461091738206219459e-01 -1.021412220899751838e-01 -4.375803752225200516e-02 9.141824502456890114e-03 4.804934695992300539e-03 -6.936151267278626090e-03
1.801454737494551317e+00 -1.133787974504177620e-01 6.801926589271499457e-02 -1.238873397975410497e-02 -2.677898021165773298e-03 6.104398282702330758e-03
-1.496405944613990568e+00 -1.508359720519907021e-01 -6.699786280037220432e-02 2.255909319623171632e-03 -5.670635355406832695e-03 1.067758040575814311e-02
-4.181259094524811815e-01 -2.028587033881636970e-01 -1.776663647561190218e-01 3.502548333361345766e-03 4.504257909463186410e-03 -7.704581760329403013e-03
-2.313156315520418449e+00 9.731875687939834513e-03 -1.138962765847949393e-01 -9.095003704270937517e-03 -4.430763974340427673e-03 5.489382192183481918e-03
3.449435143607703758e+00 1.837580374011009987e-01 -1.352605911556513107e-01 -4.971165987645547422e-03 -1.521612019616938810e-03 -3.517170458391794593e-03
-7.071351757922659242e-01 5.573952623719864718e-02 9.024647017749052452e-03 1.461511887241435416e-02 6.047141659084297356e-03 -1.164084024337890553e-03
1.854755249110007664e+00 -1.072486534609279341e-01 5.780177817106645077e-02 -1.508220326102879122e-02 -1.908344883175621147e-03 6.941941626004387300e-03
-7.993578806332479747e-01 -1.045369578953272149e-01 1.292743058087513375e-03 5.485495016447492628e-03 -2.084864765099087025e-03 5.862924184817904297e-03
-1.068164020879263987e+00 -2.436735299878649980e-02 2.787331608569564023e-02 3.830245625976164917e-03 -2.291624946679210635e-03 3.171465475922316361e-03
-7.431244165466310836e-01 4.434547355724696160e-01 9.107315799117061961e-02 2.266171259191949571e-03 1.611887332184543109e-03 -3.761464756564426512e-03
-1.709276095222743264e+00 1.343403917406419193e-02 -5.712090841320129064e-02 2.826828838074149555e-03 -1.046531918482183736e-02 7.802765781155782988e-03
-7.375826391554186623e-01 2.423451279487919829e-01 1.211038823697148936e-01 1.513087333178932776e-03 -8.884775107105694677e-04 -3.628985927816641595e-03
5.236917434585736331e+00 4.999066961192281666e-01 -1.513261495150146629e-01 7.288661712391866949e-03 4.687281748051108643e-03 1.056329619909584204e-02
-2.395266313532881775e+00 4.180444668564520794e-01 -1.085713686696174185e-01 -1.451940350590542363e-02 -8.856086841558092303e-04 -3.099949317401911892e-03
-9.031999724958325038e-01 9.418120854344853576e-01 6.461042897439466665e-03 -3.886280612755668457e-03 6.810485948087485926e-03 -8.113657158439402037e-03
-1.145665938762599367e+00 -1.167451986698678917e-01 2.446653595119473688e-03 3.218312186994511971e-03 -8.957563507538634368e-03 6.591209126619698884e-03
-2.419094219965602921e+00 3.183583496482387254e-01 -7.443575238248120729e-02 -1.855013374080323463e-02 -5.240898293892436340e-03 -1.370750603886112780e-03
-1.729999964296996262e-01 5.478738477699594822e-02 1.308368697110818546e-01 9.301324120653733235e-03 8.687845659003051377e-03 -2.988492462159381222e-03
1.958447636118482604e+00 2.852009361772978729e-02 -1.729021920920549293e-01 6.359391625790673450e-03 -3.605649812338099398e-03 -6.876934871936379347e-03
-2.377192532341346087e+00 5.823179973268913234e-02 -1.019745869063143767e-01 -1.061144322668600148e-02 -1.246751578866839294e-02 5.879858426494805577e-03
4.588884126990622897e-02 -2.094653970027533507e-01 -1.204987860515096681e-01 -8.695390984009664223e-04 -1.090968219865021648e-02 -3.558250064907786067e-04
-4.756720623570243056e-01 -1.924673609553166354e-01 -3.109073447406593416e-02 1.343411560064059667e-03 -1.394470093026185364e-03 -3.210234679834675711e-03
-1.355940573617185896e+00 9.590268185978664817e-02 6.820864325483033674e-02 -5.905035372874917893e-03 -7.878441226809760126e-03 -4.137569657356505613e-04
7.538370361664077368e-01 -1.395463827596343243e-01 -1.110946549843234016e-01 9.114384558916280342e-04 -3.691528075618426361e-03 -1.192876787617829729e-03
1.562289897635260605e+00 -9.348681348901098642e-02 -1.086394735825613328e-01 -1.184277550683900983e-02 -2.390853322161016689e-03 -1.022408979287983861e-02
-2.992164727224463916e-01 -6.780276982658060836e-02 3.930287423789345647e-02 8.753458613264958332e-03 -6.402184061101594053e-04 2.311972277003078707e-03
1.241526528292919707e-01 -1.584480898848950603e-01 -3.898051938609452260e-02 1.890551021367830762e-03 3.325791269727099847e-03 -7.301870120292193109e-03
-1.073857151026243184e-01 -1.790537464597420636e-01 4.204566312150360974e-02 -3.156729337911521292e-03 -2.966791829756952256e-03 3.936696684930586151e-03
-8.855328043739658928e-02 3.478243520007245904e-02 1.438023112532506864e-01 1.004706990233803984e-02 1.599412802236356481e-03 9.122231000514006332e-05
-4.030244722644804045e-01 4.117650757787364585e-02 1.233084661219565198e-01 8.059008611684629481e-03 2.229273320691235977e-04 1.033911235605720468e-03
1.786753440782745117e-01 -1.111789853848383358e-01 1.644440608474723176e-01 1.068513783256938143e-03 -4.039482022996733479e-03 -7.227790953848965954e-04
-1.350500843509186533e+00 -2.499672805949799959e-02 -6.583591606204640401e-02 8.962362010248709626e-03 9.364278838709525410e-04 7.236823526527362375e-03
3.715093330901837465e+00 2.040953514263610935e-01 -6.473426458822581497e-02 1.252234436486621225e-03 -4.086394533056127154e-03 3.660654950328047323e-04
-1.420223667898357078e+00 1.730212604380280961e-01 2.357800320069041930e-02 -6.536119924698080216e-03 2.694336247732456377e-03 -3.172185912266094833e-05
3.439587605032681683e+00 1.974634055202444671e-01 -1.431174366952233934e-01 2.366800266206704317e-03 -9.106370220845597802e-03 4.399792102968103254e-03
1.811709413589044360e+00 -6.909852112606162944e-02 6.387112753033559465e-02 -6.464568843691132112e-03 4.002304620993137052e-03 -1.053167051104487648e-03
-1.744309588711430159e+00 6.615088118861267574e-02 -1.137528487873324390e-01 9.086569890927365806e-03 -6.074624182034217383e-03 4.427642194106937851e-03
-2.001342470061770573e+00 -1.036730846948128865e-01 -6.940876856812214224e-02 -5.632436500690296728e-03 -4.390956853175130049e-03 3.216032992408399127e-03
1.870016311083448901e-01 3.149336932471282630e-02 1.346917857204126545e-01 1.496819957602843476e-02 -6.599777187214581758e-04 -1.003895503306610889e-03
-2.631346182993593574e-01 -2.194531000993421299e-01 -1.606990923093489232e-01 3.037256292111065810e-04 -2.691000876801480628e-04 -3.721781918591195691e-03
-2.450317561730697147e+00 -3.280402342311305314e-02 -1.174658254780821115e-01 -1.237410906048270684e-02 -1.414664602357809187e-03 4.199878589350854348e-03
7.781878551301255609e-01 -1.416910408574067193e-01 -1.050171687238447699e-01 -2.494893873063443786e-03 1.033923366502850381e-03 -1.456126450688065115e-02
-2.856228987599039870e-01 -1.750242533292728220e-01 1.097841510454004299e-01 -8.432283005013160512e-03 2.849775257208048834e-03 3.249529829379484711e-04
-1.144706356310435602e+00 -2.496064418106839766e-01 -7.746717432043875862e-02 -6.127830801915962362e-03 4.572900718552084555e-03 -4.428025659849345449e-04
2.238478796379368418e-01 -7.448923619382638583e-02 -5.940278802050619504e-04 9.756160382582564419e-03 9.368533787079096412e-03 -5.171214503322439648e-03
-1.743309994574171240e+00 -1.439107656108761235e-01 -8.011266359018123784e-02 -2.088804141772189352e-05 -2.196425052970471439e-03 5.940762714608646168e-03
-1.210885679026903139e+00 -1.973640222329780258e-01 -8.857196455947721758e-02 4.826265241558650408e-03 -6.506469894983991399e-03 5.702203445870303658e-03
2.747473751158195032e+00 -1.520239423533021987e-02 2.106159464301748940e-02 -1.765609744806991704e-02 -9.826090092505511062e-03 1.175087679770328748e-02
2.649944556643852422e+00 1.060192095330497325e-01 -1.665281030601356294e-01 6.603277045965878951e-03 -1.148527634305363324e-02 8.488181556162892674e-04
4.788412027028456919e+00 3.889254813082371753e-01 -8.858376551982252711e-02 5.184311981582111206e-03 2.014635090052043810e-03 3.463710407729325615e-03
9.954728315463524657e-01 -5.957618412842106276e-02 2.477657741966874660e-01 3.609692251194354662e-03 -1.868056901943140717e-03 -2.275342694388051042e-03
-1.450976881369187232e+00 1.577261514237751072e-01 -1.959799160587088335e-02 3.413894706483594933e-03 -7.636777357871037467e-03 4.088877098522851646e-03
9.593808380526249735e-01 -3.028167356467756019e-02 2.133636755413656494e-01 7.989879304817823838e-03 -3.796139023129342215e-04 -1.300252064982907081e-03
-7.741973249501076237e-01 2.110782046125329048e-01 1.739471981959233027e-01 -7.596670254919340656e-03 6.926201932421360711e-04 -7.003150514467875072e-03
-1.745828897579405625e+00 4.208132048053778163e-01 -5.342762102958373976e-02 -6.504745030513867619e-03 2.377426073865688064e-03 -2.323868130329088434e-03
3.124510992052361713e-01 -1.889227464601008211e-01 -1.286404052527931052e-01 -1.869768588655076674e-03 -1.530488240082866335e-03 -9.146528708302185257e-03
-5.541847884560837656e-01 -8.627894384355325186e-02 7.526608262656023229e-02 2.882523203853764281e-03 -1.337629221966832619e-03 3.006726352440025011e-03
5.478794424221609949e-02 -2.053803829396779190e-01 -2.980738025421518847e-02 -4.217564151672097660e-03 -3.905976535180708583e-03 2.390292437898708638e-03
1.166920899916343624e+00 -1.482693228019380527e-01 2.452934908718559445e-02 -9.628999179816379733e-03 -3.784794661244106091e-03 1.957809365900650515e-03
2.260882644159811772e+00 7.187043843111191876e-02 -2.241219949221780749e-01 3.237088963863839382e-03 4.102071756811108243e-03 -4.488653757544498919e-03
-1.047528987621216379e+00 8.079191830053847334e-02 4.773512720352170169e-02 5.138912727665106810e-03 -6.499352441020316527e-03 3.212747447235517455e-03
1.126359838335717845e+00 -9.433301284668925424e-02 1.275056026256343907e-02 4.299885479040479845e-03 -7.626068331014478584e-03 -9.042810231019644037e-04
-8.305980478101135933e-01 1.768315146327716636e-01 5.089870818679907011e-02 6.551530495825395352e-03 4.581379845406347365e-03 2.788974298427024032e-03
3.558557892996953687e+00 1.756727316913810066e-01 -3.649413580416035335e-02 2.203206465539471210e-03 -9.080576543499250738e-03 9.283910341518453527e-03
4.381140337806336049e+00 3.735333821694096224e-01 -1.878029031782857128e-01 7.752376657189298699e-03 -3.711104686475810883e-03 4.115211499087555701e-03
-7.686116443210464499e-01 -6.925501714709285384e-02 8.916762100336474151e-02 3.011089879623947245e-03 -5.405651121261007344e-03 7.509469308504489703e-04
1.271765081094389904e+00 -5.359530469970619215e-02 -8.942582800195139625e-02 5.905173650421252987e-03 2.244195967662897338e-03 -1.128104043748667231e-03
-1.401732914043394562e-01 2.010717401507089441e-01 2.262026299076780878e-01 3.223912519413760919e-03 5.573835793228116078e-03 -5.961853570493503597e-03
-6.828247524387426326e-01 -1.094698216994005081e-02 1.235002801049283339e-01 1.457534750807560568e-03 3.600519571743254895e-04 4.538399351816963401e-04
-1.231561618757309517e+00 1.137626604382883655e-01 4.151693258193660946e-02 1.074554764801939361e-03 -4.335115691516362030e-03 -7.092440410266039226e-05
-1.559819278669794418e+00 -1.530901511128377238e-04 2.115326891729639447e-02 -5.807638111642704146e-03 -5.609515258499303374e-03 4.933818765251781618e-03
-1.485725662558383953e-01 -9.772715043859903084e-02 -3.721311631966121164e-02 1.405537722588150011e-02 -3.722975640632637979e-03 1.021827626674094453e-03
-8.938023901123365311e-01 4.017812529373775976e-01 6.799754407382899157e-02 1.630403562589779988e-03 5.140440421692924313e-04 -2.331830510217085609e-03
-1.633965038300108308e+00 -1.476603563964251631e-01 -3.561326470820526391e-02 -4.054372468614498431e-03 -3.036579049236274534e-03 5.729350225802245199e-03
1.365035239846977611e+00 -1.116231004035823510e-01 -8.849839098999263964e-02 -1.367899641404172160e-02 9.573812482938374308e-03 -6.929935350098299224e-03
-1.785293678870070844e+00 4.071017754140554556e-01 -1.673314496573606244e-02 -1.036571661405635836e-02 -3.102908757943398724e-03 -2.118665533147814136e-03
2.061207544164481043e+00 -1.434583531416817534e-02 -8.232800043740604035e-02 -7.664895194471128999e-03 3.406437214735425194e-03 -4.813268926814546871e-03
-1.688388993278004069e+00 -2.364020120248791490e-01 -1.827222491733749843e-01 5.442178528906643081e-03 -3.646318868262915947e-03 -3.678325773504301059e-03
8.516631186223231342e-01 -1.291259096547299479e-01 -1.265414125509775889e-01 -7.545165244943506178e-05 -1.024515337679332344e-03 8.385821716318008281e-04
4.759684932579426042e-01 -2.074027853689429102e-01 4.551171297898719964e-02 -8.458568443239991227e-03 -1.020529866059540110e-02 5.391923289331178011e-04
-1.859192641556578707e+00 -1.811716789872503675e-01 -1.724831815690038572e-01 4.570119855322627052e-03 -2.163727461858996632e-03 4.312980482064567196e-03
9.410320328128528589e-01 -1.195781209375481602e-01 1.298888814525698543e-01 -5.762205735029327612e-03 3.611662464504108647e-03 -1.309860207857013758e-04
-8.640682518519890998e-01 -1.921119313382722016e-01 -5.279914236021098634e-02 8.344223383846582128e-04 -3.634984994609891367e-04 8.524710868792033120e-04
-2.351261196822806987e+00 5.061207900610984467e-01 -1.318769638698555347e-01 -1.165417919063780651e-02 3.571570961580499293e-04 -3.080491812035766625e-03
-7.504717564815276409e-01 -5.852741991895459711e-02 -1.432610528610422373e-01 2.393202765868935114e-02 1.326462976387902427e-03 -6.271241490235863504e-03
-1.502828691149642459e+00 -8.664362889247839705e-02 -9.717431012029129067e-02 6.230776160898162351e-03 -5.353911180761430173e-04 5.459245989574005795e-03
-8.537385408557598421e-01 -1.734315562442440006e-01 -2.678393366655636848e-02 4.521943718179881290e-04 -2.839013515887080924e-03 7.114054000813094247e-03
1.536947365982070046e+00 -7.882076064776320778e-02 -4.526831698352573596e-02 -1.650817557654256276e-03 -2.383714534071156542e-03 -8.143139430899897988e-03
-5.320343024273561650e-01 -1.971576007318737167e-01 -8.588191366085848322e-02 3.976394297209371112e-03 -7.192791243843880446e-03 1.431660670155807764e-03
-1.112539936754171510e+00 -1.918018998824358723e-01 -1.263331463316294256e-01 4.434757440616082791e-03 4.539316794927351212e-03 -2.840018408998386951e-03
-1.001270907788976761e+00 6.039018817456530408e-02 9.539741289645367606e-02 -1.615509477131318395e-03 -2.161582590455686948e-03 -3.348473057219289749e-05
1.015649556270423748e+00 -1.647326339835434583e-01 -6.160039564610369361e-02 -1.247042125327034456e-02 3.250746965954619781e-03 -9.453298443113709523e-03
1.788852652519006270e-01 -1.029722463226600271e-01 -1.069472834717048876e-01 -1.414816701086473935e-02 8.791399176436538732e-02 1.936974461253169327e-02
2.369111067704030127e+00 4.595606926855447943e-02 -7.289381630623541219e-02 1.457008083069440737e-03 6.608342977999549957e-03 -8.921110501006973212e-03
-1.128106288269403512e+00 1.355616472372264403e-01 5.054699368029520051e-02 -1.060683383862538092e-03 5.535266734245542462e-03 2.775204613579513127e-04
4.571860407017664940e-01 -1.902193558283422348e-01 4.773070245669459866e-02 -7.686301547955648288e-03 -1.750601359410578406e-03 1.133522098155657302e-03
1.892658581505384519e-01 -2.131015686386208974e-01 -1.313931119085522126e-01 -6.826833424984624782e-03 -1.932937686576005490e-03 -1.152631879097731731e-02
-1.733702112700233444e+00 1.990564593072000066e-01 -9.377098135265078682e-02 4.185808074744167516e-03 -5.095693065433538893e-03 1.556402405628698514e-03
2.228563851836713461e+00 -4.537767638202386961e-02 1.536236304044575618e-01 -2.709313767485915618e-03 -5.604236020629664930e-03 6.958291192201948062e-03
-1.447420969556942848e-02 -2.308086617150063302e-01 2.637175720021309872e-02 -1.304696319991415811e-02 6.032275739758907046e-04 1.068417659266105574e-03
2.051512941159316483e+00 -2.740202762384899744e-03 -2.745813803488431071e-02 1.403691498001010535e-03 2.640283823257762955e-03 -3.275131133771260806e-04
1.186492535518154146e+00 -9.418542440186770948e-02 -1.893969297254428918e-01 -3.740956997110847157e-03 -6.336156580054730229e-05 -1.225774935724934650e-02
-7.862570790014209443e-01 2.838023918760872455e-01 1.227220059088931919e-01 -1.460354976588484422e-03 4.288588006413342158e-04 -3.865497143522183144e-03
-9.069956319128089639e-01 3.751078828248439329e-02 9.752296509670646540e-02 2.323017026526244012e-03 -6.665912739350265438e-03 -2.149934530917000839e-04
1.182494491654809687e+00 -1.133341644940873139e-01 1.200548703394016398e-01 -4.846447612408892082e-03 -1.399421002079025622e-03 3.108867175279002217e-03
-3.371413225864186569e-01 -7.230377774327384488e-02 1.103692756611487774e-01 3.604236416224437974e-03 3.238874308128972083e-04 2.139514224171349364e-03
1.528004595392910003e-01 -1.956872841250166528e-01 3.519354947482060403e-02 -6.573306252112123826e-03 9.881202417512391367e-04 -7.503001203850972155e-03
-1.377438529820393498e+00 -1.201930659533530787e-01 -7.863938040080729885e-02 5.360108137654815211e-03 2.490944749700262952e-03 -1.724785180710650600e-03
-1.641978621316590337e+00 -9.982315916258467647e-02 -6.065721167779356687e-02 1.467012824966845014e-03 -5.464282959029646489e-03 5.447910795062263674e-03
-6.980988538701975166e-02 -1.655456132033515937e-01 -3.464438722376538687e-02 4.098568419140561150e-03 -2.708521950253119006e-03 -2.410676699198318219e-03
3.931399540541781479e-02 -1.598269284751589470e-01 -1.152717177540950044e-01 4.815712643624642936e-03 -4.238356674280906698e-03 -6.645621152932146974e-04
-1.231282019222430663e-01 -2.192692103272337878e-01 -2.594050704518182510e-02 -5.409709346998946462e-03 -7.826970476462358217e-03 3.860683151574044285e-03
-8.468585185845374230e-01 -1.426621587181740522e-02 1.003183852311220481e-01 -2.733723317838668981e-04 2.622202173872403147e-03 -3.988702461521536811e-04
-1.210839558912312430e+00 -3.147898332243691949e-02 2.836242492459761441e-02 -8.860534605234853759e-04 2.159578575515280069e-03 2.660830747272919638e-03
6.675148170152006566e-01 -1.023414533484654637e-01 1.998725954009861749e-01 -1.003990433045154600e-03 -1.640595508222573084e-04 -6.860363891627260270e-04
-9.884367689479360841e-01 -6.129280617800462322e-02 -1.077732737905055665e-01 1.857295927164889435e-02 7.396317750003771670e-04 -4.931034156386199067e-03
9.035839697055418895e-01 -8.295118160274222996e-02 1.663080061845563784e-01 1.170361133262216771e-03 7.517577113987424376e-05 7.133842494994509242e-05
-1.112389489981653323e+00 -2.093529386270670534e-01 -5.328326268126327286e-02 -6.143063218801156160e-05 -1.117323660379429236e-03 -3.694671869686057611e-03
1.165175560588428860e+00 -7.370427086984761289e-02 1.303978496070906101e-01 2.313437460221918953e-03 4.579767701741792817e-04 1.980540663991417222e-03
-1.280076864729516650e+00 -1.801496211093155941e-01 -1.774198509759251918e-02 -3.228130727537940111e-03 -3.225964722288305556e-03 5.769446482117808472e-03
-2.067306563780680673e+00 2.297265413801291567e-01 -1.012533118094264134e-01 -6.542662324846117324e-03 -1.436967210918098023e-03 -5.061660624160938373e-04
6.627178645806763857e-01 -1.391266034385438000e-01 -1.057246357643260165e-01 2.414122779947235585e-03 -2.514531930239638762e-03 -9.268737243771075357e-03
-5.683526603676560818e-01 -2.195165137160557667e-01 1.474645281944371726e-04 -5.619878879359403029e-03 3.423928383915981165e-03 -6.800690236881448344e-03
1.020907381583789242e+00 -6.406609914621713697e-02 -1.463096501728828047e-01 8.841846338049024964e-03 6.042769678909979368e-03 -6.374055031254518069e-03
-6.769846249147979389e-01 -2.466653637194102591e-02 9.739938873921302753e-02 1.958493578853138118e-03 2.535073674737020589e-04 9.044249439439158971e-04
-9.430632687495401623e-01 -1.483068052314453489e-01 -1.712348324811781564e-01 1.145338984568109765e-02 7.323593435457406882e-03 -2.669608825835897026e-03
-3.441484299302098870e-01 -2.247002899304916812e-01 4.783398068738108078e-02 -9.957859301376607158e-03 3.640928187279757655e-04 2.306456402536209357e-03
-9.191988648492970260e-01 -7.826563659687905961e-02 7.122474000239314984e-02 -9.757046104322742624e-04 -1.875660858990714627e-03 2.696966605912266834e-03
6.099668433044105331e-01 -1.568569348143749043e-01 -3.476886856583391583e-02 -5.767530280148209197e-03 7.195788063384346220e-03 -1.045414031813737474e-02
1.062289085153609980e+00 -7.904228007858761507e-02 -1.477834434245081305e-02 5.800969016936188133e-03 -2.975263387979252584e-03 -5.618036790100820570e-03
1.522265640405163767e+00 -7.050719159794233137e-02 7.559907901001133856e-02 -8.345449368654700743e-04 9.646827508272372070e-04 1.055052094269334209e-03
1.433916326343856573e+00 -8.529603188060434771e-02 1.944373711632968460e-01 -2.438917160998577398e-03 3.780323573155398831e-04 1.419511963279013233e-03
-6.165014182401545861e-01 -1.688575652928984427e-01 -3.460762142610533665e-02 2.289240226427482778e-03 -1.140620392554054108e-03 6.863812276059105648e-03
2.493010357524270415e-01 -1.259742924143675280e-01 1.923234861204578816e-01 -4.878035652347710756e-03 3.027334696166613954e-03 -5.972406534270189487e-04
5.191901740948213773e-01 -2.172092208944426950e-01 -2.739645747684895521e-03 -1.702357099220081632e-02 4.493878593109615870e-03 -2.186639190555261878e-03
7.652249326640935267e-01 -1.341481166846514028e-01 4.807414085504468915e-02 -2.253982669087364367e-03 -1.146889521216302001e-03 -1.440111312986087997e-05
-7.891232429562239359e-01 -7.629696304505476090e-02 -1.178317388883899502e-01 1.830776845600192229e-02 4.945418059799897709e-03 5.307108192340263938e-05
-1.292653993391899458e+00 -4.454302850325542878e-02 3.938797623034183404e-02 -2.011679005780426643e-03 -4.865165459657971696e-03 4.786881962895871319e-03
3.057866523721865626e+00 6.966851246297961486e-02 1.628596631569640546e-02 -5.979632128265697892e-03 2.150940184401511045e-03 7.000865267793628631e-03
-1.788213204529311540e+00 3.350451564570238183e-01 -1.142403451825732691e-01 2.225090451401865854e-03 5.748337507797240519e-04 4.058432512543980620e-04
-1.199256929572690922e+00 3.489001392784184530e-01 4.584460413428894515e-02 -5.060744927131210179e-03 1.920455173395898500e-03 -1.934542709881300476e-03
3.312764947499551749e+00 1.552951110517641897e-01 -1.244173981486731556e-01 -4.654846348976308598e-03 -7.058253938446550947e-03 7.962979291461375888e-04
2.792574701903355106e+00 2.193756702980326212e-02 7.572823311509069288e-02 -9.078893158151513793e-03 5.594721296691990836e-03 5.471189167964910643e-03
-1.330165314818128941e+00 -1.426045268563360668e-01 -1.281679814128858230e-01 1.283824162793770901e-02 -5.600082656477842723e-03 5.544302000616125291e-03
2.811725218113228841e+00 1.009099957488460431e-01 -1.509026338384047705e-01 -4.940790859083749910e-03 -3.643949981408644082e-03 -3.544253514650913713e-03
-5.970647954789156664e-01 -1.809444100372185615e-01 6.639286063748278677e-02 -6.061021797784203052e-03 2.306453048800734696e-03 3.455929578273203139e-04
-1.241141521475068288e+00 1.942889097956924382e-01 8.616015929982019650e-02 -7.802479869908266266e-03 -3.118723940645666722e-03 -1.325523911247541726e-03
1.978870804532490313e+00 -1.421242307361857832e-02 -1.327257722038967525e-01 -5.770385463232815225e-03 3.543987317867751397e-03 -9.765124021741043020e-03
-1.538240866569540455e-01 -5.140841645496052603e-02 6.421148083918633287e-02 1.033144002246024103e-02 3.371903415641112987e-03 -3.515227963164642769e-03
-1.364436531569195532e+00 -1.795687485035736553e-01 -5.165917671765690722e-03 -1.881164232654402961e-03 -6.076947730580965594e-03 2.014999955487671579e-03
1.276398018093267694e-01 1.540714833219327673e-01 2.078933774899141829e-01 1.290074171295860390e-02 3.351495620357280644e-03 -5.235585996789506903e-03
-1.162139364818844500e+00 -1.182452376357914087e-02 -9.546802123670978038e-03 7.875265568110136408e-03 -6.789796328495895268e-03 7.535125231864381150e-03
-2.154693590495195377e+00 -6.246277808185503495e-03 -3.905435652677406722e-02 -1.588472979252434497e-02 -1.098172330847708728e-03 1.941569264555317300e-03
-1.074692390942313946e-01 2.311939857506691565e-01 2.396034064028716160e-01 1.769009310726932672e-03 5.980360445698076205e-03 -6.947246558057204417e-03
5.025710305713894321e+00 5.044571608787137285e-01 -1.987394947341073470e-01 1.638696404255390870e-02 -9.378217403510615490e-05 5.762713857667015570e-03
-8.386563015359183026e-01 -1.238956378450858931e-01 -2.301554461012923075e-02 7.044531299845363526e-03 -2.225312045835987906e-03 1.842892135768547934e-03
-9.645854859096245626e-01 -1.037047537379073847e-02 -2.213830980992117364e-02 1.233868894396308868e-02 -1.851146097301343977e-03 3.747901060685326653e-03
1.987780582959797648e+00 -3.406162582631194063e-02 -1.275812639455279340e-01 -7.797610755830788540e-03 -4.773426099019035911e-03 -1.227092031478665447e-02
-6.083254495733758649e-01 -5.375074540883135327e-02 4.475349717903965435e-03 1.113449669922454352e-02 2.357118173987551477e-04 2.882532514491069255e-03
1.950843446435968298e+00 -2.348823825589159767e-02 5.442872054289842228e-03 1.213119214206434407e-03 2.257504155446219719e-03 -7.719378838711633828e-03
2.053397480330252378e+00 -6.979822445287511834e-02 2.211447705135251574e-01 -4.034316812801823707e-03 -1.847120452271360717e-04 4.534868779468728336e-03
-2.339916016039169211e+00 1.108462897090489868e-01 -1.236445924474295355e-01 -9.851754738683141457e-03 -3.550951774435208777e-03 5.180928248266524101e-03
-6.562856400796510670e-01 1.230434240043183462e-02 1.303117430731015082e-02 1.388557089433947213e-02 -7.785481865258787274e-04 7.753319496875596059e-03
1.736562213695155288e+00 -2.624531578359411491e-02 -4.967997687305785587e-02 1.680175650262601041e-03 -3.819248904630553540e-04 -6.302632792590812279e-03
3.037061730222996928e-02 -8.742688933430299569e-02 -6.268473220527906453e-02 1.140213821138742409e-02 6.052872806792810451e-03 -4.712797898399924130e-04
-2.001026784619658994e+00 -1.634176786965803874e-01 -1.434609904531579938e-01 3.534047846120883223e-03 -8.998537096723470408e-03 8.946284827129412365e-03
9.449826881101548448e-01 -1.301057326716451856e-01 -1.449165105890717620e-01 -5.361595576351449455e-03 2.031389823126640830e-03 -7.201516697024252373e-03
1.573660641133171501e+00 -4.644866200206600182e-02 -4.083102859253599781e-02 5.227203201850906360e-03 -5.716427674264785118e-03 -7.453618890923889529e-04
1.266309933609836014e+00 -5.838144414061569726e-02 1.478164274087267749e-01 6.192509813849307945e-03 -4.026074772300512750e-03 7.069848491764760094e-04
6.687010157432377033e-01 -1.072662942554744453e-01 4.786891805441361586e-02 4.894800314360667204e-03 -2.526211558171451220e-04 -4.750392531442841973e-03
-2.520804852641587712e-01 -1.962371621481459327e-01 -1.037832420087950458e-01 1.008322678017814066e-03 6.455543534897746107e-03 -9.886114585731834228e-03
7.641948971447441730e-02 -2.320088314257132134e-01 -2.457265381711476113e-02 -8.542204768854831654e-03 -5.103663650328011531e-03 1.635534972773947018e-03
-4.894233537168637266e-02 -7.749793426693526999e-02 1.375196774048693948e-01 2.647406043617430999e-03 -1.515186639116313275e-04 3.101547848006971247e-04
-8.935372465952919896e-01 1.249982617359473441e-02 1.312720188575691033e-02 1.086416454763314623e-02 -1.291527093563837663e-03 2.282651579528970510e-03
5.373428840470233503e-01 -1.076147869740612939e-01 -8.492969560294601900e-03 6.131004259138132621e-03 4.527945366668579955e-04 2.323798401352244591e-03
-1.143896211297167342e+00 6.750898877727711245e-01 4.966830280907011397e-02 -6.897084664191378486e-03 3.873482533795104179e-03 -8.433222676848274243e-03
2.023926549304198907e+00 -6.011902517988990807e-02 1.875152042081252579e-01 -3.911295639114876002e-03 1.333418206346130563e-03 5.229863737954061099e-03
3.877815050387724005e-01 -1.517151485903140140e-01 -1.244132343829185694e-01 4.361338439795510100e-03 -6.039291800903522772e-03 -6.083426341972314466e-03
1.262973166054980112e+00 -2.025273024827721202e-01 7.293717200881053020e-02 -2.278529168743245736e-02 -1.997741613570656449e-03 3.690824167841163812e-03
-1.069121066603358372e+00 -9.709822804959646059e-02 1.357629824369897473e-02 2.207793739435751773e-03 -9.497766748101855896e-05 3.312050849852961418e-03
-5.648535799734804019e-01 -7.319934474791149615e-02 -4.539541175470957618e-02 1.013394315353451265e-02 8.059827643131898742e-03 5.486737817667272643e-03
-9.258356094104578382e-01 -1.189842129752017863e-01 -1.267840617710666307e-01 1.326010595277708586e-02 4.466563364006589411e-03 7.801883471969074191e-04
-5.427227526117249790e-01 -1.148693203891853754e-01 9.715265379852487670e-02 -2.306812446741890541e-03 1.942331121787812739e-03 7.580349104123548657e-04
-1.491788309029073778e+00 2.258431241862451574e-02 -4.678158998473439661e-02 1.395812549242212222e-03 4.462901248783805210e-03 6.545418628699119570e-03
-6.899728421718912541e-01 -5.671632082404008679e-02 6.834580107119239299e-04 1.028348632532368953e-02 5.464372215582336163e-03 -1.492738956610000596e-03
1.507026862064341464e-02 -1.555702944191045545e-01 1.888793612917246678e-01 -4.671285197168674463e-03 -4.737388919919450873e-03 -1.802401599265789252e-03
2.313766222648428350e+00 -1.845799774905377763e-02 7.110012977654876776e-02 -3.388251670928312149e-03 -3.431870240838290776e-03 7.058207953635288294e-03
-6.988290363467642985e-01 -2.117495153809754171e-01 -6.324548091868897881e-02 2.049125882527359516e-03 -6.308955462830131630e-03 3.045989360560233394e-03
-5.326150965561757822e-01 1.408774863914642739e-01 1.294499060511725141e-01 5.267499431129218403e-03 2.871378745128320541e-03 -1.595528499039395665e-03
-6.843568116555183156e-01 -6.642474672644649303e-02 -7.539190652560268102e-02 1.498371009227371202e-02 6.681920243735667980e-03 2.965304002352936734e-04
-2.829457048284663712e-01 -7.088366979674332047e-02 -5.680108678477410050e-02 1.649060756326828359e-02 3.458375250807091319e-03 -5.921329376595716766e-03
-2.108755287921643684e-01 7.317342847051351573e-02 1.237953940755460308e-01 1.138207803259993871e-02 6.317927127906313237e-03 -1.343556385123097349e-03
2.213851683906114420e+00 5.812983779088914948e-02 -1.706577719494691003e-01 9.494615751377355820e-03 -5.029161656820837177e-03 -5.809073414088783763e-03
1.778053549979494496e+00 -6.923833264117913722e-02 -9.165355140485408059e-02 -1.271661509732162181e-02 4.818376873370499268e-03 -9.763668713848816516e-03
-2.824216636073084152e-01 -7.779722320981054262e-02 2.494230771600034272e-02 6.202660577836501335e-03 8.636826786866809783e-03 2.737064522440189624e-03
-1.570876797129926006e+00 1.739133354276075349e-01 -3.411676937919880248e-02 -1.863774503327263014e-03 5.377173171056503879e-04 3.356617847543837737e-03
-9.493083852233301645e-01 5.607193929895814416e-02 3.426003435440838629e-02 6.858676337218544070e-03 -8.196512452533305732e-04 4.045576565713935278e-03
-3.655553661669099785e-01 5.451495271148507765e-02 1.672186685674016959e-01 3.541965657693187455e-03 3.544997851118062999e-03 -2.535752922231528615e-03
-9.199488876123442793e-01 2.235107785659043167e-01 8.413821248421456123e-02 3.119574189072969479e-04 9.462036461155963083e-04 -4.228207151846383118e-04
-1.050253567388837350e+00 1.370689574341103223e-01 8.629561823821933764e-02 -1.813418021332665253e-03 1.245854755481373818e-04 2.050867196145129382e-04
-3.237974238264031412e-01 -7.660679803681041955e-02 1.311741037293835399e-01 -1.550641578781661930e-04 4.044417978779178170e-03 -1.547220803809433486e-03
2.084417409523737330e+00 -5.458701376848539705e-02 -3.272946936188046718e-02 -9.838098396549458183e-03 -5.848111666760287194e-03 -9.451436008117332236e-04
1.052388616975577840e+00 -1.415809115423027342e-01 1.103314809932617602e-01 -4.826849973765140814e-03 -7.679534684699074361e-03 2.750028572234530008e-03
-9.553239633927439467e-01 -1.176395530834909720e-01 8.357875705881433193e-02 -5.606944178609429320e-03 9.240316472382648994e-04 1.200329755392217724e-03
-2.953446734545372432e-01 5.223843491783002058e-03 1.159709886670968609e-01 6.502912664550645865e-03 5.796437252003739694e-03 6.630674187231886492e-04
-1.081661863674939328e+00 1.456744974172667628e-01 1.910360705142039863e-03 7.992549895959509543e-03 2.198297561740069055e-03 2.185663663305682436e-05
-6.774494965940474067e-01 -2.108419639394988609e-01 -7.449073125111030369e-02 1.600777897246761540e-03 -8.468198273396440601e-03 3.927396996150201922e-03
4.279340043957701734e-01 -1.326424683222842682e-01 1.604491744259101127e-01 -1.574306799146046355e-03 -3.960249752279719308e-03 -5.062108847490161224e-04
-3.352421388166932359e-01 6.556085991728759221e-02 1.720515537017408281e-01 4.796554143946430045e-03 2.958939215725455568e-03 -5.020951362383087140e-03
-4.844823334760167688e-02 -1.983688408648167090e-01 -5.173478737419075213e-02 6.425095263648783169e-04 -7.771315236770057547e-03 1.509530335638806925e-03
1.215630000808011868e+00 -1.037606719309970976e-01 -9.088531382349514243e-02 1.460686305386969504e-03 -7.568854242998031279e-03 -6.218541247428607290e-03
-3.194783271830242688e-01 -4.314285079170567666e-02 -6.645674282143503031e-02 2.289730633425881429e-02 -2.315361332485727040e-03 -2.313034611768311031e-04
-2.797265346204663161e-01 -2.421640755257205846e-01 -6.096551283236214397e-02 -9.017994926577644135e-03 4.137789010215459778e-03 -4.972442549522862638e-03
-2.057444261312809441e+00 1.838923524727587022e-02 -1.791606811998306403e-01 6.285407057923574591e-03 2.866628407038468006e-03 3.468959745166858314e-04
1.055489679183900131e+00 -9.267431538529513624e-02 2.377768161188494045e-01 7.700812278155768568e-05 -3.169398996415777065e-03 -1.218201367976571659e-03
5.981855292607193286e-01 -9.495215881109115783e-03 1.405227811693146867e-01 1.188574461232154260e-02 1.019776416336636840e-03 1.258583290888369566e-03
-8.779147534575020284e-01 9.393413438952395722e-02 9.306934291656064617e-02 7.400690495945024330e-04 3.542577989340738986e-03 -1.250878571935235906e-03
-5.953008395333186931e-01 3.382526407615878972e-01 1.405944850461510465e-01 5.259983179696024313e-04 1.876559051166173595e-03 -5.287566020268433253e-03
2.103953297413669432e+00 -4.582491282943158134e-02 6.751353410504978836e-02 -3.075782103968719046e-03 -7.074254486169155587e-03 5.466592559841712204e-03
-6.010497119528812604e-01 -4.745943159738308381e-02 7.229776457107099652e-02 7.346897345862280458e-03 -3.277544237166390550e-03 9.060665724176767029e-04
-1.585163320273783372e+00 1.251125069856289795e-01 2.926724492938280811e-03 -4.378287727018113050e-03 -5.982002482204666974e-03 2.477788106522307333e-03
1.028909771307141341e+00 -1.426521006532171509e-01 1.073714484944662470e-02 -8.095313017326790858e-03 -1.746748337574393793e-03 -3.002858767538886791e-03
5.256515121496185827e-01 -1.816378096104306616e-01 -8.957963554912638793e-02 -6.822533831079028929e-03 4.083390938627168287e-03 -9.201890155233195118e-03
-2.698445647217805998e+00 6.454627090951971236e-02 -1.246548960567776532e-01 -2.017020288224708954e-02 -2.227039625055968024e-03 1.057166153082585245e-03
1.015721111354939143e-01 -8.582655432631494663e-02 1.093917169288782659e-01 4.304313542667420264e-03 3.556470834612408208e-03 -5.184823653066913778e-03
-2.440172585552544127e-02 -1.362916759066897243e-01 -1.042879489671649611e-02 1.656686283190882949e-03 1.039294714302200009e-02 -5.517687540266640739e-03
-2.119883378257218176e+00 3.106929159166654242e-01 -1.142418224033301399e-01 -6.163082386830279896e-03 -1.877959884266321416e-03 -1.758468076852997284e-03
-1.549520349133000519e+00 -9.029009216205000077e-02 2.603203239336575672e-02 -8.793192218774892321e-03 1.606289342585461575e-04 2.159322072124169895e-03
1.200028026616346999e+00 -7.889752119219890780e-02 -8.638408368517135061e-02 -3.473549491993217038e-04 7.112977220914270746e-03 -9.735339424507681583e-03
-1.230281779013261190e+00 -1.623405812404154214e-01 -1.261082134708516322e-01 6.675638744084225022e-03 3.364561076050072343e-03 6.165961357309195437e-03
-2.127998705788539446e+00 -4.795816557881377173e-02 -1.719071899162171735e-01 7.430300989788379221e-04 6.829146097204184286e-03 3.598209361172637587e-03
