6.578511872691061413e+00 7.400420124218050066e-01 -3.207456686976387777e-02 -3.549821938529985899e-02 1.454696517702455325e-02 1.021064282753854184e-02
2.969057090186597581e-01 -2.321795497267287456e-01 1.879110103354794115e-01 8.888198489274169722e-03 3.189438567399274544e-05 -1.173412203878552475e-03
3.542059363189639098e-01 -1.426413452166192253e-01 -3.238478085292185310e-02 5.278161809234607239e-03 1.280785957030082349e-03 -1.026566431329348911e-02
9.275960072174754822e-01 -1.404592681779112950e-01 -7.445818535454631903e-02 1.212173217772042656e-02 -3.371979848850264160e-03 -3.709638580668874874e-04
-5.900179461015046811e-02 -1.641850238093315040e-01 -5.096961463425205008e-02 6.762770907144217795e-03 3.198736419644812156e-03 -5.657819722491763161e-03
4.497305775042668152e+00 3.126278778669225877e-01 -4.130213573032835706e-02 2.573766390661597157e-04 8.936861797070478133e-03 -4.193553773130376380e-04
-1.577411403252509503e+00 2.422140846406611037e-01 5.658990141910652527e-02 2.950982108839099189e-03 1.301957975086504233e-03 1.617404411463529718e-03
-6.248707719608518341e-01 -1.423860256627996479e-01 5.273236405211640526e-02 -9.212101762732993401e-04 -2.117905683866353524e-03 2.969888729437670377e-03
-1.845008181980294926e-01 -5.477164807095372817e-02 5.287016105466472299e-02 -6.384103783862024248e-03 1.027048841573392247e-02 -7.874049787333905689e-03
-2.771780400591431714e+00 2.061253659042195929e-01 -1.148045348566504309e-01 1.278929500585565364e-02 -6.301730567347261364e-03 2.715010402176970452e-03
-1.285826544252236303e+00 4.255778007972274568e-01 1.205767566967300142e-01 4.893998356829699567e-03 -5.631420635387182150e-04 -3.619408826735778101e-03
-1.232304798808835145e+00 1.712352611942098979e-01 7.312301679827822032e-02 -6.441236979177677666e-03 1.298198794259048262e-03 -1.318648998758337708e-04
1.694885457466954071e+00 -2.696359795428804676e-02 -1.159226868865136095e-01 4.706512201731296099e-03 -8.509071369040731997e-03 5.872555467695272924e-03
2.786599257031427523e+00 2.060038143641939115e-02 -3.092503608577363769e-02 1.209251164103769885e-02 -8.037263181163933901e-03 6.796028187966632458e-04
-1.107076390403926691e+00 -2.369486250503251897e-03 5.885245735705229263e-03 -8.957912317843550257e-03 1.207424696745870111e-03 4.097482274880217060e-03
-1.372342651297770111e+00 3.181363922618535844e-01 1.242443726620621053e-01 7.847644282003785748e-03 1.906613620787700253e-03 -3.815348805093406528e-03
-2.133566433396204776e+00 5.083586627608464026e-01 7.098254379812014847e-02 2.115450739902025035e-02 -5.736851198653635485e-03 -4.394822631840249877e-03
1.519726548798339127e-01 -1.166309282821668403e-01 1.910129986329160007e-02 -2.759505245558113544e-03 2.310472898674797385e-03 -9.053571318410969307e-03
-9.104638109892243536e-01 -1.062622972522613146e-01 3.319268763690027407e-02 -2.486439480059312625e-03 -2.977487809636968378e-04 3.649428939412373220e-04
-2.724056049472527996e-01 -1.720663325319524983e-01 -7.964921183911054248e-02 8.063998561456694678e-03 2.965707401226820149e-03 -4.438424214756164950e-03
-5.305594356171585702e-01 -1.640435098382854728e-01 5.386896778624421928e-02 -1.193805689642101061e-03 -7.567789736283599307e-03 5.352441504935117906e-04
4.579158000441602816e+00 2.691312881818337943e-01 5.258011899577727348e-03 2.710637702781655035e-03 4.533506306420051306e-03 4.785257662750397323e-03
3.849574609395054914e+00 1.377473953411904040e-01 1.986167177223744501e-02 7.760688695498246630e-03 1.911366469228283245e-03 4.515441215603501444e-03
-2.420669861350335517e-01 -2.901815452752249530e-02 1.994281237448205235e-01 -4.293435055218137314e-03 7.511475447561190462e-03 -5.181253045144168165e-03
2.470243562396780557e-01 -1.119834699906151476e-01 2.076505244754362368e-03 -6.137531532310622282e-05 7.000647299147069562e-03 -7.887580470073088032e-03
1.941925602887805580e+00 6.873512827666983238e-02 -1.787104485902996642e-01 -6.070558868497131187e-03 -6.077165625767527030e-03 -1.257204944855092564e-02
-2.408258795455841539e-01 -1.269610878988063352e-01 -2.133436265838024870e-02 -3.801516325158815356e-04 5.199171927709929537e-03 -7.461008394737052600e-04
-2.039331791441246988e+00 3.977619057710079370e-02 -1.280924132911291646e-01 -4.914376428827897485e-03 1.448130988146249234e-03 7.767331287429256543e-04
1.237503718620965198e+00 -9.537749769174250214e-02 -7.253955454130697755e-02 4.562207483739018875e-03 -9.831491466846824581e-03 3.887332924366365423e-03
2.149404021071612547e+00 -1.195087951971386953e-01 1.046125870146679682e-01 9.215870070020313470e-03 -3.314581734756185619e-03 8.196487255079147605e-03
1.848042039472179932e+00 -1.020845539456189666e-01 -4.334881814539514461e-03 1.226352727661175410e-02 -8.430379464682478258e-03 -5.912627090450317318e-04
2.664220980314169207e+00 4.895640182806583474e-02 -5.398855665333410214e-02 5.489162878771827563e-03 -2.746280701529015249e-03 6.520367915499084531e-03
-1.411856943593651437e+00 2.334914413869157435e-01 7.822659165157308525e-02 -6.593914868903473243e-04 -5.003269984352996542e-04 -7.793090809656836768e-05
-1.221218168430742379e+00 -4.687284519782233122e-02 -6.969646189561630456e-02 -8.724955827259527757e-03 3.027572207056710828e-03 2.880579978018502855e-03
9.620346589788947300e-01 -1.220302566656298743e-01 -6.317031913995374559e-02 5.466674508628821712e-03 -6.846982894527258411e-03 7.521875822444234160e-03
1.279904456423506254e+00 -7.047183487948333047e-02 -6.841949180908263317e-02 5.281386401603358101e-04 -4.503194458727674196e-03 5.357633441225785609e-03
4.617194293797772797e-01 -8.610894336950923600e-02 1.548508756788758989e-01 -1.040769501867249563e-02 -1.116094091825351776e-03 1.160142831760356031e-04
2.029329589193539896e+00 2.965493393354912480e-02 -1.090098734714076145e-01 5.976459349554500301e-04 -2.702534981358389876e-03 -6.291880615054722993e-03
1.366582861324006082e+00 -1.404691629332997238e-01 1.672180633049250020e-01 -1.870558385625800636e-03 -1.523083034285839521e-03 3.403871697138692413e-03
-2.403899683452932035e+00 3.034352970236754432e-01 1.699066642375229169e-02 1.962633965678288461e-02 -9.503859680893960923e-03 5.502615451481773822e-04
1.278786338275458734e+00 -8.375953135763543334e-02 -9.923523328630209916e-02 1.056286164963373027e-02 -1.411447582270543115e-03 -1.348618499685274056e-03
4.841626277003032164e-01 -9.851188961255367971e-02 3.790334636901693949e-02 -6.452638479343777468e-03 -1.082276325418697187e-04 3.924140995867852165e-03
-2.553980067543601962e+00 1.236722384403892427e-01 -1.345121620801718321e-01 3.523231841785819368e-03 -3.379148418366716058e-03 5.497299233159667550e-03
4.623607591126164817e-01 -1.931811076334753741e-01 -2.376983238995399733e-02 1.390354534047695025e-02 2.544630973783597902e-04 -4.548698006700927789e-04
-6.760794023228111627e-01 -9.305957009471028940e-02 5.287139189606741146e-02 -2.698102457488119835e-03 4.451760070629282723e-03 -1.859626307678409734e-03
1.222550869701396037e+00 -1.061374776864508346e-01 -9.951693735570430258e-03 4.766452461244807121e-03 1.466975887029313636e-03 -5.748325355775303624e-03
-8.597513402577848796e-01 -1.553790034595249336e-01 8.211735125896960086e-02 1.897782313946748791e-03 -3.190338206841928162e-03 9.331583242436907203e-04
-5.382564793864083041e-01 -1.054365329549711294e-02 3.954852307381346438e-02 -1.323017086707924984e-02 3.456334371632306668e-03 5.813147640393616887e-03
-2.836809186693544316e+00 3.237791535150949529e-01 -1.077366359240524984e-01 1.846566710028518798e-02 -4.263939485991808005e-03 2.370469452217625807e-03
-2.233244208055059410e+00 5.236712880462668362e-02 -1.258230193312273315e-01 -1.848662467411717886e-03 -7.765668520416927527e-04 6.855647053576502913e-03
3.715984046411084929e-01 -6.385930626558612710e-02 -7.533597830107616189e-02 -9.727562768911872035e-03 1.594224876714833315e-03 -8.495182784005971682e-03
3.980075905501859967e+00 2.551681546289753522e-01 -6.097169087403767757e-02 -6.658898108345979658e-03 1.541914379837058206e-03 2.758188667669732828e-03
-1.881039062748537161e+00 3.869504849440456584e-01 5.259796974192952612e-02 1.056171004891366672e-02 -6.831069042921596342e-03 -1.963158916555839476e-03
-9.977179536340328170e-01 5.648119112134233899e-02 9.133386829024500719e-02 -5.354253152446579456e-03 4.660655384322857919e-03 -3.398679020645295305e-03
-6.142189637115340606e-01 -1.952427856944531082e-01 -2.720298706921153026e-02 8.155437011835705782e-03 1.896541485346686521e-03 -1.530287570740095776e-03
2.182544807513008944e+00 -2.502726080816825710e-02 -3.668302588844282730e-02 1.268050351439706062e-02 4.137209594144292991e-03 -3.745587259370105997e-03
-1.092601059653828255e+00 -9.736773539016979617e-02 6.345526332616061027e-02 -6.028609735559907999e-04 -1.638913635284236980e-03 2.032845484234063575e-03
-4.305534597917759498e-01 -6.817705366535196931e-02 1.311379968320228184e-01 -7.609610136198116312e-03 -1.580408900223890384e-03 -8.093253159559656625e-04
1.804335081025878029e+00 -1.219374240838366624e-01 -3.045637278315762274e-03 1.790351258836911028e-02 -6.062121938813752609e-03 8.586537302453478918e-03
-6.934650593861875212e-01 1.074698409510722319e-01 1.833027115592139877e-01 -8.226030028967729751e-03 -4.469703159372164229e-04 -3.941092779765371402e-03
-8.996205684912615963e-01 -5.348805066019456794e-02 -3.271261126719117451e-02 -1.305614355781294436e-02 -4.679286775960174970e-03 7.744086335245894265e-03
3.077358018773713066e+00 3.435020387585803470e-02 -7.202617523410424077e-03 1.471823716521725514e-02 -4.945080857463483165e-03 1.001040414234906188e-02
8.452423013218467451e-01 -1.347461763667851253e-01 -7.635288591485595022e-02 8.322305408024328194e-03 -5.335517003505064852e-03 4.352907334762151637e-03
2.782999014432619767e+00 2.878256770413578289e-02 -1.186557341283920588e-03 7.178954182484861835e-03 4.239765165732721757e-04 -7.271051154467168820e-03
-1.199954831757690243e+00 1.991518316458883719e-01 5.256629297206853041e-02 -1.219020143216681222e-02 -3.381924125531757426e-03 3.655705443672847572e-03
-6.452739045706427090e-01 -5.963263453996520830e-02 1.383737482099430816e-01 -1.764595488437413007e-03 3.754909025485276067e-03 -3.501617179907926718e-04
1.891684993530486913e+00 -9.646923109178028033e-02 3.715299724319443692e-02 5.273542519520085792e-03 -9.414585494642241717e-03 5.931597952568454062e-03
1.479691885660473050e+00 -1.693123920325668164e-01 1.562101666918724874e-01 4.620112906501112025e-03 -1.582405888131400941e-03 3.004794693058923920e-03
2.810984220067425099e+00 -5.051288481892356186e-02 6.071391328096110290e-02 1.289795428891917298e-02 -9.530243433089783528e-03 6.266407405616109157e-03
-8.132162462114997936e-01 -1.219959185096073789e-01 -1.569487604708202366e-01 -2.906882375211301221e-03 2.356207819926195001e-03 2.418870375570011336e-03
-1.672185570832960932e+00 6.718937073442149410e-02 4.832465346251518801e-02 1.360892721659230468e-03 -3.066672153462290940e-03 2.258141366120390049e-03
-1.380882364288757325e+00 4.450047053459671963e-03 5.585306163448741645e-02 6.012523277483757846e-04 2.822984993502303599e-03 -8.318081401613733545e-04
-1.953645080483548124e+00 1.422142011445802143e-02 -5.172279420704366248e-02 7.128804131816294729e-04 -2.219868619192347952e-04 2.098390653833314204e-03
-2.304940160666176130e+00 3.945338365500638544e-01 -2.034260836539051112e-02 1.675215826211997813e-02 -1.446398827954044515e-03 1.534980594888158507e-03
-2.050498674935500976e+00 1.806642130382126732e-01 -1.009501849522976072e-02 6.866502234636198514e-03 -1.647275968371844483e-04 2.751561579859314235e-03
-9.419685385286474810e-01 4.277126616713100571e-02 6.727851291264820566e-02 -8.950504279444186292e-03 3.767009497137083652e-03 2.882668330794566774e-03
-1.597643187448345992e-01 -2.053820388247215023e-01 -1.752958315795816527e-02 7.802440909525806996e-03 -4.795998159091016504e-03 4.694180139193765075e-03
-2.423989177821590957e+00 2.574352323070145943e-01 1.273393374893010653e-02 1.993258502080581807e-02 -7.868771565000312260e-03 -1.511861991461330547e-03
-8.738148784333015229e-01 -8.600623652958848397e-02 1.361007369862746452e-01 2.923883829861185796e-03 3.504584867407171955e-03 -2.288701736632401534e-03
-1.335639999790996901e+00 3.293277858154489146e-02 2.579872309067712463e-02 -5.162980983841717469e-03 2.581097954136536785e-03 3.902191057479706057e-03
-1.894215572839012651e+00 7.328927545080672623e-02 -1.260582748343656578e-01 -9.753848906031628921e-03 1.438287807041108970e-03 5.657835058315955311e-03
-6.426632392445910114e-01 -1.404851585730523544e-01 8.060718631040382498e-02 -9.216753150316969647e-04 -2.693949251357822313e-03 1.896649501765102159e-03
-2.869813470757473617e+00 6.256298704986460457e-01 -8.473378575071442709e-02 2.336028286441386992e-02 -3.032095859739553263e-03 -7.040685823324938260e-04
-1.425065050050849713e+00 2.902727458624712598e-01 6.576381167987094267e-02 -1.841734805305824231e-03 -1.750897159103778720e-03 1.982630495393169611e-03
-1.346407781038288842e+00 3.530822761115078728e-02 -1.272046719588525721e-01 -1.172115822430786457e-02 1.140934873705345270e-02 -2.654734537678171149e-04
1.339372269816954675e-01 -8.052205544171676943e-02 -8.054775419874230999e-03 -9.476585867592908149e-03 8.887247581935551642e-04 2.296704751893159386e-03
8.338955894799748858e-01 -5.565088899357491931e-02 -1.429535979358094178e-01 -3.157387606347094276e-03 -2.207634081852559872e-03 -9.838131323093574424e-03
-1.369127924353999104e+00 2.102924024649258095e-01 3.624757974619661344e-02 -3.423364876745712843e-03 7.373446178949679373e-03 1.090775320754035736e-03
-1.155749560380314955e+00 -1.041142701374561386e-01 7.394904906409756340e-02 6.887104305809708732e-04 -4.521749598162713192e-03 -9.319550378244364445e-04
5.715134236741352680e-01 -9.270649461185218043e-02 -1.379891007240555412e-01 4.059148517246038285e-02 7.751528398238420603e-02 1.594679419465206902e-02
6.565911077760175352e-02 -1.789486183954912268e-01 1.349831209881898197e-01 1.892389418873981254e-03 -3.297005433975631894e-03 -1.362001274449712793e-03
1.155439849227478888e+00 -1.610163226067656828e-01 2.269700599636964855e-01 -2.822961567550829817e-03 -1.770403555501492282e-03 -5.587581539315130633e-04
4.559138774985828646e-01 -1.020022595914373692e-01 2.230019177601570146e-01 -4.430552258040212389e-03 6.714142479580856131e-03 -2.686697269348188328e-03
2.683289974083674090e-01 -1.231037057523441947e-01 -2.904665923320496126e-02 -6.398975670424126259e-03 -1.017020697117235022e-02 6.013044262958419303e-03
-8.279328665915988150e-01 -4.060458673125356965e-02 -3.043052895125840374e-02 -8.333504919445866924e-03 8.503850485718665239e-03 9.001236843094250579e-04
-1.871677261869303388e+00 1.813693603970034651e-01 6.022416961189060169e-02 9.527354409898795493e-03 -2.814862483194975357e-03 6.235292845175801225e-04
-1.378736805618242078e+00 -7.995563861773020975e-02 2.165885779549747703e-02 3.002697387100663508e-04 -1.712158869515383172e-03 8.912353287535830461e-04
5.841332159964867543e+00 4.930047538117189321e-01 2.201102414496690710e-02 -1.703916846336401419e-02 1.901394785407508172e-03 9.276371821215718960e-03
1.266379950767145601e+00 -1.022768160235867779e-01 7.022131355456370794e-02 -2.012759583625610763e-03 2.250762151231260435e-04 3.177674628479935752e-03
2.269547546505276348e+00 2.682147573943974989e-03 -8.439868471450499843e-02 1.102021229088339695e-02 -7.353907484359994626e-03 -2.959297090691868134e-03
-1.082423169193650558e+00 -7.064174651872857924e-02 -5.261672656141266197e-02 -5.697403550777074312e-03 4.966308260851571253e-03 8.476048351887883331e-03
-3.437455150015468475e-02 -1.927207062681916133e-02 2.283472642309368472e-01 -7.535206700223991659e-03 5.661374152329538140e-03 -5.026838340536119755e-03
-1.725144323657017698e-01 -1.723152830110377121e-01 8.553949944430754015e-02 2.562476421365582780e-03 -1.019639497691525063e-03 9.252527456989531585e-05
2.104289152176799682e+00 3.459107462847266917e-02 -7.797654892950002525e-02 -2.917614197276424595e-03 -4.119618996433608606e-04 -6.224951406039581567e-03
-7.801678058249440495e-01 -2.670461070794826874e-03 5.808180818271885260e-02 -6.430359767535364333e-03 8.454608063582431596e-03 -2.339715374747761058e-03
4.823401241982195886e-01 -4.750792994806607439e-02 -1.001904176624225928e-01 -1.096800243766085474e-02 2.874444814703877148e-03 2.389203391701768577e-03
-2.296130995251526308e+00 3.086781824914840988e-01 -2.182085145785979396e-02 1.277176402062272023e-02 -5.028277463237497240e-03 5.082564061158926583e-04
1.162920502948308954e+00 -1.580009384615214951e-01 7.344407057046956067e-02 6.297165540137573958e-03 -1.795941278312985622e-03 2.838496764081007047e-03
5.361032627976820564e-01 -1.494806134839002376e-01 6.415584379561199702e-02 -3.486403460691792338e-03 -9.524225418088880235e-03 3.705373111887669789e-03
-1.070932117217243240e+00 3.307901668830315334e-02 -6.504987955055865911e-02 -1.546779343248074270e-02 5.030048046063757480e-03 3.678178752743815026e-03
-1.255094098084212906e-01 -1.124091886467453588e-01 -7.753476641138713765e-02 -2.819269120808326132e-03 1.439874577913901254e-03 -7.096162258718629462e-03
-1.017510580605150095e+00 -7.985553719547971996e-02 4.751788949246321669e-02 8.224183294214141909e-04 5.894007108656723094e-03 -1.975874488463254513e-03
-1.698526046869646422e-01 -1.840506673161368748e-02 1.804975696434352739e-01 -9.510583595977928004e-03 3.535403769854228873e-03 -2.533072181620931330e-03
-7.893021173381079558e-01 -6.408194067878146549e-02 -9.610929453412643542e-02 -6.845688176753295974e-03 9.164286700683501458e-03 -5.092895682705516312e-03
-1.580167997191932461e-01 -1.931483078103396478e-01 2.056489802003582668e-01 4.517005255755846341e-03 -8.280693931980022231e-04 -3.219472988979314807e-03
-9.870539044521711158e-01 4.450563284696276156e-01 1.629522699078379266e-01 6.315691185210630916e-04 -2.735102467225807629e-03 -4.566761581813831399e-03
-1.372648278960869161e+00 2.514904808559835225e-01 7.199327812079435451e-02 -4.102127180255220155e-03 -3.958009068912557264e-03 -8.052376419798092533e-05
-5.875837210157986990e-01 1.269066671260060952e-01 1.931868009673853304e-01 -6.467591130035563012e-03 6.089258500286124330e-03 -6.990604582295977150e-03
3.329198420425767857e+00 1.664793957041465766e-01 -8.845251668293334368e-02 6.107983589334300967e-03 1.581217323524443342e-03 -4.157684912763756971e-03
-1.120280407484060436e+00 2.864735252443845193e-01 1.070887988545076164e-01 -5.307643685940675697e-03 -3.091872788564342472e-04 -1.217599335116443041e-03
2.246284533911052650e-01 -2.153651283070448785e-01 1.861958589540671505e-01 7.591255335416020357e-03 1.091886212336348619e-03 -1.803893153824864294e-03
1.389859872531897134e+00 -3.060568522248106188e-02 -1.108035610420604888e-01 -2.079143692605223484e-03 -3.456248866423083325e-03 -1.658187023165247007e-02
-9.324137791384428109e-01 -9.624771218397307204e-02 2.135560506704718350e-02 -3.874142824056665477e-03 -5.637147444842911136e-05 2.586714598176239385e-03
2.201598989623724467e+00 1.113686811673747674e-02 -9.753524594755658139e-02 1.016910667845198277e-02 -4.326833463263030782e-03 -3.105239258653101631e-03
-1.705570629217955547e+00 -5.292896350206847955e-02 -2.011350005900687521e-01 -8.516054011319848169e-03 4.728728491590200589e-03 1.704960934349188670e-03
2.814674879041335065e-01 -1.614982554280041185e-02 2.409193452771997979e-01 -9.242699766089709085e-03 9.072795416589674034e-03 -3.888426831899149342e-03
-1.187021179494029133e-01 -5.781080664842462580e-02 3.256128913970192384e-02 -9.697591281747569916e-03 5.312534880204339803e-03 8.569014286471190751e-04
-9.597942309483524781e-01 -1.184986827383245900e-01 8.979106139667178410e-02 3.674817070368587620e-04 -3.063521940188145259e-03 -4.937985841922365145e-04
2.933250063338884939e+00 -5.583494251268321384e-02 1.120644372357136043e-01 7.856823517797102696e-03 -8.828137717301558218e-03 8.717183708547555573e-03
-6.075819407578403331e-01 -7.852211406028744567e-02 2.220291272791572595e-02 -5.820196412080453664e-03 4.523738705684734844e-03 1.843395997293589134e-03
-6.574995586500604894e-01 -6.480568335086485388e-02 1.375264765452481330e-01 -3.211985753554193537e-03 2.117491848804872842e-04 -1.215550650276900173e-03
-1.357615947981317239e+00 -8.467757166510325728e-02 -4.455667882087865905e-02 -5.830666594104894594e-04 5.230396195534629290e-03 1.135078382828625873e-03
7.813197904062089971e-02 -1.179698126630051858e-01 -7.681457791159615467e-02 9.405040580669415473e-04 5.017695493259739445e-03 -8.777003690746827376e-04
1.253046836507093476e+00 -1.172793940422954539e-01 -1.773717998214696667e-02 7.650310431195853772e-03 -2.975669322482796773e-03 -1.047024946609520502e-03
1.791701785782556233e-01 -3.656124999970850747e-02 1.738704678614633736e-01 -1.127789443226708682e-02 4.415902042485216929e-03 -1.453015940060066891e-03
-2.557530928532367742e+00 -1.627493797739009915e-02 -1.921324391311658997e-01 -1.053717864033346628e-03 -4.491200740056172473e-03 6.036609284038841131e-03
-2.012441803995232092e+00 -6.590600265996263141e-02 -2.576830409567116842e-01 -8.744657146631853659e-03 -1.058118856392196560e-04 -2.797231789794300122e-03
2.830542394480246138e+00 -7.010932526843849030e-03 5.146639371073716274e-02 7.621102746301089761e-03 -1.236605228357674346e-03 3.085587537746118780e-03
5.792881528344833164e-01 -1.200121692696685533e-01 1.401250406374862090e-01 -4.220465493576300124e-03 1.467078176533993502e-03 1.322407716037694685e-03
-1.185809921073359918e+00 7.969303922585418976e-02 1.242766959961724843e-01 -1.155268290566291824e-03 5.758493936022554115e-04 -1.842447563749551043e-03
3.901375535320577459e+00 1.366959501079688666e-01 1.433005393140141664e-02 7.909908596419176416e-03 -8.661255641397991659e-03 1.083678023366695976e-02
-1.629840434137207028e+00 2.790873745374819470e-01 1.104701988894867537e-01 1.153003083167610660e-02 -1.152964260234708594e-03 -2.832102210584753598e-03
-2.086376771678529973e+00 9.821460571805369633e-02 -9.391102378417096400e-03 3.479117066954717698e-03 -8.325848150349883861e-03 2.864067186365860333e-03
1.060516991122790742e+00 -1.262258895416087934e-01 -1.497496935078183574e-03 3.422533474426130498e-03 -4.443214029562474882e-03 2.548083901655191514e-03
-1.933709235754008882e+00 1.501334376757150479e-01 -1.011734974513035512e-01 -6.214192369142041046e-03 4.399377357859080365e-03 3.229511500643260802e-03
2.713765602650979769e+00 6.042730554201210247e-02 -5.627897312111725114e-02 4.668499727450604528e-03 -2.458864391177458756e-03 -7.856156044440842923e-03
-1.737247408152010841e+00 -5.173194435334477204e-02 -5.976488378068081902e-04 3.404844712978413908e-03 1.305360716294047612e-05 2.993729342864444830e-03
-1.161302500756522527e+00 1.484388750796450940e-01 1.648427250492386642e-01 2.076717923594615343e-03 -1.177468240548753316e-03 -4.604408037402164637e-03
-1.728369384234479611e+00 5.569207919630102255e-02 4.422957580094780301e-03 -3.767237113049042886e-03 -7.392601326754309754e-03 4.922265008921946836e-03
-1.896442354827654553e+00 -3.711976637752639752e-02 -2.315439270213361100e-01 -1.219191266990148244e-02 2.456384889113562330e-04 -2.581479381563333685e-03
-2.659129534762577407e+00 2.973319347549502889e-01 -1.079359129504083303e-01 1.164432324204715298e-02 -6.259736900474101653e-03 2.942600768634839881e-03
4.864335377385828885e+00 3.891892200280637759e-01 -4.605854340419242299e-02 -1.480716193311480515e-02 -4.722217768502198418e-03 9.571314533966725907e-03
-6.791160582043530569e-01 9.603481432424263581e-03 7.409869084162383490e-02 -1.002072799577746233e-02 4.174459371002803287e-03 4.939891623692613904e-04
5.640425620184343902e-01 -1.793144007310132071e-01 -3.201660820082457420e-02 1.228708294222045048e-02 9.302286708860771998e-05 -5.070164747721725949e-03
-5.589096765181853499e-01 -1.661093132736053135e-01 -5.440874360295307882e-02 2.380387469137002551e-03 -5.515372308671344934e-04 5.399420594881970334e-03
-8.494570468505620031e-01 -8.385153058532753001e-02 -1.576863934539441126e-01 -6.283601603225078165e-03 7.225317354607341085e-03 -4.760200732125447094e-03
-9.529660013366202387e-01 -1.418249696884213429e-01 6.636616114791750454e-02 4.918982910076823492e-03 3.385760840152002033e-03 -1.770709092914660859e-03
4.149865778410941175e+00 2.080702296292755160e-01 4.169514535724066703e-04 5.280320927666214484e-03 6.443624934165921060e-03 -3.585289541952389834e-04
2.394288164798033858e+00 -2.422220385376912949e-02 2.028900196408935097e-02 3.284418905794469264e-03 -6.208002934264528379e-03 4.529325805574832380e-03
-1.862596452769233357e+00 8.596801339689709789e-03 -1.203320146463510987e-01 -4.217110181790924804e-03 5.909288216043430929e-03 3.253815146171987888e-03
1.205282527110518448e-01 -1.361185704555028797e-01 4.574265120688259662e-02 3.101650436708668318e-04 3.491536765644180813e-03 1.042472286313278007e-03
-6.424521282253191634e-01 4.991521541980118576e-02 6.241480527465922967e-02 -1.625440485618509512e-02 8.000667462881352594e-05 2.220114872610259252e-03
-1.357965417393348195e+00 -1.428158968393884176e-01 -1.565028564458141591e-01 -2.800680804830262167e-03 -3.702756242524978154e-03 4.393343398860237231e-04
-2.478733593993929230e+00 2.271981930314077303e-01 -1.471895663621147939e-02 1.744580300815148574e-02 -7.640332956445105954e-03 2.103134084347151164e-04
3.261469319105175235e-01 -1.606559197988448595e-01 2.096057078628929815e-01 -1.560719055998589680e-04 6.959189129607789301e-04 -2.639294468245968837e-03
-8.759980060399641388e-01 1.128882277870322803e-01 1.486263639466596786e-01 -7.861287930508721947e-03 -1.398330212888715483e-03 -2.015369952520824296e-03
-1.064702784854056006e+00 -5.780953195839730850e-03 -6.148425712433528562e-02 -1.027777702587613293e-02 8.905037971506867336e-03 -3.273816515193272731e-03
2.061269742830735829e+00 6.755584997449863571e-02 -1.387753037242566434e-01 -5.649992114924767134e-03 -1.891776874351988992e-03 -3.673015656971792900e-03
3.158888270978462698e-01 -8.657384597704284590e-02 -5.458951915984583403e-02 -6.426170539501731629e-03 6.314039814666151185e-04 -1.020316398655185357e-02
1.955394317046312169e+00 -1.261006913967479826e-01 5.692611641759127289e-02 1.361599857286409365e-02 -4.265177703056122205e-03 6.825934810904519395e-03
-1.513045902670502096e+00 -9.862912001029858211e-02 -9.433696074755730521e-02 -4.958893831246871491e-03 -3.513649462354664736e-03 1.067199736726199590e-02
-2.306217252326807354e-01 -1.020906514246413543e-01 -2.014643121365657097e-01 -1.208288506368463940e-03 3.627666716359396158e-03 -7.564991901695020809e-03
-2.432468703171212443e+00 6.081552500267904671e-02 -1.169045899822940965e-01 2.866944799525426510e-03 -3.123588954250803868e-03 5.302228614771305019e-03
3.854648894963646821e+00 2.463847327605346027e-01 -8.295285325128266829e-02 7.549452614624551239e-04 -3.934565407027057894e-04 -5.163333757079271655e-03
-8.126466509444040254e-01 3.399397902074664801e-02 1.934668662001045453e-02 -1.136108336136604224e-02 8.692575323628572853e-03 -3.997346554543565293e-03
2.011663553648586955e+00 -1.125021405079301429e-01 4.166455682430948021e-02 1.438996270752478449e-02 -3.696203211506163613e-03 8.123500366857397403e-03
-8.457434319143207757e-01 -9.133382487195466914e-02 -2.493091005695840731e-02 -7.220768639940307147e-03 -1.065281732531321145e-03 6.102924525722388388e-03
-1.180523894887581360e+00 -3.167551509767325274e-02 1.740391365565879117e-02 -5.734317456279063203e-03 -4.387495434134230346e-04 1.973485086946606248e-03
-1.047471899599391687e+00 3.371884075479544829e-01 1.523123776835257626e-01 1.767701406719482415e-04 4.639574616319510660e-04 -2.578939913557875760e-03
-1.822427400195467673e+00 3.382239540198635902e-02 -5.594265986568191379e-02 -7.137917790955457080e-03 -7.966206768001915517e-03 6.831312480995451776e-03
-9.869949223445801945e-01 1.573764190437390298e-01 1.547430814698300128e-01 -2.690719783023900330e-03 1.857319166833236966e-03 -3.267740417120393228e-03
5.762445329811489714e+00 5.646998220185781570e-01 -3.630270833471851977e-02 -1.730247784979513370e-02 9.787326959022412537e-03 7.568186864524134756e-03
-2.665472461427043083e+00 4.099480208579499574e-01 -5.144333513181464229e-02 2.016102905709535320e-02 -6.542997646649416355e-03 -1.068980910213778888e-03
-1.323545365164517040e+00 8.257594339875222733e-01 1.475362945931973924e-01 1.560950461006039257e-02 1.283641352271495690e-03 -7.462720042750513143e-03
-1.205745020817350355e+00 -9.752739891166045672e-02 -2.501948500504877146e-02 -7.015482608850876801e-03 -7.248211245149635898e-03 6.445869794395953437e-03
-2.675656168210085450e+00 3.107424279478176454e-01 -3.475179697956842090e-02 2.064856484066345671e-02 -9.997442543422248654e-03 1.300103363155780123e-03
-3.235477891434573872e-01 -1.317539901173085670e-02 1.340939373082782049e-01 -6.362203087471844307e-03 9.658961069113439560e-03 -4.375046153395918853e-03
2.262468761517871574e+00 1.037389932995927827e-01 -1.587554661057707373e-01 -6.812372742010307930e-03 -2.902143267533203747e-03 -4.842268700352069140e-03
-2.524384166237655158e+00 9.605441749238673166e-02 -9.694394577719836481e-02 3.326758456971120204e-03 -1.194821777750976199e-02 6.725259854393340724e-03
2.434205488220531344e-01 -1.241808856553552470e-01 -1.493536521341383705e-01 -4.425960472206766578e-04 -9.571735602960382630e-03 2.395455833675938506e-03
-4.144830636681156033e-01 -1.553754039602116832e-01 -5.872048562209584294e-02 -1.972905669846789910e-04 -2.598085147693544872e-03 -4.070272934949747609e-03
-1.566588904695339179e+00 6.069748940173941287e-02 7.216239278588031103e-02 -6.929654211925989496e-04 -6.403717797624701273e-03 -5.907779821905231529e-04
9.804046479195343000e-01 -7.089501185777090375e-02 -1.225251674168524318e-01 -5.246478109068204720e-04 -4.303827642830189773e-03 6.319691528360835446e-04
1.863267127499588005e+00 -1.747666700595947725e-02 -1.107553840001815199e-01 1.303581998419784359e-02 -1.229267402200816901e-04 -7.847219317476897965e-03
-3.551895559147892900e-01 -7.978582326466601704e-02 1.875394226853439872e-02 -8.317340932058839287e-03 1.180137502181636926e-03 2.972316051632600559e-03
2.210196464178556808e-01 -1.297080934652297401e-01 -5.775688280638539146e-02 -5.308089231039025659e-05 -1.292394661501948365e-03 -1.028589238436990010e-02
-8.714971599146784098e-02 -1.733851224484957987e-01 7.747065247060722602e-03 1.693467970298803259e-03 -4.978654182641527662e-03 5.297334503414428963e-03
-2.427042828704552291e-01 -3.601536878718527429e-02 1.374796069044877389e-01 -9.728785959776267353e-03 2.705786534606897768e-03 2.633815726787537884e-04
-5.619245460470139175e-01 -2.048813894350594994e-02 1.213664814844895995e-01 -7.990533731340317483e-03 1.680927412982262999e-03 6.639482238482170146e-04
1.088820085589399939e-01 -1.643117560805222588e-01 1.405385447728789428e-01 -1.201832052854434271e-03 -5.262674315697882937e-03 -4.963668562978022347e-04
-1.414040006079084089e+00 9.954853742668056445e-04 -6.779574692993133034e-02 -1.211635321360206817e-02 -3.268916526600113091e-03 3.740187645935342826e-03
4.016802695781462873e+00 2.040402614048804075e-01 -1.254522033471959681e-02 -1.731842573084636317e-03 -4.058823803729818408e-03 -1.989125458873676477e-03
-1.631866857349819400e+00 1.410505026332031786e-01 4.454131214103311531e-02 3.060556972009656658e-03 3.308880432777551797e-03 -4.610347144640411293e-04
3.832757440345540001e+00 2.551184000252038619e-01 -9.051630799805510108e-02 -7.155053808085231302e-03 -7.410058770228485775e-03 4.636010433327203417e-03
1.924320464048632218e+00 -9.458207984227995357e-02 5.704304576612110461e-02 9.551612809208060925e-03 3.101893812337262225e-03 -9.847590580543258681e-04
-1.846645260438561253e+00 9.693192854254528701e-02 -1.006004755835763209e-01 -1.138942933265024021e-02 -3.409860458186321150e-03 2.849440151082218309e-03
-2.067844702805615054e+00 -5.093578117626880453e-02 -8.551880482479580492e-02 1.495455133521621412e-03 -2.351325180831656970e-03 1.136470841763780526e-03
6.214482784924956621e-02 -3.781569125648120977e-02 1.305325900655209814e-01 -1.179840835175835316e-02 3.734523683243535543e-03 2.849436565360203387e-05
-5.337944869350478433e-02 -1.180865434887111987e-01 -1.869439783076526918e-01 1.650143644313851641e-04 -1.069771746796237873e-03 -2.720260045724317080e-03
-2.545814962148940541e+00 2.838491950772151218e-02 -1.214705060279586135e-01 8.882138221264858358e-03 1.861478961220491401e-03 4.574287079628915238e-03
1.003961008438506441e+00 -7.618776268475289937e-02 -1.115993418142577631e-01 4.366417638015529339e-03 -1.348160480220448416e-03 -1.605952988321018848e-02
-3.308467559065043639e-01 -1.876528634858536659e-01 6.850971822550695756e-02 6.000777158174381253e-03 8.282849291963935347e-04 1.186788663159964912e-03
-1.074653760952913428e+00 -1.745897745931960232e-01 -1.182231975385763245e-01 5.978972261305093815e-03 3.904906130380810837e-03 -1.162964824702509030e-03
2.413297213562835830e-01 -8.127665006535923775e-02 -1.057618740660435340e-02 -4.931422105683144937e-03 7.993471565673449311e-03 -6.233274863507115224e-03
-1.762057927620445552e+00 -8.508672294620811538e-02 -1.000278229741010938e-01 -1.585574789635215906e-03 -2.971625569623432281e-04 4.165027676910891888e-03
-1.160529157702413050e+00 -1.333690999739214900e-01 -1.164229826677642826e-01 -4.710102728809196886e-03 -5.531605063301942016e-03 5.136148432775380739e-03
3.002680614138087734e+00 -8.776759276285607536e-03 2.665572225474070051e-02 1.376696514650581869e-02 -1.192819844411123834e-02 1.187459647453055836e-02
3.007061125657366940e+00 1.753367226948749080e-01 -1.334301312298677988e-01 -9.326353706118610531e-03 -9.727073691997824637e-03 3.061373834138658365e-03
5.142746310306156587e+00 3.892874574877520089e-01 -4.216642913487114556e-03 -9.562428108993320866e-03 3.490950224847148321e-03 -5.146731156752907405e-04
8.868001946248740275e-01 -1.637013967043537688e-01 2.269545580996627787e-01 -1.026182629035378739e-03 1.494721027432214557e-03 -7.554416382345248340e-04
-1.628495100441802013e+00 1.381842102499574176e-01 4.596876980037610701e-03 -6.719275508116899498e-03 -5.852688952407428952e-03 3.424191168453116513e-03
8.635525395555683215e-01 -1.282282340071673188e-01 2.023830422664271156e-01 -5.631652651836543087e-03 -1.053254805097859903e-03 -1.066803718809454732e-03
-1.045088350274822719e+00 1.186449372710195321e-01 1.986481876571350724e-01 4.137914959837790327e-03 1.273608460729808113e-03 -7.229585436840694872e-03
-2.017726951175941696e+00 3.793068009247104189e-01 3.082285044627184906e-03 1.107426529148092427e-02 -8.724464886446773757e-04 -3.195797744401376265e-04
5.428807506665666027e-01 -1.032478420989959567e-01 -1.460016649737154448e-01 2.562596898001395351e-03 -2.802026920668267747e-03 -8.801324165886175582e-03
-6.394499435647699181e-01 -1.033793510530017501e-01 4.939884893930110432e-02 -5.077294805793886034e-03 -1.069301480946490248e-03 3.339857142776389131e-03
1.680407449951395182e-01 -1.663318856709057603e-01 -6.044331085526805092e-02 3.621510040301252013e-03 -6.044041872114923677e-03 3.881324984002377642e-03
1.309825468401119464e+00 -1.362622916367516035e-01 3.865600846657429347e-03 9.191507323662711018e-03 -5.084317396294063193e-03 3.589710025065672924e-03
2.672968214795436115e+00 1.798010107460507878e-01 -1.921760080364414147e-01 -3.907704983176738499e-03 5.616366115022168246e-03 -2.097391362542843068e-03
-1.224784959027758413e+00 4.677837060643255662e-02 5.105099972127934843e-02 -9.019841178381494268e-03 -3.974779478894783537e-03 2.673453827278679269e-03
1.234420389887291636e+00 -1.009099809009451898e-01 5.356871541899430739e-03 -2.351063086941727713e-03 -8.279455408749568715e-03 2.210583239169964934e-04
-1.040148642598714313e+00 1.244642937651172648e-01 6.798686646617570217e-02 -8.655579767114620141e-03 6.596111942571077601e-03 2.237882357963719496e-03
3.812122851610961760e+00 1.611427104900115259e-01 3.616897649979973050e-03 -3.683644028749354267e-03 -9.678471814389789235e-03 8.631942728721128666e-03
4.904171419283756883e+00 4.610499483560822065e-01 -9.322121397017285593e-02 -1.622862264785710981e-02 7.882041827296825450e-04 2.597422424801260413e-03
-8.693349267675082315e-01 -9.397547245088815060e-02 7.464194869493676054e-02 -3.996987256548424454e-03 -4.600951386941381539e-03 -2.551713772099039376e-04
1.454390317871518956e+00 -1.621496297431044772e-02 -9.175809660979558635e-02 -4.652677677927669758e-03 9.553989116174672674e-04 2.115769083711910596e-04
-4.085921602832610633e-01 8.046083327965722343e-02 2.486808901053158549e-01 -3.443903709536946019e-03 8.140816358318184523e-03 -6.331456484713308616e-03
-8.294333235335127341e-01 -5.891252261596142265e-02 1.162004249182257976e-01 -1.907060890424421614e-03 1.173194497938057556e-03 -3.931580540111226200e-04
-1.412662776825495570e+00 8.095094308336495126e-02 5.787743617485233139e-02 -3.432252289091922062e-03 -1.804647464859874487e-03 -1.162015212977092092e-03
-1.715944696772590872e+00 -3.804265221920925463e-03 1.161414799808410843e-02 -1.295732495297925409e-04 -3.603958848716632985e-03 4.676752599157460791e-03
-1.167425975918586351e-01 -8.309769727622104418e-02 -5.099210626784545647e-02 -1.186233351792790464e-02 -3.750030838800275015e-03 7.610958295991290205e-04
-1.181274591595340429e+00 3.108254681178378442e-01 1.229246116287302931e-01 -5.965322368085513791e-04 -1.515749939473125263e-04 -1.176416099160105264e-03
-1.679431541282917939e+00 -1.030635533999064296e-01 -6.246662949005572785e-02 1.755242901313263998e-03 4.027276004348037328e-04 5.282825339623175610e-03
1.626643949529361866e+00 -4.819255182738853283e-02 -9.278636337911636001e-02 1.508696444356140420e-02 6.087018367873176829e-03 -7.891228724620632726e-03
-2.073586836813947620e+00 3.571780387129060430e-01 3.582980499520684037e-02 1.387797825750626372e-02 -6.755489819002971283e-03 2.522128533887508096e-04
2.311196535076884828e+00 2.788360989230246126e-02 -7.820437162219562310e-02 9.675965343100547886e-03 5.788014259841689144e-03 -2.255381965887869131e-03
-1.588438627426530525e+00 -1.272258015406154685e-01 -2.116522486320604746e-01 -3.637079546176294823e-03 -1.301228797397128555e-03 -4.023527312905938839e-03
1.099835298285870566e+00 -5.299116958124185095e-02 -1.356496147881435799e-01 5.558557572599838415e-04 -1.744319824916537240e-03 3.034354114281245882e-03
5.672276728089657993e-01 -1.979916199181618319e-01 1.305409801085430713e-02 6.783133827850934723e-03 -1.200151454126792937e-02 2.145775271872299786e-03
-1.827029136545020638e+00 -8.244739786577851004e-02 -2.037336277530238382e-01 -6.636519996241777887e-03 1.296627235952662043e-04 3.970505137885795705e-03
9.337339623368965391e-01 -1.669102876654006140e-01 1.024594473333894223e-01 6.388405040130605214e-03 2.319305395002966338e-03 1.198132372237496876e-03
-8.262807313089822747e-01 -1.408899096204258294e-01 -8.722362965783624078e-02 -1.449525407041296404e-03 -5.429735994246887932e-04 4.949072244135673156e-04
-2.638901276946647112e+00 4.955321174442346432e-01 -6.018225465574639221e-02 1.909330083360584115e-02 -4.501471088613592970e-03 -2.673144793562952674e-04
-7.112226829513798032e-01 -1.046570216975097230e-02 -1.439788676878688556e-01 -1.831884712814944166e-02 3.960903272673255496e-03 -8.286907387113197007e-03
-1.543430208510751855e+00 -3.357044522243939760e-02 -1.168434141310150803e-01 -8.557655433153071520e-03 2.299098182578312999e-03 4.486634892253021228e-03
-8.470635226009027852e-01 -1.351956192982766147e-01 -6.293213161926336507e-02 -2.891354595571110717e-03 -2.801716239044758049e-03 7.957184824888325139e-03
1.746899455889996400e+00 -5.094154989094468872e-02 -4.402382688733409016e-02 4.371280572232205154e-03 -3.095542805494955196e-03 -8.221409586792483362e-03
-4.369576827598293800e-01 -1.367968362600407994e-01 -1.157345459482739952e-01 -4.607726256054845218e-03 -7.454449517342687931e-03 2.035230288606775916e-03
-1.038726746362885311e+00 -1.143287031885761168e-01 -1.532910685977535159e-01 -8.402891211980403506e-04 7.776393173599308907e-03 -2.601569712528689887e-03
-1.199493208586949633e+00 1.583680569617293074e-02 9.116042080916526846e-02 -7.701752515452444910e-04 3.945869542713168095e-03 1.220147488751139805e-03
1.252755291534957793e+00 -1.056497843406599274e-01 -7.414307126845236240e-02 1.390045903129746331e-02 1.366268600975977660e-03 -9.604203642727427229e-03
2.977293490343930205e-01 -6.806089201878716410e-02 -1.089674864172630320e-01 3.224391805395613458e-02 8.198422838379039457e-02 2.085583646457882592e-02
2.603675838961863498e+00 6.070956283935650261e-02 -5.038247776011661044e-02 3.268056888000118836e-03 5.812720635348653415e-03 -9.736927433966854895e-03
-1.317850259862110684e+00 9.599909884857930897e-02 6.997863702177301026e-02 -7.942288460837588398e-04 5.836101049038251547e-03 -2.173284459769524255e-03
5.351051567395366249e-01 -1.877320029780047139e-01 1.935818158564673805e-02 8.153538083514700469e-03 -3.945505319347356911e-03 2.541919809602927356e-03
4.207898669074380815e-01 -1.176530683205598421e-01 -1.558781379966445446e-01 7.015950476814396090e-03 -1.715306426211117173e-03 -1.005617181224580103e-02
-1.898749806152602693e+00 2.003654511006344452e-01 -6.019815442901246816e-02 -6.162709474851097401e-03 -3.748162189107927429e-03 1.090561850596295313e-03
2.281019058044676751e+00 -1.168731169206479320e-01 1.439317850562225609e-01 3.964157040000839717e-03 -6.472966554060814726e-03 7.174921870572523695e-03
5.060958818857439617e-02 -2.046714620467160184e-01 -1.877347583778972775e-02 1.046900702393938065e-02 -2.165654609564918870e-03 2.960382774205471117e-03
2.235043521009177692e+00 -1.681399680169683684e-03 -1.785122895085191133e-02 2.492583881239027969e-03 1.989871461844127006e-03 4.194288654765340372e-04
1.526016572797330051e+00 1.848027036216788252e-02 -1.911089446917806356e-01 4.243234726023302483e-03 1.896490443412761828e-03 -8.917026337532409780e-03
-1.053023539987975488e+00 1.929924291161043970e-01 1.620946434140767001e-01 -8.974468745106994644e-05 9.111960637771223314e-04 -3.746155492565254354e-03
-1.084848749617968400e+00 -6.175231129177055113e-03 9.277635080864082839e-02 -5.247604105449770774e-03 -3.119767565281438698e-03 6.055083798140921448e-06
1.201050450357788568e+00 -1.590005127929203788e-01 9.546765127395652473e-02 4.718269839488031803e-03 -2.347872553695327848e-03 4.966075230477786512e-03
-4.279789936410995366e-01 -1.075718128229843501e-01 9.101438889586713210e-02 -4.068976503018620003e-03 7.956381989473738621e-05 2.149505256765164157e-03
2.168722278213735533e-01 -1.864536359334318660e-01 6.817251061395713900e-03 8.119175394280168587e-03 -1.625267988267774374e-03 -7.984169608824701753e-03
-1.385914098725151922e+00 -7.007170908521757891e-02 -9.338197808524670296e-02 -3.904134499364428357e-03 4.798990165441999883e-03 -4.369592701900917864e-03
-1.695285868263363804e+00 -5.622827468718696875e-02 -7.827080176375124376e-02 -4.085433720088041572e-03 -2.916036898349973292e-03 3.973762159775848408e-03
1.259933242046702533e-02 -1.370406707996727758e-01 -5.492685778530015384e-02 -2.298880870483720803e-03 -4.299555146189302027e-03 -2.761402850309854252e-03
1.755458074694458692e-01 -9.407275319045435569e-02 -1.423587372088969405e-01 -5.896043780522317902e-03 -4.890190843331471485e-03 1.050880741236031018e-03
-2.753657894971807407e-02 -1.759898638867493093e-01 -6.505187999558852130e-02 2.116568284665257173e-03 -1.068210842726561270e-02 5.394903560449955914e-03
-9.892872824407561438e-01 -5.038725866024010985e-02 9.227672201258053930e-02 -1.974586911817870628e-04 3.818893736647953428e-03 -1.586478568845039756e-03
-1.330826251152334549e+00 -3.482079217426641699e-02 1.600994930366887725e-02 -1.250734261086109854e-03 3.761733407224893307e-03 1.349833310933612343e-03
5.897408319253913955e-01 -1.767201017418427444e-01 1.720794936895355953e-01 1.107350257061577321e-03 -8.636030386158827406e-04 4.576998119323647625e-04
-9.866585146869896183e-01 -2.045821020191359099e-02 -1.116298535653941632e-01 -1.484640246203821311e-02 3.662003505497509349e-03 -7.732448275803946794e-03
8.514462388965652329e-01 -1.536550652056789534e-01 1.453452111082515208e-01 -1.820859010749787104e-03 -4.167631000600476900e-03 2.966728141363617080e-05
-1.070089357316839518e+00 -1.537317308148490602e-01 -8.265979286048102948e-02 9.588870798417168523e-04 -8.811274960757887326e-04 -5.700932927738523726e-03
1.158343774510554702e+00 -1.365631091895797011e-01 1.168029600037347321e-01 3.280256381513226016e-04 -4.734268593386187001e-04 3.212429039449800350e-03
-1.309254719828758962e+00 -1.386621776867251188e-01 -5.729466475948988280e-02 -1.097137971380325984e-03 -3.282249624728252307e-03 5.286321412115800762e-03
-2.260397774542848737e+00 2.357958010149625860e-01 -6.895129465465708873e-02 5.629974994735338634e-03 -1.501074944919916212e-03 7.821511443661343082e-04
8.686219088642201935e-01 -7.669291766961162937e-02 -1.162400275019622314e-01 2.402599607751082804e-04 -1.184847721269740922e-03 -7.680329176013723190e-03
-5.184745817201733553e-01 -1.854189527451860497e-01 -3.182818164017017087e-02 7.310865002422344168e-03 1.280291861665422198e-03 -8.490671508211313293e-03
1.242501386243647143e+00 -1.597882202319470272e-04 -1.452538225691299700e-01 -5.780436082237249036e-03 5.696673484130956866e-03 -5.069186166748885364e-03
-8.167996906418603098e-01 -5.929352534522277368e-02 7.944329707170384725e-02 -4.785232274086476979e-03 4.507398976526248886e-04 6.373735803227659679e-04
-8.583980108899601502e-01 -6.580167120759773669e-02 -1.912163825135733408e-01 -8.160562810040202994e-03 8.348968233550387377e-03 -3.309517875502181704e-03
-3.198415253617509224e-01 -2.077573900092772874e-01 5.366520168292159346e-03 7.083891023380680350e-03 -3.686939600013298349e-03 2.434286388033001479e-03
-1.031920759704655133e+00 -9.131474150394376654e-02 4.513542377704759384e-02 -1.474240661518781302e-03 1.206622122578526832e-03 3.089378053706885556e-03
7.509897990488075825e-01 -1.267037017503756802e-01 -4.957683611463496037e-02 9.113170150680785855e-03 4.713026809270679483e-03 -1.112258737296415584e-02
1.168790266562131253e+00 -7.711781500531600386e-02 -2.215842533088662608e-02 -3.544353424825615745e-03 -3.598314002477623168e-03 -4.883339228887214299e-03
1.591476237611718636e+00 -1.075616949859404536e-01 6.717583751810678183e-02 3.604944486896449925e-03 1.282244898321366008e-04 1.953891295854638232e-03
1.398462096387135256e+00 -1.693528281493887622e-01 1.726772340856098376e-01 3.921939341810024883e-03 1.007221069517355398e-03 2.998245945136613581e-03
-5.872678198531783300e-01 -1.325610016876188346e-01 -6.704393692176140174e-02 -3.233380657866195655e-03 -1.686515024700753571e-03 7.808319103537428828e-03
1.667343275424637283e-01 -1.855536867424903147e-01 1.617756348285976642e-01 3.884994012993230744e-03 2.480029777673718305e-04 -5.782583987263528302e-04
6.604933073111257658e-01 -1.781053948100488615e-01 -3.687053864685926885e-02 1.528813857175514469e-02 6.075582489180953501e-04 -1.928099172050328804e-03
8.272503576469131259e-01 -1.460615949467500563e-01 2.677526607694936944e-02 3.286297248647676323e-03 -2.770218072773342546e-03 1.364452522191073524e-03
-7.605962642002790375e-01 -3.267999436085361475e-02 -1.244544178353650943e-01 -1.346988972685432724e-02 6.890958543707288372e-03 -1.388862027495904247e-03
-1.417342766338786308e+00 -4.981709548016921563e-02 2.486505175963236308e-02 -1.638479124954014994e-03 -2.887963404883673799e-03 4.228012640216656341e-03
3.278935686639048885e+00 4.291384660453339411e-02 4.399731267523586398e-02 9.144181027896660166e-03 7.208457178273926203e-05 5.623093736063491423e-03
-1.997439351068657443e+00 3.218349057864424712e-01 -6.339024830735033589e-02 -1.384852804408999698e-03 -2.479356898187378040e-03 6.926569900536718751e-05
-1.481335512516873010e+00 2.788454707560509838e-01 8.765653538028474190e-02 3.987073444008774892e-03 9.077180890790439039e-04 -3.737662390190228754e-04
3.705101407547507719e+00 2.155026149855889250e-01 -7.918127009385707293e-02 -3.041211173526487278e-04 -5.897422165156006313e-03 1.137872498049295088e-04
2.931601362310091385e+00 -2.357477240714298677e-02 8.261772258792647594e-02 1.125101903408470654e-02 3.601440232559605277e-03 4.497380272309029099e-03
-1.292009831304735235e+00 -7.754761699071004155e-02 -1.443314311802593175e-01 -1.123114772309348648e-02 -3.819638023972758874e-03 4.509520244261472528e-03
3.189732749251953603e+00 1.773551851066557383e-01 -1.189982540964287516e-01 8.179303707497896170e-04 -2.504974325430573637e-03 -3.026010462805149657e-03
-6.224469491248717512e-01 -1.753678362218138165e-01 3.091854811239030248e-02 4.798465006690493667e-03 6.782847372845447493e-04 1.150880988503213541e-04
-1.482699560809727091e+00 1.355663825594663197e-01 1.098964901598144667e-01 3.808499146008953971e-03 -2.856664634545005594e-03 -1.015209681131702679e-03
2.297804572384325006e+00 5.483878793789934841e-02 -1.183430635537129350e-01 7.169667728960596974e-03 2.936441658728323762e-03 -9.608462307949268422e-03
-2.088163233847855627e-01 -7.762678750964688290e-02 5.460133275846148354e-02 -7.501537903543907190e-03 3.323655393232622692e-03 -5.066975612997876889e-03
-1.389088638278658694e+00 -1.428094369893645188e-01 -3.456782454574663932e-02 -1.380586640644642911e-04 -4.885120323792766645e-03 4.901577393307259434e-04
-9.369201727297969684e-02 3.886717501108825218e-02 2.247830716614229174e-01 -9.824073572390165654e-03 6.330374210735975268e-03 -5.623969422195704108e-03
-1.262802211329896229e+00 -9.724294298277475282e-03 -1.630871050654941062e-02 -1.004669260335352109e-02 -4.082407430183206468e-03 6.754365543845340311e-03
-2.295004383106256540e+00 2.290437642523975026e-02 -4.353940423322279207e-02 1.014826421638204829e-02 -2.313789908605896157e-04 1.013383150345747432e-03
-3.923448470308705804e-01 1.028649788744609161e-01 2.667803664292184851e-01 -3.228749168782372135e-03 7.394799953550787452e-03 -7.556613496066048700e-03
5.570187427372576217e+00 5.853182336284732390e-01 -8.016055743792989408e-02 -2.563857977183442438e-02 6.054396114212844127e-03 3.718554888049588510e-03
-8.520483534781095880e-01 -9.939187014043000812e-02 -4.484603116518254273e-02 -6.562982078558427315e-03 -1.240894373396622414e-03 7.766439152075538775e-04
-1.043372842305422488e+00 -5.865058335939432772e-03 -2.632888379679337518e-02 -1.224165474356000115e-02 7.928412814819517547e-04 2.140533132263796722e-03
2.337584546351199499e+00 4.274842814706669020e-02 -1.121815470814141041e-01 7.689869995909572910e-03 -5.204685727487235077e-03 -1.283840042383647267e-02
-6.673513314980692446e-01 -5.345274774559298503e-02 -1.144785328392558532e-02 -1.094690343140372613e-02 1.522707552337934384e-03 2.175842307826001982e-03
2.108183200359145193e+00 -3.570626930207843747e-02 1.439762320028267241e-02 3.781114976488382691e-03 1.370980132792176285e-03 -8.700923913878005553e-03
2.040547994566876522e+00 -1.671697318024407131e-01 2.034147322392488855e-01 5.323249201607131546e-03 -6.535452459982380065e-04 4.583432391300029836e-03
-2.490520332184249508e+00 1.464582982421218926e-01 -1.079390121961287113e-01 3.799622851660431309e-03 -6.919449015261335857e-03 4.690690741962011759e-03
-7.512055550089105083e-01 -4.692555210331544879e-03 9.534800699876963201e-03 -1.377720538106981356e-02 1.403179480479208995e-03 7.388962275929225436e-03
1.907360088684570076e+00 -8.140439876297710792e-03 -5.041087757128068919e-02 -5.609029487137402894e-05 1.375568331721630491e-05 -4.975646811923792323e-03
7.547918394603415904e-02 -6.562749906680655221e-02 -7.793047931096508396e-02 -8.501347179047671898e-03 5.702581172639911017e-03 -1.230817550799026387e-04
-1.989935089142922164e+00 -7.657820828934891466e-02 -1.663440399281922444e-01 -6.577301881000655048e-03 -6.484114744281961606e-03 8.359000989143534552e-03
1.224016977938502837e+00 -3.727306756435948970e-02 -1.557810423428176161e-01 4.947600296661178176e-03 1.106223150536582477e-03 -5.800238855658612636e-03
1.748350788566599201e+00 -3.170311087334708178e-02 -3.903284816111950856e-02 -3.228382529012746496e-03 -5.893222971653282183e-03 6.614137169363094914e-04
1.250362765284573685e+00 -1.334610597311272628e-01 1.396775339169424035e-01 -3.079595073524669935e-03 -4.719260147975797709e-03 1.313174557763367896e-03
7.149895242264626694e-01 -1.292731911860093563e-01 3.715709963381993997e-02 -1.101723171322474418e-03 -2.273330201657638126e-03 -5.154052694346590753e-03
-1.071893219079618764e-01 -1.318784728223081348e-01 -1.234168187439503711e-01 3.413789565956509495e-03 4.803003816292806920e-03 -1.113875182364859086e-02
2.088164785256029776e-01 -1.870936892630886972e-01 -5.811753916545830956e-02 7.368668089016152181e-03 -7.383738537906733845e-03 3.211979816742292944e-03
-1.424430155127956732e-01 -1.230720843284523330e-01 1.130392096582389094e-01 -3.729290091403573634e-03 -5.562426147270316257e-04 9.456495425463406568e-04
-9.962366841070459111e-01 -1.170491096985721901e-04 1.359606682047285499e-02 -1.033398098924723750e-02 1.115531032202058195e-03 3.854519720481801000e-04
6.111506990275044071e-01 -1.057372765553528660e-01 -2.176804299223227684e-02 -3.370991299160071980e-03 -1.112082342698813902e-03 3.554045002855913023e-03
-1.516669405218337596e+00 5.704229088748190568e-01 1.454506155874009943e-01 1.621045118599550097e-02 -1.117451154264335672e-03 -7.051491797592887578e-03
2.030592153189233695e+00 -1.452476800148317926e-01 1.725671081912671934e-01 5.529293677571180815e-03 5.990755714337885453e-04 5.530166608721175450e-03
5.800774331070780443e-01 -7.969560991829484353e-02 -1.416518871914270172e-01 -4.581893112665478586e-03 -6.322391176996800151e-03 -4.846137840725968371e-03
1.411411964883861225e+00 -1.909553573411459371e-01 3.908944801472496317e-02 2.044519627482659085e-02 -3.809084005560429195e-03 5.028662177884124680e-03
-1.133359795408942716e+00 -8.589698066285224309e-02 -5.977717323582383557e-03 -3.165242887991802454e-03 1.353984245408379732e-03 2.249982413467561167e-03
-5.841209127973991944e-01 -5.322390460566248094e-02 -6.363610826993633396e-02 -8.343125477242979357e-03 8.995139940775016135e-03 5.488090659509567773e-03
-8.827613448384480366e-01 -6.012986755433095271e-02 -1.432876057942928383e-01 -1.016958131741261748e-02 6.100614911826721630e-03 -8.814003500582901190e-05
-6.267822098506533601e-01 -1.323834184986348306e-01 6.588994212869313249e-02 8.867583318848134373e-04 3.025617314895896661e-03 1.620507389042114043e-03
-1.612920173701380300e+00 3.793074392786644627e-02 -4.916096082691853025e-02 -4.568584030769041494e-03 5.682250043836415201e-03 4.576970597594925451e-03
-7.384319866741310134e-01 -5.451535888061574686e-02 -8.705801981708520890e-03 -6.033088097913514788e-03 9.662916736217984706e-03 -2.135468410140387539e-03
-5.718672269388767188e-02 -2.059603758359657144e-01 1.579648122890954520e-01 3.579640940989351362e-03 -6.212993087293058186e-03 -1.666118686434387482e-03
2.438093564505994681e+00 -5.695114081166867404e-02 7.162092383478181612e-02 5.160147062522168343e-03 -4.705993149143807876e-03 7.570021894575644159e-03
-6.200000176069404567e-01 -1.570583071311682788e-01 -9.400233998021011173e-02 -2.342485821548835525e-03 -6.945368927027536707e-03 3.141956308564508582e-03
-7.511518384703560480e-01 6.555867870053790070e-02 1.407059049841567488e-01 -6.832081592391694991e-03 4.677298310934904432e-03 -2.350861386997711317e-03
-6.856028123964196253e-01 -3.843328545126335760e-02 -8.480807216182822961e-02 -1.105298831651016847e-02 8.406640416235280563e-03 -1.236364713107302154e-03
-2.624291365360494344e-01 -5.207188207617779313e-02 -6.518189602843421637e-02 -1.211335006189476031e-02 4.327367705750844416e-03 -7.779993483773834165e-03
-3.662204932622176723e-01 3.783662598448445016e-03 1.310571734521426557e-01 -8.421923857022091744e-03 7.859480420896793398e-03 -2.547978599932052609e-03
2.546477111335844867e+00 1.251840787982591297e-01 -1.423180987774741724e-01 -7.807465089930702186e-03 -4.027279613537124679e-03 -4.323611403278214416e-03
2.071370289802075604e+00 -9.452213950698631906e-03 -8.560741868757545947e-02 1.469958273524178856e-02 3.367437163178902716e-03 -1.034726659150523448e-02
-3.189140055500071513e-01 -8.339051514119652508e-02 6.218787592056621537e-03 -4.350031633915897936e-03 8.235759893135127102e-03 2.587577848634340510e-03
-1.759093545112402124e+00 1.599978389804679324e-01 -1.077092015609662154e-02 -1.329016187627518695e-03 1.761851787531697449e-03 3.128989871523771542e-03
-1.101841751663610536e+00 3.018208903970718768e-02 3.397141644768817553e-02 -8.897191082967154455e-03 1.637501924994239815e-03 3.287888693882365723e-03
-5.575315306748891420e-01 -2.207313584622354677e-02 1.642619613519562261e-01 -3.856761415321933745e-03 4.972859148967373639e-03 -2.887157824138733390e-03
-1.161796280079659072e+00 1.553645563533559704e-01 1.109176479053576442e-01 -3.112009072196893645e-03 2.840529044613372949e-03 -4.305436201421550496e-04
-1.260130916192374384e+00 8.388235209506578194e-02 1.029779666861213999e-01 -1.618358197711025582e-03 3.062356554325317871e-04 -9.033120842342408667e-04
-4.303850738922638253e-01 -1.152979929843562096e-01 1.070239933185676423e-01 -6.026242660809316568e-04 3.992343300913346084e-03 -1.468839335366564592e-03
2.341802228176654843e+00 -2.659177102826075154e-02 -2.767836571140289137e-02 1.040067432245802420e-02 -7.037525431649283361e-03 -9.956116709676199848e-04
1.095850307247705935e+00 -1.773133233109691897e-01 8.680351008390170542e-02 4.604566799461357399e-03 -8.861955242659909013e-03 4.252464057933445438e-03
-1.056788813681936778e+00 -1.252825442054914529e-01 5.173397545712381251e-02 2.235716081454983389e-03 1.134425962714528642e-03 1.187468002525878495e-03
-4.285039483043210362e-01 -4.695362062760036204e-02 1.072815832087931909e-01 -6.371915465565020260e-03 5.209989255842122600e-03 -3.131934570604056581e-04
-1.250034391188211691e+00 1.182351786984153358e-01 2.258114836612100038e-02 -7.372333889974346834e-03 6.797254907292144162e-03 -1.059769934376873085e-03
-5.980525728322310108e-01 -1.498266808690213170e-01 -1.103181044891585055e-01 -3.894225837726237194e-03 -9.155153707183090808e-03 4.676689847882259561e-03
3.832850406574477287e-01 -1.849844714638104459e-01 1.330931661473852279e-01 1.524739345064670846e-03 -5.386449342690126894e-03 2.642035077225116753e-04
-5.236384601961149299e-01 -1.470532535727287794e-02 1.759333093857392005e-01 -3.923468837322934347e-03 4.239751352347050778e-03 -6.416973539973456868e-03
7.137319586136073313e-02 -1.531938561062509419e-01 -7.868316710807218839e-02 -7.237322709654806733e-04 -9.139577833715665373e-03 2.611242408705236918e-03
1.457618357821243160e+00 -4.876779023322157930e-02 -9.254155046863067613e-02 -4.494096177024094652e-04 -8.130595416754987301e-03 -5.544028085779069068e-03
-3.053990262986037152e-01 -2.879560274099637884e-02 -6.807533437338755822e-02 -1.857288569481160487e-02 -6.442383348804677510e-04 -1.670866695284837318e-03
-1.486024696659605793e-01 -1.794425807940765172e-01 -9.649878659814535575e-02 9.599261864998896721e-03 1.506885873715174120e-03 -4.913895314037407779e-03
-2.114384968996777303e+00 8.399744233946848659e-02 -1.687895394505649904e-01 -9.491009485643731730e-03 -4.019456686230104344e-04 -3.188808436267706863e-03
9.728419842954895147e-01 -1.887803422441228784e-01 2.138505635232910429e-01 3.291691607985366280e-04 -3.766518077997159462e-03 -6.464525405319800121e-04
5.096648185413802379e-01 -7.967497100989696934e-02 1.284686232943401396e-01 -1.043569059795729399e-02 6.076048137974493285e-04 2.149956822286783979e-03
-1.068870830299399000e+00 4.377625257531960606e-02 1.008830716430192814e-01 -1.676947042124180259e-03 6.393897262972700855e-03 -2.047689820275044176e-03
-8.805146615085316375e-01 2.312041322578454738e-01 1.883746910097748584e-01 -2.936460619212230214e-03 -1.608573013679156193e-03 -6.752286463690475478e-03
2.233897928396408883e+00 -7.705043639592731863e-02 6.576649285204923256e-02 4.791343699826568214e-03 -7.995291754514653737e-03 5.965858129111673708e-03
-6.938618762680235363e-01 -7.164197760943365190e-02 6.006383597868357460e-02 -7.548380792339207633e-03 -2.223014071822937074e-03 6.824781574059760017e-07
-1.772225145107410249e+00 1.078498638812907945e-01 1.893906650248744841e-02 -2.544149623758283955e-04 -4.731050617458518875e-03 2.061190131511829275e-03
1.155539774536433084e+00 -1.273448449818808392e-01 -1.175002171367935111e-02 7.682561587620514824e-03 -2.947641235495558360e-03 -1.721952214050611338e-03
7.359176049482203386e-01 -1.140454663380688211e-01 -1.071740381975975348e-01 9.003451484062138452e-03 3.478928863474778713e-03 -7.938495850254231878e-03
-2.845534017701888185e+00 1.157928746000699005e-01 -1.171461577618423539e-01 1.562284061602380036e-02 -3.378539606722015792e-03 2.028579453428725962e-03
5.057845984256394145e-02 -1.235792756570826545e-01 9.304538855434511813e-02 -1.985108352115287200e-03 2.233753722956664800e-03 -6.320950058641080366e-03
1.856710947011216625e-02 -1.229050862092022217e-01 -2.940129822625097908e-02 2.275865693448469833e-03 8.100738436637881790e-03 -6.768581060987711485e-03
-2.333745073957681715e+00 3.081905159523072868e-01 -6.877756475358230703e-02 8.073745004912430065e-03 -4.393843591048778204e-03 -2.320651726610766202e-04
-1.661103173411325074e+00 -7.683948396894225985e-02 4.313015201459476609e-03 5.462226876140559122e-03 2.610883230154826228e-03 1.330431970905082435e-03
1.393204179100997919e+00 -3.552399887551240670e-02 -9.002339534421567591e-02 3.398619042465330156e-03 6.618462911153992836e-03 -8.831209574733637005e-03
-1.187054326469390242e+00 -9.154813090416427657e-02 -1.518892676407697373e-01 -5.392261374206734799e-03 4.672913993654630692e-03 5.979609714177370333e-03
-2.164138299551599864e+00 2.913132583622762145e-02 -1.729827827509831106e-01 -2.966157250597636907e-03 5.586201369707459799e-03 -1.101787798845128055e-04
