7.402841931349467330e+00 5.944254568003402017e-01 2.121125811075990908e-01 -2.800162148177539820e-02 4.380202621991373044e-03 1.276962959840317359e-02
1.256113111401869487e-01 -2.944429845418137792e-01 7.757130029422014406e-02 4.922039184341455743e-03 2.474159328799356745e-03 1.858641054747409962e-04
6.403540569294163820e-01 -7.903045006764967961e-02 -5.471913666454831376e-02 7.077121171211662488e-03 7.604058832033870965e-03 -3.256494905148163855e-03
1.522669660589367480e+00 -2.941938377446488839e-02 -7.050854178424649510e-02 8.961318165083149642e-03 -1.737463416337437687e-03 -1.247163356055644087e-03
2.421779234493780519e-01 -7.533116348557288011e-02 -7.197991076071007244e-02 5.599222420980595923e-03 4.063292624729087504e-03 -2.461643407861141032e-03
5.246657619079564405e+00 2.737119560054735445e-01 8.562644425914277269e-02 -3.364175680111442489e-03 8.004708429887106083e-03 3.318920107282611557e-03
-2.304092960157142489e+00 1.396761497943738439e-01 8.588239005391540282e-02 -9.893768322166180285e-04 -3.039624264869334250e-03 -2.307213819127859090e-03
-7.191528036845963312e-01 -1.408650454740210944e-01 -1.454605635558206198e-03 -8.304227001222181607e-04 -1.897656391813613190e-03 3.743522937213807425e-03
-3.548262512379543598e-01 -9.483715328163948299e-02 1.400123676260212231e-02 -2.400350929277415314e-03 9.495573602333084659e-03 -1.857093739642614498e-03
-3.283166198815008485e+00 2.529145631360478763e-01 -4.115257839130899431e-02 6.131080048601388229e-03 -3.446321968320292892e-03 2.308005726549671247e-03
-2.293007520870575799e+00 2.233226858197332465e-01 1.705094772481636489e-01 4.671749286277677993e-03 5.064460529719672896e-06 -3.975270725025741199e-03
-1.858573928307316603e+00 6.780075419481880472e-02 7.925078364922127916e-02 -4.294803110402065777e-03 1.926786326370379500e-03 3.372809322128120127e-04
2.456350860830792460e+00 8.162669361668921375e-02 -6.487710920084670263e-02 1.721045834776074911e-03 -9.143150260261934462e-03 -3.499119624167344615e-06
3.478510269116391829e+00 6.089210384044448782e-02 1.387264737565750347e-02 7.598096872723999334e-03 -1.005823118403139814e-03 1.527152505619359469e-03
-1.374399256845057149e+00 -1.776510735445263958e-02 -6.314597085058095034e-03 -7.863856573972061517e-03 -3.562281936042109316e-03 7.155601176047516341e-04
-2.291287693578595075e+00 1.546319063698310403e-01 1.525160535414765706e-01 4.457132711637556977e-03 2.887787757476367387e-03 -3.682665136420478109e-03
-3.242812176068749164e+00 3.518928246197360332e-01 1.546996417157746884e-01 2.273153011581674141e-02 -2.589871871964841577e-03 -3.832414884240130035e-03
2.155574059189441782e-01 -1.090987831084103826e-01 -1.848907141396174958e-02 3.257577229167588767e-04 3.261385544663584525e-03 -5.732820369007965260e-03
-1.057301405511932968e+00 -9.794667906135516577e-02 -8.047034191891996868e-03 -1.579172243811659011e-03 1.538535168839350866e-03 2.870728753932089844e-03
8.432719474176618435e-02 -5.490215103068998154e-02 -9.321991222412870370e-02 6.804669129477103687e-03 5.626607801846347616e-03 5.834296198855001359e-04
-5.950237619710984083e-01 -1.536101283434647691e-01 -3.309658599313331211e-03 -3.577839279911949823e-04 -4.844312525563363586e-03 -4.055104465228059657e-04
5.232572063975439391e+00 2.000518758184976764e-01 1.037757057072751093e-01 -1.372625445111838160e-03 1.126490959767324600e-03 5.218037284160642955e-03
4.409913348526703913e+00 8.088781625326227354e-02 7.337734436550309713e-02 3.386615826203749017e-03 -1.273376019630047425e-04 2.508523747937563796e-03
-7.760823073423895879e-01 -1.656737581959676631e-01 1.261177220915709329e-01 -5.707595646383184160e-03 5.971121269645970724e-03 -3.610741851096176819e-03
3.629230634858021665e-01 -9.432140577103956258e-02 -2.876891739678403073e-02 1.510458622259445256e-03 5.150303242286052505e-03 -4.105487821265236051e-03
2.807833748460892398e+00 1.929978621983573228e-01 -8.307822801657908929e-02 -7.088375065495874407e-03 -1.620944968882710420e-03 -1.458528860083634082e-02
-1.145168597456274751e-01 -8.288182695598775296e-02 -4.866180858523407038e-02 7.852506314160323389e-04 2.233988095147837211e-03 2.336051183032616203e-04
-2.205436702129476956e+00 1.180494378084629981e-01 -9.234632761349911845e-02 -2.639650525195035360e-03 4.918596449027460953e-03 4.764932546344674731e-03
1.822208045762840678e+00 -1.054922654717585333e-02 -6.122647862910959859e-02 6.249051610506906572e-03 -4.684429754581755957e-03 3.598754695714139959e-03
2.395258413675140030e+00 -1.778365865478868657e-01 5.133883370875193253e-02 8.044081598326991919e-03 -5.957671029877696992e-03 4.798010880367824769e-03
2.365478174136921297e+00 -6.115666901662397681e-02 -9.716817871820219304e-03 8.178331963789827949e-03 -6.718829720521245046e-03 -5.306713661129861155e-03
3.310125313513920808e+00 7.474510418887396479e-02 -4.482596794686488639e-03 1.622532800367909415e-03 -5.954645028904642298e-03 1.363907195132386518e-03
-2.147684434616721205e+00 1.147072492958269851e-01 9.836760963169365046e-02 -1.339756473636076212e-03 2.344330644270295851e-05 -7.811000672551152808e-04
-1.264402134648248133e+00 6.033279195299762372e-03 -6.896232562648210718e-02 -6.439508525352567042e-03 -1.414328672381821948e-03 4.017444426894864083e-04
1.494016622695801821e+00 -3.800662995104173852e-02 -6.312717154986841051e-02 5.813009799178220187e-03 -7.424409829133244570e-03 3.911430628522353549e-03
1.798853449527556103e+00 -9.697700721798948806e-03 -5.657637553070465897e-02 7.977054028755378419e-04 -1.093392889446972646e-02 -1.676982289640874041e-03
2.094001946112288015e-01 -2.009431388592300138e-01 7.825901391725161027e-02 -4.558523111513187662e-03 4.364177463261548814e-04 2.185950702081085849e-03
2.693858741598471163e+00 9.758446647336638247e-02 -5.424547661904943752e-02 2.315552797726251177e-03 5.067094245636806320e-03 1.109992528286742721e-05
1.298244839238615667e+00 -2.473998331000046569e-01 8.002810006472071969e-02 2.553017459961899605e-03 -1.522407087178714912e-03 2.653363154674816520e-03
-3.245233193380374637e+00 2.354634676510730662e-01 7.481177004147195053e-02 1.171708013699528962e-02 -5.532092592968275782e-03 -8.515229179056857693e-04
1.945199812816982066e+00 2.695935664999920059e-02 -7.268246063263444912e-02 7.168509443632843994e-03 6.576623964158100554e-04 -4.108356823609795347e-04
5.460281645277842433e-01 -1.222939413352261279e-01 -2.817637654226509344e-03 -1.378231634220505484e-03 -3.554708418644503785e-03 2.718183363138834425e-03
-2.887213316349406700e+00 1.954386203023617541e-01 -7.575617662889758130e-02 -1.106323538750964155e-04 -2.928470178271745748e-03 4.418401790279666980e-03
8.581996588860425490e-01 -1.069049287492845335e-01 -5.375356198987029516e-02 1.012255728219208298e-02 4.017572711822300284e-04 -1.038425539526935436e-04
-8.602439356160823669e-01 -1.070474364117530164e-01 8.539723787270386834e-03 -2.286477987711596407e-03 3.077089448301897640e-03 -2.292070600453178283e-04
1.575576753814407649e+00 -8.105565045238145860e-02 -2.749778626428867057e-02 6.445773157017358444e-03 2.172645824551088824e-03 -4.231829167518645976e-03
-1.056734073334821833e+00 -1.595081368917206921e-01 1.879161756195776856e-02 -1.913239375002875225e-04 -9.287036640618547825e-04 1.505700100671299646e-03
-7.667012848596003183e-01 -6.130310965320308336e-02 1.275311099654300069e-02 -8.416575167593079096e-03 -1.270062429678702094e-03 5.510129940567474495e-03
-3.507959911217720439e+00 3.309277375124261011e-01 -1.212001993360202999e-02 1.153725704130450884e-02 -3.066387990476268123e-03 3.899583877191440014e-03
-2.442173512101059707e+00 1.299526509996634938e-01 -8.664026371452528130e-02 -3.642336555968378464e-03 -2.754858267372009301e-03 4.045805400418040279e-03
6.530881783529352003e-01 -1.513637390188153978e-02 -7.200570009966093810e-02 -3.255987645320877148e-03 2.580411070718660431e-03 -7.046490154162921883e-03
4.669719055446456935e+00 2.197405293119127911e-01 4.669001882892295091e-02 -7.120690403850106834e-03 -1.540709240043083199e-03 -2.202131214970323790e-04
-2.800840567168762174e+00 2.540391871401339596e-01 1.148521205401074330e-01 8.523426115628961880e-03 -2.936725474163694692e-03 -1.689695441674359585e-03
-1.502537353513754059e+00 -2.489389784077550641e-02 6.733391167953020617e-02 -4.966947714697149754e-03 4.099908569615856417e-03 -2.448277863221804806e-03
-4.286359329859552036e-01 -1.062490362209533856e-01 -6.410928840634186332e-02 6.008400513884624636e-03 3.277676317640178683e-03 2.017806047749974140e-03
2.746107680921586969e+00 9.826512200913455064e-03 -1.458778369918694792e-02 7.950911421699687065e-03 4.474137216139259694e-03 -2.227711454677421855e-03
-1.349533967377720911e+00 -1.106043255130538666e-01 1.636519966953807817e-02 -3.067070480883635295e-03 -8.700075241687572338e-04 2.940179324283546860e-03
-7.802638918911439792e-01 -1.524585958287358323e-01 6.777934977587102283e-02 -5.380625687711955082e-03 1.648695811919203462e-03 2.050210254948965811e-03
2.368561385716185796e+00 -6.655831774157314196e-02 -1.089944470992259065e-02 1.162680135039671943e-02 -5.446938949124502209e-03 5.869710261232671984e-03
-1.403436757248542888e+00 -5.383139554352571465e-02 1.445020361621660032e-01 -6.462042036624995878e-03 1.864925081185709980e-03 -4.072440545360972615e-03
-9.553596918479169142e-01 -3.230416173584307188e-02 -4.530589254063886739e-02 -7.959203722680234863e-03 -7.447034525356882942e-03 4.013832461345018775e-03
3.753699835623550918e+00 5.430824712674726940e-02 3.560571210073977533e-02 5.869404779794491940e-03 -8.411279119508988447e-03 4.598524413037507509e-03
1.416518002804183940e+00 -3.005150215381184944e-02 -7.329287471615603122e-02 7.316020237199578891e-03 -4.623968795697122776e-03 2.502114674784203935e-03
3.266508959541938317e+00 8.141387355084194616e-03 2.093140044763651397e-02 5.899233652022329612e-03 4.256624886598820053e-03 -4.643795086100608455e-03
-1.811698514695373463e+00 9.081489081191473911e-02 6.948521713169100722e-02 -7.605970424636745129e-03 -3.513273662877480254e-03 1.177294405197793891e-03
-1.062603142243430554e+00 -1.410574281649581430e-01 7.693917781420477053e-02 -5.190818448551586320e-03 5.900906342517135781e-04 -1.036440286252645736e-03
2.258026026731427383e+00 -1.078195103375573088e-01 1.142708929539564683e-02 6.798692652033664317e-03 -8.188806265781823496e-03 1.870670745464798890e-03
1.505727067207785375e+00 -2.504074659870784147e-01 6.917599842940067023e-02 6.386003268903360855e-03 -1.142017752812570256e-03 2.331474842567780349e-03
3.270777890192431592e+00 -7.744799468216075067e-02 5.018003107310110150e-02 1.054909712758781391e-02 -3.117411298681362249e-03 5.920682247781463778e-03
-4.257791400915080793e-01 2.502196122689668081e-02 -1.402213192547630827e-01 -1.082807310615529909e-03 1.277487542796883722e-03 2.333578468343418082e-03
-2.189820951839892338e+00 2.586462284083351076e-02 4.190111276663181089e-02 -1.255635215406560165e-03 -4.003446314944198131e-04 1.788631245366054242e-03
-1.802906250688977474e+00 -2.556518444959144862e-02 3.320573072633845046e-02 -3.442805282631166471e-03 3.354005729931972902e-06 -2.991239996400309620e-03
-2.234873093897973284e+00 5.810167297638641620e-02 -4.133785288604824998e-02 -2.114307564336129642e-03 -5.360679012821575103e-04 1.289687852843239037e-03
-3.151079309157077457e+00 3.152667139089896375e-01 6.460310038452522774e-02 1.204036597892319503e-02 -2.550401241212083177e-03 1.049885398720814362e-03
-2.636432931237422839e+00 1.507340588617279431e-01 2.548701804337771132e-02 1.960137805619708781e-03 5.347979502599628358e-05 2.563064387250894860e-03
-1.362308687880692482e+00 -2.985125349761630006e-02 4.540657891108545313e-02 -7.390815433576411117e-03 1.017609914603614463e-03 3.341933051601121436e-03
1.138944274663981349e-01 -1.235770346214929843e-01 -5.656424703999591436e-02 6.348721922440472842e-03 -4.310123192380861147e-03 3.865787454962171538e-03
-3.205569442541398306e+00 2.109951554279423380e-01 6.241855269262644446e-02 1.127917860043436450e-02 -2.310958467645521375e-03 -1.253754629474839160e-03
-1.286845298433522800e+00 -1.463331416837605203e-01 7.120894942928565619e-02 -2.435949642988861127e-03 2.729543762304986569e-03 -1.577305014329494388e-03
-1.709456882146377810e+00 8.490762899146925540e-04 1.499325683047571245e-02 -5.584027185118049449e-03 -8.578281488290118387e-06 3.840508913187228382e-03
-2.082986752115321138e+00 1.288470282870598227e-01 -8.487196677699654357e-02 -6.620611604428247240e-03 -1.568256618678290208e-04 4.485472764046884685e-03
-8.159072122517357917e-01 -1.570452759446100410e-01 1.917041678219000983e-02 -1.197052648123462550e-03 -1.276032017373493564e-03 2.533997818078570670e-03
-3.900948230958477314e+00 5.450800374025889239e-01 6.299601643003188700e-02 3.132963549018869670e-02 -5.391075774740204662e-03 7.844222016076551635e-04
-2.199618736466613989e+00 1.570000747298299359e-01 1.009929075824559930e-01 -1.452519633504342506e-03 -1.300495863793893654e-03 8.112872253425980427e-04
-1.404626483105409163e+00 9.344107178433118388e-02 -9.573659053331809443e-02 -7.695829252121011953e-03 7.275890624366689562e-03 1.705227559085865192e-03
2.249513637080972905e-01 -7.621179830636198860e-02 -3.185662001392793735e-02 -3.454397126099142956e-03 -2.520671103713408457e-03 1.393449811296545299e-03
1.439558663153468032e+00 5.894579938981207856e-02 -1.066210740894985853e-01 2.103912829080960452e-03 6.398077688912065693e-03 -3.782475860662836125e-03
-1.989612238341796457e+00 1.212624460304182888e-01 6.209885639118704892e-02 -3.701812255571514977e-03 2.302791890879107677e-03 -6.540290123137784510e-04
-1.451039714582655238e+00 -1.141199597127733611e-01 2.395933727895875609e-02 -2.559278803248190952e-03 -2.096508814289151264e-03 -1.757503216985513428e-03
1.137152000939210206e+00 2.865674813594724576e-02 -1.114781023189391623e-01 2.330836154173148572e-02 5.094368884533754388e-02 2.954327394421788627e-02
-8.033350358796945145e-02 -2.260978836215803978e-01 4.984926463242165401e-02 1.269103350938530564e-03 -1.391618688495447785e-03 -7.324610452913279859e-04
9.228110414256470717e-01 -2.989456369766331223e-01 1.164420683642344578e-01 1.596225150188712431e-04 4.567864305906987714e-04 -6.887250338802204100e-04
5.719377091121576745e-02 -2.490753367135354612e-01 1.243514208559881734e-01 -3.803249196010028820e-03 5.108840406904106672e-03 -8.641748732361259839e-04
5.245609512041207179e-01 -8.088211394840205681e-02 -5.071050883569132306e-02 -1.162853761475741987e-03 -1.088050835602192255e-02 1.866912503658742836e-03
-9.059653162965801698e-01 -2.235012201887670580e-02 -4.185709002221703334e-02 -6.032352552598204548e-03 2.066975638469588372e-03 1.460550829588079351e-03
-2.579777866677061215e+00 1.070499531540606147e-01 7.740734286180069035e-02 3.537296532897643217e-03 7.091776801782884382e-05 5.785460926029749708e-04
-1.616589911553806269e+00 -6.304654925371226681e-02 -8.978996778798022105e-03 -2.530288982225944137e-03 -1.055409505230637266e-03 7.693967364079668230e-04
6.493664279094747194e+00 3.447458345365026489e-01 1.742162951886180033e-01 -1.225990698578531199e-02 -1.950028792859157152e-03 8.806434814410383019e-03
1.385590388430355979e+00 -1.509143832460506096e-01 2.222321636749252302e-02 2.574802813013045508e-03 -3.144777125467096424e-03 8.243357530423868441e-04
3.039801132180531607e+00 9.283463214717323220e-02 -2.883842640066669460e-02 6.605157556426518965e-03 1.263720379223082484e-03 9.247229523841323060e-05
-1.096449172050226073e+00 -2.316159007059540378e-02 -6.235574157549446384e-02 -4.728409035137556317e-03 -1.614220399099085355e-03 6.270909387943204329e-03
-6.118532447034711330e-01 -1.849485969288820753e-01 1.478678496257236075e-01 -7.350103013879592979e-03 5.357044911525141867e-03 -3.215167577127460950e-03
-2.506035884921049561e-01 -1.849460086753792198e-01 1.739845716558028471e-02 2.237057688643894707e-03 -1.759398919202801294e-04 5.413159158062806403e-04
2.640541809558571540e+00 5.887018069810515120e-02 -3.893859948917754304e-02 1.422185162271854880e-03 5.252097155510841026e-03 -1.005138042402293737e-03
-1.114934072114859065e+00 -5.323443306065488850e-02 2.985555286546815595e-02 -5.795990756293732497e-03 4.733963760733295688e-03 -9.343189275170737332e-04
8.434144795658499172e-01 1.082512419069210467e-02 -8.481318027138792792e-02 -6.176311234982621336e-03 -5.460714601680485142e-03 -3.285243733101184983e-03
-3.041081122805808779e+00 2.551363402456112150e-01 4.537479289570033048e-02 8.186801475706191947e-03 -9.302902186984725926e-04 2.139912595555891386e-03
1.346639644514146639e+00 -1.760228952051961504e-01 1.673234863432368838e-02 7.164594480108986245e-03 -2.931172301122051023e-03 7.623441400583494442e-04
6.237561798959361248e-01 -1.674753504704990237e-01 7.375853912095433826e-03 1.860091388496786088e-03 -6.147849332198382886e-03 3.448814440623170895e-03
-1.217971945350936114e+00 4.309411784286030361e-02 -5.192416627117649175e-02 -9.414768232378391277e-03 1.155357539433927733e-03 2.763254326636727359e-03
1.450734470830553624e-01 -3.234798457868327121e-02 -8.352394465045911987e-02 1.917830869599812006e-03 6.672813864162264845e-03 -4.547276809359814681e-04
-1.261107194959084188e+00 -8.588403343642743437e-02 8.263165279306197361e-03 -1.605842856872859896e-03 4.562085505413304536e-03 4.166845592770325739e-04
-6.566478682724959937e-01 -1.565443427375041441e-01 1.125535008793945024e-01 -8.034565596466324705e-03 3.256571332817603543e-03 -3.675841177948235470e-04
-6.798969978244424617e-01 8.182018105312620707e-03 -9.081252335702544309e-02 -3.109536207136580875e-03 8.322380134900428383e-03 -9.339420682579425894e-04
-4.958840773583209627e-01 -2.754734391266311366e-01 9.777290281276755646e-02 1.018848905985553547e-04 1.733699279391117017e-03 -2.648775608733586456e-03
-2.058012788821072192e+00 2.029302303719555389e-01 2.051914254547515526e-01 3.365754071531284683e-03 -3.529654231555662031e-05 -5.310525472366493978e-03
-2.111581846750147928e+00 1.287112799246159511e-01 9.755774816831580543e-02 -2.972184675466264196e-03 -2.928335153013497064e-03 -2.588168694544665770e-03
-1.325706256950387463e+00 -4.428117233899388910e-02 1.559233005159491314e-01 -5.786055673678157547e-03 5.214186815963307332e-03 -6.808637225892096023e-03
4.126759209417757646e+00 2.095448818446200567e-01 1.258568870907104432e-02 1.735964105082140468e-03 8.305507409547470757e-03 2.810240962439318219e-03
-1.928644138224288485e+00 1.237016427513829564e-01 1.289758363191678692e-01 -3.627629261311840925e-03 -6.779441844186957951e-04 -2.270611443987270196e-03
2.324886565410318878e-02 -2.824627103555893415e-01 7.911172959245862946e-02 3.693371976138463443e-03 3.056684852291781471e-03 -3.527066438167877991e-04
1.986026396883473266e+00 5.169934708222032743e-02 -7.463614994805603531e-02 1.012020331948649751e-03 4.292926233324416939e-03 -1.332100683204712026e-02
-1.075438456254297792e+00 -8.577663403347393634e-02 -1.370356744669660141e-02 -2.848357064339584153e-03 -6.546986943990769749e-04 2.451199436017671447e-03
2.970427623921361171e+00 1.039456627153390184e-01 -3.834737116498723036e-02 6.198993456644586592e-03 3.506022666649788455e-03 1.758718031872943564e-03
-1.501005862332591034e+00 9.859312440599252159e-02 -1.625405674907045017e-01 -5.806106182847648595e-03 3.254342395295325464e-03 2.387423935171413894e-03
-2.834273937390804909e-01 -2.025055132272879088e-01 1.552449339674043249e-01 -8.315731094070046708e-03 6.902892394447860541e-03 -1.608067775235260885e-03
-2.145386014894104243e-01 -8.983833025336415701e-02 -1.015673853060938651e-03 -5.344284261752697135e-03 3.188318644056425342e-05 5.429344968248591558e-04
-1.232910791162045827e+00 -1.400127196778280236e-01 3.087004447546091296e-02 -1.136181794024628162e-03 1.612235640513834086e-03 2.453008444036116915e-03
3.230412124181493372e+00 -1.403977558990669727e-01 7.665305415191672744e-02 7.075066287950510305e-03 -8.077722280588187087e-03 3.799337183061349786e-03
-7.214750039731017139e-01 -8.363976127075288536e-02 -1.136723086210553874e-02 -4.674057416586532322e-03 -1.291922620904358996e-03 1.032822625415541918e-03
-1.074608368753200427e+00 -1.435897321313902297e-01 7.577965383646050046e-02 -4.501522256633818352e-03 1.370208518182970420e-03 -4.579854413201486655e-04
-1.427226672007232633e+00 -2.469743160224755624e-02 -5.808880597745872537e-02 -2.056965814682279545e-03 2.601283310504013801e-03 1.914997161523326928e-03
4.083539767593948322e-01 -3.593909835001419389e-02 -8.241358983740704192e-02 9.359871236588352284e-04 3.164526502922446982e-06 -5.114992482229837288e-04
1.675027059864389045e+00 -7.350234490550744404e-02 -3.317095249884405295e-02 7.722144666522059130e-03 -1.103508857448709480e-03 -1.937857659533416145e-05
-2.238909683882344959e-01 -1.746486003429889300e-01 1.024756867726989845e-01 -7.175909988534237387e-03 3.185655457267080881e-03 9.162139636193377843e-04
-2.583269798008247076e+00 1.320166471810881870e-01 -1.469537363923077433e-01 -3.231415380428875102e-03 -4.091503578702891837e-03 2.281337347385743036e-03
-1.705773881432801398e+00 1.360845881957230552e-01 -2.031944790495334718e-01 -5.764932555846568815e-03 2.767098024442882134e-03 -1.015278383561858807e-03
3.207933411561619153e+00 -6.283973927440915375e-02 4.552850999504016311e-02 6.249608272270914394e-03 -2.234684184499381287e-03 7.339569519146662505e-04
4.238227175823148229e-01 -2.082997581951235022e-01 6.298541626975730223e-02 -9.331817725569437061e-04 -2.165808124038580903e-05 1.928078840209988126e-03
-1.811977638966775661e+00 -2.105816575978515862e-02 9.842572202474378362e-02 -3.029095684438958512e-03 1.350110519690096147e-03 -2.318111850688193802e-03
4.570541263826773282e+00 1.096646913218621011e-01 7.863370690958612630e-02 4.435985736254257142e-03 -4.052317879389367473e-03 1.002632574752180573e-02
-2.514737801374722359e+00 1.431175099109181503e-01 1.350153135094442902e-01 4.978106312293130095e-03 -4.827011394869651085e-05 -4.039330393485037786e-03
-2.585001352474257885e+00 9.559552861211909058e-02 9.364916159731994164e-03 -1.009296745771525285e-04 -5.260055143770835107e-03 -2.890579469426506022e-04
1.400402573292031994e+00 -9.851286605690165454e-02 -2.678729839666642645e-02 5.508232602935239121e-03 -4.885935635671082716e-03 4.524054471303146693e-04
-2.283434952228009074e+00 1.705522414512516682e-01 -4.964207370855060197e-02 -5.059440150737579654e-03 9.801031551389535138e-04 1.947720911716177604e-03
3.342109441933372782e+00 8.334759063009082591e-02 -4.417967249463085680e-03 4.815898916442542393e-03 6.698615044434820184e-03 -1.345492614444862610e-03
-2.011307684785656580e+00 -2.186448257699698944e-02 -1.845912444875644209e-02 -8.528410120946539616e-04 5.067121517546418217e-04 3.413324330919830299e-03
-1.946686859533604430e+00 5.460607906321674095e-03 1.436913230530364738e-01 -4.150902239365777350e-04 3.135265713615166452e-03 -4.273263335531751923e-03
-2.143882400379775621e+00 3.934252436361883321e-02 6.973819865515451868e-03 -4.678227842211481191e-03 -5.662065270193471743e-03 2.194445239793903213e-03
-1.682970373476492032e+00 1.291597219433226196e-01 -1.802267672866625647e-01 -7.282680063611649511e-03 2.886245640813552352e-03 -1.740601898581766761e-03
-3.272836669896987516e+00 3.040923306325014619e-01 -1.862374531335326405e-02 6.572693227321665943e-03 -4.687435174528223683e-03 3.413080165125994669e-03
5.625754773425022393e+00 3.257520465405716048e-01 1.012655625954844429e-01 -1.383546199229642934e-02 -9.655701561718044515e-03 3.085932973850892286e-03
-1.045852917627968948e+00 -6.115925711535572656e-02 4.325342545883762574e-02 -7.400304889825716492e-03 1.889913096907887757e-03 9.617709980067845566e-04
9.754505970832557660e-01 -9.401375643353535039e-02 -5.571791726469836614e-02 9.965600391935017233e-03 2.581035314511743225e-03 -2.977041661885561265e-03
-3.228982973804075951e-01 -7.618741217482333239e-02 -7.795462788833650014e-02 2.492699648960184765e-03 -2.358901325890962273e-03 5.560800413052111035e-03
-5.485774797001484737e-01 4.413778949971172011e-02 -1.357342910488944510e-01 -2.640920912006830459e-03 7.668824071660064468e-03 -1.234137935144455312e-03
-1.144839852207228059e+00 -1.351661472766880201e-01 1.001835821983834522e-02 7.394271278272544984e-04 2.946264254022011846e-03 -4.008307964343797865e-04
4.737242616934833173e+00 1.448561234616269344e-01 7.759382090246597086e-02 1.457673026279178528e-03 5.234617980860119257e-03 3.118503265220679520e-03
2.801779132885477530e+00 -5.234353195714041423e-02 1.724597547872576409e-02 4.798933658937644051e-03 -5.411559633371686509e-03 2.277581477048518620e-03
-1.977864681903393151e+00 8.661452336895196502e-02 -9.358370849572617001e-02 -5.545921612683336020e-03 2.517555900801016341e-04 1.380507875945060844e-03
1.543325566528730153e-01 -1.408825320993927765e-01 -4.914992995743725293e-03 2.152754734831448941e-03 2.377695338804574655e-03 4.110495652742570533e-03
-1.021964462472819246e+00 -3.331926393825727917e-02 4.180384644068047689e-02 -1.101874236831888385e-02 -2.529838117648204512e-03 1.171212866507640414e-03
-1.049872226474987569e+00 1.794802227327055993e-02 -1.446264322102476518e-01 -1.189076362316956450e-03 -8.240728996841680063e-04 -7.955592980399176872e-05
-3.177158476661504860e+00 2.050439712006353332e-01 3.574341432795260370e-02 9.183513301478436752e-03 -2.702494206469699574e-03 2.939191144881295507e-04
1.188076499251345362e-02 -2.714613878890920207e-01 1.047193634217725572e-01 -8.035777681199441497e-04 2.811416982746934353e-03 -8.985261061475076361e-04
-1.547170350504404546e+00 -2.569567975299451301e-02 1.211645054517540426e-01 -5.429477964729577735e-03 2.035825058872429288e-03 -1.871568085432503189e-03
-1.168344920523772812e+00 2.300827547322630354e-02 -5.651688133681466442e-02 -5.758083483897602321e-03 7.247481079935628491e-03 -1.450007406198961074e-05
2.768578885541525647e+00 1.398668089709340367e-01 -6.629114221407157725e-02 -3.820124496184497832e-03 9.933721282079721951e-04 -4.148876410156236358e-03
5.646612901385993366e-01 -4.044698199603835587e-02 -6.215719272692482589e-02 -7.239307321996645223e-04 3.447938537020746232e-03 -5.649094876793583388e-03
2.327658188853376942e+00 -1.339201298794024664e-01 2.211594546484192680e-02 1.075596264987755367e-02 -4.852453539282136803e-03 3.405086002997880033e-03
-1.455346187531649127e+00 -4.287643174456316417e-03 -9.531188319992975333e-02 -4.473248743195431393e-03 -6.867641821557608252e-03 5.950401327446127632e-03
3.808303098985808544e-01 7.659436772428294959e-02 -1.605895431016777786e-01 3.154408476256172125e-04 7.076691910229106035e-03 -4.267769996151957179e-03
-2.703313184879778230e+00 1.394938630205733165e-01 -7.674999673766652597e-02 -7.400040610889246613e-04 -2.539564433135084454e-03 4.066035849920256531e-03
4.699853152578431725e+00 2.722278363023574732e-01 4.282249298360112089e-02 -1.160595964389090013e-03 9.078108365780983291e-03 3.432448334951882906e-03
-1.115501307130274178e+00 -7.984915130915828940e-03 8.646382938659864445e-03 -7.236308228763630758e-03 6.261754876421153117e-03 -7.151299566294520892e-04
2.432806719221617175e+00 -1.104852280119225649e-01 1.588531217848150254e-02 1.064985324230636327e-02 -4.168522098920763100e-03 5.583707321679317118e-03
-8.561117156829350927e-01 -5.843318001214668073e-02 -4.697535784552123173e-02 -4.010280831991852764e-03 -3.023629547634884823e-03 6.041723848261369711e-03
-1.439803340249312891e+00 -3.897612993708745449e-02 -4.149771160483844978e-03 -4.706652625587019224e-03 4.233105363907028345e-04 2.986837141839410441e-03
-1.994440879719001636e+00 1.338245591411930391e-01 1.744881218371172049e-01 -3.953515645970124832e-04 7.157674530401536431e-04 -3.786546895743076076e-03
-2.098052041627604059e+00 6.229648499857920463e-02 -4.130411264394847487e-02 -5.164438187477402020e-03 -5.501552007386249429e-03 4.059706411843462710e-03
-1.736846069928174696e+00 8.920490809380614283e-03 1.368960120113391910e-01 -4.072415050947653450e-03 5.806384653092212409e-04 -5.168277220209648894e-03
6.656061415353799582e+00 4.935790642433198205e-01 1.707784301859915643e-01 -1.556666463985791928e-02 6.985575627936133590e-03 1.371104110000970905e-02
-3.511509243336627950e+00 3.592188040563135676e-01 4.533173887854911183e-02 1.663379342472344827e-02 -4.236187393161105867e-03 -7.729343971568316965e-05
-2.761320094175514051e+00 5.251013017172134756e-01 2.741062657096602906e-01 3.627913032744602140e-02 -5.019149090285178298e-04 -7.558079783144967811e-03
-1.261987416299442666e+00 -5.486507751609771139e-02 -4.729693629265110250e-02 -4.289424264867123041e-03 -5.264388808273532359e-03 5.607209248862301577e-03
-3.457878172541374973e+00 2.777909539084491564e-01 3.869844675731586719e-02 1.355460661286568905e-02 -4.832202723865489970e-03 1.855119877432366039e-03
-7.465011336141601506e-01 -1.166801406437782129e-01 8.119227300268994085e-02 -5.634827051194502869e-03 7.036908840556237166e-03 -1.324841890171488167e-03
3.048775890917850617e+00 1.884489678931580703e-01 -6.657369068407491264e-02 -4.562360570205984539e-03 3.601162609977311049e-03 -1.778413654872478900e-03
-2.898090640655446304e+00 1.536264795644557701e-01 -5.357070201127131504e-02 6.571579181212957969e-04 -6.726590221996288713e-03 4.453331682193971061e-03
8.804404297531894796e-01 2.963213206352897228e-02 -1.239607511875552570e-01 3.660898215231522920e-04 -9.123524165656633420e-03 -3.538748055128663767e-03
-1.732464222476282623e-01 -6.594129038911948626e-02 -7.774137458113927757e-02 1.146820607592466358e-03 -9.740594491989895210e-04 -3.812530819291033626e-03
-2.108564805528437169e+00 5.139702375536855418e-03 5.731704072491454471e-02 -2.749000679052828432e-03 -2.389426176977076707e-03 -1.110627052726197205e-03
1.609534127376367474e+00 3.799997220910689838e-02 -9.162960090949434644e-02 3.385316653890475054e-04 -6.064689579285817075e-03 -4.730164286194270783e-03
2.617433851585993843e+00 9.273902541382282594e-02 -5.730672506505268826e-02 8.341293516283881590e-03 8.229513456249179862e-03 -1.035109881369552414e-03
-4.150551980435099875e-01 -8.910960852623471540e-02 -1.491205354279325282e-02 -4.318580666922905605e-03 -1.750546972018883311e-03 3.639503518523280832e-03
5.390060048821431193e-01 -5.492993353510482180e-02 -6.992377729274450171e-02 2.942092783711481013e-03 3.115997678443467329e-03 -5.692899262153114717e-03
7.787601759372729526e-02 -1.308758436633445654e-01 -3.544654019876026380e-02 2.170986231727918287e-03 -7.167873309333389585e-03 3.077039612026671693e-03
-6.205601583659270393e-01 -1.419309215359879639e-01 7.791242217669563930e-02 -7.520266226912254888e-03 1.014922310419139528e-03 1.500088623099609785e-03
-9.746538279549843420e-01 -1.125022984162361295e-01 7.119623610602381081e-02 -6.862742864572436881e-03 1.220180249607369025e-03 1.510205061386643306e-03
-6.751799422682258633e-02 -2.243047630704445572e-01 5.639720245470524612e-02 3.009746079609380373e-05 -2.006078981319965506e-03 -2.932842982250409548e-04
-1.565700530683635128e+00 3.508066005889824701e-02 -5.875524830170485852e-02 -6.521207631798396805e-03 -2.688964293625150195e-04 3.748256275317691111e-03
4.625048181304911132e+00 1.497493170937336249e-01 6.722036356935282009e-02 -1.881353001592266138e-03 -6.259391078528591832e-04 -1.786148292789402304e-03
-2.224757158675612967e+00 8.218601453330919016e-02 5.520779807110236942e-02 6.269695130319776660e-05 3.331797436826638287e-03 8.447838285525127245e-05
4.670958106002228938e+00 2.723368279984133000e-01 3.692885709540316003e-02 -9.868410238902227197e-03 -9.515338304901616029e-03 -1.545262378338397007e-03
2.207088869231608630e+00 -1.260839411814267952e-01 2.232066322434264616e-02 9.231536594542144938e-03 2.721209811357751425e-03 3.052684314324026260e-05
-2.113231330602965752e+00 1.304438447423577618e-01 -6.133833330009048901e-02 -7.003608593698763471e-03 -2.115591176371499002e-03 1.587244610383374294e-03
-2.213120114314218956e+00 3.876275328531337411e-02 -7.813113190038639688e-02 -1.536554035085905623e-03 -9.950928257371756229e-04 -7.199503787528665165e-06
-2.554656708814722066e-01 -1.456350460981586936e-01 7.118383296704156038e-02 -7.873743360375076022e-03 -6.398142570038880574e-04 -1.614316898013294665e-04
6.075640281077931970e-01 6.089865916606582857e-02 -1.498088226109958176e-01 -6.649059738290593073e-04 -2.813545042153574229e-03 -6.210950287461902176e-03
-2.790593289228499696e+00 1.278157378585633441e-01 -8.501414710152034593e-02 1.503038816473763325e-03 -1.044936833689739611e-04 1.982750666130534117e-03
1.582542449888134195e+00 2.954806306158828944e-02 -8.652480715878597961e-02 5.919840024537696525e-03 7.612052754829316467e-03 -8.966288080790463938e-03
-3.544584874795430607e-01 -1.780843889969372096e-01 1.988340828188260925e-03 2.894972362253675404e-03 -5.971224193274275510e-04 1.768433326476473704e-03
-7.627605245149979840e-01 -2.471499358277090552e-02 -1.232125876732805686e-01 2.955641668567849257e-03 2.138834525709273470e-03 2.284476763265253592e-04
3.448193899465124557e-01 -7.178537065388441996e-02 -3.311929884999004897e-02 -9.829110719064499194e-04 5.552440201136200210e-03 -2.599113599313586723e-03
-1.770867679833182606e+00 1.634003680963941676e-02 -9.562852836521514022e-02 -4.227705265491504653e-03 -4.448262029106419234e-03 -7.187046966936025709e-04
-9.388896332532803424e-01 -1.122330063793879236e-02 -1.155911228946030628e-01 -1.305149685158733591e-03 -2.323576860544155839e-03 3.739558200727520140e-03
3.603763086380334713e+00 -6.975402426732993030e-03 4.539636180841411656e-02 7.318956045911910284e-03 -1.112988109054494947e-02 6.177841550651817434e-03
3.847346895610668671e+00 2.336885180650627170e-01 -2.091696338240847317e-02 -1.081623292902148502e-02 -1.181858094305834536e-02 -5.202935334887696245e-03
5.781125846846439487e+00 2.810950986787268957e-01 1.240517953329571404e-01 -4.715532370874836628e-03 9.651907759096195125e-03 8.589713325198925636e-03
6.176479850789021731e-01 -2.969069706972832789e-01 1.157779565789371634e-01 -4.542372719474435357e-04 1.381325923259591262e-03 -7.592678679568225101e-04
-2.136568478746712518e+00 9.450372943009319182e-02 2.430908510823590399e-02 -3.998005655029265859e-03 -2.491474965813437938e-03 1.421496076697571645e-03
6.017004250027518930e-01 -2.601377910484587441e-01 1.049955463950936752e-01 -1.249742092603094330e-03 1.582566392766104890e-03 -1.694243011785762424e-04
-1.850636892868182004e+00 -3.330658842218593013e-02 1.621604067841105890e-01 6.167819219312986124e-04 5.983716885012317806e-03 -5.746659065113576305e-03
-2.851197945804838874e+00 2.808937090674657466e-01 7.735913236445213226e-02 7.746942717232661868e-03 -5.376631110280355799e-04 3.203505097891527396e-04
1.191595114218178653e+00 4.195788364961023503e-02 -1.153674059774967009e-01 2.612338208253339993e-03 1.104003917572112577e-03 -8.630455452166865132e-03
-7.793522313834775339e-01 -1.174467157484865715e-01 2.826320336925649494e-03 -3.036928441940373122e-03 -8.893267293100248772e-04 4.765272660842502332e-03
5.710103314522484430e-01 -7.013045954911627244e-02 -7.607679525517728469e-02 4.462296427987418219e-03 -5.829901268307929006e-03 1.516278639563341116e-03
1.719943660110750061e+00 -1.002798229645228134e-01 -2.044663191729581900e-02 7.479605761746705925e-03 -7.350756065614567555e-03 -2.674550503638170053e-04
3.646618805020729770e+00 2.962581140041891659e-01 -5.532101972216290492e-02 -1.217149097398929729e-02 -3.174779713444824021e-03 -8.814579178214120014e-03
-1.653040317202352005e+00 -9.367797282630497754e-03 3.597581642544476349e-02 -7.524556108521920569e-03 -3.545774980518006433e-03 1.303978515073767400e-03
1.540778290854734944e+00 -9.412965029710321230e-02 -1.773556276773578452e-02 2.043378542043263781e-03 -8.713286072559419185e-03 -4.067729727491293731e-03
-1.571766405428419056e+00 2.798123309962733882e-02 6.289781982495272483e-02 -6.843493871982500067e-03 3.057782348036825696e-03 2.854937849473999922e-03
4.360769687337975320e+00 9.579541298109682523e-02 6.259735129065639725e-02 -2.556274554499043342e-03 -1.025560273457861923e-02 3.122740056810943687e-03
5.877632101391949249e+00 4.597806205397125257e-01 1.038628542309195102e-01 -1.814692828208573985e-02 -2.461675404344350945e-03 4.071994820735494978e-04
-1.133942493440939003e+00 -1.178676116736865759e-01 2.507232784887165195e-02 -4.157948303889643336e-03 -2.853421875155501969e-03 -1.225216773877053043e-03
1.973162986693584475e+00 3.344203987451410676e-02 -6.333202945246967086e-02 -3.127438298354641086e-03 -6.854083871521146447e-03 -5.876398328242441599e-03
-1.187709662075817407e+00 -1.143730658801972860e-01 1.860018309798275871e-01 -5.571303396591238688e-03 6.506286619793167324e-03 -5.904741576186594773e-03
-1.228701297931717340e+00 -1.217852880804733279e-01 6.202991865149561773e-02 -4.272313731085097648e-03 7.742005314700185553e-04 -5.031755314050240626e-04
-1.935963786150678656e+00 2.405683934868070584e-02 5.094907296320282802e-02 -3.994962206479111058e-03 -1.148785477506830991e-03 -3.090773589288422531e-03
-2.069207218228408696e+00 -2.994113242661911034e-03 -3.488203331262731732e-05 -3.238534543612196434e-03 -3.053861784178035603e-03 3.403570737993510779e-03
4.626345606009094058e-02 -4.324448511315875238e-02 -6.145945519554010805e-02 -5.151986652665824923e-03 -5.065698953892457633e-03 -1.783028369982359073e-03
-2.059382651653643759e+00 1.349230498587705163e-01 1.470776985597052333e-01 -4.971760257990022556e-04 1.000426282474489552e-03 -1.688875406814093318e-03
-1.733226755518020301e+00 -1.920406264517279804e-02 -7.290144124469023768e-02 -1.534145863276911324e-03 -1.795115307404500848e-03 3.245517125637613440e-03
2.277359804371219987e+00 4.613429480886027667e-02 -5.859963965825814441e-02 8.262225975533507918e-03 6.621338582459098364e-03 -4.828034074928227830e-03
-2.958605612259439965e+00 2.480455018886223439e-01 9.735057051586742949e-02 9.850322270160919574e-03 -2.659397797626366407e-03 3.203854424471940790e-04
2.957136406839253606e+00 7.906235437252681630e-02 -2.965499947337781050e-02 4.944842247253763978e-03 5.400574976031802255e-03 1.218123396970545403e-03
-1.211307171066640986e+00 6.929673584633834482e-02 -1.798758513844840312e-01 -4.979408835238528135e-04 6.355624344532895091e-03 1.066780141906225921e-04
1.776795101644880637e+00 6.155900881864597579e-02 -9.463652798661321974e-02 -3.331039019328276983e-04 -6.311616049906041900e-03 -3.850162704919987688e-03
8.890581765569752770e-01 -1.424291749015273167e-01 -3.057006062883750944e-02 8.172952482228837412e-03 -6.301424554833892286e-03 1.167808537627283184e-03
-1.584776361985028137e+00 8.646553374779598899e-02 -1.693988668927098318e-01 -4.073535311821950729e-03 1.546863559640914874e-03 4.864272817578542407e-03
1.003109810469090757e+00 -2.029645577228100795e-01 3.178533987049441539e-02 6.449350570732086119e-03 1.419243749740535000e-03 2.263145263810081680e-03
-6.017838406038187316e-01 -3.593672445117793851e-02 -9.719552372084319658e-02 -1.773180380028380849e-04 -8.519877428235277453e-04 1.056670004485223613e-03
-3.549436777932272857e+00 4.220708685200080246e-01 5.502022444475328927e-02 1.914321443743222106e-02 -5.699309498533365256e-03 4.407934341813476466e-04
-5.501336496877977655e-01 6.622280005528537183e-02 -1.153678907664063280e-01 -7.969842189712385977e-03 8.492250504733206418e-03 -2.842880720552096608e-03
-1.540330381361887380e+00 5.090545178037203522e-02 -1.006447368419862987e-01 -6.066303924920936168e-03 1.392360019467261392e-04 4.383368787174834330e-03
-6.905694732767718724e-01 -5.532601281688864781e-02 -8.006077315646961678e-02 -1.355383045952044188e-03 -4.978283193186778220e-03 6.402311743863893165e-03
2.252482779236228971e+00 -1.220574163170197977e-02 -3.221396120021254028e-02 5.546452033611391774e-03 2.204928190600927932e-03 -6.565226085213302087e-03
-5.875852292248299330e-02 -1.489458283782866925e-02 -1.124703886621843951e-01 -1.465230083218596819e-03 -6.457989482431985770e-03 -1.410623929630483659e-03
-7.336320659021039470e-01 2.911658542590051663e-02 -1.377942948226230091e-01 -1.600810076197222397e-03 4.095431708270954978e-03 -2.069062564956229786e-03
-1.674561011741452443e+00 -4.949775139072117025e-02 5.912939935265736774e-02 -3.707864421270096016e-03 2.644887207343428297e-03 2.087642450843082715e-03
1.849956090214901261e+00 -7.631803321344529482e-03 -6.144206519805060079e-02 1.057092580552266257e-02 6.857101080571198146e-03 -4.305464117741956108e-03
6.526869334234609576e-01 1.076837905216419637e-02 -9.061006729116531655e-02 -7.129764335489877439e-03 -2.203871803886241470e-03 -1.432086215202326915e-02
3.138961158397719942e+00 6.142269243652855037e-02 -7.888531122165793816e-03 1.091994774884400997e-03 4.110731497107315661e-03 -8.508935897781526661e-03
-1.870613832576626390e+00 2.642787861393822157e-02 6.252680878347112448e-02 -2.999707571663041018e-03 3.048479895626140732e-03 -2.971036177700161693e-03
8.060161913082822815e-01 -1.443107497377478787e-01 -2.557795009259838936e-02 7.415132162705763419e-03 -3.982385872811988227e-03 7.272722847924556217e-04
1.096986361541504085e+00 4.705923152189744885e-02 -1.247408890382867980e-01 6.710422087702797890e-03 6.623136518260936724e-03 -4.398877482360809103e-03
-2.387789950841909370e+00 1.834482468626102147e-01 -8.337706797429088323e-03 -3.504980379491307724e-03 -1.651427529338030239e-03 5.578642552397693535e-04
2.421450699331440415e+00 -2.144330433260252800e-01 7.574173494480992974e-02 6.302201435202472481e-03 -5.874391818821046198e-03 3.788189444923263129e-03
3.722208724278607828e-01 -1.201865044614002925e-01 -5.637178555960310755e-02 8.148595557358320751e-03 -1.671916148395271185e-03 4.151256095761525315e-03
2.677373109430959630e+00 -1.273148310586465388e-02 -5.249767722394681202e-03 3.078499691399636928e-03 -1.288666416648186165e-03 -1.836217976610664531e-03
2.410772785625543868e+00 1.768426672915846820e-01 -1.044956692039862578e-01 -1.030222056987253150e-03 3.443803939381566946e-03 -7.421346049793448550e-03
-1.868370016382514542e+00 3.222340189369271579e-02 1.507694375415855603e-01 -1.534374820659074141e-03 2.494304053441212966e-03 -4.057927289403124964e-03
-1.522557629059452022e+00 -6.867281990522278168e-02 5.553372438182014453e-02 -5.285488728882879045e-03 -4.052546057264672140e-04 5.723012528417541472e-04
1.338033139216841194e+00 -1.960210191560022019e-01 2.997138661616164518e-02 6.359776910521441375e-03 -3.128757750397712957e-03 3.862571298684744012e-03
-6.363260925415175073e-01 -1.498506544879481817e-01 3.197733763036012672e-02 -3.684901454956727215e-03 -2.316559578669152245e-03 1.461240575306102388e-03
4.427289543415905415e-01 -1.309137468693603867e-01 -3.590632939259370132e-02 8.213684285882361796e-03 4.425311503181809068e-03 -2.871618381527890271e-03
-1.374594329009707572e+00 1.746789729667873672e-02 -8.986652412121350075e-02 -2.670216878000480042e-03 5.297928512758008288e-03 -1.909912371662803336e-03
-1.785090625086453331e+00 1.743965295247294420e-02 -7.565746039325423056e-02 -4.318246888934785567e-03 -3.028029532442126637e-03 1.814535768472623576e-03
2.971445706103008622e-01 -6.339666839179726454e-02 -7.023916748728688264e-02 1.090302651777743347e-03 -2.135081136629191512e-03 -3.221574316664322854e-03
6.937709796910906945e-01 2.908187749865519603e-02 -1.197949184145973706e-01 -4.126908263165917647e-04 -1.144328337481463577e-03 1.948008350978658668e-03
3.732587878826645333e-01 -7.157082038781036049e-02 -8.232964568540246386e-02 3.884433347554949300e-03 -8.381145927827770778e-03 3.421415392722212956e-03
-1.368316132628182968e+00 -9.537956870000234566e-02 4.687052096589520989e-02 -3.205758303182601378e-03 2.689461702204613228e-03 -8.970251091844821728e-04
-1.606654855780627056e+00 -3.298060542799688410e-02 -4.776706622196633979e-03 -4.215719836092563823e-03 -1.967428008117014238e-04 5.585793180413863241e-04
4.358747804165662987e-01 -2.607933512533202047e-01 7.566173867556183485e-02 1.513740118357367274e-03 -3.017187579033470428e-04 9.326424573434464451e-04
-9.376192412937913723e-01 4.602748829197353397e-02 -9.488591269330899636e-02 -7.284294848144579060e-03 5.927781528719509169e-03 -3.095744536115897436e-03
7.716727587405367572e-01 -2.309669596458646113e-01 6.199158756417925964e-02 1.522164168545842760e-03 -2.486314803010384634e-03 -7.625243581098025466e-05
-8.995690272122274234e-01 -4.132485104773107182e-02 -9.573371236435267162e-02 7.220712013534411012e-04 1.848885085986650507e-03 -4.071014974977170582e-03
1.181307239056051284e+00 -2.034561411099719275e-01 4.700072617286944060e-02 3.691771749016521491e-03 -2.020550670296462729e-03 1.992488507753506066e-03
-1.246501938278244070e+00 -5.186086084340238433e-02 -7.724917621924215494e-02 -6.153245971337048884e-04 -2.324483670950081970e-03 6.384493419997543454e-03
-2.821984916321416126e+00 2.300452216417595563e-01 -4.822643581532970805e-03 3.328070592787015902e-03 1.444461740368990690e-03 2.903473737214412945e-03
1.439902596981970984e+00 2.657515456464951478e-02 -9.173444754022043457e-02 3.194064691942553533e-03 4.052032210541197006e-03 -5.397721470603301409e-03
-3.321810898547262747e-01 -9.615615348881213775e-02 -6.494148953235398536e-02 6.778602130998347478e-03 7.211811734643966583e-03 -1.883568736996694103e-03
1.850937913845206451e+00 8.676599597932596608e-02 -9.586921372305008682e-02 -3.856659259806530151e-03 1.642315346420271686e-03 -8.074106980101655381e-03
-1.117881650810714556e+00 -1.029529553638363626e-01 3.362800264166684178e-02 -4.875425827192547169e-03 5.859096801822292425e-04 2.181415326447037721e-03
-5.008704991318303490e-01 7.815201859191719946e-02 -1.559829118983953877e-01 -3.853715334422356305e-03 8.348660419797275870e-03 9.227169627197798381e-04
-1.399215017309647646e-01 -1.414301853171903434e-01 -4.298015022589681683e-02 5.367187814283444318e-03 -3.236189286930722664e-03 2.587170667416846363e-03
-1.240804591109845756e+00 -9.690997851664669149e-02 3.512131732780402263e-03 -2.995101562493335777e-03 1.683370549723793347e-05 4.425302834192350494e-03
1.148241968099768417e+00 -5.472820147504220412e-02 -5.932680889750731323e-02 7.088907318658355973e-03 5.157104952490953326e-03 -7.708909985838203506e-03
1.494815696627574741e+00 -6.060202245298133145e-02 -3.350470471256814659e-02 2.513527104313208888e-03 -1.820747770227122643e-04 -3.557000720511099400e-03
1.791905579963533501e+00 -1.480734008410473368e-01 2.232888184426385161e-02 6.446354549047543167e-03 -1.043647824847746507e-03 1.277241549863966999e-03
1.363330232106027218e+00 -2.636792318313810335e-01 7.936666737869013666e-02 5.226062454739629701e-03 1.521339904990640232e-04 2.372020806964307300e-03
-3.763643489405723574e-01 -5.246862802232996059e-02 -8.154011966088194063e-02 -7.709022190491468356e-04 -4.350392205843501767e-03 6.032947307484615336e-03
-2.295957882339410422e-02 -2.504982634870399627e-01 6.729140599783452192e-02 2.195660750443113353e-03 1.638636417108032530e-03 9.578130850103797706e-04
1.118159022896968224e+00 -8.563706770993548267e-02 -5.799644513256455025e-02 1.126366994147872530e-02 1.807496522135398952e-03 2.907340769644443240e-04
1.063063707031567384e+00 -1.325136453352911137e-01 -1.400308015735696535e-02 5.309959302022442158e-03 -3.015342006483226131e-03 5.302614316021458116e-04
-6.169507538390648360e-01 4.079627771635872119e-02 -1.051820648363145927e-01 -7.714330584249837024e-03 3.507379077309850067e-03 -1.553054057858802494e-03
-1.704163653119330268e+00 -4.856812966906151607e-02 -6.836264091192323106e-04 -4.191726682070765105e-03 -3.601137245741936697e-03 2.328438041929211787e-03
3.729638276809098762e+00 -1.639692798496716897e-02 5.918011471790345784e-02 4.715614637691067403e-03 -5.188659908125540024e-03 -6.987727476820538132e-04
-2.632084863142583497e+00 2.721842803856269200e-01 1.539363359363701486e-02 9.826433856024642966e-04 6.857434418039845070e-04 3.049098059956250120e-03
-2.293837797196958128e+00 1.435695464180193059e-01 1.154757876781881271e-01 7.515472282719328021e-04 1.750800773133799387e-04 -1.036350212886435812e-03
4.546883733098345814e+00 2.457088259718790690e-01 3.708438352020370504e-02 -1.801428172857762276e-03 2.373062903354189197e-03 4.059613877248144896e-03
3.253270255308650771e+00 -9.876241004407422530e-02 6.239054030927145000e-02 8.926707565130151747e-03 2.108291428269052584e-03 4.664937190125365181e-03
-1.116671014175000698e+00 3.781052817493194690e-02 -1.257210444949131145e-01 -7.716637396141054137e-03 -6.052907638136786200e-03 -1.720901445923089844e-03
4.062120671192141153e+00 2.445353965373175120e-01 -3.898894086638206129e-03 -1.735235750586174063e-03 5.253358159575687372e-03 2.787555796909655607e-03
-6.249347029383967023e-01 -1.402865542533274501e-01 -2.143042272057181508e-02 1.924385264138442483e-03 -1.429718205818087361e-03 1.990858978176492414e-04
-2.188526252912780468e+00 3.574630354558147594e-02 1.024785836160019836e-01 -6.443945343140043474e-04 -1.423626993861460462e-03 -3.091600666354151448e-03
3.062081695315431951e+00 1.403739296854215890e-01 -4.449311079285209192e-02 1.161601810459053554e-03 4.124416794842190870e-03 -7.639222241981782902e-03
-3.485044724343404066e-01 -1.102980286615194011e-01 1.125132848504098275e-02 -4.021133597343585706e-03 2.111011003348843215e-03 -3.596351390064095842e-03
-1.404938337316817165e+00 -6.442081561238424681e-02 -6.095228925462053970e-02 5.422851163057514773e-04 5.093782001613311955e-04 2.085903039393923516e-03
-7.361318118445305814e-01 -1.421715676101970860e-01 1.575856140418412377e-01 -8.547248520260859045e-03 5.587311667575791709e-03 -4.325337557002286587e-03
-1.484798551294775004e+00 -7.522794185646180035e-03 -2.397644193456918704e-02 -7.878598586297486800e-03 -5.724727856580073999e-03 3.647095554950161283e-03
-2.662914050561754564e+00 7.557682050417119379e-02 -3.022218673033896796e-02 2.814262621773859063e-03 8.490706546445937969e-04 3.784187114066536327e-04
-1.228691068340353132e+00 -1.077633377568612411e-01 2.045320307276327909e-01 -5.057249105234183119e-03 7.003652104712728040e-03 -7.011629682454218263e-03
6.515558527541650768e+00 5.364791799186563459e-01 1.445945324641330354e-01 -2.548474981053290220e-02 -2.495110485675136429e-03 2.765287101352587761e-06
-8.157132464526138937e-01 -4.591970273176695927e-02 -6.140027921552793783e-02 -3.919092208116173488e-03 -2.315709356846283856e-03 -3.629699481594083417e-04
-1.215582852100994149e+00 -1.728003671953369340e-03 -3.155764579822109561e-02 -8.193692523364364683e-03 -1.527804276750344657e-03 9.781412432652400631e-04
3.147901887683713262e+00 1.409788885816055104e-01 -3.759710285183375661e-02 5.022545044319041280e-03 7.984626626364838345e-03 -4.960262717669922626e-03
-7.420619589061228094e-01 -4.736143452603795018e-02 -3.122131720673517949e-02 -6.436892099078892274e-03 -1.524802500117110066e-03 2.043049321314932901e-03
2.458466662751774390e+00 -5.989128633312684746e-02 6.762264614025173190e-03 4.815416703075182589e-03 2.142784747812169835e-03 -8.517670017250452558e-03
2.030714905961299888e+00 -2.902845866569245814e-01 1.031347866425506715e-01 5.882068923597496071e-03 -1.526312060963719471e-03 2.128210725273235304e-03
-2.901386062986490710e+00 1.945380395003434015e-01 -5.111853614247159616e-02 1.720268043949260955e-03 -2.007376835559931526e-03 4.715802202911610966e-03
-9.525425133786856735e-01 -3.460052256148214017e-02 -6.611681934966454413e-03 -9.775476855697150247e-03 -5.152528258163727344e-03 4.327908490077035479e-03
2.376720025523427537e+00 9.229126241716038501e-03 -3.187694139243636010e-02 3.674262265916453107e-03 4.155407636369837752e-03 -4.062829034931213527e-04
3.132989791102125943e-01 -1.432336411019643520e-02 -7.619680765620143181e-02 -5.266026910535373702e-03 -2.159748035606009423e-03 -2.698147310118298794e-03
-1.881566498972239376e+00 6.450824575969039965e-02 -1.414189064140691787e-01 -3.754809219641146861e-03 -3.113529010923066567e-03 6.022870379043514071e-03
1.980979407081111754e+00 9.965642775190718117e-02 -1.003826608154017724e-01 7.938223486895850355e-04 -4.930929316251723938e-04 -7.384776821083615175e-03
2.199507747885676601e+00 -1.580638562980855866e-02 -2.908563648446915381e-02 -5.101886966346899990e-04 -9.105745283471380208e-03 -6.176894946801662727e-03
1.218580371051452893e+00 -2.204220552176920644e-01 6.307393304002294199e-02 2.473197270073698110e-03 -2.523221881497003834e-03 -4.151014971172601394e-04
8.565767006828551855e-01 -1.338509193861650570e-01 -5.647749530674571646e-03 3.842915924610700636e-03 2.249644688506850787e-03 -3.116719825151635388e-03
3.363058903092271956e-01 -1.453701953671797083e-03 -1.139255922160647416e-01 3.880441458378064336e-03 8.738179191096732620e-03 -5.954811418501441793e-03
6.528396388934518679e-01 -7.891048524558254285e-02 -7.626941615183950585e-02 6.618924847610247603e-03 -6.041214124249008263e-03 8.730978205741568880e-04
-3.364660503894212895e-01 -1.797664488662485682e-01 4.362672133492914717e-02 -2.555787849231370892e-03 -1.101708975026062780e-03 1.690125480492038739e-03
-1.264919055670253867e+00 -2.227851565319767177e-02 -1.272843342526306862e-03 -7.502315008567989919e-03 -4.814335282054072796e-04 -2.065493940944201738e-04
8.751331577194775280e-01 -7.764855854290371451e-02 -4.106832382308004542e-02 2.171036918448207564e-04 -5.502623957409732980e-03 -1.224577517280260694e-04
-2.741621480720215054e+00 3.360884122419712794e-01 2.208840117266126224e-01 2.110142283475698391e-02 1.531376737434104107e-03 -6.207482254651991611e-03
2.073725652759887517e+00 -2.539708489881301046e-01 8.670597107867314413e-02 6.218564685391395758e-03 -2.403013022968275569e-03 3.019635581825104702e-03
1.171725127625436347e+00 4.257681115477088274e-02 -1.116365613237638721e-01 8.037220475581493542e-04 3.804603361271434252e-04 -3.356074661075052028e-03
1.842669325762495536e+00 -1.468762145896765625e-01 -2.743431159163851538e-03 1.411305716933010899e-02 -2.637226196398856706e-03 4.101553074915948414e-03
-1.254886706174235256e+00 -5.693431320961212655e-02 -3.118066846613852180e-02 -3.038340809539607709e-03 -1.843577486829232578e-04 2.144638927788586336e-03
-5.225283207343783820e-01 -1.458930695822896473e-02 -6.719539772331865890e-02 -6.922153378624794177e-03 -2.010290737928667037e-03 2.152747851354232765e-03
-6.624504316351234046e-01 4.312136044955769409e-02 -1.225675950757089128e-01 -7.000572478952273719e-03 4.832176948669233648e-04 -1.927253707954257583e-03
-7.698948384708595993e-01 -1.417343492074362998e-01 9.523402745803257949e-03 -8.117471807919795102e-04 7.467080506492027210e-04 2.862478206987862945e-03
-1.877749703691945715e+00 5.679801900871249420e-02 -3.745887109610600979e-02 -4.757786190815601127e-03 2.032466917097637115e-03 4.704286698903133515e-03
-8.399608391114550265e-01 -4.477107580772640705e-02 -2.846453539668552385e-02 -5.062506892943683875e-03 2.971166114605978265e-03 -1.593448703527496372e-03
-2.510591603980775743e-01 -2.549098990257825936e-01 6.168414448789393684e-02 2.804347015342274329e-03 6.971945968576334597e-04 1.510337987556428578e-05
2.741248109799824473e+00 -1.172320752708134878e-01 4.320756739864600737e-02 6.968158376867443840e-03 -4.654223122618417023e-03 4.838326830383596518e-03
-3.087252607231360524e-01 -4.120688569277436430e-02 -1.019929210375284390e-01 2.026353717093612623e-04 -5.418219767629133161e-03 7.277205621086284748e-04
-1.329422934030224379e+00 -5.714834495643531659e-02 1.036548682128392296e-01 -7.502433099392134472e-03 1.285314699538110889e-03 -3.391801411620219524e-03
-6.199837650102084652e-01 1.080572138770226516e-02 -7.901980469191517698e-02 -7.364048193500837523e-03 1.977843014763452142e-03 -1.665349411477265234e-03
-1.504885300027817285e-01 -1.397691450843917271e-02 -6.758550637029683839e-02 -4.806927570313911449e-03 5.181220999997318728e-03 -3.186050578369411992e-03
-8.075828101202319198e-01 -1.043364768998810976e-01 8.279203367807178027e-02 -8.368564261386062311e-03 1.894543907064358788e-03 -3.497445501936729661e-03
3.332526293868839584e+00 1.926714982264940423e-01 -4.609563201147647699e-02 -1.008468206050226919e-02 -7.400853228550966986e-03 -1.294363003490661343e-02
2.764405213927836780e+00 7.359936190565073699e-02 -3.916893139491377934e-02 9.624390083339018007e-03 1.054353556340770041e-02 -2.184880306489448126e-03
-3.432120337413547273e-01 -8.135106216675477842e-02 -2.372841014946762070e-02 -3.645631673938742792e-03 -3.026469928016112688e-04 1.510244058882406976e-03
-2.277823774118120870e+00 1.247676327885252345e-01 1.839499633137375162e-02 -2.442743416248290434e-03 -3.787936261028256621e-04 1.616088808878322295e-03
-1.459035009080509315e+00 -1.324815591322884255e-02 1.940316484890843712e-02 -8.131915374266709615e-03 -2.532833058605223498e-03 1.519466003410891494e-03
-1.059235661032652764e+00 -1.332094615250407343e-01 1.025747841599838200e-01 -6.210242434172096211e-03 2.407244027357374402e-03 -2.475750349377460208e-03
-1.837265074647490781e+00 3.427971266964856267e-02 1.039336441524421201e-01 -4.614971137548394380e-03 -2.013816269205866670e-04 -2.078158899029753943e-03
-1.857245234960495983e+00 -4.370226108802131859e-03 8.393598554144819646e-02 -3.292337705002195726e-03 4.650581257448807809e-04 -1.995110280179422223e-03
-6.677767734647241937e-01 -1.607693963325582120e-01 4.149233883628739017e-02 -1.152278154154674989e-03 3.861682409686735453e-03 1.400358275586578716e-03
2.946756430858054721e+00 1.097859385556986325e-02 -3.864354135106783366e-03 7.434822947078731196e-03 -1.680125487940850679e-03 -1.427448622169882018e-03
1.267140541667720166e+00 -1.966229295224382334e-01 2.193334678619805050e-02 7.194624886044691768e-03 -5.357325923383806504e-03 2.410701270629767631e-03
-1.242745916151372976e+00 -1.172449582907642979e-01 2.142540372751307320e-03 -8.215743150917428905e-04 8.215956008492525647e-04 2.650761569827080229e-03
-7.562321836523580032e-01 -1.220578120401088623e-01 5.492275444636840476e-02 -5.308147412218794728e-03 2.794708108242314765e-03 1.587310877193137985e-03
-1.717867225764860395e+00 6.137809695160838241e-02 3.028747464653237451e-02 -5.247704933685756051e-03 4.948371040092657512e-03 2.051162278198403912e-04
-2.400032082452082938e-01 -2.527549173318557191e-02 -1.119567957273125830e-01 -5.606504224554147197e-04 -7.228614005483305176e-03 2.006860592350422686e-03
3.036079910290160888e-01 -2.327808441348455104e-01 4.810001319337137843e-02 2.391961070081032297e-03 -3.113758412997806851e-03 -3.260118957287374045e-04
-1.061183098345911624e+00 -1.322839788320494536e-01 1.133190867886855330e-01 -5.187639840499568347e-03 4.908700546023515680e-03 -4.708176791266862476e-03
4.832852772208024450e-01 -4.997297994580916780e-02 -8.658079760059093910e-02 1.166258928958912276e-03 -9.126110741688174197e-03 -2.292811540916789726e-03
2.065984007143504275e+00 3.051034837121917656e-02 -6.335939830636440340e-02 8.168408922134710653e-04 -5.684817455067498436e-03 -9.077452249365874914e-03
-2.254198880430381968e-01 -3.825655252174156844e-03 -6.546403350565947743e-02 -8.969669191255797216e-03 -1.569884606731825711e-03 -2.495293964527821318e-03
3.057465961508143981e-01 -4.262128662885185382e-02 -1.031763487380325528e-01 6.926473702660133902e-03 3.304741037777917008e-03 -2.178115207953110026e-03
-2.266483825894836102e+00 1.717511493339288209e-01 -1.125084489174570379e-01 -5.321622030892491501e-03 3.387887311447180128e-03 7.646112418293422516e-04
7.830879368163192744e-01 -3.012358774864542510e-01 1.030240572102784358e-01 1.392451453802696654e-03 -1.394790152625500698e-03 -1.497504832949010743e-03
3.216135878927368630e-01 -1.813244315728000378e-01 6.108499718548048713e-02 -4.680973510916233531e-03 -1.488876350497548825e-03 2.944473618829749131e-03
-1.587184548555196972e+00 -3.601585342178975635e-02 7.209727076103523979e-02 -3.491699162459681576e-03 4.699901749810058045e-03 -8.793578070761169738e-04
-1.764472431480700099e+00 4.000739596427353023e-02 1.776710755633369720e-01 -2.305822406810559104e-03 1.978037154914173701e-03 -6.952794679159046698e-03
2.545400016415176214e+00 -1.225238968384770033e-01 3.490176278642134755e-02 6.683460592745763505e-03 -7.066954171482525519e-03 2.075813304050191412e-03
-9.216596945460736601e-01 -1.008687232880295798e-01 1.739610275241718421e-02 -4.768163271218969768e-03 -8.851461393998254082e-04 4.255679281855846122e-04
-2.294702642292492545e+00 7.502305040118509294e-02 3.003253993683112355e-02 -2.129924476907039954e-03 -3.381155634777464804e-03 -8.770869495754216689e-04
1.550757778332960468e+00 -8.495263056457272310e-02 -3.210968292872044827e-02 7.843700989485252739e-03 -9.555559928520972711e-04 -7.256354396832972314e-04
1.318649547202842998e+00 5.329722186803929375e-03 -9.112599113836178377e-02 6.030745585371541720e-03 3.375151814753249088e-03 -6.625391774266543680e-03
-3.256651790025154813e+00 1.985233174605716411e-01 -6.104231649922797764e-02 7.019040849419070499e-03 4.018574476830413930e-04 3.292733568296168315e-03
-8.085660386066576000e-02 -1.645842247561593863e-01 3.024901095455424099e-02 3.774266406543648326e-04 4.591443561182105733e-03 -2.745299282897149373e-03
1.958779731816904512e-01 -7.358521359754797986e-02 -5.211803775362375268e-02 2.025177723226137799e-03 5.115300851272025669e-03 -3.774024093408382113e-03
-2.992798784828710090e+00 2.815418501088464698e-01 1.136947016052484126e-02 5.220727002062225917e-03 -1.794865407887389968e-03 1.142671701506383633e-03
-1.907955977214249588e+00 -4.037389409904078297e-02 -1.972343467047902102e-02 -2.244702700184385139e-04 1.700616602057954552e-03 1.462630024319725190e-03
1.914300499877202411e+00 2.768315348409694857e-02 -6.517215256586250671e-02 2.360132851906502835e-03 4.012528179854860620e-03 -7.501979414303767274e-03
-9.448991007936450304e-01 3.598280989185428935e-02 -1.336961020056821325e-01 -4.049226715575948710e-03 1.075049656338397544e-04 3.457593946160383239e-03
-2.245197199601989269e+00 1.416921602999676733e-01 -1.264010739947464546e-01 -2.103938233706172545e-03 6.908191151312798386e-03 4.025158594740889384e-03
