7.671766583902879688e+00 5.361808293804596337e-01 2.327304446157766882e-01 1.368828046171240110e-03 -2.523176605566602657e-02 1.122607209887243641e-02
6.895879088511622235e-02 -2.932214949260372738e-01 5.454992172320723143e-02 4.077462272211105666e-03 2.324717882208127313e-03 -2.076413778687914973e-03
7.414558430579855086e-01 -6.603526848233172430e-02 -5.244770092093632013e-02 5.539744902265286014e-03 3.921561547866977970e-03 -8.401918142683333438e-03
1.733755426050684001e+00 -5.625672146866074821e-03 -5.731746738165318517e-02 2.270927688755759299e-03 6.356370395708137340e-03 1.045228186155355496e-03
3.518994251107641635e-01 -5.676588356508398270e-02 -6.744517642429737059e-02 7.589694147953612163e-03 3.228204634300542789e-03 -3.580083087686687735e-03
5.488982066890868872e+00 2.458298297981964808e-01 9.788468942964476116e-02 8.530164928276314992e-03 -5.125924047451298551e-03 -1.363159525084999641e-03
-2.575042299613079955e+00 1.128141542136603948e-01 7.850842698810749087e-02 2.045080075603329921e-03 -4.069923197921899711e-04 1.416402732809008552e-03
-7.383467051848813245e-01 -1.304535313221922566e-01 -8.595020779052844895e-03 -3.680921673037683504e-03 5.464525736626689141e-04 3.305798254377810899e-03
-4.057893816239291906e-01 -9.706031504696636947e-02 4.401239707323372115e-03 5.907845484669625724e-03 -3.995873922066796660e-03 -7.965428773247120939e-03
-3.470039280106855362e+00 2.546740390480934368e-01 -2.662800988725682466e-02 -2.309181099131021094e-03 5.323065883435393504e-03 5.224534328959900848e-04
-2.662355650213717784e+00 1.766298987018138644e-01 1.569845036774323022e-01 2.613348136750218501e-03 4.606062225729092713e-03 -2.623591162646274257e-03
-2.092263766052497864e+00 4.323821826578435473e-02 6.930430529503764370e-02 -1.938241582212107137e-03 -4.707570708650092063e-03 -1.741145855526436519e-04
2.719089167406737673e+00 9.807472226236275958e-02 -4.533437497428065982e-02 -5.097488640401595314e-03 3.551571949325684797e-03 7.786094609551895418e-03
3.711312836275081128e+00 6.289244494123810703e-02 2.423441726568924259e-02 -4.732113207641540711e-03 6.506577049827231250e-03 -6.326227823814089017e-04
-1.456502757944386106e+00 -1.641013366087275965e-02 -8.942615102476424160e-03 -3.639615539819807035e-03 -4.674376543242776336e-03 3.711961529385100593e-03
-2.629632570814497416e+00 1.174706338033502662e-01 1.390350647658285255e-01 4.697755913496505509e-03 2.611542403605748332e-03 -3.426183643006567008e-03
-3.660357340846585039e+00 3.129548884069379144e-01 1.519586562707590238e-01 6.341535643609946295e-03 1.948089150362155783e-02 -2.742568180553802294e-03
2.399026733996605376e-01 -1.055824679646571868e-01 -2.439521750519340476e-02 -2.217629220007349185e-03 7.603635133298208273e-04 -9.700885667239051574e-03
-1.095248292495805797e+00 -8.718333454221921519e-02 -1.263022345356915911e-02 -1.439507655714761161e-03 -1.231978314210591249e-03 1.305440743884166014e-03
2.161787842455586417e-01 -3.039886768075615239e-02 -8.448502321833767370e-02 6.783637077994503564e-03 3.648900300788759411e-03 -3.006604677824706480e-03
-6.039638070499133704e-01 -1.412335535888253613e-01 -1.009644519361514205e-02 -6.991720434812572979e-03 2.157955379790410522e-03 1.824242483816821466e-03
5.438167147469670226e+00 1.673241985563126144e-01 1.080653001542205005e-01 5.780037693484407942e-03 -1.005604901911333381e-03 2.484030398975765538e-03
4.585007256538396803e+00 5.569267371394060612e-02 7.298862559556379415e-02 5.428314444206639409e-03 2.959390229901620855e-03 2.150214512046699864e-03
-9.649994027716860545e-01 -1.838873630025134043e-01 1.011948743590512928e-01 3.862368414428501203e-03 -6.431241843192401185e-03 -4.736561157771049940e-03
4.037030127289342185e-01 -9.077376842494412623e-02 -3.305879092530522589e-02 1.414989556485071309e-03 8.555995780578984963e-04 -8.474463502722783328e-03
3.107037605956317616e+00 2.072225733167308570e-01 -5.535734618499073972e-02 -8.577059149846067571e-03 -4.483463863069287077e-03 -9.831380951722217335e-03
-6.402120341498265810e-02 -7.195936368759855983e-02 -4.918602639273751687e-02 4.412183302436803109e-03 6.418151422032608382e-05 -1.104209007576533854e-05
-2.248819365660021941e+00 1.343056490362813937e-01 -7.780733298550306098e-02 -6.813858554274264401e-04 -4.275347636282125600e-03 -1.953855027759182107e-03
2.026429810862820702e+00 6.234733148757748422e-03 -4.906218088336734839e-02 -6.618274911719410417e-03 5.862742073977179197e-03 5.348399093850640142e-03
2.471985553912827260e+00 -1.867037647092744113e-01 3.792437750741917829e-02 1.048371973683269844e-03 7.374067594118330696e-03 4.920436488083690038e-03
2.542998873961210826e+00 -5.257151973583770732e-02 -5.610845273879599276e-03 -2.728832339020128422e-03 8.330044399717646125e-03 -8.471734472804848953e-04
3.524192406013986645e+00 7.072480140813297567e-02 5.030264068962644192e-03 -3.702972613415121556e-06 2.820809083595068878e-03 6.656396379780938656e-03
-2.421555338258071899e+00 8.599409358575904605e-02 8.879501909073905797e-02 -4.233823519313933276e-03 -1.174809905121713873e-03 -4.970604880248945994e-04
-1.262541085197404378e+00 2.020039436539035338e-02 -6.291683402998787811e-02 -1.767703615137535987e-03 -4.191443260577865267e-03 1.478174229360405519e-03
1.679889915689546598e+00 -2.097418366409868618e-02 -5.327932735543724346e-02 -3.114181002372762731e-03 6.073062713827013723e-03 8.868509704536214205e-03
1.976844780545324198e+00 -5.932426516008253896e-04 -4.778082977612378018e-02 -3.942329682902732252e-03 3.470089670143543074e-03 6.491179996485726099e-03
1.237696535926990360e-01 -2.158274628402566120e-01 5.577455835363148706e-02 -5.019231281000689597e-03 -2.784992809673041310e-03 5.564660967092364524e-05
2.920542689221905519e+00 1.035883274019793326e-01 -3.827735054031157491e-02 1.026731420580616035e-03 8.291797038195699101e-05 -3.074509428998880266e-03
1.265706704820448225e+00 -2.639741976665513912e-01 5.570189134566887884e-02 -1.354217186874043591e-03 2.341417493371418957e-03 1.085940504092358649e-03
-3.546494510078462614e+00 2.202536265330986009e-01 7.692277882376659381e-02 8.992828702926175131e-05 1.117940825693740543e-02 1.655509027481709286e-03
2.178915594774613051e+00 4.752633573410577211e-02 -5.623871259383819016e-02 3.356084499269072763e-03 4.349297788225489451e-03 3.194467712497540881e-04
5.655280432125167067e-01 -1.268551435186478782e-01 -1.239328924855615313e-02 -1.477136528477766527e-03 5.988917035535280950e-04 4.947368786897467056e-03
-3.008139891012527212e+00 2.018791093191536212e-01 -6.098282538610476367e-02 -1.648050254027364761e-03 -3.273746786953822974e-04 3.368070069350983207e-03
9.995110325084569647e-01 -8.599739557909288901e-02 -4.950485009143462678e-02 5.273144382722401088e-03 6.923104804370389109e-03 -4.869422281781885030e-04
-9.135666707525705865e-01 -1.014713466956354421e-01 8.818474278215559072e-04 2.271867322915581758e-03 -2.450718769014786479e-03 -1.356964101840655700e-03
1.696497869355820143e+00 -7.583665622760148162e-02 -2.682770987294910356e-02 2.751608856508799220e-03 3.689890726268436373e-03 -5.494435634947858818e-03
-1.112501706537111668e+00 -1.479814796709428004e-01 9.677552610972707178e-03 -2.009888472054806741e-03 4.903430019692743167e-04 2.043173036153067643e-03
-8.385086565371979717e-01 -6.728793497404156332e-02 4.213127276394302949e-03 -1.594590474755609938e-03 -5.550452123539284695e-03 6.716789638199742105e-03
-3.748441859542988919e+00 3.255926763160498227e-01 2.701901367944202059e-03 5.137994567342719573e-03 9.593547086582060110e-03 3.332236699856255986e-03
-2.507032679246597340e+00 1.436165828442834136e-01 -7.247040050971237379e-02 -3.037128333641897580e-03 -2.929037619375215833e-03 3.581700102115658538e-03
7.503396563803012009e-01 -1.042446337805692097e-02 -6.755146557678652630e-02 -3.724640673418001032e-03 -2.132271602469836425e-03 -7.881565761278425813e-03
4.890289105605548414e+00 1.931804317776618096e-01 5.708773070623727325e-02 -1.866735718048363182e-03 -4.762718032415945782e-03 2.393830950454577458e-03
-3.134835862116055250e+00 2.227934947263021381e-01 1.108845307641541933e-01 -1.541772046637057778e-03 8.580407454224158251e-03 -1.001483111812857861e-03
-1.682570229826965580e+00 -3.784402158736716038e-02 5.583101314549189509e-02 1.146800232367154500e-03 -5.477506641741355410e-03 -3.309122277267993566e-03
-3.530121417392863004e-01 -8.266458550936969796e-02 -6.142111648977677252e-02 5.598075543609367689e-03 3.589691517061957809e-03 -3.863782916437010439e-04
2.936472491463751666e+00 1.228100654481327318e-02 -7.648793805817824878e-03 8.848346223340065181e-03 4.142178620127259271e-03 -3.844563373073324897e-03
-1.427571406188138381e+00 -1.034019707887308404e-01 8.705137332157001501e-03 -1.755170413368684892e-03 -1.818150780910554685e-03 2.974064922451354238e-03
-8.964718499260511120e-01 -1.596540827878795976e-01 5.061152590039488114e-02 -4.737526715053791068e-03 -3.816407997630763115e-03 5.732455236643044965e-05
2.562363447530304761e+00 -5.401107403695712406e-02 -5.810498415659038317e-03 2.504808179082931938e-03 9.697008454961986504e-03 7.833847543274657585e-03
-1.666360958764269595e+00 -8.384173893826245283e-02 1.225792374305402638e-01 -1.088098416602072084e-03 -6.444976785140874888e-03 -2.439789251702676864e-03
-9.597662963283318804e-01 -2.381940459012954828e-02 -4.413258875114407093e-02 -9.887595595465275070e-03 -2.493368503353119315e-03 7.814519502825679337e-03
3.976734985674809764e+00 5.020021153972742400e-02 4.214701946688908379e-02 2.810577561695530233e-03 6.938536930217203968e-03 8.670441674201320725e-03
1.618243457538776076e+00 -8.143648078297278242e-03 -6.086164437095140101e-02 -8.379165480561553275e-04 6.080711137238008213e-03 5.859973238269286337e-03
3.423722587701429010e+00 -2.938300864585233294e-03 2.186221413386372006e-02 1.339840729786868218e-03 4.045244649192329157e-03 -9.485467162996943230e-03
-2.041360935348187411e+00 6.278930779433147813e-02 6.086030851335605396e-02 -8.711437705049391092e-03 -4.935762524276418942e-03 3.193923655992667292e-03
-1.203787963310600118e+00 -1.476807614954545600e-01 5.980715393811383840e-02 -6.816713453527065147e-04 -4.048612113645142820e-03 -6.714893013586556349e-04
2.379376750567139709e+00 -1.092031837741468669e-01 7.559395301311335261e-03 -6.240157880162378393e-03 7.802439469357163801e-03 4.734107828837086189e-03
1.506991161713208793e+00 -2.604635243841505465e-01 4.789965977317691553e-02 1.027845569932971364e-03 4.629683864241893217e-03 1.473760588973709821e-04
3.419741420296219303e+00 -8.471848861123611185e-02 4.553303798670593761e-02 -9.220993180722813045e-04 9.239091092822870541e-03 3.931902528879138541e-03
-2.783145656910952503e-01 5.216722189948266863e-02 -1.237702268093227309e-01 1.024650983044321506e-03 -1.163431249602659215e-03 2.410127935422938083e-03
-2.377551934917104148e+00 1.832256837641348460e-02 3.675334420436169452e-02 1.955272081712823660e-03 -2.369167447454528872e-03 3.539863421456036167e-03
-1.948804063531523134e+00 -2.672604204696675187e-02 2.696324924342481666e-02 2.402069561131861628e-03 -3.244125085559185218e-03 -6.984834293136019893e-04
-2.325954995330557828e+00 6.912667801893269959e-02 -3.481689164395241481e-02 -2.215858299620795317e-04 -2.216900904907464012e-03 9.842331249185433308e-04
-3.458328122909951841e+00 2.933597077147066523e-01 6.954890148336836941e-02 3.130396353913099047e-03 1.057227837714272943e-02 9.358182335225638526e-04
-2.852043042778504400e+00 1.393079664997254330e-01 2.655573002543717281e-02 2.926411684899675892e-03 3.503806702528259676e-04 2.493773374688206153e-03
-1.507309548052382375e+00 -4.090554511333389237e-02 3.538658446456795920e-02 -7.728318506712167097e-04 -6.239788945459409132e-03 3.340773326990307233e-03
2.158506638536019095e-01 -1.028350363176867566e-01 -5.483451573720005134e-02 -7.378692153646600714e-04 6.309708397565377998e-03 5.680510930379445086e-03
-3.485317861096709713e+00 2.004544846577128170e-01 6.492211342666662222e-02 2.873467855865478090e-04 9.677090720100992027e-03 -9.921954143581265557e-04
-1.425542117036399103e+00 -1.472902273481675739e-01 5.560624858360736084e-02 3.994058731677748754e-03 -3.090019320835081865e-03 -1.195055589585744147e-03
-1.836040971851005121e+00 -2.319525537103090968e-03 1.081364829567117887e-02 -5.688543496347088925e-05 -4.889703780936153002e-03 4.174956451393040634e-03
-2.137015149994077490e+00 1.382136784115484407e-01 -7.202248739141882405e-02 -1.276123384062192090e-03 -6.115952438506161958e-03 3.324436813925951001e-03
-8.638768103067503423e-01 -1.492096380242923515e-01 9.110062801992734743e-03 -2.483618137660605508e-03 -1.789901945653501176e-05 2.923764237761416161e-03
-4.301857287443189293e+00 5.134280988852799599e-01 7.888069647388387673e-02 1.080117175266684208e-02 2.601946754092821293e-02 1.344445818501020318e-03
-2.488208953868685569e+00 1.230774936948653420e-01 9.207294598171729405e-02 -2.372045388328300648e-03 -8.004213710927196492e-04 2.041809898341757652e-03
-1.407171292136472296e+00 1.047071742311074388e-01 -8.420910220828883852e-02 4.860003897127648104e-03 -7.989230430696495772e-03 -3.487312238457671802e-03
2.584515142390352849e-01 -7.585683112581863285e-02 -3.579464804968712777e-02 -3.226032586981702165e-03 -1.162702165825096542e-03 3.290984817935467023e-03
1.653282758517648388e+00 7.804703258643164165e-02 -8.779992394340123407e-02 -3.692257290540605901e-03 -3.843630326776015433e-04 -8.084082477824088703e-03
-2.222719182746129896e+00 9.640527407161460227e-02 5.583095735519980063e-02 9.278878106472867801e-04 -4.401773618003080452e-03 -1.424044195584048484e-03
-1.542534845603039884e+00 -1.052246967149253615e-01 1.619162803348897159e-02 -4.326664734517981191e-03 -7.472587180855985722e-04 1.086596275162362977e-04
1.336089716577252728e+00 4.745540418953100165e-02 -9.648759766542111538e-02 8.754528140515742407e-02 -8.909949604295532358e-03 1.422978439460909593e-02
-1.250747364278733675e-01 -2.244372178954853192e-01 3.229000620854907688e-02 5.153905103834656443e-04 1.497671411514309289e-03 -4.672787186243601131e-04
8.353505383206805135e-01 -3.175348068750141195e-01 8.555098080523265702e-02 -2.787640593021844387e-03 9.393588171648477791e-05 -2.966198174472797072e-03
-8.182645042899439058e-02 -2.672095585730555611e-01 9.483324227552086816e-02 3.368995207095185247e-03 -4.711790401243491980e-03 -3.147617490495567896e-03
6.151422923992784231e-01 -7.292205124971114227e-02 -5.021657038133744283e-02 -9.096807556996237484e-03 3.485601825512857788e-03 7.845607613138991937e-03
-9.201243971394671428e-01 -1.519749235966852928e-02 -4.154485314540334179e-02 3.348259175411221270e-03 -4.943842816727301616e-03 6.147460562894850079e-04
-2.839940679420701830e+00 8.979459916666217290e-02 7.168619379070177711e-02 1.573186786116175699e-03 1.746459791223881671e-03 1.123010299650490425e-03
-1.685212206034581994e+00 -5.074283930372977536e-02 -1.109149700987686719e-02 -1.709371088231875693e-03 -1.394205140227944414e-03 1.606310847961831077e-03
6.695389338265318457e+00 2.898436631403848995e-01 1.791065059976362783e-01 -5.031616826066702929e-03 -8.017862365406223241e-03 6.910749149760833827e-03
1.418889376725846141e+00 -1.606887468368269345e-01 9.558574849538021764e-03 -1.222950335554496995e-04 2.872804047066382978e-03 2.511428492248391799e-03
3.304472795810500241e+00 1.054003367477694963e-01 -1.120664241180012802e-02 -1.755118314501326847e-03 4.751694709899845388e-03 -1.718512727041549308e-03
-1.084582536450224399e+00 -9.263052729074782235e-03 -5.852794519858797034e-02 1.622169010309711329e-03 -3.080603093636294365e-03 8.245045412250313205e-03
-8.176311942592576765e-01 -2.088480398043529307e-01 1.189731658346167703e-01 3.900279379002275729e-03 -7.623858047606744785e-03 -3.694868256453201581e-03
-2.684090783753829146e-01 -1.775243521255508439e-01 6.116290755540749677e-03 8.245577959635208565e-04 1.824600343188111833e-03 1.005077293041514936e-03
2.820501281144228489e+00 5.646899838959295453e-02 -2.938191894821287620e-02 -3.070926812368863015e-03 -3.240754160934722892e-04 -5.593963526982193533e-03
-1.224830939661745166e+00 -5.790789013369800065e-02 2.085105752463913345e-02 3.601070573467263745e-03 -5.809058308770468151e-03 -2.528190775946428676e-03
9.668983465822630352e-01 1.538489309392999591e-02 -7.762498555652139198e-02 -2.914661146725345663e-03 -2.949771557426925702e-03 3.023591585892894916e-03
-3.309683678414294228e+00 2.391509755271583604e-01 4.962481852085722650e-02 5.252880058828399536e-04 6.860408394015249378e-03 7.158083436921900116e-04
1.406006122527841296e+00 -1.762103354765902075e-01 6.304393134652687587e-03 1.584476277487977935e-03 5.929702513009491895e-03 1.816999245460879184e-03
6.530762879152902656e-01 -1.675379889605090600e-01 -3.358141025882319976e-03 -6.667885975466029264e-03 4.153458092492113424e-03 4.479790088001831504e-03
-1.255074405933898962e+00 4.631980605280219820e-02 -4.785302735341132735e-02 -2.985819598810926859e-03 -7.429009470386237213e-03 1.800534704130030443e-03
2.442806295200712907e-01 -1.776114013785790383e-02 -7.727774937279681400e-02 -2.863188350135441275e-04 4.197448022764792980e-04 -6.223044809484318610e-03
-1.334721806045382708e+00 -7.821995570120489349e-02 2.315414795988937104e-03 1.648147329756945254e-03 -2.360854308177728032e-03 -2.175168220398175298e-03
-8.269272848436947099e-01 -1.759692480120298164e-01 8.861248814826525044e-02 -3.254510932046509588e-04 -6.923899033201544664e-03 -1.364443536635125565e-03
-6.259721252149330617e-01 2.375404618068475276e-02 -8.261970533075457812e-02 4.197493452621607786e-03 -4.380408872801369070e-03 -6.517959106420603485e-03
-6.070929750132012526e-01 -2.758288323245922657e-01 7.382084706436486954e-02 9.450065438261188739e-04 -6.154671239289920357e-04 -2.983629520855264530e-03
-2.452857636441270195e+00 1.482419632968466627e-01 1.868413712930541981e-01 -2.553162508461982033e-03 4.225563438413883210e-03 -3.947823616773839944e-03
-2.387757430224406896e+00 9.792322561122511482e-02 8.821675032253456505e-02 -5.804009412183105954e-03 -1.232024836633794545e-03 -2.061654471129029781e-04
-1.600376003334275765e+00 -7.707035218226308826e-02 1.327472308174915683e-01 1.961733509777932767e-03 -6.936151153467433848e-03 -6.801867677399723623e-03
4.394151424839265019e+00 2.043839555981355194e-01 3.064260531088190340e-02 5.704058911282707846e-03 -8.327662731008484429e-04 -3.092067627475981757e-03
-2.231245277987500941e+00 8.463707891875792144e-02 1.150491331971938008e-01 -4.384620086471480681e-03 -2.458102877185420424e-03 -1.416145343453899599e-03
-4.299738924522870237e-02 -2.822937355897922607e-01 5.610197858529798048e-02 4.799505488359062308e-03 1.259739525780961909e-03 -2.335525006418172605e-03
2.193558345024640310e+00 6.357298156206876716e-02 -5.928008051017091135e-02 -4.724779526410243652e-03 3.710621487564908687e-04 -1.497917278877627587e-02
-1.111840731058207909e+00 -7.560552340338443089e-02 -1.717342938657505369e-02 -2.126854692454544296e-03 -1.598341309037875236e-03 3.118612911637323563e-03
3.234866081822457051e+00 1.165086018447245020e-01 -1.975115373133365729e-02 4.988981635420536038e-04 3.484915317670745066e-03 -1.697371733343635853e-03
-1.404064389749754227e+00 1.288764744194212941e-01 -1.409368090393082196e-01 2.137610181318411965e-03 -5.421440925048021282e-03 -3.900222556992928081e-04
-4.842199707452419233e-01 -2.305978635103033414e-01 1.235750134833684954e-01 2.953651944603881072e-03 -8.670530102543675885e-03 -3.865807271551200113e-03
-2.397127720549327157e-01 -9.226196197880465188e-02 -9.097371462186667340e-03 5.968183808845527020e-05 -3.640207384193815555e-03 1.457991902760604830e-03
-1.317448904351679051e+00 -1.329169480770077405e-01 2.048992260024034770e-02 1.369069235064168319e-03 -1.422037735769863132e-03 1.709467076907750889e-03
3.319591033550688408e+00 -1.586398491539739719e-01 6.253113579702698765e-02 -4.791197580785949359e-03 8.652159218000452304e-03 4.471127027738033312e-03
-7.491493313783343932e-01 -7.854296967231801097e-02 -1.678034529456585294e-02 3.020836481927858998e-03 -3.022417330050332883e-03 3.073154833304049711e-03
-1.215262279072384599e+00 -1.493330248990593634e-01 5.908390013848106165e-02 -1.699664523728971631e-04 -3.849586609447394787e-03 1.435950478480714488e-04
-1.434521033117668987e+00 -6.374864034436647162e-03 -5.356991443502251427e-02 4.159847533590826409e-03 -2.334641725055495391e-03 8.767602373317384375e-04
5.259175582928912185e-01 -2.200634233199350379e-02 -7.636845496119083754e-02 6.922870869486068453e-03 5.909703518049723220e-04 1.539930163853951359e-03
1.821351543605640666e+00 -6.329684074892685808e-02 -2.988616193451890113e-02 5.188389385970829581e-04 5.792436188453432312e-03 -7.409777687895528287e-04
-3.631964813434341299e-01 -1.941540853127265986e-01 7.807071918996977278e-02 5.341833765676726788e-05 -6.075570251286336980e-03 -4.736601523958546044e-04
-2.568016383323224350e+00 1.634892276678469314e-01 -1.237100323786956696e-01 -3.625209401882389677e-03 -2.097755120399054634e-03 3.089005952924464300e-03
-1.568082137490078631e+00 1.757617244928436628e-01 -1.739367508996925438e-01 -2.896368792272221646e-03 -4.632957704174255412e-03 -5.994658801560292898e-03
3.326162923285412631e+00 -7.873024832136452100e-02 3.859853563892457623e-02 1.763728813364648850e-03 5.588643273173412619e-03 4.241790327584264567e-04
3.688407255797148676e-01 -2.193407394404252586e-01 4.214401203696590409e-02 1.531099020807339913e-04 -5.086094715537268747e-04 9.764063469393088543e-04
-2.042095034799765063e+00 -3.901313193011245878e-02 8.446768030494462842e-02 -4.748571783885836600e-04 -3.870312647089210658e-03 -1.254703389684935387e-03
4.785860206647738480e+00 9.229505924979349019e-02 8.345010898686451573e-02 -6.061066107106140299e-03 5.642113462640026798e-03 7.771188781524066003e-03
-2.837939200045566768e+00 1.131268622635713816e-01 1.238611041502193921e-01 3.851260052705497098e-03 3.805743469227565977e-03 -1.972875477265861183e-03
-2.767357644042514941e+00 9.245086579050162956e-02 1.138060187480821432e-02 -5.898927380322599792e-03 8.798749607219790748e-04 2.529603830020462144e-03
1.516788753341183238e+00 -9.196043463316314059e-02 -2.713571009690757957e-02 -2.129417484762306887e-03 5.413229469410698984e-03 3.058108637903502076e-03
-2.411076967058308984e+00 1.663528905933605029e-01 -4.072789260530861044e-02 4.979742710487774842e-04 -5.248414872561725855e-03 -8.281607229974828860e-05
3.551795412488997883e+00 7.928789826094034821e-02 5.648989621440086116e-03 -8.033754888178722998e-04 2.168305334342871243e-03 -7.627244385913501713e-03
-2.094732873354423930e+00 -8.467302283911475394e-03 -1.721321996132207585e-02 1.624601629054392600e-03 -1.554076019583061673e-03 3.410258711820744054e-03
-2.237318983569503761e+00 -2.202851590122094014e-02 1.258500567770056422e-01 1.579329764602729685e-04 -2.295888195898963986e-03 -3.868971998240113095e-03
-2.290698557327709217e+00 3.673326765843697161e-02 6.427419894414943338e-03 -8.014266526487468997e-03 -2.195753663003742560e-03 4.757980511572392282e-03
-1.579989280302697363e+00 1.618449056033924305e-01 -1.546536073998659444e-01 -4.492481895856408579e-03 -6.233589698727630760e-03 -6.240781949644971967e-03
-3.496489528096901278e+00 2.964090640515710251e-01 -5.445677822944052643e-03 6.333888030794106172e-04 6.258429398005038898e-03 3.477698576355200966e-03
5.869294497123944687e+00 2.899184455558368456e-01 1.143328633251946280e-01 -9.857209002752843549e-03 -6.925565229779629198e-03 8.955034890000877421e-03
-1.168418694225502596e+00 -7.017524695956982306e-02 3.195830618887647578e-02 4.592757158869602090e-04 -6.118644877634151456e-03 1.410062005193815984e-03
1.122157354011624752e+00 -7.401408416639880528e-02 -5.039318318915022438e-02 5.552056013988585989e-03 6.129767748973869411e-03 -4.126838438305968637e-03
-2.307875775082302294e-01 -5.502251170819521392e-02 -7.294771328283461420e-02 -9.852677612567186435e-04 2.855787274662765010e-03 6.094260719325172125e-03
-4.296901505795999165e-01 6.740774869815893688e-02 -1.200480716681073812e-01 1.480934156338102993e-03 -3.638614388977264979e-03 -7.501407017100261178e-03
-1.199051715564076970e+00 -1.225368819438735074e-01 2.492122121134191480e-03 6.775228731354023676e-03 -5.552037545896910693e-04 -2.736418532226506583e-04
4.921235917236436386e+00 1.152369889337104408e-01 7.970267674886402642e-02 7.565726750573066421e-03 2.116374226985634954e-04 -3.069008397917052846e-03
2.933873123668374827e+00 -6.132153432438813140e-02 1.458336122055254279e-02 -4.608397979675720943e-03 5.501533609702432062e-03 3.168730720200945566e-03
-1.998844258169438559e+00 1.043919430451406144e-01 -8.046776172628981871e-02 -1.089038401280306581e-03 -4.527057777297067119e-03 -1.568623487752382538e-04
1.687741309213063035e-01 -1.376281209499746749e-01 -1.379144322915094520e-02 4.092170405059117333e-03 8.531552792258651667e-04 1.766094662568299658e-03
-1.150320818396742384e+00 -4.691980902610157905e-02 3.104033315874617574e-02 -6.799654283976266575e-03 -6.806359395181647495e-03 3.021062817603437783e-03
-9.209209772243260872e-01 5.239543038308464712e-02 -1.265470655842813597e-01 -4.461866180661091218e-03 -1.438660645534538176e-04 -3.662708241759415526e-04
-3.429172213462587937e+00 1.975862789841364986e-01 4.036508579550310283e-02 4.200768451691593432e-04 7.705162308306885872e-03 5.688856742953808015e-04
-9.499961976366916305e-02 -2.806087367464478177e-01 7.802204939741784473e-02 5.240256230076138257e-04 -1.589660255449394178e-03 -3.094112439035606905e-03
-1.795703087055050329e+00 -5.217355512562113495e-02 1.035422713318614046e-01 -4.833668622159674640e-03 -5.368455135779997764e-03 -1.343798721723252340e-03
-1.190090076524962903e+00 3.118877487520095235e-02 -5.217828759162502356e-02 5.672761780374930597e-03 -6.511039147661794833e-03 -3.976894506414745123e-03
3.008747103269092005e+00 1.438877184513632779e-01 -4.716540524033796533e-02 -4.573097790002449668e-03 -3.268292109010597322e-03 -1.751776784780227159e-03
6.512563327056958284e-01 -3.453531610724147605e-02 -5.980360770850780272e-02 5.484000791203526249e-04 -5.577075065284249492e-04 -6.970473189159541796e-03
2.451848902825677357e+00 -1.329515564127005389e-01 1.685301452178705750e-02 2.006693504042698136e-03 8.941532305050774870e-03 4.847963554235094723e-03
-1.413162043549649249e+00 1.985017583854999795e-02 -8.504562682296361309e-02 -4.654781222935880022e-03 -8.201754454010582937e-04 1.009093730869889405e-02
6.025410591519654302e-01 1.071587068801951037e-01 -1.365444566601539955e-01 2.629518577920744640e-03 -1.756088298072909504e-03 -7.265063612531036732e-03
-2.796140349741054187e+00 1.517087175742687921e-01 -6.324369480239676322e-02 -1.365581214771850521e-03 -9.657398557224415462e-04 3.472149819542249497e-03
4.982447321148838704e+00 2.614567916116982693e-01 6.277716693299106865e-02 3.577598141695354211e-04 -3.268813799837125972e-03 -4.489515435632915503e-03
-1.213336078619227765e+00 -1.316284110199956309e-02 3.429700007991897445e-03 1.581406437120078242e-03 -7.126588440166059524e-03 -4.912225468656424530e-03
2.573908290035472390e+00 -1.084435922547170583e-01 1.286521509295220946e-02 3.131578521619622375e-03 8.598123816243124357e-03 6.272949952108269715e-03
-8.437837007207440454e-01 -4.610517886378189684e-02 -4.623481760080407760e-02 -2.661272540023630964e-03 -1.633260882422408024e-03 7.424182392107406964e-03
-1.517923663700178061e+00 -3.376170384938508018e-02 -7.122263914919180552e-03 -3.292664178449649422e-03 -3.402305812333368540e-03 2.413203940253688326e-03
-2.345194310830394979e+00 8.754462833495689489e-02 1.563671082704857218e-01 3.358625052855844549e-04 -1.830292080918252641e-04 -2.005381018817296770e-03
-2.186634641064129525e+00 6.961189758774186109e-02 -3.485846092273485464e-02 -1.006920645558290715e-02 -2.459581751178099938e-03 5.832888822752006763e-03
-2.016012151528637109e+00 -2.142961312556239395e-02 1.187973834068948020e-01 -1.175878643832450237e-03 -4.213788239891604406e-03 -3.387454640631759693e-03
6.952388869567162288e+00 4.567112289304011696e-01 1.933295615069184625e-01 2.057023926219375340e-03 -1.602485219052757204e-02 7.424931245681850797e-03
-3.820041536278136807e+00 3.434321192357298602e-01 5.560440442881942058e-02 4.536843425322868543e-03 1.464662719636773691e-02 4.469104640130245254e-04
-3.332270299863099527e+00 4.425940124908497864e-01 2.625784415347957590e-01 1.004026008963332384e-02 3.086468438096607800e-02 -7.737954819466094820e-03
-1.264573344448637338e+00 -3.914266902647628443e-02 -4.516059655190381161e-02 -9.188701536906481587e-03 -4.587124078159281713e-04 6.911784038098802568e-03
-3.736847223371094096e+00 2.686069119476213185e-01 4.688266390826717478e-02 -2.325692672724246669e-05 1.228710977203227930e-02 2.417150337418167479e-03
-8.919110879522571533e-01 -1.302608620265371664e-01 6.285070608102523437e-02 5.153258648488727098e-03 -6.473945034444129887e-03 -4.057821726714680270e-03
3.316730272455163941e+00 1.937341035488366059e-01 -4.320319555210925394e-02 -7.448332313041023008e-03 -4.575214753689862447e-03 -3.516462227070529627e-03
-3.032859306597684768e+00 1.601369719622038335e-01 -4.174085026171996116e-02 -8.481331276999508340e-03 1.789142964589882654e-03 5.820997068715191153e-03
1.108473883886267775e+00 5.836748636880979141e-02 -1.036641264849957056e-01 -8.529935338949343193e-03 3.096530057207643252e-03 4.247256961953977880e-03
-8.108077403240350478e-02 -4.648086408206036912e-02 -7.254014735034494676e-02 -2.644892761620581088e-03 2.154898360911173920e-03 -3.084160659977419790e-03
-2.304986025641707403e+00 -4.004355062495065787e-03 4.961636477563362291e-02 -1.988186379832133921e-03 -2.369903676943898967e-03 1.122325683957045486e-03
1.829808887194150691e+00 5.620270498495405498e-02 -7.468561852832321379e-02 -4.239452523314412961e-03 1.517904794428266702e-03 2.276128540799424432e-03
2.880114226817485967e+00 1.102464314125127520e-01 -3.731859083753728823e-02 3.972530982365126036e-03 3.986718809019294471e-03 -7.265411575155453043e-03
-4.249193613530067304e-01 -8.554732439563542123e-02 -2.032525937521165171e-02 -4.494024917664504390e-03 -2.028743183024602371e-03 3.394534497300478841e-03
6.516089730432128579e-01 -4.120205507417865759e-02 -6.512942686933119452e-02 1.516482796112563446e-03 2.105881822835077837e-03 -7.051800346655565793e-03
1.400890505796631713e-01 -1.186967498729961240e-01 -3.847604761667750700e-02 -2.518918738907598067e-03 4.331149426974454340e-03 6.501671293617890951e-03
-7.489695350244514049e-01 -1.553727110323803728e-01 5.866691814937165239e-02 -2.103378104308422075e-03 -5.497403906269539113e-03 8.948995462052222174e-04
-1.114758428099811738e+00 -1.233578346809151294e-01 5.502350531665205213e-02 -2.502570923077327650e-03 -5.254678130818193557e-03 1.403935582673542914e-03
-1.226696871842748726e-01 -2.251808189366766022e-01 3.816709965197566390e-02 -4.684365458404593160e-03 1.287684375131553085e-03 -1.156774492491545030e-04
-1.601250745673128195e+00 4.563938418392694818e-02 -5.232571384041651008e-02 -6.654940618016338440e-03 -4.639856376676462953e-03 2.939006968034587903e-03
4.816929655803639854e+00 1.222342075218484231e-01 7.133523262086968741e-02 -4.248176562563556712e-03 2.014231789672435847e-04 -3.281793495763574587e-03
-2.444470284938342619e+00 6.715946604775765993e-02 4.977970653533123069e-02 5.572618726894035951e-03 -2.402494594965017168e-03 -3.179952670859626743e-04
4.947987623261363765e+00 2.578340056066382169e-01 5.596415985772436319e-02 -9.652643755225530364e-03 -3.974678511274586622e-03 5.311509118866947383e-03
2.299379421866626583e+00 -1.311043114567875534e-01 1.465026299250794112e-02 6.437575566902295141e-03 5.465944193074798695e-03 -3.036719793799998179e-03
-2.202086723701695448e+00 1.338820720756113136e-01 -5.135230349126919391e-02 -8.422072486272663694e-03 -5.048184051677564836e-03 2.772202345780083906e-04
-2.244661522399171716e+00 6.254299516109651513e-02 -6.681269761997454815e-02 -1.537973387587623876e-03 -1.152246632920550604e-03 -3.141429333565525298e-04
-3.625676975527822865e-01 -1.600536052527293529e-01 5.189433903592033381e-02 -5.847928660984854157e-03 -4.711465506146332062e-03 -4.094333697104860295e-04
8.458130796682474806e-01 9.281548262376347613e-02 -1.259898628365610507e-01 -7.593451101278195442e-04 -1.196383652968846420e-04 -1.600392786836278818e-03
-2.872067857170686800e+00 1.457103031540763760e-01 -7.000205557038063908e-02 7.535582560177048498e-04 -4.473739509707152340e-05 -3.203185305561257173e-04
1.787328974764630374e+00 4.845185591590329272e-02 -7.052516079115440928e-02 1.417574403055206836e-03 3.179852822640968739e-03 -1.395830277729364320e-02
-3.528876819310397539e-01 -1.664037704104960047e-01 -7.204015927129825414e-03 4.595913013664407361e-03 2.183279696701181764e-03 2.302745780018890329e-03
-6.376365173424725086e-01 8.070150210916627806e-03 -1.096794840164637685e-01 6.127406312308005150e-03 1.769517569750160644e-03 -8.558833733641563147e-04
3.809284816494111769e-01 -7.145078303339673365e-02 -3.701904716414460006e-02 4.625351584956424213e-03 -1.673377345241224912e-03 -5.795323598955733763e-03
-1.751471816937314019e+00 4.216221403661507550e-02 -8.401247118239216216e-02 -7.896828542006742706e-04 -1.810217967745615447e-03 2.810026560080839102e-03
-8.412756382107197117e-01 1.684626169366918585e-02 -1.025529322298932011e-01 -7.187526591278075618e-03 1.946977002077187344e-04 4.699746879888753309e-03
3.800417508980248105e+00 -1.198116672381936698e-02 4.710320029504504180e-02 -4.072613072558690928e-03 9.744670571557915995e-03 9.551218401014128362e-03
4.128883427573319054e+00 2.299617369838402314e-01 1.273044341894418244e-03 -1.321356147457200363e-02 -4.002425280755708172e-03 4.807445895507044854e-03
5.979965047045315174e+00 2.368052587462223524e-01 1.296571041465718332e-01 4.634906178432174470e-04 -5.679446628308679711e-03 -1.710974808572188460e-03
5.207215977190675638e-01 -3.129081458655266212e-01 8.537589812815254975e-02 8.326188437025122896e-04 -1.024159196384591929e-03 -2.613514039263285706e-03
-2.324379397328421248e+00 8.163509109015608389e-02 2.294061426835474274e-02 -8.348473329431312442e-03 -2.725462267347256856e-03 2.695508618722031614e-03
5.079312106550339934e-01 -2.775188810384701665e-01 7.709271801719283501e-02 -3.026718006424553020e-03 -9.977846200836504829e-04 -2.227480378118919420e-03
-2.148138619588100262e+00 -6.009130847012217336e-02 1.411821409301266816e-01 2.770837487838950178e-03 -2.732588317805576764e-03 -6.445462057194237086e-03
-3.154009298108220172e+00 2.542792767759232131e-01 7.795515234013690453e-02 3.588061826827403013e-03 6.720578078221905137e-03 -2.205622214084454989e-04
1.423195052670059857e+00 6.878076457616984218e-02 -9.480221337457277186e-02 -1.708711612554839011e-03 1.544979534413777481e-03 -7.171434258226464485e-03
-8.157360651453353650e-01 -1.116254388729971819e-01 -4.750112961110720435e-03 -2.973040953438318024e-03 -1.441545602568068164e-03 4.282100422576079653e-03
7.150924782665680768e-01 -4.996771925345121906e-02 -6.892480613217837060e-02 -3.319387842724379461e-03 5.248172789152167825e-03 5.396387613313016578e-03
1.861238053123705827e+00 -9.091385046056704722e-02 -1.958472164246729402e-02 -2.633256443009206844e-04 7.379078489408275043e-03 3.618651945745111637e-03
3.979776476036893662e+00 3.035554176641723223e-01 -2.380732444911844159e-02 2.915555400575332683e-03 -9.251188585862678282e-03 4.786687673670048646e-04
-1.802193509807810567e+00 -1.773349437826911637e-02 2.890045244629550411e-02 -7.299804875169212288e-03 -4.498988050178797521e-03 3.126288060835730621e-03
1.643493511307576593e+00 -9.309794228103639158e-02 -1.988139783198436192e-02 -8.644854189626755697e-03 4.706070297175141831e-03 6.538957453468493847e-04
-1.765724628162319787e+00 7.552915761860693779e-03 5.255656465714948072e-02 2.176615850306756229e-03 -7.271569787029432373e-03 2.478388871679597632e-03
4.530499502135884704e+00 6.775361239621781329e-02 6.292274509717103725e-02 -9.679652542780936911e-03 2.608618027210171230e-03 6.974824302441323849e-03
6.204298623562833903e+00 4.382424255253883350e-01 1.320123747391638014e-01 -8.674467224203598337e-03 -1.371325960051769134e-02 2.342333471659721091e-03
-1.215650674119124641e+00 -1.128318997341733049e-01 1.600203633748658455e-02 -6.132158368312112980e-03 -1.409201781825300146e-03 7.854058074461069171e-04
2.149611384790499180e+00 3.742554858862632422e-02 -5.287534108016483242e-02 -7.919134411521474431e-03 -1.558908552327576053e-04 6.651939107277109230e-04
-1.475234843953444397e+00 -1.477764484907440057e-01 1.570358915914263354e-01 3.730930822452876560e-03 -7.741886945473460714e-03 -6.142838145204177099e-03
-1.362231093550700045e+00 -1.249362676160628988e-01 4.808753179541884470e-02 -2.478158569684479982e-04 -3.492227837017281098e-03 5.447860686798425322e-04
-2.126367143649332991e+00 1.312617782958674408e-02 4.420263836918500444e-02 -3.444265600599006466e-03 -3.316711502059294710e-03 -1.188139285924933635e-03
-2.187789099046193009e+00 1.529142416905075828e-03 -8.420663664856436288e-04 -2.951626656661178721e-03 -2.201554988294491481e-03 4.926345669527826786e-03
1.077688848411549327e-01 -3.656593372954095034e-02 -5.964827680669499560e-02 -8.921753090489033949e-03 -1.121744734064759538e-03 1.578440597924558571e-03
-2.385189400432329521e+00 9.408655401664768603e-02 1.322126297739159018e-01 -5.803655131318586225e-04 -5.913914530480986328e-04 -7.566760247681014869e-04
-1.731170355494684232e+00 5.225222223430919452e-03 -6.504429133008265973e-02 -7.753856362322920741e-04 -6.069377467081980880e-04 4.377094958422943216e-03
2.503907426052960794e+00 6.105094908044401969e-02 -4.344815813763984458e-02 1.362676423526947185e-02 4.099209565656136006e-03 -6.010249457575080750e-03
-3.278287587518028623e+00 2.224783531088860844e-01 9.587734256346099049e-02 8.485150661431266643e-05 9.073012521781971887e-03 1.206685901776749070e-03
3.175514648691496244e+00 8.172068556083680879e-02 -1.722469703196498683e-02 6.739356816249485703e-03 1.764176376099551354e-03 -2.578850163802281353e-03
-1.055425253404899344e+00 1.088575079886391350e-01 -1.551764322565725718e-01 -2.411613142760310902e-03 -1.854547036371801197e-03 -6.175538794529097410e-03
2.013100244311504472e+00 7.964250545814925697e-02 -7.570658107474786958e-02 -1.320475253434797878e-03 6.356429753187655936e-04 4.653084483627260674e-03
1.002455834817206570e+00 -1.266392830793812985e-01 -3.113936241536292837e-02 -6.817069448122158558e-03 8.520801914573055899e-03 2.890393412990308400e-03
-1.472737146134605268e+00 1.218271245776269829e-01 -1.464141994891834386e-01 -1.974499271293003039e-03 -3.466701606977980014e-03 1.883244304547255100e-03
1.022443602137870444e+00 -2.057127413314980280e-01 1.664078672468527129e-02 5.810267068836458271e-03 3.868495711137970132e-03 1.458882027117132293e-05
-5.096628316688116556e-01 -1.215409020798010990e-02 -8.837928437045687591e-02 -1.167493106537323801e-03 6.773956841483834684e-04 1.210846150241742889e-03
-3.890347364027972876e+00 3.977231294968284203e-01 6.605899234589687752e-02 4.795052933626703894e-03 1.704907103757684339e-02 1.057384306803105462e-03
-4.791680791032726372e-01 7.865741050450719696e-02 -1.029296958686928970e-01 -5.301465406844603143e-03 -7.352280831425704426e-03 -1.044261336806276939e-02
-1.519295266592882054e+00 7.054600268697787391e-02 -8.878854373869873862e-02 -1.621569745680114015e-03 -4.448371849206271718e-03 3.104828450799834109e-03
-6.200290799333281200e-01 -3.485954631562003525e-02 -7.424090016478265830e-02 -3.544845813174239777e-03 9.667156342311119003e-04 8.820277072809988572e-03
2.425684506854258959e+00 -6.821866071321354419e-03 -2.519923724896113923e-02 -1.746661683600516301e-03 3.719015443133226722e-03 -7.671540258269519616e-03
8.183754032055072514e-02 8.122463367082641966e-03 -1.003971259589298559e-01 -8.636357535013815256e-03 1.874875847362874768e-03 3.037696332644920609e-03
-6.109573191487235322e-01 5.701490789560435812e-02 -1.218549424031588890e-01 6.679063727706156459e-03 -1.956094644472339446e-03 -3.583526076066114417e-03
-1.840896034719517127e+00 -5.712958658017963653e-02 4.826598764301019695e-02 2.022728300227378661e-03 -4.597851387631739228e-03 1.592014512746766806e-03
2.060870862112146540e+00 1.224266290656420009e-02 -4.827894736718869872e-02 7.012808518320826079e-03 5.472228738628420568e-03 -8.531686348565567166e-03
7.688767330929678900e-01 1.064780816736592660e-02 -8.861205567544340467e-02 8.751276847055851349e-02 -1.243803753551817048e-02 1.811752858403770441e-02
3.314699045443887826e+00 5.170871768068824315e-02 -1.878624369126488886e-03 5.748437421051515173e-03 2.209104419114736660e-04 -9.781697929899722116e-03
-2.073460506829021277e+00 1.218227461029953301e-02 5.392760461446523268e-02 4.169091081681707174e-03 -4.395081766841306935e-03 -2.729313849659931093e-03
9.004409556601727926e-01 -1.322062475961066352e-01 -2.841964914812437557e-02 9.595792140722352081e-04 6.658449460346552856e-03 3.153798668756390301e-03
1.340651532663988732e+00 7.916092458048558378e-02 -1.017559951588024592e-01 -1.552477743273031092e-04 3.256136242070088119e-03 -9.157410870204768863e-03
-2.570733393220892449e+00 1.708211809340779153e-01 -3.388519288074349524e-03 -6.877544950867946205e-03 -2.477587758322708725e-03 -1.103971404576584289e-03
2.459512725772326824e+00 -2.304362990328981398e-01 5.642583578652013432e-02 -4.316638639365277981e-03 6.761330170580644519e-03 3.104676338581692421e-03
4.886056874684120421e-01 -9.930587873272170296e-02 -5.414053176582804550e-02 3.785785290345901680e-03 6.313496493354759861e-03 4.277342879932994474e-03
2.822542303384200757e+00 -2.037856891191645523e-02 -3.924720686343326388e-03 2.274790383578782077e-03 2.223663946790774108e-03 1.723281552275713778e-04
2.720712375090835966e+00 2.003615940195410117e-01 -7.468888542622949267e-02 3.955909704501660643e-03 -2.129879117875315298e-03 -6.246527799315952818e-03
-2.171745926059083232e+00 -9.844842512121390783e-04 1.324180376305784668e-01 -7.946575073903792150e-04 -2.711092974684550967e-03 -3.769310858384239665e-03
-1.672655360692372417e+00 -7.431940915080162413e-02 4.458326875964291336e-02 -6.996524637478802010e-03 -3.590580573915908187e-03 2.135177100365701303e-04
1.380163165666147940e+00 -1.991929305545613593e-01 1.642706117910499100e-02 6.745672206167142903e-04 5.329753557395845200e-03 3.395025563137187789e-03
-6.992997052983432882e-01 -1.489502439940740552e-01 1.933629473827591649e-02 -1.449381849073778971e-03 -1.613804499045693808e-03 3.034806905942017720e-03
5.239678027408118943e-01 -1.161800240960154107e-01 -3.760600714301338965e-02 2.780633631809462190e-03 5.456186109165111001e-03 -7.061823854136490761e-03
-1.351040577253660446e+00 3.940315401977319276e-02 -7.981889307692668911e-02 2.178071781997576676e-03 -2.650265979132390357e-03 -6.174085450267218639e-03
-1.796039556913908264e+00 3.786676961752554610e-02 -6.664468801429883349e-02 -4.501473041215394572e-03 -2.099412389691467616e-03 3.076482211609281921e-03
4.002758879661307279e-01 -4.901003450794849670e-02 -6.592877090062392031e-02 -5.043711157743565807e-03 2.266514728551749600e-03 -1.599034155348656294e-03
8.784786966992734758e-01 5.005087270689500406e-02 -1.034720090983446417e-01 -6.877269001830044887e-03 1.186733295715526051e-04 2.590833314873302196e-03
5.183714957593167361e-01 -4.893151784246597968e-02 -7.442676993905154859e-02 -7.751013809979692866e-03 6.120383256600052911e-03 7.141607161836322458e-03
-1.494287378669187483e+00 -9.579222060539843708e-02 3.586245505673892053e-02 2.793154648274403292e-03 -3.549137349635086893e-03 -8.548003376872253655e-04
-1.691509381158982750e+00 -2.623365263119209825e-02 -7.279968525817645010e-03 2.349784916274380749e-03 -3.399138306359975915e-03 1.571159457574559330e-03
3.812460780902643953e-01 -2.681107874520521350e-01 5.236977393194093555e-02 1.477861174722819131e-04 1.161831583061011036e-03 -5.556020310860691411e-04
-9.032424003979140359e-01 6.002570894911586630e-02 -8.500387558201059901e-02 -3.862001213842854337e-03 -5.754138615643412773e-03 -9.738011688775314104e-03
7.391539941614359011e-01 -2.409312345581802739e-01 4.060106280053014244e-02 2.184741539172350999e-04 2.046965162059216289e-03 1.495186483798735346e-05
-8.212143670477948243e-01 -1.333603228070396642e-02 -8.619639510019751205e-02 -2.694073460819492762e-03 1.122508055541487351e-03 -6.912547726536668290e-03
1.182024216311847065e+00 -2.137976181016934263e-01 2.900637955075837868e-02 5.089767166851388207e-04 3.316700574982582930e-03 1.860132444855759019e-03
-1.203560826611029366e+00 -2.663913937664661238e-02 -7.063592798630584368e-02 -2.213265855566026730e-03 5.559369880965118766e-04 6.542494376025768076e-03
-3.030929304215537634e+00 2.199982704562824520e-01 2.734087544163935329e-03 -5.904369623321830806e-04 1.816067786019765536e-03 -1.154461194317933127e-03
1.641042531356105894e+00 4.447818549309892622e-02 -7.612184251206788321e-02 -1.505800574169962073e-03 8.945621266323373249e-04 -6.247146304075223630e-03
-2.571918369073091237e-01 -7.347734112044303212e-02 -6.177431694220164582e-02 4.615313091192221537e-03 3.938936287504564947e-03 -7.594921833704511814e-03
2.060993662733088261e+00 9.626271747799056144e-02 -7.856887867778475365e-02 1.891942930405056573e-03 -4.183258468618388480e-03 -3.848687741398199719e-03
-1.214518774980134275e+00 -1.033030496866602227e-01 2.292162058649388837e-02 -2.096234420262560200e-03 -3.442676361411309283e-03 1.628284500062390826e-03
-3.628167406988149213e-01 1.020389007647773266e-01 -1.369997175031485159e-01 4.016159083279282824e-03 -4.957090062715168929e-03 -4.843851685265992968e-03
-6.996137482644325389e-02 -1.225865295973145169e-01 -4.459094517898228721e-02 4.864086933606703335e-03 4.927284758493903627e-03 5.394535232400721712e-03
-1.301677745275740872e+00 -8.928764609531614216e-02 -2.750741192272853578e-03 2.325048192407685836e-03 -2.350340980297314052e-03 4.786124793840526408e-03
1.287750163046262442e+00 -4.097443820431794642e-02 -5.364752610653052839e-02 1.150873903318301063e-02 4.058634934067575223e-03 -8.484104989702097310e-03
1.604850799645432646e+00 -5.899927152974418498e-02 -3.278546970796279714e-02 -5.078310881772429321e-03 2.338007942393797133e-03 -4.019933634325159079e-03
1.855108860635903856e+00 -1.547249884970662015e-01 1.195250587078794044e-02 1.759039193664415019e-03 4.636150642793775145e-03 5.578607048972489442e-04
1.342816491782378385e+00 -2.761650878565310441e-01 5.546626872826551646e-02 1.962002030927293729e-03 3.307852471298434755e-03 -4.089315160333189592e-04
-2.919850387901133382e-01 -3.413493522625104387e-02 -7.552673680107677145e-02 -8.161604345082734344e-03 1.668549903001819226e-03 7.506462083005639892e-03
-8.384832576809456151e-02 -2.513151911580241982e-01 4.665078031934405400e-02 2.364181880303046091e-03 8.867106462172432086e-04 -7.243858760799024412e-04
1.281686514897098172e+00 -6.364001091784662889e-02 -5.120671486115681292e-02 9.464954383580559058e-03 6.923153793964024333e-03 7.825917531588259032e-05
1.142235320502951845e+00 -1.281613673526516839e-01 -1.911316094986765385e-02 -2.813574386510231482e-04 4.918847483860798279e-03 1.713403041521648377e-03
-5.519262876658806993e-01 5.373315601969744226e-02 -9.487522446607642157e-02 -5.129365585672453773e-04 -6.514827058148629085e-03 -3.145278398199458699e-03
-1.792539326624637885e+00 -4.100539090350471816e-02 -3.567356825404360571e-03 -1.738994028202885339e-03 -2.212855274101407487e-03 5.088999601320452065e-03
3.870042969738411109e+00 -3.678892201435280535e-02 5.395259292411629798e-02 3.865263599131302154e-03 5.361512357648670797e-03 2.907192525060479753e-03
-2.870165193871395015e+00 2.504024606699736810e-01 2.091348415505908317e-02 -3.201428674722399132e-03 6.356303397181877011e-04 -1.048227149087598703e-03
-2.594627629524140833e+00 1.110355514319430054e-01 1.048946673260562346e-01 2.576530546906418209e-03 8.661841825665992755e-05 1.469203210237799155e-04
4.827861167775512108e+00 2.369435764941976441e-01 5.625554445701637374e-02 -5.291095958267210374e-03 -1.776877109311941500e-03 6.557849619865179728e-04
3.351522055953724433e+00 -1.170744403824587748e-01 5.119975115067924160e-02 7.297472832560328998e-03 5.725604410521971908e-03 5.901352277842304836e-04
-1.033931558238152304e+00 6.195624625269232494e-02 -1.108757532553269476e-01 -8.223096404886557492e-03 -3.341155664050147935e-03 2.746758813907705741e-03
4.357258759667447023e+00 2.443152968423241977e-01 1.942043931977725096e-02 -1.864931966524068256e-03 -2.860152589676725771e-03 -1.496652776737774368e-03
-6.119009176356174917e-01 -1.238191070522031839e-01 -2.569384318214748900e-02 3.311841975638090112e-03 1.861409346921230742e-03 1.395730913121979262e-03
-2.449224950364595532e+00 1.523012151035641436e-02 9.070880562727649810e-02 -5.634103504681727947e-04 -1.112254121174253594e-03 -2.712731169566646658e-04
3.323420623355239467e+00 1.478419700208082332e-01 -2.511392362562863204e-02 5.659730787710497493e-03 7.383667300916935712e-06 -8.043597150187863434e-03
-3.882147614222360432e-01 -1.104747110619648948e-01 1.746655818384226875e-03 -7.428032264726541030e-04 -2.776636926163670357e-03 -4.540151935205618758e-03
-1.390405251921161600e+00 -3.926740326360286804e-02 -5.588988255063074423e-02 -4.756593458582750698e-03 8.795379979475392808e-04 7.941950094404422785e-04
-9.690254282801181729e-01 -1.718500912714567563e-01 1.291709090732105769e-01 -9.640336737753951680e-04 -8.286864170521667655e-03 -5.859148131170079793e-03
-1.548459946524220587e+00 -2.418785587153561567e-03 -2.368529029570127370e-02 -8.440236646694534994e-03 -3.511156952347896810e-03 6.482079868571821203e-03
-2.792148168209577008e+00 8.634076229754041043e-02 -2.354664539726480585e-02 4.133029431087956000e-03 4.851653206663650102e-04 -3.095144678136419961e-05
-1.539115202226210899e+00 -1.449701598495015398e-01 1.738779458771424202e-01 4.364290472322591465e-03 -7.684052356645995098e-03 -7.110440284310388590e-03
6.830419670420611489e+00 5.016567520963993720e-01 1.720796713906822817e-01 -6.900864047353467978e-03 -1.975317810846268993e-02 4.159932913156160796e-03
-7.863321923005756053e-01 -3.010230859134795101e-02 -5.793911377062769402e-02 -4.593419078937806439e-03 -1.402356987337193342e-03 1.085039626296880992e-03
-1.262847787786875786e+00 2.716719492320192678e-03 -3.106331850387270346e-02 -5.215984355041114462e-03 -5.051225049552989649e-03 1.708924448174214874e-03
3.427450068978897146e+00 1.531995900748358563e-01 -1.615215304756498910e-02 -1.630513169712032506e-03 2.143383090674498732e-03 -1.112273257915869125e-02
-7.551235149099487787e-01 -4.170537147619116092e-02 -3.307727298160069440e-02 -1.910137677135322759e-03 -3.762443708251396630e-03 3.274151350795290270e-03
2.572915560258648870e+00 -6.762848570216277444e-02 3.847913975579743840e-03 1.955796045253388807e-03 3.564281844941073144e-03 -9.672945742414895687e-03
2.017530672456512963e+00 -3.075955260955632875e-01 7.608360182818590944e-02 1.122604549139894501e-03 4.294434089931797004e-03 -1.167804827936890638e-04
-3.051412665974664762e+00 1.965169228154292347e-01 -3.896587848418375105e-02 -1.161027188263110852e-03 7.980223738549633824e-04 4.149132469891850077e-03
-1.013032664654706538e+00 -3.719391889575739824e-02 -1.140254900492507044e-02 -4.904871095301784577e-03 -5.164970192322112727e-03 7.455864924094976302e-03
2.534784852936284416e+00 8.250767489211680711e-03 -2.596531140709413751e-02 -1.317170184357457788e-03 1.527640508813278217e-03 -4.792927089939350016e-03
3.974600166715135940e-01 -9.017051646393497641e-03 -7.242846707446512489e-02 1.078353695339710283e-03 -2.786541266278091608e-03 6.141539759053972784e-04
-1.815877426494024283e+00 9.706922194136331783e-02 -1.217476694181825886e-01 -7.663674088644564439e-03 -1.902012024024508528e-03 6.212469594837592354e-03
2.246137769174428200e+00 1.214590171281384606e-01 -7.731229331022242135e-02 3.203139810435517987e-03 1.845242910245304129e-04 -3.589744325442830418e-03
2.350436140556082520e+00 -1.689163151229505430e-02 -2.495016951671647637e-02 -7.507207828146336345e-03 2.718977141574341252e-03 1.200553048868512138e-03
1.199450222175633574e+00 -2.342689649605062541e-01 4.222715479195506688e-02 -4.832894764254107821e-03 3.291506487197826819e-03 -2.000073408018162495e-04
9.025995163044914227e-01 -1.337791859416393725e-01 -1.327067155955344996e-02 -2.079614622615197708e-03 2.899487848664686774e-03 -4.644938524612093715e-03
4.968134967047729278e-01 2.203444124953785402e-02 -1.002239369531213037e-01 5.339452694073896187e-03 1.039791331897001398e-03 -1.062563770620098165e-02
8.122179661186864630e-01 -5.497841712647404816e-02 -6.798116405113417693e-02 -2.757467418930947215e-03 6.752032334527068198e-03 4.826581638139264448e-03
-3.963546805428274089e-01 -1.813829699053774447e-01 2.797602684546782528e-02 -1.644109177612874863e-03 -1.170516658813408693e-03 1.666447760418871254e-03
-1.348045072814510581e+00 -2.198548726204138312e-02 -4.935514484193830216e-03 -4.458467505235562400e-03 -4.981229958423524784e-03 1.808171196163834489e-04
9.643185908378975046e-01 -7.406429551783189069e-02 -4.188749078477014415e-02 -2.422253694548241916e-03 2.042513970299280734e-03 4.452461712095815045e-03
-3.206629339934424561e+00 2.792539502236200954e-01 2.082013510675438939e-01 6.981159718659760843e-03 1.772076229540751544e-02 -6.265222784323546193e-03
2.078682697991540707e+00 -2.704135810343324953e-01 6.305906463463412104e-02 2.751654037870187967e-03 4.610443991034399169e-03 1.350258169638358496e-03
1.381406051345786867e+00 6.377975085588621917e-02 -9.328115005061084208e-02 -7.986770298995835710e-03 4.869148310409662610e-04 -3.099740980423597476e-03
1.993141877921222660e+00 -1.318145851901550147e-01 -3.611729008082730386e-03 5.598524814334922967e-03 1.029993239690219810e-02 3.608893490206968504e-03
-1.282561137745920732e+00 -4.397645298813324111e-02 -3.145050150730119287e-02 1.203344165394650955e-03 -2.137357560428515546e-03 3.082706602528068832e-03
-4.882140785563645613e-01 -6.056724702134175763e-03 -6.406802662107768942e-02 1.826817703697106556e-03 -4.467813524744889200e-03 4.367916665816117851e-03
-5.703961083196379400e-01 6.170370333881766006e-02 -1.095358074999261550e-01 6.480561501238705190e-04 -5.051974044430546790e-03 -1.423052966777506312e-03
-8.073847666702659298e-01 -1.335133163493767983e-01 5.346837555315672036e-04 3.474934743879989994e-03 -9.174749703037554660e-04 2.683504417247439041e-03
-1.960600730514815426e+00 6.225682982345801669e-02 -3.305564391011966974e-02 4.533278841071050440e-03 -5.333413939482730716e-03 4.342222396349605662e-03
-8.628486511989830188e-01 -3.807313389946496290e-02 -3.022163469851154791e-02 1.967582034652368486e-03 -4.158731916451529828e-03 -3.820095334129572449e-03
-3.104079045905456247e-01 -2.505042255322642575e-01 4.306791203262850393e-02 -3.318433788245719104e-03 2.258406927957495695e-03 -1.214806042681576938e-03
2.835837385209417416e+00 -1.304153744354477062e-01 3.335912847702723200e-02 3.099535201866617223e-04 6.409714605510805074e-03 5.652065234559816402e-03
-1.895263312925619670e-01 -1.699445302279702780e-02 -9.207550358853114347e-02 -7.242538084115631748e-03 2.543949665031123263e-03 3.955298740239150679e-03
-1.538422556699521548e+00 -7.805561687265882842e-02 8.577263663293746565e-02 9.941099229953745398e-04 -6.618210554741567157e-03 -1.589946593499607383e-03
-5.827923857165184796e-01 2.085574408163588106e-02 -7.325318265225691516e-02 1.660706548869494200e-03 -5.656057960799174521e-03 -2.277304240507138904e-03
-1.036489643973720065e-01 -7.270912506945079699e-03 -6.440906429498233221e-02 -2.393226365502050534e-03 -3.853335035301236593e-03 -7.842818262813820718e-03
-9.604243693557511508e-01 -1.199631920872865631e-01 6.453456309604639618e-02 2.406438799280128955e-03 -6.771170308566061558e-03 -2.190540159653601472e-03
3.597121789735846953e+00 1.920294124862140517e-01 -2.508936850915595429e-02 -7.841799744709620351e-03 -4.899788512332125048e-03 -2.437893951935877351e-03
3.003381682053085644e+00 8.459010092294499961e-02 -2.370324108573948832e-02 1.443985582860791289e-02 4.027110844674332626e-03 -6.635832233731769544e-03
-3.416527021497681726e-01 -7.700637458599965401e-02 -2.825091363989273158e-02 5.364651782748871590e-03 -2.772583022691209060e-03 3.231154730590475675e-03
-2.470824197805329359e+00 1.114788076056032196e-01 1.811956993915123104e-02 2.277578182477959547e-03 -3.046275474611859560e-03 2.573355834334096429e-03
-1.578236472913606914e+00 -1.844552099220308009e-02 1.344642418679140028e-02 -2.480928380398425732e-03 -5.410925608428714118e-03 3.655940766166431832e-03
-1.235448809389172897e+00 -1.473395533772901000e-01 8.197530952823058048e-02 2.403251335696647041e-03 -5.706927328732381254e-03 -1.916716643264587596e-03
-2.088751516802516139e+00 7.707703333608651765e-03 8.999417228045436534e-02 9.295241855161918585e-04 -4.631105731738757204e-03 1.700931046484399644e-04
-2.076381597122493705e+00 -2.065221483734966390e-02 7.221027778728388025e-02 -7.869845459574072253e-04 -3.709879480237276723e-03 -4.632480012677042376e-04
-7.417055279448715455e-01 -1.593014041974299966e-01 2.743370833497936132e-02 4.610950742624035995e-03 -2.175364407181313350e-03 -2.192255108207232883e-04
3.150900574016161304e+00 1.453888438805319913e-02 3.737770937452792111e-03 -2.164363661402425761e-03 6.312924320960184785e-03 -1.151242835870821364e-03
1.322897807469963549e+00 -1.953339705596408848e-01 1.068538533633930053e-02 -5.114922463680037987e-03 7.363810155202404895e-03 3.151040736305920666e-03
-1.294343714468949580e+00 -1.050995108752608431e-01 -4.010376728934381997e-03 3.642930822417833007e-03 -1.014446236810600654e-03 2.794750208678792487e-03
-8.648360066628915099e-01 -1.292651340982903241e-01 3.978164760925469862e-02 1.426619147978170146e-03 -4.715119083606558563e-03 4.482397841770622768e-04
-1.887525514608308752e+00 4.812559396911690601e-02 2.576665828923885293e-02 -1.626218094828067403e-04 -6.020981395063529536e-03 -3.152568096308875929e-03
-1.050171968082884016e-01 -3.904520155778357419e-04 -1.001755146635350119e-01 -9.263654155105698756e-03 2.791722795015874701e-03 5.959176328355270981e-03
2.768211760469755367e-01 -2.336420227826664087e-01 3.010618970369303635e-02 -3.143642923370135872e-03 3.280504432410434341e-03 1.006715762644894407e-04
-1.251670713486505937e+00 -1.476923206924646848e-01 9.189380217748448210e-02 2.417651851477364139e-03 -5.612820037207380541e-03 -5.426701839652907887e-03
6.308787424541399957e-01 -2.968067673525847175e-02 -7.769275198165179197e-02 -8.333931014539193785e-03 4.376561554037127107e-03 4.116134442803205153e-03
2.276809927390601729e+00 4.280198804616926894e-02 -4.953617847956012787e-02 -8.110546443910644082e-03 2.542486451070925021e-03 -3.980805819865809378e-03
-1.881426521300902099e-01 -1.655958622409779604e-04 -6.246546856707479306e-02 -7.691978792296638376e-03 -5.320312159991662931e-03 -7.784630223124248743e-04
4.712817160025992158e-01 -1.444362030101819898e-02 -9.106854422784875502e-02 5.689414015199506860e-03 4.315492279289252081e-03 -3.508102110145687631e-03
-2.307644533110048357e+00 1.858847108291294958e-01 -9.428172531360747011e-02 -3.950764284030116105e-03 -5.233531899076193303e-03 -6.417443484716097227e-03
7.122836781143985219e-01 -3.138928867947927692e-01 7.458502818684779878e-02 -2.925214258840554225e-03 1.630078473894777885e-03 -2.717869800944168988e-03
2.574787961526504021e-01 -1.957657936474798410e-01 4.086563182450737852e-02 -3.133960533114367192e-03 -2.491720044879036037e-03 2.201527271358949631e-03
-1.772105591525156898e+00 -4.777581545412409175e-02 5.996882514894247285e-02 3.658539102508645818e-03 -5.048834058654440120e-03 -1.947183237788872477e-03
-2.094529861841748275e+00 -9.079554249859660999e-05 1.560979073664075512e-01 -2.891780545037182925e-05 -2.844009138808184338e-03 -5.324826798614417170e-03
2.644863702170458630e+00 -1.314367891270726285e-01 2.654707385866530989e-02 -5.401507907699503938e-03 7.431996673845534668e-03 3.726572876331030789e-03
-9.910610857896825499e-01 -9.859739997369396103e-02 8.854951120316574206e-03 -5.608396988779519067e-03 -2.436574989864331939e-03 8.567348547815075658e-04
-2.486986193269480339e+00 6.580811496041868991e-02 2.780370504654055760e-02 -1.418877784438527618e-03 -1.609371291853890730e-03 2.512886509588778058e-03
1.688137287525294683e+00 -7.459678251888583744e-02 -2.983412717891640448e-02 9.361248220692418732e-04 5.885026385346965941e-03 -1.292434634828907181e-03
1.525682223395122827e+00 2.813003851899101987e-02 -7.574813491011347932e-02 6.606912920865070336e-03 3.003440165788406890e-03 -6.652694978229257809e-03
-3.404330363957504879e+00 2.093929594435184338e-01 -4.607142677221909982e-02 5.828943724199214978e-03 3.969421605615168144e-03 1.225325819371883909e-03
-1.202611608008514743e-01 -1.647211698739244889e-01 1.675010628916982769e-02 1.452645192706142297e-03 -5.128451103416317193e-04 -5.835915577510507844e-03
2.603840117046466451e-01 -6.406878407438450218e-02 -5.219993367051038030e-02 5.553348282927837026e-03 9.613058855535685978e-04 -7.472013071707880524e-03
-3.235146328703067287e+00 2.670441416530632273e-01 1.952230421176834665e-02 -1.212012651961852068e-03 4.848757694876693926e-03 -1.084850095662052549e-03
-1.979841840026197453e+00 -2.457402871262102245e-02 -1.902464852480777527e-02 4.243194338739003472e-03 -1.283564535898806726e-03 1.507214429861728671e-03
2.094177929547463179e+00 3.573822562478856657e-02 -5.413407055259694678e-02 6.153712034152545793e-03 5.988472054227640933e-04 -8.379457951052344394e-03
-8.407949491902514394e-01 6.160984577249254551e-02 -1.182155067459477599e-01 1.782281412322133610e-03 -3.324217053778491613e-03 4.690059865677040363e-03
-2.253621714658931019e+00 1.641403624530422267e-01 -1.068553676018595966e-01 7.148147236196960089e-03 -4.593173831351139713e-03 -2.199891851086267260e-03
