8.129950605136833985e+00 5.293591475955115033e-01 2.269575906406668397e-01 -2.186823113836038404e-02 2.010074641371715348e-02 1.150205627622113459e-02
-8.661449387061000149e-02 -2.702547606579052131e-01 4.631634768588568235e-02 1.492734563191393813e-03 5.555769548157558739e-04 -3.137328308426728701e-04
9.107180720403705854e-01 -5.861978993410827538e-02 -4.077655425458529687e-02 5.410500787793524370e-03 2.974346972348836105e-03 -5.904330464726334840e-03
2.111765044921243728e+00 1.339304786678943010e-02 -3.735896567210060526e-02 5.164747081670985861e-03 -3.747180951999455958e-03 8.320579306039071728e-04
5.663429360527401091e-01 -3.962125098196345868e-02 -5.033038215306077229e-02 4.583315291778677740e-03 2.099106618207953901e-03 -2.487021986492126552e-03
5.854014262307482674e+00 2.242993971190714586e-01 9.236347508404275930e-02 3.011127273469686293e-03 6.900679918578896815e-03 8.659123791643604309e-04
-3.013679893235141627e+00 1.014144998463179514e-01 5.831019208190603431e-02 -1.924103791168843688e-03 -2.850540771378742063e-03 -1.868380405815758165e-03
-7.703807528550322692e-01 -1.143117567167786369e-01 -6.740729952221317413e-03 -2.126378741281055151e-03 3.929418490250019866e-05 4.584387112644982415e-03
-5.395403258254112266e-01 -1.066127883842900165e-01 -3.044936656926796204e-03 3.626766442009722244e-03 8.656277140483970359e-03 -4.048801757461088953e-03
-3.671400113122170517e+00 2.612715576258766714e-01 -2.311260248739934950e-02 1.525566043678234325e-03 -4.606026949355484894e-03 6.852855667547567281e-04
-3.326827187360680504e+00 1.459174927253628073e-01 1.192820251364556244e-01 3.334172358118656088e-03 -3.425959506703992255e-03 -3.965356708626211271e-03
-2.479087067994318883e+00 2.984087943204065743e-02 4.832858648347992253e-02 -3.073186452803949821e-04 2.416325323927310306e-03 4.383513793940362795e-04
3.187130144850410129e+00 1.076214059868298573e-01 -2.548972367323642380e-02 -1.865883328929743724e-03 -8.111890062644313421e-03 3.197100980474818117e-03
4.076773582317137823e+00 6.429504407147881850e-02 2.965122987915795247e-02 5.146589947417045015e-03 -4.512144043834194138e-03 6.102608177235706614e-04
-1.582318063780024264e+00 -1.875013436217503812e-02 -1.192637265557739724e-02 -6.225999241765393585e-03 -1.814545680739101518e-04 7.985357257263527757e-04
-3.225527111032329142e+00 1.013644356842747091e-01 1.075086436918790272e-01 3.445727472475854439e-03 -1.663142043785263442e-03 -4.411103391478502812e-03
-4.350364200757698363e+00 3.014436704150580404e-01 1.222079885138786515e-01 1.146611877232247070e-02 -9.717628365373811791e-03 -3.174646380008325306e-03
2.558610948499589477e-01 -1.067666593351549315e-01 -2.211273425174179602e-02 1.901230913485295066e-03 3.557476320335259574e-03 -5.593529837828655274e-03
-1.151931666569617541e+00 -7.397556311602734858e-02 -1.145745335983451747e-02 -9.516694861320612402e-05 2.658990599538853424e-03 3.180400076969290210e-03
4.896866395201542321e-01 -7.520620469317063940e-03 -6.273631403484897229e-02 6.501733657234538485e-03 3.291629677107782512e-03 9.334095433696937023e-04
-6.215445231608490717e-01 -1.228268543605025159e-01 -6.631349089200896593e-03 -3.964325973329864070e-03 -2.704855738580563829e-03 4.503111829704451157e-04
5.704439728051874603e+00 1.364644352574261588e-01 9.470008635644645845e-02 1.184644215764257260e-03 -2.076840878704176537e-05 2.594601147198301924e-03
4.778487042034665677e+00 2.083211099850918249e-02 5.995344155696350624e-02 4.556222058908443624e-03 -3.444726179755943155e-03 1.571995038351168129e-04
-1.356575605301320708e+00 -1.854982877991492307e-01 7.684447306678769685e-02 -1.784129900482741562e-05 6.276524750595748221e-03 -3.871207416484560154e-03
4.513530350193689644e-01 -9.321776754039023949e-02 -2.905866027600579812e-02 2.706479372015531577e-03 4.064040082079209415e-03 -5.266029251720514420e-03
3.656312779347756781e+00 2.108671562191071491e-01 -3.122880256715844516e-02 -5.353705272581170578e-03 -8.581386243968539256e-04 -1.252064521696325504e-02
2.972081251976455007e-02 -6.518981749470549591e-02 -3.978081982531089106e-02 1.071780539641072104e-03 2.116326075061255793e-03 -1.738762071558612313e-04
-2.235870978574457713e+00 1.365427522513903980e-01 -6.783223893763978829e-02 1.991317269600736094e-03 4.888199240575735738e-03 2.745603476385611186e-03
2.371219614857593250e+00 1.238181488102063459e-02 -3.429599761963710025e-02 2.614585252454568968e-03 -5.374386246700276620e-03 5.577511525353723472e-03
2.489041853496555934e+00 -2.016518151085921473e-01 2.755969219978608720e-02 1.876574904737600804e-03 -8.115608790928076355e-03 3.900020113022828645e-03
2.805207133952773546e+00 -4.914851391404692627e-02 1.055542324501062765e-03 1.893405755109239591e-03 -8.449982976965166731e-03 -4.250869159243007671e-03
3.841220633106489313e+00 5.482413491444227543e-02 8.306156864315673155e-03 3.069666712193663718e-04 -6.239748057490979681e-03 2.247331792381253475e-03
-2.876115772520817959e+00 7.253149748507800587e-02 6.549036152315398929e-02 5.528143508837347465e-06 -3.665599080528584089e-04 -3.842075057375565587e-04
-1.220862964979344323e+00 2.228812458723851767e-02 -5.359992254303993370e-02 -4.872881178006051653e-03 8.555581507554402190e-04 -3.171023510279172243e-04
1.996611926658382608e+00 -1.283610612037244456e-02 -3.776554050210848695e-02 6.816058369351669531e-04 -7.170077561706417885e-03 6.208159507469598014e-03
2.259128756970253615e+00 -6.539092400449347982e-03 -3.615190682772598252e-02 -4.816830183665262929e-03 -9.112470765983487694e-03 5.388640304310890819e-04
-1.066845254463178183e-01 -2.271061252498293437e-01 3.818600432621491875e-02 -2.885902343022407439e-03 2.041228847895912735e-03 1.523308547438328737e-03
3.285950805829000565e+00 9.132293360758197975e-02 -2.775542006600769177e-02 6.232696603953735356e-03 2.872035057332755943e-03 9.840482608905133568e-04
1.096910180768648546e+00 -2.777359889879357224e-01 3.921455707070852642e-02 1.597977590658029043e-04 -2.248532289173066703e-03 1.459504612199840007e-03
-4.010797518097501069e+00 2.247470654680058799e-01 6.299862016137063037e-02 3.397480439255915526e-03 -8.208217641754752061e-03 2.269356644511454936e-04
2.594342902187367628e+00 6.036297026135865190e-02 -3.688025004506020194e-02 5.810278685972124040e-03 -1.466235012979307060e-03 1.528471489097665576e-03
5.565199429784594143e-01 -1.363602571485904580e-01 -1.417219483360684928e-02 -2.011443190547457932e-03 -1.460409368001824295e-03 3.476240918670732167e-03
-3.077713360185566405e+00 2.092468308690889622e-01 -5.240730880342055892e-02 -1.468003611750792661e-03 -1.941950695414171790e-03 3.157207582962906663e-03
1.250451007151379024e+00 -6.415621510353466950e-02 -3.369075255783730155e-02 6.142976620253164446e-03 -1.774321260021975884e-03 1.008214471213933873e-03
-1.018101152998182934e+00 -9.467196241369157939e-02 -1.750393805645284687e-03 3.146961787103283253e-04 3.829428319563401954e-03 -5.467898475181177508e-04
1.856412603156115004e+00 -8.316971761279662312e-02 -2.157962493439064336e-02 5.248590683684117159e-03 -4.596648814441727329e-04 -4.205541255494384470e-03
-1.206507845565351955e+00 -1.244438776175638278e-01 9.945677240502338520e-03 -9.797105978674191563e-04 5.785296872697745551e-04 2.674936141998180295e-03
-9.829013762939174947e-01 -7.924337998634477243e-02 -3.637855503634860981e-03 -5.093090511775442107e-03 1.767679792951159026e-03 5.165441865923927831e-03
-4.066731337144791070e+00 3.227747209114121274e-01 -4.683758049775761743e-04 5.072685125273465601e-03 -6.518270460470302133e-03 1.806406563519984783e-03
-2.510255437511260013e+00 1.498006465425853195e-01 -6.214524156940225141e-02 -3.369068767134082189e-03 -6.143953148408954354e-04 3.208985708574721603e-03
9.070699233728479749e-01 -2.352370668552890981e-02 -5.720995676700864341e-02 -1.593129765092613382e-03 2.327679271534052654e-03 -7.601074482375106203e-03
5.193870694918486741e+00 1.538122461574245592e-01 5.025645964265773591e-02 -2.508922869200227654e-03 -7.844644379166114097e-04 -1.177352873177063206e-03
-3.695249459226336075e+00 2.061188675208770749e-01 8.511769567248873847e-02 3.521829497240384476e-03 -6.144805516206812250e-03 -1.502380059580290779e-03
-1.999341968419092730e+00 -4.172643374561816471e-02 3.921717493144414451e-02 -1.846982047499644026e-03 3.459886318511621716e-03 -3.641788016201578243e-03
-1.808510702809005277e-01 -5.381219916410490134e-02 -4.439159290866537266e-02 2.366494963380628546e-03 5.864744575876959477e-04 9.891556865395986341e-04
3.213803947531531424e+00 2.854530497932601055e-03 -2.981702115133466266e-03 8.535209762092668684e-03 7.396151205390736488e-05 -2.749896068019648879e-03
-1.543061826948599391e+00 -8.527125139089977712e-02 7.171747972377135426e-03 -2.431056951503674912e-03 1.395256741822195135e-03 4.262425841546698888e-03
-1.132789564794772774e+00 -1.572846918073185496e-01 3.697366533666234661e-02 -2.426724177764776318e-03 3.495472741913543523e-03 2.405906891422444731e-03
2.865342875539790501e+00 -4.140982919817329244e-02 2.910911173567990243e-03 5.465110770432765781e-03 -7.985939170683723290e-03 6.763599302067829430e-03
-2.148755216659287814e+00 -9.136896885458144213e-02 9.350171061097972691e-02 -2.529566089927332527e-03 3.033539328785764266e-03 -2.920471736481427931e-03
-9.484186569124556376e-01 -2.468704426090255130e-02 -3.905563454794697825e-02 -9.280447496224282847e-03 -3.245969478666348336e-03 4.195101353986275747e-03
4.312421965327266626e+00 4.933221872762392352e-02 4.407025288610578323e-02 6.870438419487794957e-04 -9.508785690297288581e-03 4.692483568184578277e-03
1.977237768122993788e+00 6.792470108791944308e-03 -4.186585937783508099e-02 3.085034380314948324e-03 -5.313231308190495550e-03 4.994328706129440645e-03
3.598046603664009080e+00 -3.206967980530259221e-02 1.555311267657995440e-02 6.953467485207099827e-03 -2.321063294374260319e-04 -6.633585917096855925e-03
-2.416638682071230892e+00 4.163802284017732031e-02 4.025393330008684295e-02 -5.290022599374439097e-03 -7.221990390227382489e-04 1.691276801441905916e-03
-1.474173140866668508e+00 -1.401832128832133373e-01 4.565148529693413559e-02 -2.911090508953721474e-03 2.561344428374089360e-03 -1.534235297868814091e-04
2.505908409098746681e+00 -1.214432002910685177e-01 5.136334866523297772e-03 5.250373732798198226e-04 -8.980378596680422751e-03 2.227172643415454949e-03
1.401838810744280295e+00 -2.670274207788575493e-01 3.504353145646121187e-02 2.730308132083109508e-03 -3.060604182640121532e-03 1.382915458797351642e-03
3.576942223155414879e+00 -9.743949410899493957e-02 3.795243856724767745e-02 6.403815633435324360e-03 -7.383144446820704039e-03 4.455509988072474392e-03
5.574141708175206489e-02 6.823683696769039519e-02 -9.582034118572385628e-02 -5.673739986239503819e-04 1.448511710673000032e-03 2.817775700077556917e-03
-2.644617545010041759e+00 2.865191982414641222e-02 2.783359549253330498e-02 -2.630175840674028333e-04 7.248007602678541508e-04 3.422899109026426856e-03
-2.174334345191542006e+00 -1.643856459491050206e-02 1.944552945441526542e-02 -1.938350174614304495e-03 1.541036356243927988e-03 -2.224563364211853533e-03
-2.404653080355149797e+00 8.160239844798378162e-02 -3.040280165518300173e-02 -1.104055341653154823e-03 1.093420065787498391e-03 1.538620894243208437e-03
-3.944683508881936529e+00 2.791953553035870228e-01 5.218546581482273738e-02 5.792140229764365829e-03 -6.821549238375313948e-03 -3.631493763803030658e-04
-3.149868149854162525e+00 1.405448146549446164e-01 1.774920754898598810e-02 2.055647461615360810e-03 -3.891001801590680820e-04 2.924974435850052987e-03
-1.759062198269508714e+00 -4.805151058275723697e-02 2.186799804810223360e-02 -2.906903948651188598e-03 3.215565525663337601e-03 3.619170655330010422e-03
4.217328284759607193e-01 -7.616879786316467504e-02 -3.813149903155667320e-02 1.148061874487940962e-03 -4.036105291221498206e-03 5.456272630259299469e-03
-3.905793801172707802e+00 2.097894400214502242e-01 5.295256391891058068e-02 5.216843692792487962e-03 -5.547133426497072133e-03 -4.744453700838529285e-04
-1.676892965249834111e+00 -1.295161822873976409e-01 4.451506124095631206e-02 -2.738143945257404574e-05 3.576968239369671902e-03 -4.710955779691021993e-04
-2.024387268198433176e+00 -1.486152517851700673e-03 3.781710397441859130e-03 -2.502366668437998320e-03 2.190232433722801020e-03 4.437089582386891280e-03
-2.149967579824357156e+00 1.313753415126712176e-01 -6.463675934856102923e-02 -3.182350013433197719e-03 1.726547091907979859e-03 2.652500553000603986e-03
-9.547775933333917386e-01 -1.324707861585644186e-01 7.768082771306433591e-03 -1.789986688051825071e-03 4.728025184164387691e-04 3.421976996942036921e-03
-4.899673858019396810e+00 4.946877412340138780e-01 6.072319698003541405e-02 1.431203252230408250e-02 -1.393370947006968529e-02 -3.396074025515553657e-04
-2.969710278692610839e+00 1.015300112932127630e-01 6.703734463189267578e-02 -5.748717921460026747e-04 -1.527364182928030167e-03 1.024014264044846275e-03
-1.369818276581649563e+00 9.163514048702370296e-02 -7.568484411919082500e-02 -3.745700669375933399e-04 7.714670503086948697e-03 -1.299669412072837048e-03
2.946375390622017476e-01 -8.533856362428429709e-02 -3.283203756681743468e-02 -3.750262442105611969e-03 -7.885173733713640720e-04 1.013440345488768671e-03
2.034746145379923821e+00 7.635952288684405564e-02 -6.741357700462224933e-02 5.013360664956711781e-03 3.895645171451875364e-03 -2.823511314974180755e-03
-2.601622156275442688e+00 7.788707467055476508e-02 3.669369659177539739e-02 -2.107211820232007154e-04 2.047032949932008766e-03 -2.299633517364674685e-03
-1.684626060425993499e+00 -8.364148140933984343e-02 1.379614177399406116e-02 -2.041339005529174428e-03 8.174227795458359177e-04 4.412217420370643313e-04
1.704893652464529730e+00 5.188732949209531875e-02 -7.235460855088603205e-02 5.021408281846961169e-02 3.148259241749379322e-02 2.726893409821016037e-02
-2.471025104843236342e-01 -2.099741327306321736e-01 2.612009195621678437e-02 -1.219486236729430857e-03 -4.107850421842231740e-04 -2.183454073208662694e-04
5.670972506208963315e-01 -3.236679286875954742e-01 6.407707593746019004e-02 -8.698912038671569036e-04 2.922184216023641446e-04 -1.671064914799550447e-03
-4.210624637655089875e-01 -2.716645165808004303e-01 7.105970833852362500e-02 -3.284886152066543810e-04 5.263084891514134556e-03 -1.873137812652730678e-03
7.673337649345604028e-01 -7.130524712211502858e-02 -3.999284682789760320e-02 -7.318701803315507369e-03 -7.842187757084418190e-03 3.209575711565013610e-03
-9.364090599641027302e-01 -1.887186386026057025e-02 -3.861063647477368937e-02 -2.638247563341823091e-03 3.770120418494284868e-03 4.642786172222101255e-04
-3.237612673222872495e+00 9.556994588300102289e-02 5.667697451910438250e-02 2.476503951494736424e-03 -1.085787057556743176e-03 1.887961854465682954e-03
-1.766898824687724190e+00 -3.163376577400990597e-02 -9.079626869047237314e-03 -2.012630795859129528e-03 1.009121094883314940e-03 1.847069207649103218e-03
6.944740652329797648e+00 2.454198858043229459e-01 1.560541056369127988e-01 -8.262698715704249949e-03 2.319443638002269530e-03 5.819518964809929952e-03
1.391031699568566316e+00 -1.785979042195844635e-01 2.619744922148933841e-03 -3.970707462579545384e-04 -3.490297341157384305e-03 -1.597112714824081578e-04
3.762679622472834939e+00 1.174586972390248563e-01 3.629585706868847152e-03 6.223969711953320286e-03 -1.225887773426722564e-03 1.290207484396161883e-03
-1.028622459063939898e+00 -3.479867631374425167e-03 -4.938013521631144653e-02 -3.671405000765184338e-03 5.947306643053609570e-04 6.044380340201954520e-03
-1.253234106914782986e+00 -2.145054293728237416e-01 9.046203702840853456e-02 -1.562440242523337360e-03 5.987049250474787976e-03 -3.561591975390692930e-03
-3.244151712740614424e-01 -1.625286567640873425e-01 5.808235228664204892e-03 6.102495122765470197e-04 2.854634170567776365e-04 7.878689703658900163e-04
3.069112330264374577e+00 2.825421598908552101e-02 -2.664104104179959923e-02 5.334233427660273370e-03 2.823901030861260351e-03 -1.287390097577300208e-03
-1.430899128224846439e+00 -6.324757237314967973e-02 1.060109720585680759e-02 -1.807221550190166615e-04 5.725645404181069383e-03 -1.830319533993950577e-03
1.172416573051779487e+00 -6.991935213256946077e-04 -6.490764928894195152e-02 -7.069259261682107887e-03 -3.159694068624359885e-03 -2.445846195637251409e-03
-3.714087595879985049e+00 2.323968872411500131e-01 3.599117268109270490e-02 4.817252398934368345e-03 -3.920696011149134991e-03 1.490613645131884770e-03
1.440574438573585692e+00 -1.778180512567349991e-01 4.376832411820803792e-03 2.298611170533482618e-03 -4.358136708292435421e-03 3.179281169869999850e-04
6.629055991050876173e-01 -1.659714362234292473e-01 -3.858698294410329264e-03 -2.853165581083817737e-03 -4.578537568102173522e-03 3.968576957107182272e-03
-1.299925830993351905e+00 3.099912493280648426e-02 -4.637109345956236944e-02 -4.366875215254695242e-03 3.349258126001459623e-03 9.489475965797642201e-04
4.362135769973668475e-01 -1.334959013689407045e-02 -6.214388678768263674e-02 4.027668809977388853e-03 4.984156442412237056e-03 -1.198011593414582358e-03
-1.454145342278752473e+00 -6.562760306069591321e-02 7.786899417386593291e-05 -2.239349928522350386e-04 3.566331816614535816e-03 -8.273509056324970801e-04
-1.182387881746897351e+00 -1.830386713550423428e-01 6.506972949751012314e-02 -3.147241673415371050e-03 4.819081154412329510e-03 -5.713461692857608933e-04
-5.044910048035068373e-01 2.218417828037725845e-02 -6.941892443289801595e-02 1.989436946442906060e-03 7.382443478273740742e-03 -2.778122067840546171e-03
-8.536813034720196480e-01 -2.520547461455827642e-01 6.169265862284892959e-02 -3.847876905151786063e-04 2.439369084966277329e-03 -1.748140884493890697e-03
-3.184963585200224934e+00 1.113844607679476267e-01 1.430529689275889804e-01 2.382255357765573900e-03 -3.396999127419717511e-03 -5.309282795022413591e-03
-2.849987248406854690e+00 8.022262734688576091e-02 6.444401906128137403e-02 -2.870915515710237027e-03 -2.314003450923497133e-03 -2.314942391426018289e-03
-2.117444282590480231e+00 -8.861249748369284807e-02 1.003865505929468632e-01 -2.105548227840326684e-04 5.038565884008767287e-03 -6.552594797726244563e-03
4.836217867548419314e+00 2.000013836322856453e-01 3.761627890189767759e-02 6.650152214970618016e-03 5.691387199311193426e-03 1.908472694629228519e-03
-2.760222617501402631e+00 5.958891727622710882e-02 8.438851694643886847e-02 -1.703565979758012985e-03 -6.157024325835627017e-04 -1.872795268918588584e-03
-2.154475698024743702e-01 -2.615315799948851327e-01 4.650549393842313972e-02 2.571918066517218677e-03 2.271087076021828348e-03 -1.938602845026338986e-04
2.538529582216468405e+00 5.576503805098630140e-02 -4.445881519291049189e-02 2.536700411181189597e-03 2.012605985772290829e-03 -1.264166410305780398e-02
-1.164054806770112638e+00 -6.523704842239749779e-02 -1.499744364693326830e-02 -2.139625692202389625e-03 9.987070064255783221e-04 2.505495907288934464e-03
3.692708216647549779e+00 1.253724816223328042e-01 -4.582386094132331195e-03 7.475717611124463313e-03 6.686929734854807307e-04 2.928993357103319099e-03
-1.138312727511400446e+00 1.368516605381295825e-01 -1.146624509348561360e-01 2.275132689050540010e-04 5.333130045728065594e-03 3.721741141614753542e-03
-9.298379233695741597e-01 -2.438069295290830329e-01 9.182230609029121138e-02 -1.213208099957380388e-03 7.476447782998183432e-03 -2.532590982889749986e-03
-3.186410069031437309e-01 -1.033085566207025685e-01 -1.348807743761595845e-02 -1.928417050299150457e-03 2.834564601123610878e-03 9.374128493703010783e-04
-1.457146320134470319e+00 -1.119889501080569005e-01 1.730526450480647863e-02 -1.452549513440026634e-03 1.769729006725332364e-03 2.813786831035607061e-03
3.330731466474852187e+00 -1.868143572562931953e-01 4.582915609725421446e-02 9.120517305159136969e-04 -1.074591843502608474e-02 2.067483050265535392e-03
-8.040619640273144464e-01 -7.658784154781241027e-02 -1.680342156946382920e-02 -3.894230111006716233e-03 9.546491356962847350e-04 8.087530362116691343e-04
-1.485221673888087679e+00 -1.411451171873375765e-01 4.558460057414180644e-02 -1.876832830645610174e-03 2.847620989039525118e-03 1.056314678307477119e-04
-1.401474289108629590e+00 7.959977593879712793e-03 -4.419237172012512732e-02 1.085837326188734530e-03 4.159079760625857859e-03 2.635673352024996228e-03
7.472114313274409447e-01 -1.620247277296477106e-02 -6.013100305818656899e-02 -2.507070891416922072e-04 1.458703151341696387e-04 -1.446770054140972413e-04
2.035209252590254536e+00 -6.288649717028201025e-02 -2.263771178755130328e-02 3.961360653434233513e-03 -3.028888895598995552e-03 2.158001775292595363e-04
-6.876437735169030896e-01 -2.079450591968127759e-01 5.524474339931645384e-02 -2.406024005658552282e-03 4.605881454417959028e-03 1.854241563913829223e-04
-2.398384056987105772e+00 1.826864347709031000e-01 -9.959637470656726443e-02 -4.699959644292175248e-03 -1.966303247267083953e-03 1.043059062334648771e-03
-1.199219816630592517e+00 1.903235406144349329e-01 -1.387727473922599208e-01 -3.121396132018468880e-03 3.289800281581754283e-03 -3.109954743103514330e-03
3.406659574854560280e+00 -1.108037537142971818e-01 2.637955519765175505e-02 3.884076228889760205e-03 -5.524648574773792856e-03 -1.222455658655233765e-03
1.958818081113060106e-01 -2.260893612765539074e-01 2.901460112554208465e-02 -9.655647512537048885e-04 7.408477326455446994e-04 1.358325211357404956e-03
-2.428962649651726036e+00 -3.560248194998907184e-02 6.501460291997501750e-02 -4.932591007115635614e-04 2.044500997203109460e-03 -8.764709599846003465e-04
5.083974869597343904e+00 7.869031314872892979e-02 7.629369403191101073e-02 2.921687442192897385e-03 -5.786867520649201062e-03 8.754286827264212006e-03
-3.385108287212472256e+00 1.080861590866696448e-01 9.748403077952057239e-02 2.958344047961917762e-03 -2.581879325372367102e-03 -2.821501358399654269e-03
-2.993844043325913251e+00 1.044582616352433269e-01 8.037191180869537183e-03 -1.749624410217839052e-03 -2.803228709739279990e-03 1.871736083098819855e-03
1.676589801206305408e+00 -9.409112477609474223e-02 -2.130877849061747070e-02 7.704606353083909027e-04 -5.390870259392586267e-03 1.033771425012093180e-03
-2.543743402026805267e+00 1.548629990852236626e-01 -4.033534341258997180e-02 -1.730076043405720954e-03 1.932628724728217579e-03 -7.377488622307700568e-04
3.856169778450461383e+00 6.020672292095504557e-02 7.467188947695602153e-03 8.300473055286673729e-03 2.492005005580219274e-03 -2.328375828759285306e-03
-2.177296813880682969e+00 1.310847287153638942e-02 -1.380620189259400277e-02 1.842254546984260929e-04 1.813490687256225737e-03 4.538811589213535835e-03
-2.743045609932607931e+00 -2.088630733234217787e-02 9.908065410309301047e-02 1.747440515565085476e-03 2.120688871223142587e-03 -2.730249454103332758e-03
-2.476895380040374128e+00 4.360507481136845914e-02 2.452482938854735894e-03 -5.654601594940322253e-03 -2.169575439008342675e-03 3.764481739069473233e-03
-1.290987768776593603e+00 1.678494679941458789e-01 -1.255318400674487467e-01 -3.839322792622625567e-03 3.490537080101562255e-03 -4.365734730705778457e-03
-3.781338712463892193e+00 2.902702196314062011e-01 -8.434397635820062994e-03 9.244376309291101306e-04 -6.323937884268272282e-03 1.113039025605702583e-03
6.230979101172534840e+00 2.604990805827110956e-01 1.061267168737939498e-01 -1.315714950762261748e-02 -3.245278975907224268e-03 2.611089618803735281e-03
-1.402493020324625306e+00 -7.890376884102867638e-02 1.895244454568936060e-02 -2.513867671738474231e-03 3.845209675321212186e-03 5.213512597629059312e-04
1.378523687101919304e+00 -5.588196761687577729e-02 -3.441374592747716010e-02 7.216514601192772910e-03 -4.401151195229646967e-04 -2.063936396137582962e-03
-2.634557385786965786e-02 -3.374642789218448152e-02 -5.497120462222169351e-02 -1.904451510946945870e-04 -1.523497229225943524e-03 6.531489096419230804e-03
-1.616845503662535655e-01 7.252129524299896768e-02 -9.638777607495900568e-02 1.555188603676968106e-03 6.422154269054350210e-03 -2.635673949000154771e-03
-1.285445313716067295e+00 -9.931298012158561173e-02 3.303448393015665646e-03 1.612107577199401332e-03 3.276391522784774264e-03 1.833675595869410017e-04
5.133078191181190242e+00 7.574356350033288610e-02 6.549836905167037704e-02 5.594112162880832129e-03 1.600382861288535737e-03 -1.840042351778239471e-04
3.062177943253018508e+00 -8.750403137598317116e-02 8.099170263936873379e-03 1.193365826659479635e-03 -6.940468660543629327e-03 1.559340417261456495e-03
-1.954433922699987836e+00 1.088939812893831710e-01 -6.877747009681278723e-02 -3.061703158150545431e-03 2.132135314234537976e-03 1.381494118641091509e-04
1.688139978988418277e-01 -1.331875880605834506e-01 -1.297715030395220001e-02 2.228834516964760780e-03 2.103213462271457269e-03 3.577583647701410800e-03
-1.394897635099036082e+00 -6.398610649923847093e-02 1.604399275701138758e-02 -7.367797718558530967e-03 1.280647520040008010e-03 9.971475422761548468e-04
-6.005656658289882932e-01 7.724168592266121569e-02 -9.692835100247050584e-02 -2.447612384727628713e-03 -1.104445700881325322e-04 2.823380494477412909e-04
-3.783227969618876863e+00 2.078278729044734652e-01 3.272009502610335324e-02 3.810724135554840065e-03 -4.949253872758923103e-03 8.423576960777349066e-04
-3.584077688043341148e-01 -2.721017702283284878e-01 6.090920328018276791e-02 -2.636329507479589574e-04 3.066568157800112372e-03 -1.123843415018125572e-03
-2.237915538042922314e+00 -5.988156160936928402e-02 7.795094141201945603e-02 -1.354036287722336926e-03 2.923845031842628797e-03 -9.543584497169166868e-04
-1.209665442608832908e+00 2.320791501237039894e-02 -4.811525957177016644e-02 6.265399080516286402e-04 7.335859592154713414e-03 -2.398793274760937285e-03
3.403976390830847354e+00 1.259528156417767941e-01 -3.486887254926825108e-02 2.178529064933072169e-03 2.090808323773555698e-03 -4.609109970605797463e-04
7.904521341225011488e-01 -4.161281647947379092e-02 -5.019214239847454712e-02 4.218813813921784540e-04 2.718475260770064975e-03 -6.323936597326039813e-03
2.584717644223076150e+00 -1.372469209055123818e-01 1.495256814063935374e-02 4.904604475391462215e-03 -7.753853089164970333e-03 3.187787717714141243e-03
-1.266619340519237857e+00 3.698399192893411791e-02 -6.727906741907090094e-02 -6.622762939355963593e-03 -3.579123937223916991e-03 6.637164180745758722e-03
1.063216095090323998e+00 1.218608309944709256e-01 -1.032071291570889615e-01 3.346728034410431738e-03 4.908280776096565594e-03 -3.513394175798421372e-03
-2.827732393608773709e+00 1.650868956752668260e-01 -5.300194026783879714e-02 -1.455026464049770721e-03 -1.093628976738649948e-03 3.687814036071600764e-03
5.460437044597466816e+00 2.610338597520920900e-01 6.916894902096204500e-02 4.773646703713301485e-03 8.156448561627746216e-03 2.807171875475021269e-03
-1.395351934672076188e+00 -2.728649106850764006e-02 -5.660543051435480526e-03 4.399907943300589163e-05 7.171196187154958539e-03 -2.440455533105975825e-03
2.743184329685193212e+00 -1.116507499351284821e-01 1.215914638875643418e-02 5.473760818156760480e-03 -7.076799995463916963e-03 5.445006500216452092e-03
-8.004328733069729918e-01 -3.920269489304731292e-02 -3.903873605544246062e-02 -4.149435183254439330e-03 -4.810712522110915457e-04 6.368576298380631759e-03
-1.631614919898605409e+00 -2.819593468466207245e-02 -9.337519532301514352e-03 -1.970648247555503198e-03 2.375310644749334052e-03 3.220457429231178732e-03
-2.978901935623062602e+00 6.148100142167641641e-02 1.194109497624539912e-01 8.699340906815040226e-04 -1.054543881702676164e-03 -3.223309801657413785e-03
-2.267176804586996663e+00 7.388139853627218034e-02 -3.170214971222450745e-02 -5.602425192032973143e-03 -2.283889236431598576e-03 4.435865970200299213e-03
-2.510218389148574314e+00 -2.901390953208426646e-02 9.108521922004624016e-02 -1.912788323325606207e-03 1.027862322038259604e-03 -4.076934423639111578e-03
7.480721000239717533e+00 4.727877623388263562e-01 1.966903017539332887e-01 -1.146611743211697551e-02 1.719684061136823525e-02 1.292272394985212979e-02
-4.286830307626403602e+00 3.368127447010776931e-01 4.271654892368878520e-02 6.922775424356279218e-03 -9.115827072143168133e-03 -1.293259607708238060e-03
-4.320530143922533206e+00 3.932058864851687985e-01 2.053743114600985742e-01 2.126167996225451773e-02 -1.364202807539704153e-02 -7.752510199285799451e-03
-1.226986455758942496e+00 -2.493115730958084600e-02 -3.663376982130505527e-02 -5.781646031116509203e-03 -1.848695628040245920e-03 6.585503567396731525e-03
-4.141102859427604699e+00 2.734558283542659063e-01 3.809050020923174240e-02 5.061685665599389636e-03 -8.301903933429595137e-03 1.970256116527075406e-03
-1.196668521542271879e+00 -1.383425415129806713e-01 4.387396322674561033e-02 -9.229603732998362597e-04 5.908773505873042217e-03 -3.571489281039071095e-03
3.774145183774177958e+00 1.801568095359402377e-01 -2.837414176667685251e-02 1.256872810960447690e-03 3.081623350800828838e-03 -3.771483259165528618e-04
-3.130129121241183032e+00 1.743660506837362290e-01 -3.455629286858188931e-02 -3.123512410555998649e-03 -4.780861490053473460e-03 4.899982193397426321e-03
1.556913872967287560e+00 7.699560346313884251e-02 -7.474228569580228243e-02 -5.195685543021621826e-03 -7.314680271162076787e-03 -4.005090367251678391e-04
1.141337777670781289e-01 -2.960651863943424694e-02 -5.510072590841978701e-02 -1.263016583158562941e-03 -6.304286365102477639e-04 -3.452138300928091035e-03
-2.597592825437139208e+00 6.703108517523734093e-03 3.811262826953586841e-02 -7.330530016142321886e-04 1.153846231345971498e-03 2.589500637793788491e-03
2.222612562493435195e+00 5.939888596813370364e-02 -5.405295026796467367e-02 -2.398953795886870407e-03 -5.466872225913294372e-03 -2.203722574437278099e-03
3.344071993359702066e+00 1.217047111596892411e-01 -1.927890158127983089e-02 1.233352873295400290e-02 4.591163996706813973e-03 1.616570715666924276e-03
-4.566405645521656731e-01 -8.792126234978354937e-02 -2.069822501317663752e-02 -3.894163441659932983e-03 6.880976834721862180e-04 3.507416134975915607e-03
8.531674855693759385e-01 -3.535248876928502593e-02 -5.071984721922694755e-02 2.482047046125045436e-03 1.650423807186184250e-03 -5.643476736629482807e-03
2.571494456242486848e-01 -1.022882510000538842e-01 -2.804102580683854110e-02 -3.346582261140184419e-03 -5.107678576279680270e-03 4.465238503690020094e-03
-1.021150741050885102e+00 -1.621071718274120221e-01 4.126467651408098625e-02 -3.903558706632261066e-03 3.322935434841902021e-03 1.486883041105250538e-03
-1.387492888995404794e+00 -1.260833472084451068e-01 3.923271110434046333e-02 -2.934824679001528987e-03 3.298443183640992465e-03 1.868566291759963518e-03
-2.702837621664793688e-01 -2.151896781368020373e-01 2.987563156419624499e-02 -2.047403658000059110e-03 -5.993007839074900121e-04 1.462426300474747366e-04
-1.617561472781021692e+00 4.380535754416708255e-02 -4.703041530650096946e-02 -3.192839263435335011e-03 1.899296068627276358e-03 2.996859597930471783e-03
5.048309915256570690e+00 8.282291455486937015e-02 5.912582333568044274e-02 1.602455859235031512e-04 -2.140047729045254244e-03 -4.067509348127489911e-03
-2.780167545424327091e+00 6.716048986330520887e-02 3.574700273505294207e-02 2.928239771555473173e-03 2.648366175491959160e-03 3.931325059865097200e-04
5.406684313172197776e+00 2.483089916160071686e-01 6.132480411632131728e-02 -1.055199454742844142e-02 -4.501697672041554167e-03 -3.609067959184999747e-04
2.359458864647350218e+00 -1.479123145782287874e-01 8.358746666315568924e-03 7.104605999467003899e-03 -1.414185507672291453e-03 -1.876926626018135666e-03
-2.280581533816095519e+00 1.251796827610690555e-01 -4.848026598193318909e-02 -4.808864909012639834e-03 3.322001529369294484e-04 3.486380893535139559e-06
-2.206458887672434255e+00 8.461849071838342673e-02 -5.341685492345734504e-02 -1.630981033936238682e-03 5.012742089486277265e-04 -3.735610682558932843e-05
-6.178605808893257167e-01 -1.740839131034712939e-01 3.400900171282052881e-02 -5.239126900278427527e-03 2.088049004227191321e-03 -5.523159385606425621e-04
1.334345168288761485e+00 1.130490965646017698e-01 -9.192909479538545481e-02 -2.792576012527202105e-03 -2.527879412547993834e-03 -3.840057727500657391e-03
-2.878031085975282455e+00 1.660841881237913875e-01 -5.644726071417379559e-02 9.428048031192874309e-04 1.779074665755476907e-04 1.026995598279793710e-03
2.143697034719687089e+00 5.121676336399674095e-02 -5.225693882215979441e-02 7.447902193796120812e-03 3.898934927835212474e-03 -8.383648691044841630e-03
-3.550683559103470222e-01 -1.443859410852655900e-01 -3.922798570862224589e-03 3.543315936397051051e-03 2.103377329388379877e-03 5.232241965430910018e-03
-3.357997880998476181e-01 3.899252476055788813e-02 -8.199648391570479866e-02 1.659212039130895109e-03 1.484477216805760082e-03 6.892590225453846219e-04
4.172225586216177229e-01 -8.124488364900887827e-02 -3.403046230763157043e-02 1.735892045530559088e-03 4.785163466354942774e-03 -4.151466564652601943e-03
-1.636851725450362505e+00 6.135333944799985922e-02 -6.643471848251721046e-02 -5.652322588381714433e-03 -1.761603013822899029e-03 -6.528271270801538299e-04
-6.002468140691431531e-01 3.565065360802479461e-02 -7.937983042151462720e-02 -2.658825942636842792e-03 -1.305790482066104081e-03 4.047490188635387634e-03
4.071500672029482182e+00 -1.526216820507548741e-02 4.521239337670106967e-02 2.057201111551910109e-04 -1.227254843848783750e-02 6.380720373872002249e-03
4.605530012390162575e+00 2.186789619180360689e-01 1.297354321059230979e-02 -1.179826377602032073e-02 -6.928553512800299241e-03 -2.865863579157142994e-03
6.220526462144942315e+00 1.897986746196358709e-01 1.098725566828151895e-01 4.083796013123602679e-03 8.068049107288833080e-03 4.600415221645808538e-03
2.473791629764504896e-01 -3.137686742735869005e-01 6.514216734934503983e-02 -8.606693989657577789e-04 1.319378412767784319e-03 -1.565724087939091014e-03
-2.592897376465259196e+00 7.534913658985772922e-02 1.274029982662767610e-02 -2.977453907080153742e-03 -7.964769731631678434e-04 1.347268773227100393e-03
2.378952882642695332e-01 -2.866493244566126197e-01 5.634915379080450426e-02 -5.469572481999622525e-04 1.645571562940048279e-03 -1.283051016747079965e-03
-2.679810693343702255e+00 -5.409029622422601574e-02 1.125423151297944013e-01 2.559328641049893761e-03 3.332064583539976355e-03 -5.166543607475970572e-03
-3.646741521791099228e+00 2.346716552684845747e-01 5.658996397925382393e-02 5.996734380833279934e-03 -3.452597768544607686e-03 1.165382958157641245e-04
1.863547552791755324e+00 8.294277065213409572e-02 -6.812918458883641948e-02 1.771188845907788190e-03 -3.953622449038526367e-04 -6.511348325235474972e-03
-8.829469605025829226e-01 -1.031890079033399854e-01 -5.790823000815716916e-03 -2.388245269485702194e-03 1.204565263666829795e-03 5.297409688203896100e-03
9.882064927838505319e-01 -3.293968288394052979e-02 -5.000619989867262360e-02 -4.424674139660616156e-04 -5.288746820377184139e-03 3.369662755784204149e-03
2.063062480915883512e+00 -8.754795574833942884e-02 -1.292194870946071668e-02 5.729200678951123669e-04 -7.938532881564045601e-03 7.792857004489534001e-04
4.600653507232280504e+00 3.125429275766477555e-01 1.381882497331857629e-03 -9.573561237708874683e-03 6.278141500577241437e-04 -6.674764060871756985e-03
-2.037321862002672734e+00 -1.931869351055168910e-02 1.818936438629162669e-02 -6.191034344765315896e-03 -5.892308675437425816e-05 2.423985084438692612e-03
1.763243576735453289e+00 -1.044790824179798044e-01 -1.747920625275337786e-02 -3.772449119797000646e-03 -7.793230148111657436e-03 -3.295232356237004240e-03
-2.093559970843124951e+00 -6.842626159234376643e-03 3.373804632308383122e-02 -1.059540100606078030e-03 4.423403390275655774e-03 2.949546175161547098e-03
4.705675699111288246e+00 2.246584820903860594e-02 4.837900026648460361e-02 -4.685411594018848436e-03 -9.832053753603766516e-03 1.730023095577257501e-03
6.808312374656265931e+00 4.599892402600969099e-01 1.455121248904312214e-01 -1.848636899414501586e-02 8.498937655007711076e-03 4.306480540242100196e-04
-1.359407063964160667e+00 -1.001681950715985620e-01 1.189658218828757580e-02 -4.435536027631878896e-03 -2.617836167628192806e-04 -3.338792790932066409e-04
2.416775900685299572e+00 1.786543440059887994e-02 -4.366322026516308158e-02 -5.197492136797416014e-03 -5.175476681161614127e-03 -4.251583693342581016e-03
-2.028067207881876666e+00 -1.517264534849840363e-01 1.223218548569146025e-01 3.581840231586902413e-04 6.161482412697062531e-03 -5.043580514378655753e-03
-1.606782696122976750e+00 -1.151174013138670932e-01 3.687321928359723472e-02 -1.755249653180983218e-03 2.534650614535321773e-03 5.022495325943907582e-04
-2.423562814607425064e+00 1.472869640416418421e-02 3.158946440227486385e-02 -2.573000602914278165e-03 4.891122604293676214e-04 -2.382694894887165543e-03
-2.329039905130825705e+00 1.661462670565612768e-02 -1.569375345140199213e-03 -3.379786501529881502e-03 -3.659840039447199013e-04 5.013144035532551487e-03
2.167570912595573607e-01 -4.188356923046705760e-02 -5.044170827485274650e-02 -6.909603759996202528e-03 -2.512905496244691780e-03 -1.802870514040594849e-03
-2.959970645059236460e+00 7.070430045798688223e-02 9.969338699128015013e-02 9.829041268127314789e-04 -5.787996802113092205e-04 -1.400178616663774918e-03
-1.655319980388680667e+00 2.845642882370916574e-02 -5.082485830066917759e-02 -1.895891590334263920e-03 8.245219363802521340e-05 3.925801453681572808e-03
2.890783987088089368e+00 6.689605399963198529e-02 -2.771192557562692643e-02 9.291161964785955157e-03 2.502228715605864500e-03 -4.203696551266537448e-03
-3.797940855045724540e+00 2.124792901000912837e-01 7.464148766087386200e-02 4.595267686647736168e-03 -5.990291559355891485e-03 6.772819081553961085e-04
3.513785064500710043e+00 7.044469742673001300e-02 -9.989515757247383748e-03 5.280997945504533123e-03 4.936044837677440976e-04 -8.155610565999477308e-04
-6.669573666308458160e-01 1.326669679521914613e-01 -1.200001637766205109e-01 2.135543170586565436e-03 4.862970740082263148e-03 -6.888947948811496250e-04
2.439352148627014660e+00 8.328033528076864145e-02 -5.367697044463640849e-02 -2.582768408163521254e-03 -5.601410749582689565e-03 -1.114327572989694129e-03
1.187431677064924918e+00 -1.086144362240869798e-01 -2.026503193918940265e-02 8.893170441234106915e-04 -6.615924200820153499e-03 2.398245511757956128e-03
-1.165987797928802694e+00 1.386867488690582406e-01 -1.168135339053625321e-01 -2.080550045984892564e-03 2.483489860348791524e-03 3.973911177177216585e-03
9.885457969263081734e-01 -2.045946837592517442e-01 1.153794572429041321e-02 3.901879302158422873e-03 -4.949051678921729484e-04 1.291453726896774241e-03
-2.953437560293067921e-01 6.414904422257650639e-03 -6.846810079930804038e-02 -2.339534669857414213e-03 -2.336164391645757928e-04 6.755013199442165290e-04
-4.408768398869775673e+00 3.816156260915387621e-01 4.959463329410816052e-02 9.297580433610284564e-03 -9.860434801718206965e-03 4.029040935387651024e-04
-3.295216463434302856e-01 6.280648562663164458e-02 -8.886242802518602713e-02 -1.060642112693607145e-03 8.111587904599447396e-03 -5.574481277590934668e-03
-1.417444280555649749e+00 7.504865652789066699e-02 -7.495728196752898809e-02 -3.656622042068205687e-03 2.291536062097805897e-03 3.522604058281763022e-03
-4.508595392753165787e-01 -1.822035547938792577e-02 -5.782669799084610290e-02 -3.945324369839536653e-03 -2.582084782562081657e-03 7.443743831242172378e-03
2.676943444175451159e+00 -1.723232125715186067e-02 -1.872476281586537769e-02 1.729501007557922862e-03 -2.965014327771599983e-03 -9.277638240493593300e-03
3.815225197025077786e-01 2.346995206746520929e-02 -7.646984273410938060e-02 -5.497926834025596184e-03 -4.433380001077525008e-03 7.010041602836606376e-05
-3.217366564865512535e-01 7.266779581367824314e-02 -9.542956522761086857e-02 -7.926240436189184468e-05 3.696585484395085736e-03 -2.648844476857351807e-03
-2.112122514389292771e+00 -4.996973801184789038e-02 3.574592767216457079e-02 -3.262972995844366005e-04 3.782882024467300579e-03 3.197526174131699525e-03
2.424163155667582004e+00 2.422959853531368377e-02 -3.142890274067881157e-02 1.065099005934934048e-02 2.237156438725898620e-03 -3.422816854027080791e-03
9.874506342439082207e-01 6.031384076095096247e-03 -6.730194256897915894e-02 -7.382405656805009556e-03 -8.317663539930976978e-04 -1.432477807232707817e-02
3.538424250003910920e+00 1.980848830253815335e-02 -3.462974974201050733e-03 3.861008293477235544e-03 1.268776308379952105e-03 -9.565381630179897385e-03
-2.402085926555307172e+00 1.087404662901790206e-02 3.859770473915376254e-02 6.899933372293502037e-04 3.327716582094520249e-03 -2.826703074139090555e-03
1.048369530231034519e+00 -1.177183414872336464e-01 -1.912713863237119546e-02 1.928786433888126208e-03 -4.647069202491444818e-03 1.571009934413906007e-03
1.814597243560813755e+00 1.002365039596100349e-01 -7.265059557838406123e-02 7.705074212518126485e-03 3.458411735383509940e-03 -2.538946521467039513e-03
-2.813552597674077393e+00 1.569597257336279861e-01 -1.018804265046924749e-02 -2.279923171655243944e-03 -5.583735707026134514e-04 -1.191596555055536317e-03
2.384714561578409775e+00 -2.532370090858818146e-01 3.950768408699029816e-02 1.647236618605558110e-03 -7.097976822142006148e-03 3.248867108679095572e-03
7.131855668727010711e-01 -7.319743609202096490e-02 -3.769706104612098596e-02 3.623963010248418878e-03 -2.526119107177378365e-03 5.323181996209833122e-03
2.987085879218486006e+00 -4.916679382926144454e-02 -6.502046340322481174e-03 2.805018031303667825e-03 -3.180121701924294025e-03 -2.143976623610515785e-03
3.311718319701054458e+00 2.172879135541930795e-01 -4.522567581765864902e-02 1.658374430263858832e-03 2.535259253637446759e-03 -4.871730248938914085e-03
-2.709076661056172064e+00 -9.176076659761072188e-03 1.026830401382668873e-01 9.209572136925078334e-04 1.543583262765662375e-03 -3.005202717636756664e-03
-1.925133653702528536e+00 -6.771789813533259095e-02 3.270567848436384262e-02 -3.111324504678670329e-03 1.975819170791433699e-03 1.959850744469721941e-03
1.376647049619820207e+00 -2.021763501151605247e-01 1.128174602713993835e-02 1.829965408265284664e-03 -4.205701262479612755e-03 3.530386646391896113e-03
-8.338344970683772006e-01 -1.419962231037177058e-01 1.359274662462241733e-02 -3.893533220521409096e-03 2.220433927997855382e-04 2.107481667255931956e-03
6.618758726644311530e-01 -9.902029220528314746e-02 -2.701085684995507483e-02 6.249010796560702970e-03 1.798399066730663751e-03 -3.252075748548639410e-03
-1.258905261309946066e+00 4.888511626560175516e-02 -6.616334677731984526e-02 5.175482495804768898e-04 5.179672945062208794e-03 -3.639380189595448935e-03
-1.743981349290387284e+00 5.226544883319883539e-02 -5.456422619303791244e-02 -4.261661223018508964e-03 -3.774726928151304135e-04 2.068001032623024808e-03
5.945340568856878338e-01 -4.081936790539813370e-02 -5.083743927071431717e-02 -1.316971512208203266e-03 -1.836932344422506245e-03 -2.493513642761843903e-03
1.233607093066161120e+00 5.479305478274702768e-02 -8.027476033832878222e-02 -1.552393286753678530e-03 -1.239185408830703952e-03 2.423339390676116506e-03
8.060238926680991511e-01 -2.719997577892425272e-02 -5.383298993477228511e-02 -3.619906699167506434e-03 -7.301863200357180950e-03 4.534250696686085644e-03
-1.714529032026069766e+00 -8.507145299992355247e-02 2.680417667331439283e-02 -1.401250150944495390e-04 3.667992777860992325e-03 -4.121396831482503770e-04
-1.807484354233566792e+00 -1.589312169236520647e-02 -8.402238625446749321e-03 -2.269136885680186899e-03 1.910141298071692728e-03 1.167299381874664817e-03
2.130571674723116815e-01 -2.621828845616122061e-01 4.053575289427569645e-02 -3.468537043424118629e-04 -2.030307160241929122e-05 8.030367014660904279e-04
-8.158551686702798511e-01 5.121695187999204812e-02 -7.422069646382063735e-02 -2.081951740276237299e-03 6.250974610655575005e-03 -5.836811113557392565e-03
6.035120830606255371e-01 -2.433865451899476784e-01 2.946505307650783972e-02 -1.651078255619310925e-03 -2.118228728260053602e-03 -6.911498023282192224e-04
-6.265232278860110027e-01 9.971728417539797024e-03 -6.595587103735853218e-02 1.064450916512308743e-03 2.566708881984155859e-03 -2.879085014010590842e-03
1.094286076448168110e+00 -2.243680519573499066e-01 1.911181040813853330e-02 7.395077216505248525e-04 -2.698531862097895782e-03 1.084600657201219027e-03
-1.068294106657344145e+00 -2.532432990850857352e-03 -5.458190724168553165e-02 -2.893745352645922531e-03 -8.460894167211957008e-04 6.417997188700470985e-03
-3.308347357917728715e+00 2.130543701447892846e-01 -3.327586487464676696e-03 3.580681444243825808e-03 -1.875271995618276431e-04 1.009457919522737312e-03
1.994066531733746039e+00 4.503098334312540668e-02 -5.737198434050876789e-02 4.369633588007190185e-03 1.689484185144021853e-03 -4.225420167155986666e-03
-9.414984416047295079e-02 -4.857731776680761920e-02 -4.563676197008015301e-02 6.889945196009225961e-03 4.713344828133047767e-03 -2.317328454019381995e-03
2.415753117985811382e+00 8.112812743366311363e-02 -6.156499495500421248e-02 -5.465365653667029165e-03 -1.949816920955206026e-03 -9.968698088121312126e-03
-1.386686431815525866e+00 -9.653668999333381295e-02 1.517955293215294751e-02 -2.695979474688932082e-03 2.676630233442844637e-03 2.765058814732227789e-03
-5.265863406468040270e-02 1.047884710931873964e-01 -1.102212697684059883e-01 -2.580457549538167118e-03 4.399989227398547025e-03 -3.921672801741588228e-03
7.808073557731730341e-02 -9.458056560175509553e-02 -3.046997789743370252e-02 7.585995859972872535e-04 -2.741592444528100254e-03 3.876644624377599373e-03
-1.389515715659093820e+00 -7.483890001432595696e-02 -3.153785646987148847e-03 -8.309795252679098160e-04 2.642689777305971474e-03 6.033313018909231169e-03
1.516714844498894710e+00 -3.599585471667025860e-02 -4.055901368868776447e-02 6.177823772032191470e-03 2.193062980352439816e-03 -7.812413086876796378e-03
1.742280707603095280e+00 -7.443695280349540977e-02 -2.947137125177282449e-02 3.265790915461088198e-03 1.564572179046879829e-04 -1.734894527864182766e-03
1.870806799912952068e+00 -1.712522781874231403e-01 5.478445177673846311e-03 3.401513862028193724e-03 -3.151276836849363407e-03 1.636634443995463046e-04
1.198089080942910334e+00 -2.828690447140561615e-01 4.065107274969188833e-02 2.579045778450099382e-03 -1.688013913699250301e-03 1.246404061966164189e-03
-1.060026428583334124e-01 -2.131621737459631766e-02 -5.907026008260479744e-02 -5.447181564761826439e-03 -4.058186395973999334e-03 5.666403567419796457e-03
-2.442123935374833632e-01 -2.368468603190962418e-01 3.757688888604573257e-02 1.382977548156971064e-03 1.609229808642701409e-03 1.181107150125525543e-03
1.569015251823955515e+00 -4.269238144204822588e-02 -3.473794249747949592e-02 7.699558807020722394e-03 -1.085828982166254196e-03 1.320978376169364534e-03
1.238435723982048042e+00 -1.274261036338844300e-01 -1.544526309933248395e-02 1.341596436925519440e-03 -3.562974994648155942e-03 7.213115537624888596e-04
-4.080882880004413349e-01 4.418023716299130516e-02 -8.065073549431159283e-02 -3.504258501132200086e-03 4.395767531742388913e-03 -3.282584228259747324e-03
-1.905103266433708198e+00 -2.571743164404222126e-02 -3.566485034581289536e-03 -4.315759836304227867e-03 -4.848499885258384756e-04 3.827337545672447865e-03
3.990593787732504616e+00 -7.127416257630425633e-02 4.110505727902812739e-02 3.970180324824020349e-03 -6.872247841374984172e-03 -7.653043658554408487e-04
-3.221841099799163999e+00 2.254048128261147976e-01 7.705675143031591283e-03 1.719892326282181387e-03 -8.918831071619202867e-04 -4.465348908621507087e-05
-3.098728152852030959e+00 9.680186638831836388e-02 7.904355498531401292e-02 9.691505012165138253e-04 -1.030557854729707455e-03 -3.553682528628350035e-04
5.300547900495611309e+00 2.366486252368276422e-01 6.289682410480400276e-02 1.241847408362249314e-03 2.746076092055580245e-03 4.028998265204262845e-03
3.382212857968588171e+00 -1.498777647700544058e-01 3.542798063258861818e-02 8.215676769969133472e-03 -3.114149679032415016e-03 1.771340129049214177e-03
-8.193149391835613526e-01 6.922098898305864556e-02 -8.919604937969473346e-02 -6.824022458323809361e-03 -1.508341729119620864e-03 1.940550431276830633e-04
4.871381541039900398e+00 2.472443643493435206e-01 3.231949550500109319e-02 1.645223954448383520e-03 4.253757155870263248e-03 1.679153916189158246e-03
-5.768039663175618115e-01 -1.007152089067950701e-01 -1.818107860711865378e-02 -4.923271041673505039e-04 -2.804631353306057725e-04 1.186283261269232593e-03
-2.871969348288813340e+00 2.037740110701310656e-02 7.169503350038979039e-02 -1.192053057970417305e-03 -8.967518893807089383e-04 -1.251899542756325237e-03
3.771394677036045362e+00 1.469030925249162067e-01 -1.032188522478596528e-02 3.762879687155374926e-03 2.073673717524910417e-03 -6.709239903962736784e-03
-4.937594845165746427e-01 -1.149140015407110332e-01 -3.570526821380506227e-03 -2.015497269138567978e-03 3.340074867066143011e-03 -4.669241001766667731e-03
-1.311690049732062047e+00 -1.356930398273651847e-02 -4.255007118242900427e-02 4.048696897375874413e-04 1.304776939144442881e-03 2.572091431628748242e-03
-1.449508439551283390e+00 -1.845632648266440079e-01 9.684468168938011046e-02 -1.828784627709054188e-03 6.362623339126471239e-03 -4.550259751454080459e-03
-1.625030072275378767e+00 -1.497245673402163588e-03 -2.320995220184375596e-02 -7.609208031769186358e-03 -1.629602629758629103e-03 4.159790470028122342e-03
-2.907549041711286364e+00 1.104061741670029767e-01 -1.828472362116233263e-02 2.678375494956099744e-03 9.032306173508107550e-04 1.110719203388546485e-03
-2.136420409953187605e+00 -1.495555392661398753e-01 1.362430768032019401e-01 8.843392263172107854e-04 6.246629640789855276e-03 -6.044774576388901172e-03
7.408927936575345541e+00 5.181487164155329506e-01 1.814500631785645746e-01 -2.442251296230103091e-02 1.316005145548880713e-02 9.181028039880390805e-04
-7.094389377011636189e-01 -2.195190185484285905e-02 -4.781045921621717570e-02 -4.613267938852920642e-03 -1.679934253284305319e-04 -5.053705141690552002e-04
-1.327980409269315265e+00 -2.983508332897436346e-03 -3.093191099290623636e-02 -5.552293963683342139e-03 1.454034836259988006e-03 3.746279541733933357e-04
3.921058969834802177e+00 1.631336496572747541e-01 8.342836297339780794e-04 8.416938385580914964e-03 4.330913523116168909e-03 -4.095863458962645601e-03
-7.780448968006753452e-01 -4.510957957006299368e-02 -3.151547374693460662e-02 -4.815623835316741770e-03 1.212042165515251875e-03 1.747050199388467317e-03
2.672125988563305743e+00 -9.484640943276748115e-02 -1.404713510380996722e-03 3.778690032367019568e-03 -9.449250716275486156e-04 -1.024952701088673208e-02
1.849100930164902179e+00 -3.217799620593219667e-01 5.605718335450892570e-02 1.991382568901653959e-03 -4.250054942653821825e-03 5.341741450717700252e-04
-3.186952315985225326e+00 2.022740049242689464e-01 -3.408956863787816066e-02 -1.832962088467695021e-03 -3.481805929779905120e-03 2.154071418103818952e-03
-1.120011985583488023e+00 -4.749197466674293100e-02 -1.553805324337341823e-02 -8.364558595309967357e-03 -8.248273267475465364e-04 4.376881052354126243e-03
2.740167137548658260e+00 -1.605074923695344949e-02 -2.431818050020445598e-02 5.649543583278426352e-03 1.435984028131053001e-03 -9.786003731963603593e-04
5.461027747452184000e-01 -1.827020635639334256e-02 -6.113301032150689207e-02 -5.373763210497450350e-03 -2.240650912747119269e-04 -2.804177858004183038e-03
-1.592987188096147921e+00 1.149151652134215440e-01 -9.696838829615347932e-02 -3.828614459049332116e-03 -1.205039737561596847e-03 5.686822632949423140e-03
2.738485494406899257e+00 1.324527131374256261e-01 -5.223356161147906657e-02 5.514251496057966367e-04 -9.098002874316985563e-04 -4.793403823824384478e-03
2.548074932960741723e+00 -3.811489702872911806e-02 -2.189154480675160885e-02 -4.810061436756429658e-03 -7.898798515257113295e-03 -5.045627539685540626e-03
1.064425856579026997e+00 -2.477841152734455987e-01 2.896156705840300521e-02 -2.576503089675376886e-03 -4.307221306959398838e-03 -2.725890980860071460e-03
9.347663990097477837e-01 -1.385962931566608047e-01 -1.267999039969085716e-02 2.849182687044127769e-03 7.955505132395186045e-04 -4.047755932858948177e-03
8.194154573920470197e-01 3.526156110670282395e-02 -7.591566349976912320e-02 6.255152449631360724e-03 5.669791099359744804e-03 -5.865924634647911272e-03
1.116817435024119343e+00 -3.148745512982036032e-02 -4.719672207429703031e-02 6.899656109353044737e-04 -5.979949486999607336e-03 3.012848147645409182e-03
-5.386228630193099498e-01 -1.754011923843197540e-01 2.013938593158149520e-02 -2.719410700391985090e-03 7.939572649777913108e-04 2.084602726980893089e-03
-1.485964141832019747e+00 -2.655895446135952270e-02 -9.813697734903169267e-03 -4.187098330121100803e-03 2.188964947246384036e-03 -4.962938318773327251e-04
1.092813506712556615e+00 -8.056333072624595470e-02 -3.476086950945874582e-02 -2.913023601617652225e-03 -4.462706442418510992e-03 4.538054604820120552e-04
-4.020852960960784372e+00 2.526776313010855035e-01 1.647619760326341221e-01 1.336003704439198830e-02 -6.841717711580692571e-03 -6.054043321345584962e-03
1.948649828218684599e+00 -2.877594184000308863e-01 4.520901589661791009e-02 2.008766633767358843e-03 -4.754266663420946698e-03 1.548424835551858022e-03
1.767556889292183353e+00 6.689320851494755249e-02 -7.080907850736122000e-02 9.098684902495621750e-04 -2.732429281142075418e-04 -1.571716702236728748e-03
2.213360964213737958e+00 -1.133589958807949966e-01 3.420402952472309261e-03 7.403565657203158186e-03 -6.167669531621797555e-03 4.545998483604762018e-03
-1.303563941476831189e+00 -3.220652636597237661e-02 -2.656775142685227631e-02 -1.899057891327816027e-03 1.559081408052679892e-03 2.269506154574240687e-03
-4.154576184384960458e-01 -1.159105120496903979e-02 -5.586576164845787756e-02 -5.827142717949918699e-03 7.911356242536295765e-04 1.702102282192599842e-03
-3.594219674712239576e-01 6.109396733969325172e-02 -8.984401174321979267e-02 -5.182543373837771028e-03 1.996123918840494831e-03 -2.834030705402116896e-03
-8.777227384310336555e-01 -1.183132977653617579e-01 -4.881524547972986553e-05 -4.159738729063227280e-04 1.924135867481255010e-03 3.401861342947746537e-03
-2.050795312554621663e+00 6.192054145875409282e-02 -3.221107060772766123e-02 -5.474911373353196506e-04 3.609177501406651747e-03 4.226218638940227451e-03
-9.038082581584220287e-01 -4.020779745871116279e-02 -2.886647171806443896e-02 -1.839999716406914192e-03 4.145982665035646657e-03 -2.821018285180602447e-03
-4.563683173553386707e-01 -2.288308834128083835e-01 3.658717480498090840e-02 9.746860338686325065e-04 8.015258038112830314e-04 4.949027985731361927e-04
2.877029010488886929e+00 -1.578449958764427119e-01 2.189527796005142843e-02 3.112937430817731398e-03 -7.146873188499537795e-03 3.571504767621286065e-03
7.508076736101053361e-02 3.047357315785144231e-03 -6.926592901102716915e-02 -3.685510436651259769e-03 -3.934630678062507776e-03 2.072269362765151099e-03
-1.922506338862842945e+00 -8.455383663719931442e-02 6.276969755532141315e-02 -1.386504247439731240e-03 4.712261119248721715e-03 -8.056310045831439892e-04
-5.019932744729059815e-01 1.261703274561802590e-02 -6.379657446978524715e-02 -4.361423812710769031e-03 3.423421084445071004e-03 -3.317795884607627720e-03
-2.438901523574678668e-02 -1.796168394417290912e-02 -5.676398177827690628e-02 -1.254203082847303412e-03 5.323583020653371162e-03 -4.973873557076948122e-03
-1.274739383451059416e+00 -1.300798620695506891e-01 4.500124716953560200e-02 -3.801042603406045318e-03 3.854669233197532269e-03 -4.045898945111090980e-03
4.041940129597561437e+00 1.764696514490203538e-01 -1.200107690333820400e-02 -9.680093857915962954e-03 -4.559026950445043726e-03 -1.125402611274986878e-02
3.404392031112405181e+00 8.861314898538280582e-02 -1.044044582277531101e-02 1.295348295683788377e-02 5.033361670967253197e-03 -2.155792747035435372e-03
-3.513373460568524065e-01 -7.883813563278739556e-02 -2.641821363020399951e-02 -3.321890127438395859e-03 1.258979525884587093e-03 5.401127226289616961e-04
-2.739990259123380678e+00 1.055080428525564246e-01 8.796137348022294022e-03 -6.344853072886323187e-04 4.174469818664514531e-04 1.338068918311108345e-03
-1.771760831772023481e+00 -2.272930393448940531e-02 4.807548564147831778e-03 -5.754498274871730663e-03 8.576734835394533634e-04 2.041810764641723442e-03
-1.576912129682644936e+00 -1.445986072248680032e-01 6.217392187594366487e-02 -2.504201570386627423e-03 3.899774839616696864e-03 -1.824455448147758920e-03
-2.513261242958330755e+00 -2.968273542249715621e-04 6.696559211026940905e-02 -2.395353504094103504e-03 9.197752496779619622e-04 -9.936586862957107105e-04
-2.436971715269471428e+00 -1.829266302169224589e-02 5.471756972174089684e-02 -1.199100486896232786e-03 1.360653210044206283e-03 -8.276812918001672870e-04
-8.996020100907996531e-01 -1.493751047838100254e-01 1.997498043445038174e-02 1.268793971710182418e-03 4.343836172231496651e-03 1.529905687720288076e-03
3.455876395452372130e+00 1.033359418286380026e-02 8.615259063771807391e-03 5.048194006390826875e-03 -4.616040052124468010e-03 -1.305495408558689317e-03
1.354144235651640660e+00 -1.925707667802333822e-01 8.637502268625257482e-03 1.081986250328664540e-03 -6.084414881441685928e-03 2.568658834130009561e-03
-1.365203016703078198e+00 -8.339630311956641728e-02 -2.469912815837855928e-03 -3.304226057328066074e-04 2.075432959351555112e-03 3.631476239656076035e-03
-1.089544239359299116e+00 -1.319793857390960667e-01 2.670806854381380102e-02 -7.591084845931116067e-04 4.628889847344799975e-03 1.723423161179314439e-03
-2.161000539691023015e+00 3.526552419545361111e-02 1.220164214913709196e-02 7.528254049027835459e-04 5.358426574954678820e-03 -1.079653368443333214e-03
1.928258270469297431e-01 1.927835094086399748e-02 -7.577629904435262409e-02 -5.356405660952377745e-03 -5.079930572658613100e-03 3.498384705291834266e-03
1.771435860012798014e-01 -2.232051161699089570e-01 2.412815463643042460e-02 -1.241198583840926557e-03 -2.120292252394023400e-03 2.345502987386444539e-04
-1.626270018522975036e+00 -1.457597262116450965e-01 6.999294462235135239e-02 -3.822393815346349240e-04 5.359413664372413358e-03 -4.539100556268112208e-03
9.165820264713254728e-01 -1.477010520955769797e-02 -5.727046386678210504e-02 -4.836882876372712060e-03 -7.275292416850262685e-03 -1.155176798248857965e-04
2.628257247160797672e+00 4.005014055225062514e-02 -3.487523039477181258e-02 -2.143853841946560899e-03 -5.524435586487204571e-03 -6.950608202347685963e-03
-1.274854504481923445e-01 -1.660981208284035768e-02 -5.612096155711187445e-02 -7.833881425078188798e-03 4.807484569946971018e-04 -4.557001151970041346e-03
8.098429195146005233e-01 1.185493354755701688e-02 -6.581669547451425573e-02 5.099138307797193570e-03 1.083369947314563207e-03 -1.353604342577031201e-03
-2.282611008789778850e+00 1.794321361311533580e-01 -8.292998911611498825e-02 -1.347985342081565877e-03 3.791169617547432077e-03 -2.908774857677663521e-03
4.904860662750659128e-01 -3.110680030492649628e-01 5.775935120854720772e-02 -1.604506760393844145e-03 -1.327810924166261761e-03 -2.043888341534505753e-03
6.806148612540861842e-02 -2.100264129960836834e-01 2.605610456086149274e-02 -3.931827362788458714e-03 5.653910344943975132e-04 2.338381174539794997e-03
-2.091633769627971873e+00 -4.658903437486108801e-02 4.367137018086537925e-02 7.289261333872756920e-04 4.652809844863203641e-03 -1.107363455325683938e-03
-2.696112626237700649e+00 -1.417759270106995484e-02 1.208878112767581281e-01 -1.033289055201776506e-04 8.927722717906510846e-04 -5.965589812860873538e-03
2.705958130232136938e+00 -1.531383628871014757e-01 1.783106849759348231e-02 8.397642622941900621e-04 -8.797492721858460665e-03 1.219383451683472624e-03
-1.123832395887993663e+00 -9.493672680059515867e-02 3.733986923259081936e-03 -3.452032554835788268e-03 1.410872401700826546e-03 6.299889562020433804e-04
-2.754953609761056299e+00 7.066092468953097394e-02 1.948953525919128182e-02 -2.734295663495564348e-03 -1.679147200278373721e-03 1.170613324505999229e-04
1.887937027251374911e+00 -7.285165057806414213e-02 -2.259207181323630992e-02 4.054341024939148337e-03 -2.777656667591645468e-03 -3.564060420175320615e-04
1.902148074230282093e+00 4.037546392171451753e-02 -5.411890539982149029e-02 5.160783047923762565e-03 7.720332643637935373e-04 -5.213568514913894530e-03
-3.519285276647928562e+00 2.294127265472603594e-01 -3.654206106357606870e-02 4.513178754192675828e-03 -1.256350171490968389e-03 2.122771629222480836e-03
-2.369589692659685165e-01 -1.626656893691591221e-01 1.030706948244277527e-02 1.534444098065806006e-04 3.052432183680145201e-03 -5.137252556146868279e-03
3.716858637897792472e-01 -6.012699854678964229e-02 -4.247998003833121372e-02 2.922660495524251074e-03 3.882398164180038934e-03 -4.614918838721637252e-03
-3.580387740555226461e+00 2.545306811282289083e-01 1.012550050173955177e-02 2.175868770466307146e-03 -3.901210011428962818e-03 -1.289196618896328332e-03
-2.048285863861433409e+00 -1.992483496655868367e-04 -1.455472759161390364e-02 9.035332221330595430e-04 2.469268890163804804e-03 2.186129265196421877e-03
2.374311066527078129e+00 2.341586146665003421e-02 -4.326850445393329997e-02 3.581168253182606849e-03 1.941524919499716846e-03 -7.257532891949402924e-03
-5.853273639323175459e-01 7.203642176733644764e-02 -9.424312191331507549e-02 -3.040343835384440915e-03 1.192839163210932625e-03 3.028547039267787296e-03
-2.164969731420356425e+00 1.682869217991415645e-01 -9.047828250011046014e-02 2.970756600696463235e-03 6.149216968322926066e-03 1.019090088262476377e-03
