6.112565110264632118e+00 1.544868084334924951e-01 1.334795722820875941e-01 -8.749073843844491468e-04 -3.235015976366079722e-04 9.019375504550517300e-03
-1.021489214132607036e-02 -2.094571447719833501e-01 2.882568519043448695e-03 4.216023195253042199e-03 7.462353270592012684e-04 -2.622076140377719525e-03
9.247960209234753481e-01 -6.789202888552462768e-03 -2.791749175696124977e-02 2.202354081936063520e-03 6.619541363201765158e-03 -5.663395093897102654e-03
1.944154646772059181e+00 4.263727790101245335e-02 -1.428227582937917003e-02 2.307092152809307045e-03 -3.710828523177397455e-03 5.955278234213141984e-04
6.412931654960418726e-01 6.513897457414635946e-03 -3.403756240833459568e-02 8.593145569627546471e-03 8.255868294273730357e-04 -2.619602715790164942e-03
4.712733195056583391e+00 9.419817745351496963e-02 7.307905172047061970e-02 7.843771541024681035e-03 3.497577477535555347e-03 -8.072968252889885059e-04
-2.824676015772095372e+00 3.566480559315872434e-02 4.282419325594007120e-02 -2.508828178302375308e-03 6.680181014499021221e-04 2.287288907446627991e-03
-5.758300749997724566e-01 -8.275881207431051712e-02 -1.703491076754970121e-02 -3.542255826897608775e-03 -3.356552090331741713e-03 -3.820895186605448475e-03
-4.157259169070911531e-01 -6.776718111345372830e-02 -1.633636155149600921e-02 7.145713900349256673e-03 7.781733216374151982e-03 -8.842578891302001849e-04
-3.337440551024067670e+00 1.815068846338585562e-01 -3.910208853634719421e-04 -1.914388254958054392e-03 -1.982287850716501695e-03 -1.636031757358521414e-03
-3.229407677946250832e+00 4.531092987878561351e-02 9.614089801983292938e-02 2.135776443286003645e-03 1.367123114007798247e-03 1.680663056292864459e-04
-2.292280139874526057e+00 -1.100505758411974080e-02 2.936659727533703218e-02 2.748747780811260002e-03 1.406569199901811559e-03 2.661794864736953797e-03
2.795334575077214279e+00 9.499362264418965973e-02 3.474118177929829288e-03 -4.292958963071785879e-03 -7.966534120769209679e-03 4.154610482761568989e-03
3.457110256474130949e+00 4.270455736052403833e-02 3.250350396619246934e-02 -2.632526397703985679e-03 -2.226500618005502856e-03 1.766041031216320748e-04
-1.356038742490319526e+00 -1.188978775675678980e-02 -1.684685622196954030e-02 -3.511095024100248374e-03 -1.345120499796902428e-03 5.255993396689120391e-03
-3.105561194548187132e+00 1.956992276436250386e-02 7.912979511423642864e-02 1.140922856527955710e-03 2.939311308119028562e-03 1.840405047466708768e-03
-4.229009675630580389e+00 1.617258982337769491e-01 1.166072913516962434e-01 3.099108097649252123e-03 -3.582218213604336336e-03 -3.391017684679654628e-03
3.309093561333921740e-01 -5.371475440795143996e-02 -2.449296037587064129e-02 1.089127068649228293e-03 6.073067802265217502e-03 -7.544628574437527331e-04
-9.313848714359358461e-01 -5.215627200342277947e-02 -1.832364590292736434e-02 -1.531110853239016790e-03 -7.715645975414108567e-04 -7.695080713704157815e-04
5.907011583353439788e-01 3.204709583736182338e-02 -3.775027139832098227e-02 5.412577534344786313e-03 1.333512253233511439e-03 -4.376772909608610783e-03
-4.528178607433781533e-01 -8.090296505707395003e-02 -2.007449655924484558e-02 -7.288607898312642920e-03 -2.771872665801154104e-03 3.799228491482359782e-04
4.646514992312345882e+00 3.974393016372764625e-02 7.423458187374790129e-02 9.877236008602905890e-03 -1.797768808404844954e-03 -2.030918657922437497e-03
4.004510456765865811e+00 -2.399467009173191900e-03 4.992657797080783666e-02 4.736751636738835251e-03 -1.293513826287829866e-03 1.975867237453067700e-03
-1.252042000232987728e+00 -1.681187023367260724e-01 2.560126994086180108e-02 3.845400584873548584e-03 6.097686914939373995e-03 3.822381694060700968e-03
5.114672639156607747e-01 -4.083639351560217068e-02 -2.589888413582631943e-02 2.347888311069083050e-03 6.458671436628132985e-03 -2.317595071935489234e-03
3.126897526291392726e+00 1.670480836316181605e-01 3.887058047699546662e-03 -8.390909675768890713e-03 9.036783709459768332e-03 5.330042101270329909e-03
1.576962359648241552e-01 -2.154469003823995116e-02 -3.191507379057798716e-02 3.878038931433655349e-03 -1.064166526791816755e-04 1.437093148500567276e-03
-1.900284379214153940e+00 1.188612367707892331e-01 -3.894729840558740219e-02 -8.521933976116795881e-04 3.276150061382288384e-03 -1.728346696920771055e-03
2.169475474870288689e+00 3.483765925416477255e-02 -7.663310088622089268e-03 -5.820247695421617608e-03 -6.774132348987531131e-03 -1.370132645608576616e-03
2.250015974491747173e+00 -1.376136649806395107e-01 1.269526074543749633e-02 1.296921678870200647e-03 -5.940525633114401502e-03 -4.115410674911542353e-03
2.487593114604076838e+00 -1.198982095742506977e-02 5.271864963197092635e-03 -3.454380461644695078e-03 -2.298575226958835590e-03 1.668974382592782911e-03
3.306412891993512737e+00 4.306296682493600952e-02 2.251162953863244595e-02 5.305991642227367343e-04 -5.961743721820727572e-03 2.749958082737971685e-03
-2.699069241052967527e+00 1.128944260351006680e-02 4.562367389960297198e-02 -7.551558015424406046e-05 4.470506000028011298e-04 1.267413000547086251e-03
-9.702084360697793564e-01 3.911331880667076599e-02 -3.891579581805189314e-02 -2.012882376106049642e-03 2.801431952055671555e-04 5.288967331500605933e-03
1.864548563341414056e+00 1.973090992220513304e-02 -1.427525095914528551e-02 -2.440459941844709286e-03 -9.660833766553260718e-03 2.126203016564200111e-04
2.075700674134683510e+00 2.492352446988639614e-02 -1.224870805743613275e-02 -3.211923769295607026e-03 -6.417494653908750214e-03 4.027751478413502811e-03
-3.547291174770347139e-02 -1.797240929539591359e-01 4.264303245731664721e-03 -4.292638915775004102e-03 4.091952273062994354e-04 -3.239060978247556948e-03
2.883746215732601925e+00 8.262368798331010122e-02 4.757252577983468386e-03 -1.330342250781805027e-03 3.439565892229671119e-03 -4.288077411426929365e-03
1.039255707550584162e+00 -2.028113947361844527e-01 4.716063390350524846e-03 -1.221883143814276457e-03 -1.829935346761394103e-03 -1.871696979753892549e-03
-3.784712134935211303e+00 1.201458481150791680e-01 5.861011266493374589e-02 -4.479252317962146603e-04 -4.868907017228960889e-03 -2.894967772187194421e-03
2.337015365702002079e+00 6.980493480438140774e-02 -6.972408146717412776e-03 3.641930590949638002e-03 -2.183230837449120880e-03 -2.208603264484495458e-03
6.074484772598853777e-01 -8.463621268350932092e-02 -1.751258170186110324e-02 -1.017355787423726435e-03 -4.353043426917676574e-03 1.100764621860125629e-03
-2.711984770149810320e+00 1.543696011729075168e-01 -2.282993365450964804e-02 -7.939773484553900489e-04 -2.567223179018353080e-03 -2.095015579249351594e-03
1.229415267852059346e+00 -1.570297773305131400e-02 -2.117125950082673555e-02 4.594248050371983923e-03 -2.190175328554482166e-03 -1.988283595029524328e-03
-8.359903462272204600e-01 -6.578242150749957773e-02 -1.613224179622656240e-02 5.406741124615647293e-03 1.077581910062304143e-03 2.293680543000518879e-03
1.718043836613773800e+00 -2.640684467362762813e-02 -1.489762941830772257e-02 3.635672729957285972e-03 2.391089187095088876e-03 3.637771692900974591e-03
-1.004839598822120150e+00 -9.436594240757127661e-02 -1.255371618464130000e-02 -2.147690230861448290e-03 -2.292452358154048898e-03 3.291498749268658092e-04
-8.006933146131803847e-01 -6.154403310081588835e-02 -1.243772970354762447e-02 -1.173774657315194070e-03 -3.664108709630271767e-03 6.937307805730857013e-04
-3.765147461143640406e+00 2.154000029355455925e-01 2.330522204319722401e-02 4.925497030749856689e-03 -5.577866523343711150e-03 -2.945897729103540835e-03
-2.154471430971820034e+00 1.203716046096353631e-01 -3.404026054057837647e-02 -2.349934727230423587e-03 -1.988303798708326332e-03 -8.085474438055145643e-05
9.285597240136016506e-01 2.331940961672269649e-02 -3.479614813570683363e-02 -4.459003311560315319e-03 7.297214355569454740e-03 3.288671408250654158e-03
4.289162902437386293e+00 7.971054776198409353e-02 5.141408636266209253e-02 -1.290289232572458273e-03 7.447480689867618788e-04 8.197824418774823235e-03
-3.528598784477973371e+00 9.987239329113777042e-02 7.617615155627217860e-02 -8.595165421679489383e-04 -1.707989969620152433e-03 -1.622471304519483310e-03
-1.816879329042405677e+00 -5.305740384500264029e-02 1.467931676415283430e-02 2.799158114301058577e-03 3.910088296333442091e-03 2.082847718817485219e-03
-8.566909572618833582e-03 -1.395717336794225633e-02 -3.399313664127171647e-02 4.934012290753976224e-03 -1.139219654061789880e-03 -2.903433467972957663e-03
2.814556116713966549e+00 2.183168504588850131e-02 9.569035353321675777e-03 9.918413759564342035e-04 3.337275727010237825e-03 -2.196691789060690667e-03
-1.305602599005102116e+00 -7.401566251184305001e-02 -8.905909627951784369e-03 -1.401267877944023998e-03 -2.347280285967114771e-03 -3.336583824814621721e-03
-9.723576408141662020e-01 -1.357787845565538720e-01 5.461089837587692480e-03 -4.210503107118914422e-03 7.010986016046620714e-04 -3.010846714615555281e-03
2.552573584623792247e+00 -1.643091361505661860e-02 1.079954461970930590e-02 4.691689911384722031e-05 -9.192371726121403852e-03 -3.720201814186011383e-03
-2.028754439676642374e+00 -1.140410787362608064e-01 4.693922207288349358e-02 -7.583956271048249154e-04 3.977440813964760666e-03 2.543897373683678444e-03
-7.226760622321237726e-01 -4.616652205203782521e-03 -3.038287191147996669e-02 -9.693850430366995896e-03 -5.763433824305773043e-03 7.666202966922959234e-04
3.645385301548129675e+00 2.098429176724968259e-02 4.207051222200926255e-02 -3.581955233611494246e-03 -8.289931712769956287e-03 -1.989707163067396239e-03
1.845746232355757632e+00 3.624822606030943944e-02 -1.606448741268906230e-02 -5.750207467858846301e-04 -7.201543374859743427e-03 7.115614916963093053e-04
3.116493626928636740e+00 -8.618314785166076436e-03 1.928396126329533916e-02 1.259494623460502951e-03 6.712261970875941022e-03 -2.728451426489302001e-03
-2.228617072855294534e+00 7.637006760356813972e-04 2.540624819829233674e-02 -7.534635741820204687e-03 -1.140076835137184517e-03 1.556075677147765023e-03
-1.306517981395934891e+00 -1.263243398176786547e-01 9.966709897849550595e-03 8.376792206465445744e-04 1.168812788846768265e-03 7.575158883922497935e-04
2.262885799968119560e+00 -6.839966989602151715e-02 4.528269424130813500e-03 -6.439584660405835853e-03 -6.203740194334591077e-03 -1.554343467845736349e-04
1.314889618283978656e+00 -1.913161410538928853e-01 5.127810340750841613e-03 5.381400221466055289e-03 -2.161822184751948425e-03 -2.429195377993342234e-03
3.111531539623194398e+00 -6.811801642077562613e-02 3.005653133759974074e-02 -1.505913643625219310e-03 -5.199057565015306227e-03 -3.580865596778561380e-03
2.405823068124558484e-01 9.343531253429937511e-02 -5.281816377355717795e-02 8.785014163046743919e-04 -1.800344422525639206e-03 1.020655887017469544e-03
-2.392839899541352455e+00 -6.407189965909970697e-03 1.365856792997529115e-02 7.316074216163050235e-04 -1.617511414636347037e-03 -3.941695949748121345e-04
-1.942393866113150347e+00 -2.769918035382820318e-02 2.724477881981898861e-03 2.379920206831094565e-03 1.578298281659113464e-03 1.185317977353736755e-03
-2.089960981106761206e+00 6.037708752182754934e-02 -2.002450877895684336e-02 1.832323334624569983e-04 -3.729706725171692339e-05 -7.088327647415176760e-04
-3.735332211822761206e+00 1.674519891251411152e-01 5.839502091920042992e-02 2.341115370456575088e-03 -3.744631022913247256e-03 -8.134769618288574880e-04
-2.878179171376838763e+00 7.512987280641804377e-02 1.918055843676422234e-02 3.740925277810409205e-03 -1.876831834103821197e-03 -1.186536863756647341e-03
-1.553609673474628972e+00 -5.542753112621277845e-02 5.223387160836734031e-03 -2.004040489994300840e-04 -6.949623767397203984e-04 6.251122550085093594e-04
5.255638694144347811e-01 -2.996583997133909008e-02 -2.827186271403263687e-02 -1.715678463547078538e-04 -7.570762023574593644e-03 -2.005239553264951020e-03
-3.662147465146696756e+00 1.133675755860142076e-01 4.962767101506378870e-02 1.133937043203350195e-03 -2.335507623970024642e-03 -2.385529179337670964e-03
-1.486800751076001514e+00 -1.189875694070322426e-01 9.819702239358758106e-03 1.374495851013653744e-03 2.022619014838729877e-03 -1.896096046386055479e-04
-1.772029502625088293e+00 -1.684428551773566735e-02 -2.557289345023913002e-03 6.002792966033875790e-04 -1.758335018233735895e-03 -3.756360763263550057e-04
-1.829523978708004650e+00 1.125992506961689815e-01 -3.724317231707505171e-02 -6.137429154232389682e-04 -6.888359033476574743e-04 3.742221073088033458e-03
-7.686451613277085482e-01 -1.003705361272677898e-01 -1.226371100483342191e-02 -2.522557892941297650e-03 -2.925711592390009552e-03 -1.593632409699436911e-03
-4.709382168843361249e+00 3.277734358872766984e-01 9.512224435695866565e-02 5.536400754334471104e-03 -8.877934849188856906e-03 -7.728264224205838237e-03
-2.798452344621110033e+00 3.051506746771539755e-02 5.052514157925909466e-02 -1.594407469088956857e-03 -1.201878566581843482e-03 7.704007144594417732e-04
-1.101270589451271764e+00 9.549723140727653381e-02 -4.576416958114992717e-02 5.074428073023220902e-03 5.756402074457996065e-03 -1.425573544255900405e-03
3.846643121766144535e-01 -3.977377460174193885e-02 -2.678813336505787845e-02 -3.470882003447018933e-03 -2.008491240187745830e-03 4.405460964729861033e-03
1.891914996229984602e+00 9.675020063947456506e-02 -2.589090923154998072e-02 -3.566209408322297287e-03 6.521663637824945230e-03 -1.398308660741039372e-03
-2.411093029165092716e+00 3.151120518589762415e-02 2.504529821208572801e-02 3.620044961328410752e-03 3.022794173130502211e-03 3.905057471437499254e-03
-1.456855884315518157e+00 -7.030939366702897153e-02 -6.748716194165656733e-03 -5.360562882018847855e-03 5.491637592112627326e-05 4.829259944502260933e-04
1.605217805774813211e+00 8.537338792134439858e-02 -4.124305434031588780e-02 8.851748419847159377e-02 -9.745169675827631411e-03 7.829243272645659141e-03
-1.414959385831768002e-01 -1.586596926381880490e-01 -4.452490823046464236e-03 4.871489739121604638e-04 -4.207963860964555078e-04 -2.098602967946326583e-03
5.460397418811315795e-01 -2.510475169434690512e-01 1.290218531375768828e-02 -2.174838103926935752e-03 2.177024867311683470e-03 -2.237956808476548876e-03
-3.618780116075853148e-01 -2.263692272175213682e-01 1.802994179794694535e-02 5.036408727632207989e-03 4.043363289741212264e-03 4.385917211367894460e-04
8.205245307086554973e-01 -2.519909161728956654e-02 -2.645681521480033188e-02 -8.693024542901673854e-03 -8.028047914917764774e-03 -2.424308903435336759e-04
-7.212125419197624732e-01 2.649904309209465451e-04 -2.951264234167693540e-02 3.224382151949660349e-03 1.539727013172296653e-03 8.243755127114708479e-04
-3.012059445054694251e+00 2.771952035724306249e-02 4.054864954639429003e-02 2.000804362688614075e-03 -1.214467536207037646e-03 -8.509525746605871082e-04
-1.504646058985782409e+00 -2.586439694663315164e-02 -1.575815854991074322e-02 -1.617963621010491118e-03 -1.040788111295513560e-03 -2.284609553661164495e-04
5.477126510955499405e+00 5.971013593530001551e-02 1.075471705200855971e-01 -4.663179045951813470e-03 -2.093799668635478069e-03 2.882305113416007859e-03
1.316179084176205771e+00 -1.115626545540662484e-01 -8.225143524462286831e-03 -2.693786688761026392e-04 -2.773174447572082906e-03 3.482051883295587610e-03
3.219362723883000044e+00 8.628098607809023268e-02 2.147953864741776117e-02 -2.115048342785108906e-03 -4.712299285152769107e-04 -3.184731102703698517e-03
-7.780793743113038063e-01 1.286884531579727577e-02 -3.475754018323139183e-02 -6.577085830220143594e-05 -5.297584866038347953e-03 8.355329491059695392e-04
-1.170922047143944322e+00 -1.963023119657278937e-01 3.243127681333343032e-02 4.206884805204760651e-03 5.573763817406895450e-03 3.583348381066898611e-03
-2.019484682109765061e-01 -1.111862392812990735e-01 -1.555039844429722748e-02 3.930278133889264741e-04 -1.779032989309092599e-03 2.217110400282435671e-03
2.723333958906815511e+00 4.307517481854742508e-02 1.123533673736905368e-03 -2.870232104024961726e-03 5.455909452316863757e-03 -1.837025306894457489e-03
-1.246532088785333947e+00 -5.171759041801480411e-02 -5.515554529816910599e-03 3.511880096934818455e-03 4.301958417243731576e-03 2.822709509074238995e-03
1.173174615430892187e+00 3.865314935657008372e-02 -3.470414755050544448e-02 -2.233643458708368165e-03 -1.332388845439806376e-03 7.974690807441144752e-03
-3.466050197312736447e+00 1.349260718958932848e-01 4.220350181626222191e-02 5.322564750936198755e-04 -2.387808886406380098e-03 -2.671973293618429713e-03
1.362072091711858057e+00 -1.102390563052343952e-01 -7.228738193336481550e-03 1.247697096723676680e-03 -3.394729319954904994e-03 1.253112222176572732e-03
7.024015927783743285e-01 -1.089360098239336161e-01 -1.279762084688512887e-02 -8.626518955283709461e-03 -5.391752182649960784e-03 -4.400616974934030631e-03
-1.066163568632510383e+00 4.018043830492538243e-02 -3.261631089238942183e-02 -2.843363196390033803e-03 1.370279198330868944e-03 6.966594320695473214e-03
5.339366774264869830e-01 2.754046579930842856e-02 -3.771787909930812699e-02 -2.385932497950615534e-03 5.989156074250636709e-03 -2.079538034690415170e-03
-1.234470386644701101e+00 -5.034958660753577342e-02 -1.238269638366439572e-02 1.300565459617302605e-03 2.611649406924160342e-03 -2.187007991746188463e-04
-1.061635302164961159e+00 -1.674798146719899683e-01 2.128571671010534919e-02 2.460071745065697379e-03 3.162033998895551201e-03 1.913385658668837223e-04
-3.101393326559389041e-01 5.260411615339500441e-02 -4.627466059644725488e-02 3.197106095253502474e-03 7.117794470036332977e-03 1.690001667093791180e-04
-7.351639741679897311e-01 -2.078426930043409948e-01 9.879235154770554111e-03 1.257779872709778026e-03 2.210560893254313267e-03 -9.595814723895834371e-04
-3.134643122048970554e+00 1.520069017695639679e-02 1.092224925187074980e-01 -3.554985782803971473e-03 2.419566849806783701e-03 1.461831583891676136e-03
-2.682268816586695692e+00 1.956845030588404491e-02 4.517483747596626881e-02 -5.062563988161277589e-03 6.905269197880929211e-04 2.539125552530447760e-03
-2.018051059797580482e+00 -1.118875175184272375e-01 5.216984898658173775e-02 2.927043048919613852e-03 7.946688984740534270e-03 3.672170835706011979e-03
3.997910795976519438e+00 1.120462571675674007e-01 4.537578840249031215e-02 5.893775301620615172e-03 2.760939040275467871e-03 -8.050581299990387796e-03
-2.622818138582479364e+00 -5.072195188990569550e-03 5.895738548208825924e-02 -3.526277222516306783e-04 1.747015413755450023e-03 1.837513303891460210e-03
-1.274086376078501781e-01 -2.055245168910730946e-01 3.870496793579876037e-03 6.110054995684575767e-03 1.189518634432059708e-03 -2.575206340926116354e-03
2.279391382355047124e+00 7.959212168045010083e-02 -1.485142558962438894e-02 -5.395009979210490560e-03 1.199218159820209309e-02 -3.767646229938271260e-04
-9.502228092115310165e-01 -4.038197834135685838e-02 -2.225372879628479891e-02 -2.282386160683307769e-03 -2.097012891047714874e-03 3.512380555992562596e-03
3.172245641439769059e+00 9.351415696726292359e-02 1.827634269386690588e-02 3.100688108253950390e-04 6.945459360984404876e-05 -4.761491553912912573e-03
-8.207626066537612175e-01 1.435483095219850791e-01 -6.478770003266991206e-02 1.941410625704692236e-03 1.986992525545786502e-03 -1.091028911093386245e-03
-8.659981719704445968e-01 -2.196003126592360188e-01 3.324451361867205440e-02 3.691141712332378626e-03 6.123838590396101303e-03 2.073675391853433900e-03
-1.898338903417984835e-01 -6.462956837391278797e-02 -1.976911647733670466e-02 -1.716539539364222500e-04 2.499727266790171426e-04 3.812032747752522582e-03
-1.238763548682033422e+00 -9.524415279189611672e-02 -4.921173729615795772e-03 -1.785891627042252711e-03 -1.029752195250113918e-03 -2.586739335966238996e-03
2.926442308665724301e+00 -1.307499098905844093e-01 2.780360557356639783e-02 -4.832659718400408172e-03 -5.564334665217151102e-03 -3.355988326159138613e-03
-6.170306351645823417e-01 -4.863718880648698617e-02 -2.084154897903892079e-02 -3.381011107239678248e-03 -6.306355803425967282e-04 1.057637160366270337e-03
-1.323566198245596182e+00 -1.239849320339014849e-01 8.260385262643471505e-03 -7.800848678927042174e-05 8.758712413385083854e-04 2.523828863800016854e-03
-1.129973612880962985e+00 2.037396631480714593e-02 -3.319624261060883513e-02 3.794935293061851844e-03 1.781478812840471765e-04 -6.623428914147046469e-04
8.140758079866582397e-01 2.160652861272236228e-02 -3.405034284120374982e-02 4.910439037353376418e-03 -4.024076933935876897e-04 -1.343817856735810088e-03
1.886939265077610450e+00 -2.064206544303540808e-02 -8.607186283051985673e-03 3.750262241463149255e-03 -2.261515768615816793e-03 -3.852927903407587801e-03
-5.994979607563204471e-01 -1.748956094979220444e-01 1.329959296899894255e-02 -8.849053299261301023e-04 2.821039134699489422e-03 1.736453083064791372e-03
-1.993740834206938262e+00 1.636415338607414838e-01 -5.716162943740435431e-02 -3.368103117512752029e-03 -2.490005040332573215e-03 4.534035976031193022e-05
-8.561110801696213413e-01 1.952158766342139418e-01 -7.748858507188548239e-02 3.048525050169215525e-04 4.368877244435724443e-03 -5.044220001111553858e-03
2.983607020352160966e+00 -6.996170663155001912e-02 2.184461984976452525e-02 1.108744577586553070e-03 -1.058039264411085459e-03 -1.126440603871223028e-03
2.455269300016413303e-01 -1.697088730110085097e-01 -1.326053634835676646e-03 4.341986729098855878e-04 -8.269524087578800217e-04 -6.150479567977680442e-04
-2.250122682501552784e+00 -6.328516425024227621e-02 3.206272914198819018e-02 -7.951114167143869124e-05 2.277606354563821173e-03 2.606309989077577015e-03
4.211951133528241797e+00 1.762814200621981228e-02 6.300969191149487225e-02 -3.882758388930278217e-03 -7.812060294888126082e-03 -2.592483913827472487e-03
-3.225686019422890016e+00 2.293010776331126654e-02 7.266261762779734068e-02 4.284651076698861236e-03 8.378292343955456205e-04 -2.404697311501912717e-04
-2.708787754559070393e+00 5.726138681888631038e-02 6.434222593170517771e-03 -5.291770093681149104e-03 -2.568366397857919665e-03 1.201318587188338933e-04
1.582531753525471263e+00 -4.098909905126459086e-02 -1.346439783824057886e-02 -2.155799123858650242e-03 -4.329258433277982827e-03 2.062291719278824386e-03
-2.249612519390705057e+00 1.186453970413365588e-01 -2.042633311020936385e-02 1.498596393271106044e-03 2.054925215326983655e-03 3.142789725784155865e-03
3.306866114615777619e+00 5.128214066171087743e-02 2.151273839580468764e-02 -1.539941610620973889e-03 6.183351711889887442e-03 -2.107404246174452572e-03
-1.876860975551578825e+00 3.147069515723321421e-03 -1.453708692079126730e-02 -1.305373665892843116e-03 -2.078004056473062820e-03 -1.714942421664117367e-03
-2.600395675472033652e+00 -6.802563571699916933e-02 5.807708085042597584e-02 -6.800317226833264795e-05 4.261527190859993805e-03 1.854580318613880275e-03
-2.198199504592227793e+00 1.512898435046643349e-02 -1.294304871120678874e-03 -7.271389426442846811e-03 -3.610586313568951884e-03 -2.665973731371805867e-03
-9.620939955057543624e-01 1.751964682743456514e-01 -7.227189140497766728e-02 -4.877331547481779037e-03 6.485173831669411616e-03 -3.467236695263820696e-05
-3.476405620091024051e+00 1.942937187438670832e-01 1.470578920748749976e-02 9.749567532255576851e-04 -4.683004090185492047e-03 -2.363551010553032600e-03
4.981495197381436313e+00 1.012994840366928107e-01 8.318377528684013644e-02 -8.790459803668630376e-03 -4.427646786609663182e-03 6.054163079059590030e-03
-1.227009152710042184e+00 -6.875845562849992876e-02 -8.627506876117753713e-04 5.420256825961596242e-04 1.044132277616181695e-03 4.068923715444217222e-03
1.326048228114534711e+00 -3.827501428759913938e-03 -2.285694481967396122e-02 4.483428522772510416e-03 8.501427576274409471e-04 5.021036320264681083e-04
1.456983363022227584e-01 1.239678151005124771e-03 -3.585752053006945744e-02 -8.553623919843010570e-04 -7.141422668668854362e-03 -2.620647310124582952e-03
2.937811560900388183e-02 1.007992703910915444e-01 -5.600159577089036667e-02 4.346609949682025162e-04 7.778204093244040461e-03 -6.771441675570211757e-04
-1.070834155415093303e+00 -7.475233902816884324e-02 -1.378783981109424350e-02 6.279677621378188489e-03 2.590530683924198484e-04 -7.025118129766280304e-04
4.259502034278579430e+00 2.362486862630069559e-02 5.758419433261384446e-02 6.354557991546844024e-03 4.688447902926834096e-03 -3.612658370491687171e-03
2.718876106099314516e+00 -4.908035676529146768e-02 1.298935790083124292e-02 -4.450587051748913954e-03 -3.721598904446205437e-03 -7.449944279653630342e-04
-1.629653335444289697e+00 9.993915623866313214e-02 -4.130956802039765369e-02 -1.003479757407008035e-03 1.711339935936095425e-03 -3.771550615943761956e-04
2.706592024263306251e-01 -8.714596003003598212e-02 -1.759378166247727027e-02 4.141782208977867231e-03 -1.704687043690815374e-03 -2.170498840082962701e-03
-1.216076421645375882e+00 -6.035870399405991044e-02 7.099161590524648811e-04 -6.074923412924936733e-03 -3.135646485804020130e-04 1.872289511631664623e-03
-3.422139336597159742e-01 1.011186717630709886e-01 -5.797935615498003847e-02 -5.315433518888169027e-03 -7.879197183752805291e-05 1.341543393832258417e-03
-3.511516973768011418e+00 1.185746118469321320e-01 3.473858650367996764e-02 2.529127093719233917e-04 -2.683631697962304396e-03 -2.404371675082008723e-03
-2.825162764057448928e-01 -2.211076355293748186e-01 1.153811973657955202e-02 1.090759845878359934e-03 2.860375601116666496e-03 -1.910732175167504038e-03
-2.096696457591398222e+00 -8.424155609036410031e-02 3.911270855550320891e-02 -4.403802452863362325e-03 2.657230503863112700e-03 2.607147876694073437e-03
-9.820585816939872981e-01 3.908215100572458300e-02 -3.552035035860833662e-02 5.238093282522147259e-03 5.767315529262768449e-03 1.589550863941332657e-03
2.974400478884300814e+00 1.089392506413320721e-01 2.517796510728888097e-03 -5.182926505647418927e-03 3.329978905084893682e-03 1.999784868927352490e-03
8.254248672895766470e-01 6.207946715877271301e-03 -3.234609743737362070e-02 -6.655888028676033982e-04 6.118077178947132697e-03 -8.399219855847668591e-05
2.318554406890032560e+00 -8.138353057954501868e-02 7.789523668493380029e-03 1.518272317493515617e-03 -6.501052463579241186e-03 4.673333247533035736e-04
-9.694818191947892627e-01 4.991167540949639769e-02 -4.462803589011905131e-02 -4.897729636492073428e-03 -8.188433806351513508e-03 8.907151575291176113e-04
1.099780408892446104e+00 1.426899165631394795e-01 -4.966591708596865273e-02 1.538948777715529398e-03 6.706403024875887478e-03 -2.237575289071923410e-03
-2.461690018120049395e+00 1.251083921743980087e-01 -2.734173271914156975e-02 -8.479135874031037490e-04 -2.485142784891113989e-03 -1.563904963598870259e-03
4.416347723657802149e+00 1.288886762179810574e-01 6.232136699615173359e-02 -5.772128891473775943e-04 5.158910565802640909e-03 -4.336440371877402569e-03
-1.205746777833466954e+00 -1.768704681573354809e-02 -1.256572524144298694e-02 4.442530080176069866e-03 6.077788381352220402e-03 2.908090490151411106e-03
2.457972312368598367e+00 -6.743979794300654362e-02 1.105253882959478066e-02 3.208445041970865459e-03 -7.593390547660515237e-03 -2.998359194237281561e-03
-5.751499895287992548e-01 -1.674944714599074444e-02 -2.999748241581178324e-02 -2.374541455610195816e-03 -5.678577948726982148e-03 -1.115282896928056775e-03
-1.388681508133672082e+00 -2.352975778244668914e-02 -1.413331793138970088e-02 -3.157093267828433181e-03 -7.906610382147529880e-04 7.968680961478042920e-04
-2.884158126318903115e+00 -1.579990503567735988e-02 8.437161310695373562e-02 4.495787443337726885e-04 2.197466815111483868e-03 1.821429942683961117e-03
-1.964612977586260190e+00 5.614338476309012338e-02 -2.163508301731753916e-02 -8.169920758265985378e-03 -4.448845885336130679e-03 1.840839296561419883e-03
-2.377645181481760961e+00 -6.801565107561652335e-02 5.130623265801799449e-02 -9.264234795918419377e-04 4.421733810947854615e-03 4.023241807638951693e-03
5.691343900150814150e+00 1.505717327185228938e-01 1.201167133509171842e-01 2.728047940919963409e-03 -1.569349905639377991e-03 2.311268092238173699e-03
-4.050191663053993807e+00 2.121130207063739170e-01 5.823728487744802423e-02 2.852018852967748517e-03 -4.723739566407253801e-03 -4.302586412419846275e-03
-4.377649349640292620e+00 2.151518753258089278e-01 2.029180818181851864e-01 3.977004754752855829e-03 -3.036629175419092771e-03 -5.501404391776082599e-03
-9.626724629233978092e-01 -9.727137363826536889e-03 -2.920407925740598626e-02 -8.896291758630974628e-03 -6.083649067221186951e-03 -3.972925971331293590e-03
-3.876917251898602590e+00 1.641565744618599665e-01 4.615508374245333445e-02 -5.753658543051398590e-04 -5.761401666092047166e-03 -2.844592719463673487e-03
-1.066254900916104642e+00 -1.193454627394392037e-01 1.015606758670512151e-02 1.764192173674035370e-03 6.022755287264341950e-03 2.092247732789955655e-03
3.246004590170264770e+00 1.375276135590157989e-01 9.821040318094042057e-03 -6.323961385016515536e-03 4.522701511335993144e-03 1.444853196045267976e-03
-2.775801800663045604e+00 1.221872321778769283e-01 -1.537322094300321365e-02 -6.688221535237137867e-03 -5.704683178231617288e-03 -9.873223229875868756e-04
1.511536769841374639e+00 9.757127249435190719e-02 -3.207469541082062087e-02 -1.020256747604624328e-02 -4.726737542953006292e-03 2.647674319665214038e-03
2.488775981188661446e-01 1.307155976262893045e-02 -3.833722463376711131e-02 -1.595520357491927999e-03 4.568843636423762598e-04 5.605628464838678269e-04
-2.356475487871372287e+00 -2.718294274811977260e-02 1.966439052753633787e-02 -5.491476350754096250e-03 2.268872756092017457e-04 -1.987890713423201561e-03
2.041711269350636737e+00 8.041322049388796578e-02 -1.993075075968391008e-02 -3.378298865127339623e-03 -2.792512842505676367e-03 6.714500910864709161e-03
2.899152164203910864e+00 1.034093126006888075e-01 7.585631980599048807e-03 1.924913268664953450e-03 4.900397729348457410e-03 -8.386460599691326206e-03
-2.899056406989063972e-01 -5.648077020658218150e-02 -2.123627442880289193e-02 -2.365153639891153133e-03 -2.462917278833205888e-03 -6.403822913810393010e-04
8.839769408511377602e-01 1.320498686227753078e-02 -3.222271741118813704e-02 -2.672330938612945284e-03 6.881185822300929338e-03 -7.411293142227123962e-04
3.687436620251506314e-01 -5.543470888064026825e-02 -2.510927591541512599e-02 -2.488821529400219845e-03 -7.280806242349618582e-03 -2.365504362680530617e-03
-8.821858943803662090e-01 -1.406727546709237442e-01 8.205812840600044261e-03 -1.548839857109526787e-03 7.549028877671566662e-04 -9.572794571206718348e-04
-1.224432760630229433e+00 -1.138976397641880967e-01 8.269533310248411082e-03 -2.082004817846619133e-03 2.392569536927635697e-04 5.948651567616075782e-04
-1.735662252604768252e-01 -1.622478690039731164e-01 -3.563248578420364319e-03 -4.777466741637302096e-03 -9.359572259212624486e-04 -1.370114907299279945e-03
-1.346373417851881360e+00 4.757507418345316430e-02 -3.282798376393133988e-02 -6.591267194602907185e-03 -8.558562290550261395e-04 4.471462017884077732e-03
4.194812549113622779e+00 3.409438378837117978e-02 5.361010790381193908e-02 -2.451415015744065097e-03 3.220000132997601419e-03 7.379394965757459738e-04
-2.554323606210363362e+00 2.035518934771085586e-02 2.326857850396709879e-02 6.213744883724924180e-03 1.270731837839483543e-03 4.431875384686273229e-04
4.399307468821303857e+00 1.246259736266198265e-01 5.914592832322847216e-02 -6.707374864140885039e-03 -3.855880418799117679e-03 4.407122286687699050e-03
2.135140179282553063e+00 -8.775316573523868346e-02 2.909326699280759005e-03 9.259436482919956857e-03 3.328951734460450056e-04 -1.891319427130875187e-03
-1.977777249350715305e+00 1.016224059298995452e-01 -2.739287365442775665e-02 -7.675366818116182745e-03 1.450506718559972652e-03 3.500914872081686748e-03
-1.869040270549858107e+00 7.673640127646108589e-02 -3.622662530776726147e-02 1.375697310851284761e-03 -4.968737426622095053e-04 -6.878499508055060854e-04
-5.100444591603930933e-01 -1.413195448289211453e-01 3.523787625556363233e-03 -1.441342500738790897e-03 1.107025094203583932e-03 9.766144285786289639e-04
1.326020623462878856e+00 1.316851836256459629e-01 -4.265653088494385931e-02 -5.345144113321790777e-04 7.166654733124664875e-04 3.514828591297130406e-03
-2.508468134898425905e+00 1.317373795409223503e-01 -3.250552965774375358e-02 5.208434561574690896e-03 -1.291450443808547614e-03 -9.904230567297496284e-04
1.958816352208648137e+00 8.006939034202620320e-02 -2.153640440992491550e-02 4.742842294736287394e-04 1.031191965487582643e-02 -7.544595494416082154e-03
-1.967508887996227973e-01 -1.023945735293794734e-01 -1.607068187916429330e-02 4.632033107132589068e-03 -2.900524708128147944e-03 -3.644558916584086407e-03
-1.147070606524256409e-01 6.778982580038736550e-02 -5.020688191801256361e-02 5.035016479799262618e-03 -6.762051499746823393e-05 -3.381961046991469478e-03
4.843770753899514503e-01 -3.234867691681724000e-02 -2.768779149729172148e-02 4.365045483495585271e-03 5.530030116730010221e-03 4.027013547074970363e-04
-1.325038720580526297e+00 7.001800492421966782e-02 -4.572596735089307779e-02 -1.290588879545793901e-03 -1.734251467177634924e-03 3.590381578901714020e-03
-3.611561757951735063e-01 6.405150237284522319e-02 -5.093128150762152306e-02 -7.680335143217138609e-03 -4.334864158980892591e-03 4.086655826605303105e-03
3.479912857439278806e+00 -2.078195598377482328e-02 3.983681403969637630e-02 -4.212709771502252953e-03 -1.059042410534725628e-02 -4.942291205887410117e-03
3.844482792463955523e+00 1.374286017439446395e-01 3.360142161083926743e-02 -1.166881263007900175e-02 -2.493681614934879689e-03 6.920103791918896276e-03
5.004356202365781492e+00 5.910171516462001812e-02 8.548306736401653505e-02 -2.493860807413840586e-05 4.871311169711369654e-03 -3.003426309086963501e-03
2.598421786897063823e-01 -2.475881356394061816e-01 1.301911192693951287e-02 -2.336678401265472691e-03 2.701255073564293608e-03 -2.557638368605495184e-03
-2.352567252102865325e+00 3.766571673912105789e-02 7.880872829357414913e-03 -6.297378841668407889e-03 -1.611239205705461766e-03 2.807931440802114917e-03
2.486486337553871218e-01 -2.217755180066205145e-01 9.056055885340558165e-03 -2.446823825723446529e-03 1.775327094025455762e-03 2.215094064672355713e-04
-2.555140149515970460e+00 -9.590618241002243916e-02 6.344386663770811008e-02 2.122174902214728383e-03 6.696946040126382747e-03 2.353121688312578494e-03
-3.449103782826672848e+00 1.319597350271925762e-01 5.816971833515804935e-02 3.373805492295132730e-03 -1.402814272036134995e-03 -1.019140304203736830e-03
1.745192475243225960e+00 1.047772528205365150e-01 -2.912002707155287792e-02 -2.010073890358395760e-03 4.523366152871653723e-03 -1.708381249342165432e-04
-6.847056687254061691e-01 -7.758064297023559153e-02 -1.539909440967965511e-02 -2.338740256170188103e-03 -3.520581960877066340e-03 -3.029582365792130375e-03
1.017214566950873200e+00 1.093191831523496541e-02 -2.967948972751451031e-02 -3.197982007559928199e-03 -6.568486488186797527e-03 2.334691010279849738e-03
1.903792115990189826e+00 -3.931017571725167747e-02 -6.155624089390625275e-03 9.000801027530555640e-04 -5.993521826179461567e-03 -2.144321532722039730e-05
3.802261270133226123e+00 1.996379523517815002e-01 2.696314665469827510e-02 4.198943746329815777e-03 2.281915783625569627e-03 5.777311309091906835e-03
-1.805666954897226173e+00 -3.507618803727164530e-02 4.952005638689082299e-03 -6.857405361183675427e-03 -1.419808257908986102e-03 -1.932001225501577728e-03
1.646475263558229152e+00 -4.658901555105764841e-02 -1.258502995613213805e-02 -8.940185239836159412e-03 -2.004631423535894498e-03 4.549981705778773783e-03
-1.894888424602978239e+00 -3.369111903045944600e-02 1.785831090863696652e-02 3.332925664056216302e-03 4.949811196365462443e-04 1.017354546875455555e-03
3.971975391678935541e+00 3.709763328225014044e-04 4.710391888778968361e-02 -9.256670918294775119e-03 -5.180301654646781231e-03 2.296437358695286278e-03
5.249939856758774503e+00 1.835317268815760128e-01 9.686786871471235461e-02 -5.769131741810271455e-03 4.997563131693392741e-04 4.515481732772086941e-03
-1.160481469085060890e+00 -7.865846758273013772e-02 -8.835447707508471693e-03 -6.281530932145549563e-03 -5.535932692665934077e-04 1.540794698565199671e-03
2.205591456302133491e+00 4.503307893719889904e-02 -1.328548227023704058e-02 -8.178516865248468617e-03 1.130695621412454021e-04 4.655989651935120606e-03
-1.946540776767481162e+00 -1.687639984948174632e-01 6.072516129367520887e-02 2.715233101880966827e-03 7.813043747415785931e-03 3.501998746341164308e-03
-1.423768042021473557e+00 -1.030405527552603340e-01 5.306432385897688619e-03 6.884335704961496295e-05 3.766545980143138250e-04 2.082423799562988648e-03
-2.208733881905031726e+00 -1.103950226544306648e-02 1.391900846320713071e-02 -3.233439011622260290e-03 2.131652469322052081e-03 3.031831073368009607e-03
-2.039367856132452861e+00 -2.647399225262800533e-03 -6.536669941002990966e-03 -2.454942655054103296e-03 -3.667361745528517885e-03 -2.918355124354629973e-03
3.298446357229953274e-01 -1.164824284503373429e-04 -3.463255098982839092e-02 -9.371409073653398300e-03 -7.697512129369152214e-04 5.049272234571416593e-03
-2.835164919172299403e+00 -2.615214684533433663e-03 7.090562046533818719e-02 -2.616559455127090493e-04 1.151065878561553964e-03 1.506770400117371685e-03
-1.348092205781594499e+00 3.659452393220860578e-02 -3.716940660733521890e-02 -1.190019990171458991e-03 -3.408868880043365666e-03 1.068070862447378661e-03
2.552707590054775988e+00 7.515056645447680539e-02 -2.908855552382857892e-03 1.135812463179286004e-02 4.197457805432284160e-03 -9.234675541780335353e-03
-3.606271308315143198e+00 1.072209686164727338e-01 6.803578935438071851e-02 -3.971141742964709258e-04 -3.648377513250051357e-03 -2.220934771644829560e-03
3.054316334336788952e+00 6.090082938126960277e-02 1.285025432222047098e-02 9.126899896529819950e-03 1.457335155988729236e-03 -5.464434510175646305e-03
-3.890705413194769924e-01 1.524669926898666039e-01 -6.880732024638407107e-02 -3.347585929039140467e-03 4.963578392469395265e-03 -2.078847311390462013e-03
2.215624343904766036e+00 9.537814056030073651e-02 -1.735426825144920082e-02 -3.308348339364970171e-04 -4.429135653151099021e-03 7.067295101555672206e-03
1.169829711288400853e+00 -5.297422316469607012e-02 -1.662741655432241686e-02 -7.131442548687242332e-03 -5.791234715161431949e-03 -1.402135228590044563e-03
-8.302240028621444834e-01 1.434784502310837428e-01 -6.496105085979704541e-02 -2.172942229225734937e-03 -6.643893108142565323e-04 -2.124629494849835862e-03
9.736178828111913264e-01 -1.406844983136352201e-01 -5.186623626825019422e-03 6.830394615555127752e-03 -1.321412499322121301e-03 -2.858074142706139385e-03
-9.213790773797636557e-02 3.647105361230978948e-02 -4.321085039256478827e-02 -1.419105962806885366e-03 -1.512119855078260938e-03 -1.256095623540463661e-03
-4.192195771039433083e+00 2.435760753032350512e-01 7.058105235385146725e-02 2.361737575806744770e-03 -5.866927468837012695e-03 -4.292664204762918281e-03
-1.435688666259226642e-01 9.015035118795917957e-02 -5.304793280072347267e-02 -6.120382970724552556e-03 1.151914009589569132e-02 1.242737946163845024e-03
-1.112072242941138045e+00 7.730248107260725976e-02 -4.458516431321718487e-02 -1.598454859940791556e-03 -9.492882112734029156e-04 -9.382679659200591138e-04
-2.312603124595093984e-01 9.131034134261844376e-03 -3.832858801667609477e-02 -3.368220504149872785e-03 -7.893347128745941202e-03 -1.936547591315315340e-03
2.392264041804003760e+00 1.743625973787718553e-02 -3.469013037431892613e-03 -2.483294105056261473e-03 5.061928208741735963e-03 6.637981227131105636e-04
5.097602748480948298e-01 5.760223780115079906e-02 -4.356642762906465238e-02 -8.847431547336607680e-03 -3.436314684057851371e-03 2.742729051067927838e-03
-1.056797008657823222e-01 9.841753802999855805e-02 -5.626581601924919573e-02 5.678378097184526470e-03 3.523071657674914110e-03 -3.336341516792313416e-03
-1.888464482975066971e+00 -6.603407946245090643e-02 1.340772130166330116e-02 2.468196655447371050e-03 1.198300013560836986e-04 -1.336295283424851011e-03
2.184285669957048537e+00 5.094648187230571557e-02 -1.011059823819241560e-02 7.451765652093812059e-03 3.953122479562865867e-03 -4.594890201902302081e-03
9.932688757661005674e-01 4.588314107226312138e-02 -4.858484648872178624e-02 8.854554799316176339e-02 -1.103561420799620101e-02 1.401308524951520688e-02
3.072134143608324486e+00 3.261184743095248834e-02 1.162539390455075844e-02 5.059739894898412915e-03 8.954601139733729329e-03 -1.656555778426889881e-03
-2.202436753058302887e+00 -1.621553058969547878e-02 1.849738521246369755e-02 4.412796182598838907e-03 4.005773376780231813e-03 2.638478021264465106e-03
1.043851847980749703e+00 -5.968690853633142057e-02 -1.864715992573594619e-02 4.047443145031570373e-04 -5.067768268595129917e-03 9.961996324500232546e-04
1.707017328208312090e+00 1.165511516709812762e-01 -2.990405148015925704e-02 2.890071033747415585e-03 4.274491138686479889e-03 -7.071198183563609518e-03
-2.549846353563451906e+00 1.063793719113573233e-01 3.702581482108864260e-04 -6.008133661079554516e-03 2.069228779712773726e-03 2.986174462552259809e-03
2.155772684964759378e+00 -1.778125016663915647e-01 1.504889304562400699e-02 -4.098223183381863310e-03 -4.487656389068013507e-03 -5.144800661631554820e-03
7.842934469948208420e-01 -2.896714551166890139e-02 -2.466308911956205038e-02 3.670520118763708969e-03 -5.913111316172777604e-03 -4.016088045776423573e-03
2.651047091942801082e+00 -1.274979600855668388e-02 4.393257625087768244e-03 2.091086367076693073e-03 -1.551412157001923512e-04 4.179389179332544842e-03
2.870228305038799110e+00 1.735453295592812029e-01 -2.685242213580003520e-03 4.261899483512090157e-03 5.209365609044955617e-03 -3.998022233159808682e-03
-2.586336238976419732e+00 -5.919305714605472418e-02 6.167923491219829552e-02 6.386697857677135033e-04 3.863386105399230046e-03 3.625304555234767218e-03
-1.711221746816024458e+00 -7.402469407685374758e-02 9.270277348783747054e-03 -4.824715643278934714e-03 2.489694924595521963e-05 -1.617146541741933292e-03
1.314809170375457192e+00 -1.367175904699581002e-01 -2.898537087374011747e-03 2.634487732994520576e-03 -4.871901361003600807e-03 -3.191732360434299670e-03
-6.711416000586868380e-01 -1.096677377339252413e-01 -8.642159849128683985e-03 -1.327474255831452088e-03 -2.348800599717320789e-03 -6.326796608832623188e-04
7.056742480723917632e-01 -4.279173443002165511e-02 -2.428315320678087891e-02 1.302625139986164767e-03 3.999741227090012827e-03 -2.939796646614214592e-03
-9.932284037347814953e-01 6.599041315323200818e-02 -4.485269795392446412e-02 9.373245250309813776e-04 6.252989816674086460e-03 -3.751029211442189187e-03
-1.436353619992750685e+00 5.480318710844673397e-02 -3.724897947179970498e-02 -4.947405446107365663e-03 -1.819140025901420888e-03 1.389615567759871096e-03
6.634523410589983072e-01 7.127208903686970201e-03 -3.425927201502098479e-02 -5.911552085393604987e-03 2.541363898035108883e-04 3.570794764845806445e-03
1.248612853832226977e+00 8.017115952326514527e-02 -3.647779647592533370e-02 -5.954051047728029997e-03 -2.466056157267831027e-03 1.044219863860625054e-03
8.740566743651764225e-01 1.148873347679132094e-02 -3.038620178131190563e-02 -6.393269952206423988e-03 -8.990504324026749733e-03 -2.585795704299479955e-03
-1.512823344509723000e+00 -7.752725285429808155e-02 1.797298579710519080e-03 2.808721578220036222e-03 1.820943506506388478e-03 2.099057590103287942e-03
-1.551633875392290252e+00 -1.628182912871015825e-02 -1.331237811642129419e-02 2.594187882269697373e-03 -9.347478170375388487e-05 4.740503674530338238e-04
2.603165119717729126e-01 -2.008715418009223708e-01 2.496434117437369357e-03 7.729796658776335498e-04 -3.566785677229051751e-04 -3.462639064352110874e-03
-5.931207787750092386e-01 7.289558403807833153e-02 -4.700181952962730753e-02 -4.837336522687570549e-03 1.063658675807939435e-02 -1.047542434036136724e-03
6.132566340452199061e-01 -1.781537203873636011e-01 -6.502415469671272681e-04 2.930683751098016256e-04 -7.831966373101625434e-04 -1.796826176938579305e-03
-4.036560737555719425e-01 4.290782034527429456e-02 -4.592974872603901304e-02 -2.378789336282432533e-03 4.153162258576220504e-03 -1.358911310507050167e-03
1.049419548015667170e+00 -1.539049955553053461e-01 -3.534755345078530956e-03 4.810849593660355104e-04 -2.651002768774946873e-03 7.602171285317304954e-04
-7.893335907015887054e-01 1.470691759790167946e-02 -3.750730987931143873e-02 -2.139808655518485401e-03 -5.865658970495663156e-03 -3.209135480389058506e-03
-3.026716263495745629e+00 1.399810138412235505e-01 1.094672258281000933e-02 -1.634540360738185038e-05 7.915715448827971134e-04 -1.802979979360260767e-03
1.851129542341487300e+00 7.424832558480437550e-02 -2.395953465132224375e-02 -4.065542231617873432e-03 5.059484196516104981e-03 1.308135062075885214e-03
5.259156573503898091e-02 -2.892399427756357604e-03 -3.596087849812704823e-02 3.605389781388152175e-03 4.395794226234923767e-03 -5.508553045445788859e-03
2.199913835772721260e+00 9.715677126905257477e-02 -2.164722540093266812e-02 2.604119138258973506e-03 4.551611704356199779e-03 5.277212854866550687e-03
-1.178158029503614035e+00 -8.565787091157960054e-02 -2.689038228590825020e-03 -1.463095199938600809e-03 -4.608638424839698981e-04 -2.262149255991672929e-03
1.391976842570095685e-01 1.262779813216828861e-01 -6.028743069858005094e-02 5.727184358049333852e-03 4.869811754722787669e-03 -3.627038324140244990e-03
2.155643799397868599e-01 -4.922074271820207902e-02 -2.727844754148737311e-02 4.511257532627196108e-03 -6.439294592451253775e-03 -2.415329539106082172e-03
-1.150950702094611033e+00 -6.245960889304452701e-02 -1.293394428451849834e-02 7.743871058150875652e-04 -2.818992301600504752e-03 -2.890427193397888516e-03
1.439766976761001960e+00 1.262948301476107121e-02 -2.400277949203709349e-02 1.017315715160221207e-02 5.748593572746295462e-03 -6.270358090555647364e-03
1.636149278944293739e+00 -2.251292688919403692e-02 -1.603373724472223483e-02 -5.576308220804988315e-03 2.861994521503706621e-03 2.294708713724431456e-03
1.728186691314697265e+00 -1.048298019846130164e-01 -2.908213451861843286e-03 1.537386816959073052e-03 -1.595969278577026498e-03 1.620133883614438509e-03
1.132840243761966015e+00 -2.072412239835838554e-01 6.344496892337304558e-03 3.478256181172447153e-03 -9.984754321872867967e-04 -2.495090336258570622e-03
7.272246803023287021e-02 1.170891918274026035e-02 -3.793561307832029467e-02 -8.086590528193656618e-03 -7.074752012656161833e-03 -6.964549503724204059e-04
-1.505940548248003996e-01 -1.831110607134208146e-01 -6.324042408773110292e-06 2.617828512628455305e-03 -6.846770412310016493e-05 -1.789013660815054691e-03
1.501003025676291180e+00 -8.888619691027875060e-04 -1.778815929444617361e-02 8.315935185612598202e-03 -2.370436534702285991e-03 -4.856381553196397437e-03
1.204597485461003759e+00 -6.929816850571492159e-02 -1.510960272956920168e-02 1.293328509263616576e-03 -3.425107087459303406e-03 1.025081460166973922e-03
-2.121562205053031391e-01 7.089599451753936243e-02 -4.995408437879157032e-02 -9.970750228416960272e-04 5.016327140534667349e-03 4.937640661286109289e-03
-1.640713870258401874e+00 -2.716272295906936585e-02 -1.209989971806612989e-02 5.834532792238448368e-04 -4.051219367478305598e-03 -8.843023064418089989e-04
3.424250755021827519e+00 -4.702641511711891376e-02 3.203919806792883407e-02 3.220983929175664975e-03 -2.846506140004874397e-03 4.148361012088937205e-03
-2.980953502274559241e+00 1.458407064022978483e-01 2.103137378682980521e-02 -2.297799916885938376e-03 1.234504202155408065e-03 7.143194579983229041e-04
-2.926518153134120226e+00 1.999430448334336627e-02 5.967293925028483575e-02 1.912620601778170610e-04 5.623938711588584915e-04 -9.252863238830484095e-04
4.316455188555422318e+00 1.182253419569318509e-01 5.931112334764813282e-02 -5.420654524387275366e-03 2.000884574533649959e-04 6.150667545854688160e-06
2.967486175922774638e+00 -1.018733192452137837e-01 2.485702655942366099e-02 7.054166379287243709e-03 -8.044476663213946709e-04 -2.401264015436423149e-03
-5.615056547833869871e-01 9.099571314323284810e-02 -5.557904539700340985e-02 -8.649675467672731169e-03 -1.506239056755790317e-03 6.357787364385403088e-03
4.013673818474815747e+00 1.413092360874014242e-01 4.432599393502348328e-02 -1.699986468100257242e-03 2.147735521887274290e-03 -3.041780970684667199e-03
-3.923319622345037283e-01 -6.207076728278355243e-02 -2.368548357976734894e-02 -1.405059863491294478e-03 -1.593875299123922919e-03 -1.515433309863808498e-03
-2.683366516275279778e+00 -2.844455957326854148e-02 4.218743302113946159e-02 -4.698006494256999925e-04 6.093433039333515057e-04 9.113016481503306019e-04
3.222736440509646361e+00 1.136035864327920031e-01 1.371880567297594812e-02 9.242114863292258051e-03 4.908763361502485947e-03 -4.885389943311889936e-03
-3.613446619170476160e-01 -7.584328046557560488e-02 -1.643952185879863845e-02 1.911145824523648954e-03 3.802431264885428042e-03 1.144547757392756467e-03
-1.042910596905989529e+00 8.786969075058067777e-03 -3.548450415858451362e-02 -4.061259716484885533e-03 -1.547053471095445479e-03 1.090247183796912720e-03
-1.372076184767549112e+00 -1.778600415031237614e-01 4.027459787623549614e-02 7.409476442030459888e-04 7.251456590398262271e-03 4.024930195792575209e-03
-1.367752798413835347e+00 3.913143673665029688e-04 -2.051995878045826185e-02 -8.015453482468092028e-03 -4.363928700795203543e-03 3.369419986179677216e-04
-2.580364278400270273e+00 7.470317726039199524e-02 -1.166831951549966197e-02 4.223112982739445596e-03 -6.456241854807619857e-05 -1.517434918744192066e-03
-2.069990462294165834e+00 -1.731660353550708020e-01 7.061595728767725011e-02 4.200452472364336366e-03 8.793301097184560641e-03 4.331951932366591602e-03
5.627390872196392557e+00 1.860837928802029084e-01 1.123053460048285684e-01 -5.452348710289256321e-03 1.953540955958265376e-03 5.882516671409500006e-03
-4.965888410609758385e-01 5.910466442417739233e-03 -3.592334261945885621e-02 -1.170823586670388140e-03 -1.470849452136442420e-03 1.336509534765550032e-03
-1.094684967225480809e+00 6.907578975427937362e-03 -2.483600486938786905e-02 -5.177228053729159875e-03 4.415302355530060108e-04 2.955389939517747561e-03
3.319107880693537904e+00 1.206107891847996577e-01 2.001034522277067573e-02 -2.675462653894343599e-03 8.104212764104059066e-03 -4.444345245896878967e-03
-5.772267319554137410e-01 -2.203706765799311532e-02 -2.582496429874008709e-02 -3.948427299632938266e-03 -8.052268634893348627e-04 6.650635976023170498e-04
2.385811996560985193e+00 -4.188832911514341062e-02 1.359797936349273553e-03 4.806882902037940496e-04 7.540227976186685346e-03 -1.041466474987269141e-03
1.689509184767156835e+00 -2.369047778757807365e-01 1.575350403410905042e-02 1.876852313948145510e-03 -1.058181805066483365e-03 -4.230106524020461542e-03
-2.849434138006467165e+00 1.435116574308073767e-01 -1.282171718010800127e-02 -1.241692258182976920e-04 -3.761369387447832582e-03 -2.564267557274060296e-04
-9.150014782792601498e-01 -3.359343356993950425e-02 -1.804533546086016516e-02 -4.624030905763174860e-03 -4.351831837880063523e-03 1.357959246106556954e-03
2.462252088313042098e+00 1.300986117886480942e-02 -1.962126383982644093e-03 -1.326267485621085342e-03 4.143351902713257422e-03 -2.576302014878445196e-03
6.310718438703305511e-01 1.951697862277811113e-02 -3.625072255274653515e-02 9.641671069991423343e-04 8.079472842361095242e-04 2.828758440424108869e-03
-1.244398582512213469e+00 1.196888230959379101e-01 -5.852424101071809770e-02 -8.045979315844374938e-03 -4.940683992861160008e-03 3.342534905268800330e-03
2.445675523956783337e+00 1.247913595500004108e-01 -1.188921491726745855e-02 3.554716361220957525e-03 2.399694807010757224e-03 -1.153197509238226576e-03
2.301451381128635454e+00 8.951881102372846819e-04 -5.488989515399067716e-03 -6.974577473324751822e-03 -1.891268906334003493e-03 4.852783967045731089e-03
1.008806546011050687e+00 -1.726187099110682022e-01 -7.420238945402404590e-04 -5.161586316359479537e-03 -1.032749740810647758e-03 1.624131125841591283e-03
9.232124712788295495e-01 -7.469167236142909561e-02 -1.811042351331752440e-02 -3.356283368077314123e-03 2.861252842608008433e-03 2.911997748583737035e-03
8.669047876725873847e-01 7.552673560678717368e-02 -4.352046031159485101e-02 4.018007979065997201e-03 8.291334745000926432e-03 -2.640951647851756939e-03
1.125424172221968666e+00 1.254037712168987358e-02 -2.767974388896234442e-02 -2.922138472571670937e-03 -6.691523758155504091e-03 1.692478981248164618e-03
-4.011844422150057099e-01 -1.369323333548885802e-01 -5.023585777602848981e-03 -1.230567416196118053e-03 -1.458747531202861901e-03 -2.722046261799465020e-03
-1.269292106968850087e+00 -1.817619463761849588e-02 -1.480201010813009081e-02 -4.393148262475637077e-03 1.625451243488881814e-03 3.410499372243973922e-03
1.086302463053988809e+00 -2.797200875066344766e-02 -2.439470626567794356e-02 -2.187863243507544818e-03 -4.387666685960444832e-03 5.187179544693212505e-03
-3.980950971829066543e+00 1.156058065333026713e-01 1.455109089899549180e-01 3.241852209096268873e-03 1.165133991423861898e-04 -2.083160671760071313e-03
1.781628272441696081e+00 -2.072485408862240752e-01 1.324488048184704198e-02 -1.131801861877394311e-03 -1.809314918681693887e-03 -4.102958793266367823e-03
1.678498304102431504e+00 9.087847665364101601e-02 -2.955577363697025825e-02 -7.859292213637155203e-03 2.044125982650430579e-03 2.574881718016717481e-03
2.025936754082644509e+00 -6.549226675027873534e-02 3.071422656229927904e-03 5.273243148871269853e-03 -6.298759997347919658e-03 -4.951660376331486896e-03
-1.061076123471589971e+00 -1.495362243562713134e-02 -2.592594432333064289e-02 1.050319887820414921e-03 -1.807788327932314826e-03 1.776969030820780811e-03
-2.236613559496268833e-01 1.322010293409446764e-02 -3.650334294675259411e-02 1.982780379935989747e-03 -1.687831231197297948e-03 1.662195897835735655e-03
-1.492173053028484631e-01 8.502250956136797599e-02 -5.310884239187860234e-02 1.549076690788803797e-04 3.040076895749673717e-03 2.785101426336713225e-03
-6.839699648784149932e-01 -8.980799130440107747e-02 -1.369710088802648593e-02 3.854375679244749584e-03 -2.155490210129930740e-03 -2.199397699737685834e-03
-1.760938546490555145e+00 4.632942956606209139e-02 -2.088492105488503128e-02 4.949542579965321779e-03 -1.571543840029298623e-03 2.189532833874345877e-04
-7.088070150026721805e-01 -1.440317393115629098e-02 -2.679576501873750377e-02 -3.243046102144335929e-04 4.490258775993312586e-03 1.053918747620555350e-03
-3.452226357767348430e-01 -1.748957374033082712e-01 -2.290524372277654829e-03 -3.564546152175958500e-03 -4.220206852072913529e-04 -1.706812608134515010e-03
2.565100292496031553e+00 -1.012367025284458960e-01 1.381657037235321621e-02 3.736202256688110211e-04 -5.872930164622759165e-03 1.362246960613153592e-04
2.336435459904018241e-01 4.068255230380911358e-02 -4.370001691546512163e-02 -7.790126367964457163e-03 -4.515676444322516865e-03 3.168092548339705630e-03
-1.763679403822963065e+00 -9.836271178711636365e-02 2.857658530191970955e-02 1.286799312980034830e-03 3.509549983387553942e-03 1.070943671412237204e-03
-3.091973648313041112e-01 3.887920464450303482e-02 -4.189529244139565678e-02 1.169055416703532798e-03 4.181820333443363354e-03 2.586455307629927265e-03
1.093015373212585517e-01 1.948380830696472624e-02 -3.797466219718953484e-02 -3.436551089127834382e-03 8.486702999299912398e-03 4.277411874307531924e-04
-1.142884630939911661e+00 -1.148370287877852752e-01 1.073807459643196481e-02 5.919876141421130146e-03 3.308917598432143010e-03 3.740466832595965713e-03
3.434643755450499825e+00 1.317426468585436161e-01 1.578172882889320242e-02 -6.969840741517789595e-03 3.487030483378837729e-03 7.483476304206835260e-03
2.942257881888870052e+00 8.145415491978862110e-02 9.235339424797036484e-03 8.255241417907621670e-03 6.654507798445314683e-03 -8.915801386077698565e-03
-1.954433989610175337e-01 -4.455995016673252457e-02 -2.504955213147258899e-02 5.148408219098177252e-03 -1.547556904396736165e-03 8.441499892503064387e-04
-2.486326447705492715e+00 5.826774714608325828e-02 8.852529496768776762e-03 3.273172557884268270e-03 -8.347762408395348029e-04 1.711660433714136268e-03
-1.542237089972727127e+00 -2.966404541477658807e-02 -3.583763026821393857e-03 -2.119458487619236067e-03 -1.132958137762247238e-03 1.982301889482902325e-04
-1.427209488534627368e+00 -1.385677937457437114e-01 2.110004429321274064e-02 3.964423281934545927e-03 3.157977237215708628e-03 1.147602797041107981e-03
-2.340107427451115996e+00 -4.177529341279913322e-02 3.900700944854824243e-02 1.247080394413357897e-03 1.557278836414789473e-03 1.573557177829851272e-03
-2.246093066461426258e+00 -4.634509991521691685e-02 2.685480423398372077e-02 -1.586207685229256217e-03 2.096808097749981205e-03 2.792020824617566597e-03
-7.352847324420388464e-01 -1.191939750402560977e-01 -4.419700444834062311e-03 4.631183163756790767e-03 8.928312285267284284e-04 -9.097375396704495852e-04
2.999592572306055693e+00 2.043332449204644102e-02 1.713395382036134867e-02 -3.056383631366369966e-03 -9.294038607224024010e-04 4.582961220224625733e-04
1.291730456205480104e+00 -1.246090811038424034e-01 -5.199837579896209733e-03 -5.408921101650290310e-03 -5.367524057281932055e-03 -2.615961821804565351e-03
-1.126717568025486615e+00 -6.689233275692964276e-02 -1.399718960040573050e-02 3.746011937100928585e-03 -2.167903222473717504e-03 -2.313135869428213903e-03
-9.313207816001113359e-01 -1.106316292011313707e-01 1.157929940408384661e-03 -1.323200121367865373e-04 1.244014526440013211e-03 6.215369513422594255e-04
-1.946884557507962299e+00 1.224435709316383861e-02 5.462048829345985713e-03 1.978621797015482219e-04 5.031166358679751809e-03 1.124468789565352981e-03
3.516964527755592207e-01 5.088503532330854173e-02 -4.371620392709849728e-02 -5.744871034131326590e-03 -7.270992972868350543e-03 4.210909696144756191e-04
2.393248002295626231e-01 -1.622714355931496599e-01 -5.388435736945982116e-03 -3.359214073588641380e-03 -1.659146931513705596e-03 -1.961177362470520758e-03
-1.495336842655001108e+00 -1.381049774918648165e-01 2.493280964670033586e-02 9.309945448843453099e-04 6.669649486070200299e-03 2.625174957032074333e-03
9.564304687578728537e-01 2.777358454682298666e-02 -3.343745919361788832e-02 -8.371918801403810395e-03 -5.350062164436873019e-03 3.436634558255750697e-03
2.356747986354458924e+00 6.212604039519028370e-02 -9.190230588135088127e-03 -7.852093563247066269e-03 1.936197065412975128e-03 5.066191896671989534e-03
1.453730374235507813e-02 1.950914156728606255e-02 -3.844853358126983783e-02 -1.028603331805673024e-02 3.765189202976866167e-03 7.567117982990204800e-03
8.691470779301740945e-01 4.986637512588386334e-02 -3.713593390198675903e-02 5.044063680693586238e-03 9.662668842692615683e-04 -3.158719962374868968e-03
-1.944173963257525228e+00 1.583754028747848541e-01 -4.589246876216660637e-02 -3.966643167982617998e-03 7.380795800033241802e-03 -2.632931425451876667e-03
4.876470814610903703e-01 -2.392257404270148602e-01 9.368416135227862832e-03 -2.261130027579280957e-03 1.270291613759692807e-03 -3.149153712164321026e-03
1.333122891000694532e-01 -1.607211638535515352e-01 -1.378711930565139614e-03 -2.645717644384452168e-03 -1.361963708638001466e-03 -2.370368829937871333e-03
-1.900526865799921916e+00 -6.090904986488331757e-02 1.756566471725703321e-02 4.684172187583276505e-03 3.263507500459338160e-03 1.706622445554887993e-03
-2.604758407878252413e+00 -6.860255462290823503e-02 7.497929804674122178e-02 -5.636243400087207053e-04 5.974897736290857124e-03 3.849923664369603055e-03
2.422101203795026692e+00 -9.450383715961874209e-02 1.037484880983950003e-02 -5.630980841673229216e-03 -5.002271319535233317e-03 2.716269885685603088e-04
-9.364844518353242497e-01 -7.139567496011557657e-02 -1.163452057022633900e-02 -4.019304598192144709e-03 -3.833874541149901393e-04 1.659238952156155732e-03
-2.503283937146152383e+00 2.987517624734642788e-02 1.144481173072986815e-02 -2.651568384646182074e-03 -7.313647832844324048e-04 1.374077806420605013e-03
1.763011306552428215e+00 -2.667077322482783175e-02 -1.015735201911196692e-02 -5.729248564481988649e-04 -2.597913161421377981e-04 -3.144870303221772474e-03
1.771584821415871591e+00 7.006934832270406144e-02 -2.388283490718516588e-02 4.724295138174125670e-03 4.822500177340908849e-03 -1.878806218964147170e-03
-3.155148004425238906e+00 1.643124831463685931e-01 -1.359599751423179806e-02 6.161165796026995753e-03 -2.225500385271843556e-03 -3.662482307627745650e-03
-1.371094156943838682e-01 -1.135416231870491621e-01 -1.126813177916251470e-02 3.701844549017302248e-03 4.119025999303448267e-03 -4.654350659314404745e-04
4.552470647740646248e-01 -1.245434479535666682e-02 -3.191831964721510151e-02 7.183115374376877055e-03 5.117979718541802378e-03 -3.152938280174857801e-03
-3.319514991404149296e+00 1.652347325563500446e-01 2.432761845460290964e-02 -1.047259586569156999e-03 -1.827290059837094775e-04 -1.084326977019097393e-03
-1.757910110996054209e+00 -2.969643499964709065e-03 -1.738915071257845710e-02 5.721066385729526790e-03 -1.309176217469770059e-03 -1.056393408513625143e-03
2.158617306013096204e+00 5.146494254802812945e-02 -1.474280091705245863e-02 5.971299375556511461e-03 7.098923212210631918e-03 -3.842898866084749464e-03
-3.351347795839229593e-01 9.193465439003377371e-02 -5.558987917465058048e-02 1.797306444585126560e-03 -2.993197048453349364e-03 2.791962356277692507e-03
-1.814509460166805255e+00 1.544100432884875362e-01 -5.211165616302353837e-02 4.071401289877008348e-03 4.782156230602916183e-03 -4.771712561989298849e-03
