5.781728048783429941e+00 1.137024051933411689e-01 1.120663503157762891e-01 -1.315647495665812948e-03 -2.545810303112784351e-03 -7.894362145203706951e-03
-2.909792069807371276e-02 -1.904909283641250672e-01 4.261858876930377693e-04 -5.579334237690932070e-03 1.522526175125206611e-03 2.311945350893919535e-03
9.380007373310872421e-01 -2.086033636285454605e-03 -2.311022283464107818e-02 -1.754884084960703144e-03 7.466686439600630359e-03 4.501788331477313970e-03
1.943885347931431751e+00 4.463056986277261218e-02 -8.714370212737600901e-03 -5.098020071890064196e-03 -3.489324399346236446e-03 2.728058337960574133e-04
6.800138396326614876e-01 1.251569907510248665e-02 -2.728254193680894335e-02 -3.077562960990460651e-03 3.356900846402493133e-03 1.309227219705841674e-03
4.507714985181465295e+00 7.365532260141302578e-02 6.372074934072659291e-02 -6.131333500599638227e-03 4.600054391374748704e-03 3.594712246571308309e-04
-2.814460583525637105e+00 2.711043563598066267e-02 3.500183701129780389e-02 -2.615713543784836149e-03 -4.245417539584928741e-04 -1.890006291206561316e-03
-5.388970921803821756e-01 -7.231709389325292892e-02 -1.519110102844530193e-02 3.164093042281327511e-03 -3.213652210984142919e-03 4.018912795564421984e-03
-4.122419350085415601e-01 -6.310465116355638837e-02 -1.686916421268852898e-02 -7.050234166263900926e-03 7.988666196206946693e-03 5.311103685303389518e-04
-3.235745059835972270e+00 1.692225878620151336e-01 1.513339340952085405e-03 2.488683000554283396e-03 -1.380932573326320526e-03 9.903747119237441606e-04
-3.276691709039738942e+00 3.014439959888002077e-02 8.153716552906052628e-02 -1.953561905446307700e-03 1.864245746378070294e-03 -3.636229196282976897e-04
-2.285608246551235734e+00 -1.501050377177398469e-02 2.312235777194149647e-02 1.717275575450097390e-03 1.299493038149069496e-03 -2.113296610924936259e-03
2.755318751674729505e+00 8.925847866675143405e-02 7.516521391029937563e-03 2.712793449367305754e-03 -8.591615761955695083e-03 -3.452523341698546938e-03
3.353168413465068110e+00 3.725131625951830922e-02 3.137008920462974748e-02 4.918443832125059603e-03 -1.865812179592220765e-03 -9.622963699244858633e-04
-1.310855856372016959e+00 -1.047758444186839416e-02 -1.611388111452907029e-02 3.297926517851249364e-03 -2.600134719011205648e-03 -5.122986959017328604e-03
-3.134878987389889460e+00 9.248746387041975256e-03 6.689266657463811827e-02 -1.023785205346473045e-03 2.880057441314339776e-03 -2.097278000236482438e-03
-4.256460709344538351e+00 1.399961347583953408e-01 1.029334464512351444e-01 -5.534009528858949145e-03 -1.923565097038032034e-03 2.936529883759707998e-03
3.382300824590064314e-01 -4.728974310798750302e-02 -2.189461973608547093e-02 7.586998049882964475e-04 7.192632227853138285e-03 -9.185320309834366353e-04
-8.850299178626023222e-01 -4.463497361024341276e-02 -1.653285554669650312e-02 1.455318765201450530e-03 -8.917758302936299982e-04 8.885046071570410365e-04
6.452637882971402616e-01 3.719282054554618605e-02 -2.996951291110979895e-02 -5.131626916703147662e-03 2.388915483123464547e-03 4.341866740154407163e-03
-4.168684083449977207e-01 -7.010982364548513923e-02 -1.747417346676840427e-02 6.656828567036957370e-03 -3.376968434213635257e-03 -5.773209178813675738e-04
4.434597483109981475e+00 2.382223135905562825e-02 6.398295884525524724e-02 -6.281686364148594826e-03 -2.361759371656302093e-04 2.165639462219735595e-03
3.832823813175080474e+00 -1.129718772818787305e-02 4.276174032794718971e-02 -5.623470007997749369e-03 -1.186342097827779900e-03 -1.504081358740031382e-03
-1.283793332001335719e+00 -1.590729867026266231e-01 1.786489713796340917e-02 -4.607321712927821104e-03 5.506027693206217398e-03 -4.105000140622772249e-03
5.170066243673254736e-01 -3.568279625641558594e-02 -2.320538084261674489e-02 -2.772898309016108044e-03 6.610564699621596964e-03 1.684355910401874774e-03
3.076263181323270146e+00 1.534380240795660266e-01 8.610293617980446096e-03 8.571955451206893922e-03 7.293127469539391686e-03 -6.828541768123122871e-03
1.919894843162948672e-01 -1.576463552498976600e-02 -2.748574763853167680e-02 -4.100938191408466486e-03 2.847965398937284402e-04 -1.260811988723795031e-03
-1.794215034011049648e+00 1.135993891378480614e-01 -3.303820711361185603e-02 1.814086340137329020e-03 3.167005609157519646e-03 1.222820293172684376e-03
2.148118572397416770e+00 3.517557595859974878e-02 -3.453873307261864055e-03 4.858066771051257858e-03 -6.658254882020995039e-03 1.729880528845527312e-03
2.157854666729222881e+00 -1.291532562779439397e-01 9.170857271105337105e-03 -2.786846629881239122e-03 -5.107920713979465129e-03 4.472514096316059645e-03
2.431532514008943213e+00 -9.624384553080402374e-03 6.746348711251973218e-03 2.698408024674743381e-03 -2.306785491339383674e-03 -1.942443525122605199e-03
3.204677659174693716e+00 3.603311715826978262e-02 2.123793476146843690e-02 -1.826754821221502571e-03 -6.012178807280122057e-03 -2.077655351833414266e-03
-2.697814771968141123e+00 4.256534966569156496e-03 3.731112089999260445e-02 1.502126532076871227e-04 7.965348316169330325e-05 -9.629181149473808226e-04
-8.997453058453139807e-01 3.694411748024651471e-02 -3.887249696799927046e-02 -4.672248824699942737e-02 -6.066398440827855745e-03 -4.411773353411229011e-03
1.856436875597497149e+00 2.201679463083841201e-02 -9.581070600407411847e-03 9.332300120269903599e-04 -9.526919424284940527e-03 6.595252280134672636e-04
2.047697464998865513e+00 2.431953048867073128e-02 -8.704315378022051825e-03 1.388861541957986650e-03 -6.932147831358066205e-03 -3.544625203895453505e-03
-7.418414989178787056e-02 -1.683909837322987990e-01 -1.553846095065167384e-04 3.538662814200695290e-03 4.366407346638429107e-04 2.894545453000863487e-03
2.819398868126425928e+00 7.486400775957534337e-02 6.765826012283264641e-03 6.283803611325218877e-04 3.427300775180499529e-03 3.845809051995608720e-03
9.673055146186344544e-01 -1.899141693444961199e-01 1.147166819589968051e-04 -1.538573842793097866e-06 -1.475190975253505262e-03 1.488830464615942739e-03
-3.749427334119622923e+00 1.075853112434409231e-01 5.217407850485029225e-02 2.316990748672844152e-04 -4.023073001442029062e-03 2.795065377277590902e-03
2.318634489477442884e+00 6.823918839683350279e-02 -1.824123185408906304e-03 -2.228451320883233396e-03 -6.080946138747469294e-04 1.808659159700023609e-03
5.940628347862371150e-01 -7.780980825966256342e-02 -1.681755661591596493e-02 7.732406144692344089e-04 -4.057136551068945933e-03 -1.156439768018863992e-03
-2.597562696732584886e+00 1.457835684214647820e-01 -1.845822333512311952e-02 1.683016155583373511e-03 -2.093206086409037710e-03 2.062586852366599544e-03
1.244373004219895718e+00 -8.383936214990343055e-03 -1.616778664906295612e-02 -6.611872783017527094e-03 -1.656796780733713016e-03 2.546776931503198955e-03
-8.059698217551833910e-01 -5.858647587893426462e-02 -1.531053056816665883e-02 -2.326881703135946864e-03 1.635596252002662673e-03 -2.767890189277498903e-03
1.686719794784961479e+00 -2.304861767353174121e-02 -1.236097987318976986e-02 -2.551695345788042822e-03 3.399404621708424293e-03 -4.759049596564407687e-03
-9.644248939892989814e-01 -8.296704939978276350e-02 -1.153241459620099260e-02 1.419226514505950209e-03 -2.765289475523473664e-03 -3.256972530064298349e-04
-7.847567163422052294e-01 -5.809124594319434870e-02 -1.347691703879736261e-02 6.158583576402808322e-04 -4.155586884321287380e-03 -4.016327673538123478e-05
-3.684601328936215392e+00 1.976229029298772477e-01 2.201969810377943371e-02 -4.934767683388095738e-03 -3.803407253373951129e-03 2.904165612331397178e-03
-2.042511801657219905e+00 1.150789718804306194e-01 -2.869520830206186146e-02 1.251233106479645012e-03 -2.788623456090293194e-03 8.283972218818170955e-04
9.380942069135697059e-01 2.300690589032331965e-02 -2.977320225332854425e-02 4.882671994241086916e-03 6.545594073518136088e-03 -4.510893279601964172e-03
4.111513466369476788e+00 6.189372179503820071e-02 4.476707164539199535e-02 2.575391498023229327e-04 -5.329928890969650324e-04 -8.397817930674216641e-03
-3.533023766135946708e+00 8.440219072618930507e-02 6.586963405200693678e-02 7.653599351470361575e-04 -1.070051492460452657e-03 1.267328142594717575e-03
-1.806473507324561023e+00 -5.148747587201737280e-02 1.009544858474165953e-02 -8.472155306605565249e-04 4.205678266467096672e-03 -2.489308729215609743e-03
5.337778222354527813e-02 -4.851331062199128186e-03 -2.752465208574490438e-02 -4.599510812479456340e-03 -8.586588297496550160e-05 2.998909043131026651e-03
2.739975961295370688e+00 1.918230321852430406e-02 1.011940728886790049e-02 -1.001964598480310602e-03 3.878120922501308507e-03 1.441294216807288350e-03
-1.259421217607281873e+00 -6.525113861887059385e-02 -8.676190087337882009e-03 1.168442574498760201e-03 -2.404357322174101395e-03 3.657183352254279613e-03
-9.729157459447490552e-01 -1.263216281917541040e-01 1.615674583980716752e-03 1.591625865599435386e-03 9.670399631927267106e-07 3.320244072846255043e-03
2.499310983716640511e+00 -1.284252555839973838e-02 1.182578173952137518e-02 -3.783012804032187711e-03 -8.560111355855604121e-03 4.669026477412926632e-03
-2.059436952955468580e+00 -1.116468366448543775e-01 3.703034687689775450e-02 3.917367444709647303e-03 3.162264552477906006e-03 -2.521884632402045939e-03
-6.688685731260787248e-01 -1.759833205778801261e-03 -2.669328361585704759e-02 9.234744263249158175e-03 -6.847259151942694175e-03 -2.580101475044435330e-04
3.522483177018451261e+00 1.580597174770435182e-02 3.899669447545153073e-02 4.756656800626074717e-03 -8.013403318658433513e-03 2.523630164811235636e-03
1.847508041614611018e+00 3.846800310382740562e-02 -1.038673827114703491e-02 -6.117555522669645409e-04 -6.958138226242170828e-03 -8.517531577600737645e-05
3.003603704065449964e+00 -1.239301232824594617e-02 1.689088101844330933e-02 -6.176033781041728515e-05 7.721400316987213179e-03 9.772701629980585451e-04
-2.221604369951323932e+00 -5.307212066619383141e-03 1.920051877953990460e-02 7.400111270143703429e-03 -2.355028084087569702e-03 -1.329461796432947467e-03
-1.302362458802393208e+00 -1.172900562635060817e-01 5.823276837231373265e-03 -1.587171157707747754e-03 7.290772444809891228e-04 -6.316276864192136263e-04
2.192997452893162169e+00 -6.393821504723597171e-02 3.902365776576254778e-03 5.090755626319637406e-03 -6.282402727202427047e-03 1.987919417293415093e-04
1.244516696531332567e+00 -1.779089813903612372e-01 1.224865237096278703e-03 -6.422088073374326855e-03 -1.011135631946816736e-03 2.553037281367209668e-03
2.995635539961139404e+00 -6.571723104205658139e-02 2.629417469860770989e-02 1.928072045377465208e-04 -4.859571080630200463e-03 4.098529656528219003e-03
3.271238129477780365e-01 9.431467668218612710e-02 -4.213191393182096067e-02 1.525907168726877263e-03 -8.525934789954572445e-04 -1.274293281250674570e-03
-2.347340033732181919e+00 -6.185331332022462984e-03 1.058851674490347144e-02 -2.388182988186209055e-03 -2.291528534405956694e-03 1.299533926886698105e-03
-1.900670324618549678e+00 -2.481510551067857631e-02 1.003396192814854726e-03 -1.663813694823833549e-03 1.493038457918474541e-03 -9.355849798806894395e-04
-2.001096992819253906e+00 5.937535992645663618e-02 -1.701850691817070188e-02 7.921944781264133239e-04 -3.159130114665306829e-05 8.349453811249068309e-04
-3.709440150599253361e+00 1.487265191799577446e-01 5.139387884220317920e-02 -2.583229216933471441e-03 -2.567375876647979682e-03 3.877190212496033875e-04
-2.823307464979390780e+00 6.810153206546035176e-02 1.620443731989795050e-02 -3.126054504695573600e-03 -1.307502003032167716e-03 1.535227760041556070e-03
-1.535832175172930025e+00 -5.331238169231758417e-02 1.744182011989245254e-03 -2.888576482281256393e-04 -1.275453662242473059e-03 -1.958342901958063590e-04
5.679377739393377533e-01 -2.030626974002753410e-02 -2.234641390234754291e-02 -4.134470182275540426e-05 -6.744741535991092066e-03 2.373902994781751982e-03
-3.616879935320384210e+00 1.028873122311701471e-01 4.439020551579161283e-02 -7.995080570371729343e-04 -1.370564906460403163e-03 2.122704262707327677e-03
-1.469816051963578563e+00 -1.088338413422540729e-01 6.454139737187431121e-03 -1.642909964153595193e-03 1.883649150856068349e-03 2.494707127705375876e-04
-1.727654000728424233e+00 -1.551260438556199307e-02 -3.855944319448011918e-03 -7.143433531260043367e-04 -2.025762132796507693e-03 9.274645165984782107e-04
-1.734052429315668498e+00 1.061374441636940835e-01 -3.221330852410430462e-02 1.170562371871047619e-03 -1.135685193928266451e-03 -3.722320184163174176e-03
-7.381347831008497895e-01 -8.938250728167103365e-02 -1.163559906278339648e-02 1.763416644022047352e-03 -3.150741854582160550e-03 1.744671183773093687e-03
-4.694410180552440082e+00 2.942336638427769935e-01 8.560063272440403270e-02 -6.570234294169139885e-03 -5.601106294738454790e-03 7.247144527234582016e-03
-2.802054006730275937e+00 2.055327812594055781e-02 4.152574088035890926e-02 1.564849198784811412e-03 -1.600714360632511310e-03 -5.543751925590343277e-04
-1.023778972105519269e+00 9.000903081503076886e-02 -4.010570234265742329e-02 -3.261670421556314529e-03 6.275192375533866773e-03 1.002246585679882453e-03
3.930841123095986100e-01 -3.572163324849546295e-02 -2.439403628322059717e-02 3.982141241438140770e-04 -3.003226700707384376e-03 -4.087771933711645787e-03
1.895234869857276516e+00 9.249123482753245085e-02 -1.888689664296654830e-02 3.962586900869339776e-03 6.246035620769340053e-03 2.635717490543846415e-04
-2.397955198481141359e+00 2.358731980882976600e-02 1.901117010136459812e-02 -4.935596853616189446e-03 2.029923264130594884e-03 -3.367001692870468573e-03
-1.410959202681402624e+00 -6.185924062150543329e-02 -7.081101599692306466e-03 4.703024165256369771e-06 -1.177752531924343123e-03 6.264005441949603277e-05
1.623338630746636202e+00 8.293152410779314199e-02 -3.518037710483624264e-02 -8.886524852667566921e-02 -2.642206115590176995e-03 -8.896214694434002217e-04
-1.464653683402469542e-01 -1.440492671805785052e-01 -5.632817156775700093e-03 -1.318467697549343407e-03 6.753411069695973077e-05 1.868056193943267579e-03
4.731048095477281556e-01 -2.343943958273996264e-01 6.689143929189415340e-03 1.391166976009306465e-03 2.468827162274332687e-03 1.639421528538737580e-03
-4.146001806314041360e-01 -2.123007494370283688e-01 1.081216429139482751e-02 -5.654887712441391406e-03 4.459227150973278653e-03 -8.611329081984955966e-04
8.342723700417017385e-01 -2.011304640545457517e-02 -2.223431006171125088e-02 7.540138706409904579e-03 -8.436818526108884331e-03 7.583356438921784633e-04
-6.746115931544066635e-01 2.125880466093690684e-03 -2.663373298970754185e-02 -2.838059172548122473e-03 1.578473402237741971e-03 -7.185759188267465099e-04
-2.982091257590506750e+00 2.293703953391647635e-02 3.444512318367097536e-02 -1.712640682798652119e-03 -1.120131151747040619e-03 1.183156014723930286e-03
-1.440577829453154823e+00 -1.989970884876481397e-02 -1.392959976069141695e-02 2.001367898461040365e-03 -1.284791123076279608e-03 4.363144899799180050e-04
5.190277619190421632e+00 3.360463960591555943e-02 9.062408140080430163e-02 4.193745376720236194e-03 -3.118903835860018046e-03 -2.183441762420806984e-03
1.263360228839637278e+00 -1.047542817385792857e-01 -9.584016669073111908e-03 -1.292922155493233258e-03 -2.796976461124533585e-03 -3.646589057099424141e-03
3.147250821455870096e+00 7.960350790696114898e-02 2.289794492243613783e-02 1.949127445835500830e-03 -2.445608280109117373e-04 2.826820183614764739e-03
-7.101950931340698103e-01 1.597156010525525513e-02 -2.998043982837650043e-02 -1.432850276070589401e-04 -5.070651223109644279e-03 -1.704697682722454064e-04
-1.218442809693812912e+00 -1.865064030814188589e-01 2.305265427384762048e-02 -5.376780914196846103e-03 4.950936361775210015e-03 -3.683794814777329157e-03
-1.869160914417968555e-01 -9.912205790189415611e-02 -1.442293496754505459e-02 -1.310148751569224952e-03 -1.872136845920715793e-03 -2.360023857548630786e-03
2.648182065153554809e+00 3.642385022012158829e-02 1.456017678481653877e-03 -1.954360146767168335e-03 4.091486232429643322e-03 2.193886268702884522e-03
-1.227443097638193592e+00 -4.876125401749867305e-02 -7.416103227056428625e-03 -3.185216057282043520e-03 4.021969426382217966e-03 -3.008504028236760539e-03
1.180250593515642432e+00 3.706467763301440899e-02 -2.872301479159622764e-02 8.708862056144709915e-03 -2.052471820625372933e-03 -6.983883874381660584e-03
-3.422736622412975827e+00 1.211129559816107593e-01 3.713936928524400050e-02 -2.706594571944620021e-04 -1.480822274979809450e-03 2.413767880224078344e-03
1.321656136213248400e+00 -1.008540564121580968e-01 -7.388845978564011728e-03 -2.472968103312306928e-03 -2.931676904871924165e-03 -1.390524194943262241e-03
6.890454510517786124e-01 -9.895264440182527377e-02 -1.226778359967879185e-02 5.697132360109840102e-03 -5.362061987592944487e-03 4.354135299178849526e-03
-1.012133186127177398e+00 3.721033125439671130e-02 -2.959805116508363795e-02 3.312077766139316995e-03 1.563913460411826611e-04 -7.191749059378562715e-03
5.719487698333779457e-01 2.967769596682121730e-02 -3.169536107141732867e-02 -1.382509466787170196e-03 4.584645443749534553e-03 2.447219606634502224e-03
-1.191926135842259482e+00 -4.397446330688972727e-02 -1.192917105482881393e-02 -1.101881810738902095e-03 2.552701653487396243e-03 1.447781933661469354e-04
-1.091353205052752351e+00 -1.585516661304339492e-01 1.417368354888240423e-02 -1.416869953506806785e-03 2.710223378450557236e-03 6.338123008713426164e-06
-2.465046382672808623e-01 5.261287922902153913e-02 -3.948188904608982558e-02 -2.012762033757711441e-03 7.113484503552313341e-03 -8.848191293461135859e-04
-7.466154057223585161e-01 -1.902437644307779230e-01 6.001288546825306845e-03 -2.465005384677931583e-03 2.238917755052090286e-03 5.766534562860947330e-04
-3.206052063007121422e+00 1.001505545932032112e-04 9.234897150898169205e-02 3.025528946738726462e-03 2.059761110909095940e-03 -1.849162608590564126e-03
-2.683872002456397787e+00 1.125518053739164685e-02 3.694789126867063095e-02 5.404362754952945005e-03 -1.368976272623162536e-04 -2.783575172651368401e-03
-2.059424403713288054e+00 -1.108408063282245865e-01 4.072300259088203200e-02 -4.424283764757077318e-03 6.960599109812169380e-03 -3.519005230416896030e-03
3.862890219287943960e+00 9.705342000881059250e-02 4.221521845853740823e-02 -2.591228965345661588e-03 4.975272457077233035e-03 6.977771436989950969e-03
-2.646859360996276944e+00 -1.353649140136332571e-02 4.831439111089181476e-02 3.973793800773078692e-03 1.479767448180629649e-03 -2.014411100851321891e-03
-1.456433439792606810e-01 -1.872467537716238639e-01 1.139981421294742128e-03 -6.384563438455745019e-03 2.362805121486298825e-03 2.231915268704945995e-03
2.245829373118056083e+00 6.918664095156597249e-02 -1.984087487972686220e-02 -8.467897637121236942e-02 -1.016466456355747403e-03 1.150849848656714577e-03
-9.016697674993373601e-01 -3.410471401784683637e-02 -1.997556611889941824e-02 1.840991786662603703e-03 -2.903795808978550195e-03 -3.419644729097689670e-03
3.103365254433846143e+00 8.616013834665006699e-02 1.997366103340749224e-02 -4.400412767736200923e-04 6.498376477979372597e-04 4.605102736266562281e-03
-6.972009729587461679e-01 1.400088494074386014e-01 -5.340703567041008709e-02 -7.513235157919410890e-04 2.073770308875408711e-03 1.136325516792924088e-03
-9.282463543271116668e-01 -2.090987941571489095e-01 2.296898929678773543e-02 -5.931538492280873272e-03 5.645594579599944735e-03 -2.247248025481895974e-03
-1.827636369219775847e-01 -5.974311477034496831e-02 -1.925099971128848078e-02 -2.906086196159779716e-04 -2.099205912866886070e-04 -3.903950332077853278e-03
-1.201478358366766752e+00 -8.484965634006121082e-02 -5.375034631109944575e-03 1.571425458336094113e-03 -1.068940597263296757e-03 2.764328894649554450e-03
2.794337319685237908e+00 -1.257591091014548246e-01 2.192746905773785074e-02 1.506309345019691799e-03 -5.596540650695714866e-03 3.815148211061764830e-03
-5.848751513515316747e-01 -4.315704422953037245e-02 -1.972038554393308260e-02 -1.580877171662934582e-03 -1.162293922014887189e-03 -1.779247922837652943e-03
-1.318326394979997263e+00 -1.150288106859899823e-01 4.449958888026091415e-03 -6.431254975710544875e-04 9.729874035385717532e-05 -2.473056181486873659e-03
-1.051333327845746624e+00 2.389362467278678334e-02 -2.845035870971773795e-02 -3.148427449649115334e-03 5.013193777936881135e-04 9.149237098661469787e-04
8.437802952739783535e-01 2.430697912872493288e-02 -2.825202326381605344e-02 -6.144427216360865036e-03 -1.290540230451359236e-04 2.097849300966585142e-03
1.856746228832757861e+00 -1.664772150990159391e-02 -5.927389838302978171e-03 -6.695936353819117006e-04 -3.486013296026210535e-04 3.277730530458586745e-03
-6.391590248014967779e-01 -1.657775195990344175e-01 6.785960881328049338e-03 -6.046544234825375992e-04 2.108246221404612344e-03 -2.089811549849462415e-03
-1.840864825458543130e+00 1.592648277263823686e-01 -4.664688018140844550e-02 4.745115156991649118e-03 -2.450413781575388420e-03 -4.115807281303033926e-05
-7.043823849154746686e-01 1.900281640022195018e-01 -6.279977657711256767e-02 1.801608031880797163e-03 4.991788324734160176e-03 4.493110360283641275e-03
2.861349508988512813e+00 -6.963968155459952791e-02 1.759262375334248035e-02 -1.904681731617943611e-03 -4.357074331697313339e-04 1.090936000761792138e-03
2.097665372407747086e-01 -1.577033108159157926e-01 -4.338588330540980864e-03 -5.116961699230802331e-04 -2.656103279685736313e-04 5.631764812520732161e-05
-2.244605341017053224e+00 -6.159969339679817468e-02 2.538181723631057277e-02 1.395615629064935674e-04 1.448862854515467480e-03 -2.580720912936766871e-03
4.039655465338961804e+00 7.927520952158277970e-03 5.555322496727909537e-02 1.925167516572650738e-03 -8.223829992010895512e-03 3.898837772515291802e-03
-3.235259863964193627e+00 1.474402822427712395e-02 6.199805709705292350e-02 -3.443419130621836344e-03 1.448434654818731970e-03 2.204934336495203908e-04
-2.639063783870271518e+00 5.399343244156712407e-02 5.893408744677534200e-03 6.516752612290434288e-03 -2.826309602619168915e-03 -2.915943532555305678e-04
1.557977034770281488e+00 -3.595655056526491505e-02 -1.111558811519853564e-02 8.027823601624015700e-04 -4.300326939869121914e-03 -2.206128576512191627e-03
-2.171651189108174673e+00 1.092810156784665282e-01 -1.821979864161329607e-02 -5.918269293705830363e-04 1.892487124313533631e-03 -3.614118796675985529e-03
3.203353061853694062e+00 4.346967990670427134e-02 2.046189316443224743e-02 1.731566324228860695e-03 6.167851286780711394e-03 7.541469966773592685e-04
-1.797625745242682260e+00 7.357088711163855578e-03 -1.240371014411298031e-02 1.537360209664856208e-03 -2.178090461546238008e-03 2.111096159687031633e-03
-2.617632892472959494e+00 -6.837718570776375737e-02 4.779043044985673699e-02 8.499620680805178042e-06 3.524169148304080127e-03 -1.866028292161681611e-03
-2.136428506916149495e+00 1.480103684239669586e-02 -1.691328187041778739e-03 7.789019389172075966e-03 -4.191850157475212994e-03 3.101617117807877258e-03
-8.253067547900179157e-01 1.695233143783333452e-01 -5.929203033526397187e-02 6.719338295856119164e-03 6.028513496382117802e-03 -1.213682623074252348e-03
-3.395668243516474671e+00 1.781166335938676182e-01 1.402579434080224521e-02 -3.859972719038361005e-04 -3.398466188313275724e-03 2.187749730948279018e-03
4.752426191657381338e+00 7.686847493655819819e-02 7.180048672792281594e-02 7.250424895100869398e-03 -6.202273029916382206e-03 -5.311413241840422760e-03
-1.216767972090444960e+00 -6.557964390872431104e-02 -3.962156862689545332e-03 -2.939787242119317780e-03 3.201493753489259049e-05 -3.586877354926182662e-03
1.343250299945682791e+00 6.867944468018668917e-03 -7.134202962916104569e-03 9.405171793408133307e-02 5.995447986893112473e-03 6.786118189221148136e-03
2.067877214262556773e-01 8.314099594641754382e-03 -2.904426279274539488e-02 7.444105181050893584e-04 -6.492310079865430510e-03 3.554827544671563047e-03
1.117621614619116743e-01 9.936214735217505090e-02 -4.598597305249833844e-02 5.874720702413048674e-04 7.455429613935342197e-03 -3.002338100439174784e-04
-1.025684949476620922e+00 -6.468744172045769181e-02 -1.271133814067934055e-02 -6.212431397880100424e-03 9.306146808102616456e-04 1.023963048258554401e-03
4.070847975026103960e+00 1.071563583652601973e-02 4.920426864991209875e-02 -6.753880735497521694e-03 4.982612079403613871e-03 3.373666335078278917e-03
2.621697152752869187e+00 -4.876767156114909796e-02 1.077380249293403459e-02 3.446713589441993165e-03 -3.602123311074435352e-03 6.477774567678910769e-04
-1.527072058084947725e+00 9.651912268437166931e-02 -3.507393650833504767e-02 2.516499169433859904e-03 1.682907057049178512e-03 1.411727937480303664e-04
2.760849452471169085e-01 -7.791028087304119332e-02 -1.633250273786878912e-02 -4.608630770645375484e-03 -7.104822061238426226e-04 2.249507263837819196e-03
-1.209783119051992539e+00 -5.900116531274091081e-02 -2.639029721840018081e-03 5.711765686560503485e-03 -1.419031504414445827e-03 -1.742324653965966622e-03
-2.275599119009701077e-01 1.031189548198284817e-01 -4.628090088666567820e-02 5.776750058494851958e-03 -8.378210839060838905e-04 -1.269213692080715591e-03
-3.450515856017409622e+00 1.088397148722170943e-01 3.137360403824411559e-02 4.358270180988513970e-05 -1.954565860513123119e-03 2.262324363269747635e-03
-3.181548490310459609e-01 -2.046295018244054242e-01 6.465444667703153930e-03 -2.267903798700233921e-03 3.150371952351637989e-03 1.521636875739541903e-03
-2.113307828620017315e+00 -8.347080269472852143e-02 3.051718934327555047e-02 4.288992689111226567e-03 1.398841059431327975e-03 -2.532388097501242757e-03
-9.241398768376959394e-01 3.759844613131483465e-02 -3.182395405195873050e-02 -3.934404268555014017e-03 5.813167994983324191e-03 -1.862616672693133500e-03
2.908963046801358310e+00 9.817217287185492358e-02 5.093312834746220076e-03 4.874982005225411176e-03 2.576946864065406129e-03 -2.538753787470543997e-03
8.363433335541904379e-01 7.872071015162412574e-03 -2.778973692233060663e-02 1.113891278841307349e-03 6.151103067033317044e-03 -8.078525203275710312e-04
2.247096209468318673e+00 -7.503998789163399130e-02 6.854706846847491777e-03 -3.287110938416844003e-03 -6.056205031366385452e-03 -1.068690656825930412e-04
-8.690915201766091780e-01 5.290511984336229712e-02 -3.693320794651709649e-02 4.495334157585518554e-03 -8.799127730454860130e-03 -2.268864375958098915e-05
1.166659764868518856e+00 1.390719415185348029e-01 -3.821974712346017794e-02 -1.542117300310367253e-03 6.349648126546825373e-03 1.892425792007000444e-03
-2.345512619879021710e+00 1.200596300145025386e-01 -2.233080040976278755e-02 1.726485249127265951e-03 -2.240418340921512038e-03 1.720211625324716406e-03
4.250915706766945412e+00 1.092943700834908966e-01 5.640349218137945264e-02 4.249555564412511215e-04 4.864218084396709253e-03 3.666067760364187262e-03
-1.182000479988264852e+00 -1.785244494839846596e-02 -1.333358396259583419e-02 -1.053405431200029338e-03 6.324216955627103183e-03 -4.051823283029175153e-03
2.385105677749479902e+00 -6.201752011533306214e-02 1.031406788208494817e-02 -2.066957333927810225e-03 -6.349037578559737528e-03 3.322968905119573838e-03
-5.195820205411697534e-01 -1.142306646420078280e-02 -2.584919907569239658e-02 3.284313698671908165e-03 -5.483682514114350190e-03 1.459852833673093864e-03
-1.338764041961249207e+00 -1.998262950096488938e-02 -1.337585542253901146e-02 3.188957636459826325e-03 -1.425618066401879028e-03 -5.637154342345882885e-04
-2.932255580771074843e+00 -2.566432984798315900e-02 7.023951338558044599e-02 -5.604183206162681539e-04 1.754051609977481463e-03 -1.763872352494679375e-03
-1.881599655680329164e+00 5.432311485392984918e-02 -1.853277572383344590e-02 9.768227732409146338e-03 -5.362471088985467163e-03 -1.722899946435143322e-03
-2.399440560845357950e+00 -6.931137390403899201e-02 4.127846138895199801e-02 7.992574066621842277e-04 3.259040225225146199e-03 -4.242464409559758114e-03
5.410135866705788388e+00 1.166010102891376909e-01 1.029360852997086018e-01 -4.132365865803442652e-03 -2.490253570989382943e-03 -1.025750722193364975e-03
-4.007953862856886929e+00 1.914487066757711020e-01 5.241824318905337343e-02 -2.943679577455240136e-03 -2.744181047247603884e-03 3.869389978749370601e-03
-4.504269130338385274e+00 1.808282761234271396e-01 1.793346745276256649e-01 -5.487542062758668689e-03 -6.026731582254412885e-04 4.604745134594123539e-03
-8.909521646693447927e-01 -4.104706205072532373e-03 -2.476742493447906326e-02 9.168845511524257100e-03 -6.465092767260439618e-03 4.479080352553057795e-03
-3.819513175281139983e+00 1.495849471689828791e-01 4.198958051954727877e-02 2.809921672510055620e-04 -4.744185711525478882e-03 2.482654279292780680e-03
-1.081425294435401252e+00 -1.133607073565139900e-01 4.783609670975971263e-03 -3.527923481632603241e-03 5.049685647776541546e-03 -1.990646604424906822e-03
3.171286524057719713e+00 1.238085135850052615e-01 1.210521796759179980e-02 6.236369368382746470e-03 3.576851677215582472e-03 -2.244960382891084561e-03
-2.666405401588269886e+00 1.163287313004323087e-01 -1.188458975521199112e-02 6.513855994793022082e-03 -6.097529901602906886e-03 1.248386490677088571e-03
1.551564674961172674e+00 9.686431239791759573e-02 -2.276780772195692235e-02 9.420740458203340217e-03 -5.691882665455186285e-03 -2.409091876097833960e-03
3.033219993424501326e-01 1.871603939963868701e-02 -3.110559754270354749e-02 3.960401755681143207e-03 1.360052490384747398e-03 -1.461902822664880829e-03
-2.319698509183433899e+00 -2.580438824742961948e-02 1.551021990454107442e-02 1.814310848052460038e-03 -5.683405198361268047e-04 2.174663502068579710e-03
2.037895892028147582e+00 7.742978943099229627e-02 -1.363814726407259863e-02 2.165199030835444471e-03 -3.740144319981550738e-03 -6.479238080304806219e-03
2.851131812695193890e+00 9.678346649906824362e-02 1.080257745467192061e-02 -4.569659706123905228e-03 4.941984015264087697e-03 8.594843212485075989e-03
-2.666142705790400247e-01 -5.051667744774920171e-02 -1.965852119328137526e-02 1.960738570403101552e-03 -2.909792706062466327e-03 1.151723004478757322e-03
9.066039126626193045e-01 1.654899360411108203e-02 -2.637345449522236068e-02 2.750013100726536857e-03 6.638543943738145145e-03 -5.682600975864872958e-04
3.978336353347593501e-01 -4.600493459714847383e-02 -2.100198861970441894e-02 1.475552763488502004e-03 -6.987281903469980820e-03 2.853078893407362624e-03
-8.963906982663939482e-01 -1.324689677692533485e-01 3.366172108798397983e-03 5.358912040319504426e-04 3.052969768104051170e-04 9.764097449876944952e-04
-1.224728861202450503e+00 -1.071730185802166613e-01 3.950938858542633013e-03 1.190864303942193057e-03 -5.257195204987908906e-04 -4.531539691140456616e-04
-1.835908440605484859e-01 -1.482968968101182339e-01 -5.154682122248115117e-03 3.646345933083785639e-03 -1.122364400052769384e-03 1.025299420444270894e-03
-1.272244625001746510e+00 4.623791696217890990e-02 -2.875895311716209976e-02 6.897088525956506649e-03 -2.061702896766861182e-03 -4.437527692238871398e-03
4.014416931530561783e+00 2.087577837822927537e-02 4.646413915613643170e-02 4.480508923561539111e-03 3.070068197546956239e-03 -1.896800333430069931e-03
-2.522735475807496908e+00 1.649323374334714029e-02 1.861844687389566794e-02 -5.471703236831584362e-03 1.644027097240802378e-03 1.033773912290056667e-05
4.233303058317919643e+00 1.048246478327468090e-01 5.359530285987557791e-02 7.604079677339280717e-03 -4.326071874250465334e-03 -4.485529836846896719e-03
2.059072520556222141e+00 -8.233748897195017347e-02 1.504959225435301444e-03 -5.894725493236763030e-03 2.627962199372392907e-03 9.085240359275377096e-04
-1.894214249817625761e+00 9.479500287327415065e-02 -2.399356403105732186e-02 6.954973410583825330e-03 1.812365167199363539e-04 -3.938128609840043856e-03
-1.756745116869953494e+00 7.731550540089975054e-02 -3.004861699850452580e-02 -1.575549277299580306e-04 -2.642048915472615064e-04 1.013561078723355371e-03
-5.350378181414843226e-01 -1.336303134154441241e-01 -9.888641272717399108e-04 5.463479177856427104e-04 6.618507864346704923e-04 -9.988940675081702317e-04
1.385527869943666390e+00 1.292849708845883738e-01 -3.158941491326299617e-02 4.150831884190783641e-04 2.513088719478754479e-04 -3.422508740571386654e-03
-2.382351934025550566e+00 1.275515100766916599e-01 -2.644769910427765408e-02 -4.188698940844007117e-03 -5.749391528621088272e-04 1.291592331821882298e-03
1.953770699156532009e+00 7.748881437979286690e-02 -1.514399955329694125e-02 9.548928023672850719e-04 1.138152358426581037e-02 5.364510126137965809e-03
-1.690587082532050422e-01 -8.941655918347629628e-02 -1.420081026346233476e-02 -5.141788317509825290e-03 -1.793098169051198084e-03 3.916463730463253488e-03
-1.641108499362605236e-02 7.251986814863062292e-02 -3.995223596563086954e-02 -4.380120059804555772e-03 7.480453092157578416e-04 3.756588499734953880e-03
4.882419260753686485e-01 -2.875286220641812274e-02 -2.504224130031344059e-02 -3.520449408130712533e-03 6.164001402675239188e-03 -1.287991716781438723e-03
-1.215874384030567246e+00 7.157329694596974157e-02 -3.797629557190185939e-02 1.780175708982928299e-03 -2.324282680421583657e-03 -3.417730104716837965e-03
-2.649459726607180099e-01 6.718007823138684442e-02 -4.127368690525837908e-02 7.655698673181375070e-03 -5.329336019897570192e-03 -3.636253997771853302e-03
3.358537927370297105e+00 -2.226181874884884324e-02 3.619903727365034879e-02 2.701935007897792156e-03 -1.031836335175922298e-02 6.104725173768373037e-03
3.726821760393786764e+00 1.202798903257194102e-01 3.240486124646167060e-02 1.050163310862048047e-02 -4.402762444498354091e-03 -6.929492110486404517e-03
4.758527364320068287e+00 3.720574717726007202e-02 7.243872451689868652e-02 1.685005172235051578e-04 4.724079788620799691e-03 2.632882641971437832e-03
1.982987636241351215e-01 -2.305160276055313873e-01 7.102612194694294008e-03 1.463186023054846227e-03 2.890766354568377605e-03 1.921916192269284120e-03
-2.309252684903866815e+00 3.270155842726318873e-02 5.569352393684842174e-03 6.477645031089347867e-03 -2.591679417157180705e-03 -2.774558782736962371e-03
1.885382350434215426e-01 -2.075104937318787701e-01 3.519265095123248407e-03 1.629761744130883401e-03 1.741621629991375311e-03 -8.912821907248262001e-04
-2.581503733098238662e+00 -9.401236011412991700e-02 5.223379803631016116e-02 -2.230430684709107381e-03 6.042846389464838139e-03 -2.493833797221723086e-03
-3.434753328761467550e+00 1.151353605644656053e-01 5.020547497801002013e-02 -3.256481666901655733e-03 -3.596486323418701192e-04 6.387028482483216247e-04
1.769748541480029580e+00 1.024622822314987802e-01 -2.055221179641487927e-02 2.330399818162868109e-03 4.352385222373791537e-03 -3.931896303741669882e-04
-6.528465780222714177e-01 -6.927912608151402807e-02 -1.492461683736970302e-02 -2.839883620410003397e-03 -3.727850174985692169e-03 3.590558334988908779e-03
1.048430088990031983e+00 1.618590449433097642e-02 -2.311234434156451967e-02 1.908682698800532934e-03 -6.808219246295711159e-03 -1.931632636361205017e-03
1.870300741416411450e+00 -3.382154229283646646e-02 -3.996757773410942148e-03 -7.914729842692113694e-04 -4.948216804928852811e-03 -1.654036303123820970e-04
3.707878928226818527e+00 1.792158261073868442e-01 2.794263554207109326e-02 -4.530170593970752821e-03 1.660327546015561611e-03 -5.295456250800046130e-03
-1.773205376289354041e+00 -3.351385831794641279e-02 2.382297435646417178e-03 6.770127478174053220e-03 -2.180864085907733424e-03 2.228290473536170303e-03
1.609848660751071803e+00 -4.270896448346731683e-02 -1.093438183481367301e-02 7.515937129407279475e-03 -2.904823041483216989e-03 -5.164867196922074202e-03
-1.886257335466301699e+00 -3.534828210777394425e-02 1.233173580254779897e-02 -2.855904835541908920e-03 3.692904181713530507e-04 -4.833353490273887437e-04
3.799527171625866284e+00 -9.732984223864808715e-03 4.016199647529641870e-02 7.945843222762453625e-03 -6.229563258381178893e-03 -2.074718639910715697e-03
5.020807829251177523e+00 1.519461957698626797e-01 8.539665569395725464e-02 7.085758658049904658e-03 -2.239126038891927956e-04 -4.907917211140883779e-03
-1.127332333820827870e+00 -7.057652791693463934e-02 -8.980867829454527648e-03 5.956828143514338383e-03 -1.499117515116300207e-03 -1.663324954260980010e-03
2.166477082873578208e+00 4.088815985417509902e-02 -1.001203441229981880e-02 7.171428216048054104e-03 -9.714398832503764233e-04 -5.011130948828500069e-03
-2.000601099878340783e+00 -1.631949232019122009e-01 4.806675291559511787e-02 -1.980402745594261275e-03 7.010789927809271162e-03 -3.682401276808528866e-03
-1.407572445123018490e+00 -9.503978922456014777e-02 2.257088170232038078e-03 -1.022482575220807523e-03 -3.657038605962369517e-04 -1.864891202771237115e-03
-2.178803199902003662e+00 -1.209881598320677182e-02 9.924545779133467707e-03 -1.542515391064797244e-03 5.539529113399467835e-04 -2.152026120826414004e-03
-1.970608702006042767e+00 1.401819740106127429e-04 -5.995761150202899223e-03 2.789372644507950513e-03 -3.875811007610331475e-03 3.498763966226753341e-03
3.586719476096312809e-01 2.452541962390937264e-03 -2.977421682464986494e-02 8.695777883500187960e-03 -2.111747871688561366e-03 -5.353524520995774430e-03
-2.865971838008471995e+00 -1.194879172464444889e-02 5.875617011442672843e-02 1.919999521593309972e-04 7.289344561725853667e-04 -1.401502133596458982e-03
-1.248330091568808253e+00 4.053860268065584416e-02 -3.106680751896360310e-02 -4.152696373412930885e-04 -3.951999008299032778e-03 -3.190831462090091002e-04
2.515100886403634828e+00 7.128576393323722560e-02 6.470329886338662545e-04 -1.226272009718146552e-02 5.559767207419300666e-03 9.824486561349491526e-03
-3.594885605553426622e+00 9.278149771736439455e-02 5.928581608047109319e-02 2.094414582019752118e-04 -2.921692698102860281e-03 2.062335831797760654e-03
2.973862321529847197e+00 5.436348442215103299e-02 1.367244684123701363e-02 -4.160811917911719227e-03 2.646680317903750846e-03 6.172939649831467833e-03
-2.552394066249823457e-01 1.514800111420495088e-01 -5.474004011853420004e-02 5.119368032925486131e-03 4.803051517228365194e-03 1.251313699086355636e-03
2.207167243633240794e+00 9.109033072258695962e-02 -1.078555556973095041e-02 2.807892810962699538e-03 -4.481585171565142904e-03 -7.162309491485731837e-03
1.173625540933460831e+00 -4.369901157723820456e-02 -1.268368089922249954e-02 6.363333729175612782e-03 -5.663873701264661616e-03 1.196153062928715120e-03
-6.958665595071109600e-01 1.415534022248851609e-01 -5.271934384866055340e-02 3.285732101430140738e-03 -6.329726045310804516e-04 2.354469239308185774e-03
9.368236149262962886e-01 -1.289143040974446153e-01 -6.398557933256161616e-03 -6.478787134284399313e-03 2.889268083129016432e-04 2.672485757187930029e-03
-1.637276454228223099e-02 4.103502202498377632e-02 -3.517201365456616713e-02 2.087288363938572932e-03 -1.211623289624149747e-03 1.380488613740919876e-03
-4.163695542814875417e+00 2.181689039101478433e-01 6.296141510777403250e-02 -4.275976517808456612e-03 -3.946306722420245272e-03 3.901697380061935460e-03
-8.123162368635393482e-02 8.588103136127990533e-02 -4.515854840371291701e-02 7.703784361121329000e-03 1.041143655167634310e-02 -3.145131425810061485e-03
-1.017109580616037290e+00 7.621555340749151808e-02 -3.775202315946695614e-02 2.567199108159307509e-03 -9.926261023177891489e-04 1.205546333126877260e-03
-1.600623794536336075e-01 1.502141412470592470e-02 -3.156999430485521452e-02 2.831275369425511734e-03 -7.881921198180619550e-03 2.766934024043610826e-03
2.339420319009498872e+00 1.595050578569088065e-02 -1.636270690774317086e-03 -1.254352563145344105e-05 4.406285061387483007e-03 -1.116244367352923648e-03
5.742460768680640593e-01 6.016262236297825056e-02 -3.459002128878053972e-02 8.639362133293344501e-03 -4.283721631695317465e-03 -2.671968265545332510e-03
-1.114129816109291071e-02 9.881005166524860217e-02 -4.579461553946197194e-02 -4.260505251070570952e-03 4.335397113432956986e-03 3.359891034568637282e-03
-1.862639653477412116e+00 -6.159540847152969456e-02 9.520087217199640212e-03 -2.591889985442883109e-03 3.971492920601185774e-05 1.858765650586836861e-03
2.166546179143302275e+00 5.107747942719131906e-02 -5.157934913008381007e-03 -5.793226200318662110e-03 5.921891858200226469e-03 3.507068535271524925e-03
1.011914072563429690e+00 4.426165659995617840e-02 -4.399102062523096296e-02 -8.899419329480195984e-02 -4.516246958844882635e-03 -6.621138540822237191e-03
2.970537439815514436e+00 2.543916665866727961e-02 1.046049125709748971e-02 -4.996241089033109234e-03 9.314665584257619466e-03 2.911968747747839363e-04
-2.181670802498024031e+00 -1.745171459939584210e-02 1.385691400260018191e-02 -3.889651435974417638e-03 3.775466711675928583e-03 -2.667417571773422497e-03
1.045962138871930458e+00 -5.060275072581554151e-02 -1.527678378454419041e-02 -1.630921267933525863e-03 -4.714837545686318548e-03 -7.970169924791013988e-04
1.740532158272932284e+00 1.144867497852301436e-01 -2.077215301234995593e-02 -2.870517367291301487e-03 4.847673543888136177e-03 7.083084227030811593e-03
-2.491594062613453620e+00 9.598711527620688855e-02 -3.648394932438606261e-04 6.478321490666517392e-03 1.233362973065609859e-03 -3.875723690961397228e-03
2.049353692363795609e+00 -1.678945682766261605e-01 9.937469925825153511e-03 3.102218715453069521e-03 -3.945795825762155040e-03 5.265086122923622221e-03
8.169310799652526045e-01 -1.968601913099746192e-02 -1.927683089384811532e-02 -4.515914089258994506e-03 -4.714265055986088630e-03 4.608442539446275764e-03
2.565166287421448033e+00 -1.515293061021468456e-02 3.548323714571532082e-03 -2.997208546552326738e-03 -1.156993123005529089e-04 -4.388097234538855008e-03
2.845218270713700814e+00 1.624599317150542954e-01 3.744159613222315316e-03 -2.117881903823872359e-03 6.585149961496250884e-03 2.745838691673879641e-03
-2.613763250153926965e+00 -6.194265916432719482e-02 5.049690608603121106e-02 -6.100864532900204546e-04 2.983991878277862837e-03 -3.695667428596882947e-03
-1.686720092699788731e+00 -6.874483796026195637e-02 6.031527188872430785e-03 4.773907550516570675e-03 -5.791566592511824488e-04 1.795830946008581362e-03
1.267637248260875316e+00 -1.258303337417081280e-01 -4.127050159818825871e-03 -2.059313647298664438e-03 -3.730185031866239259e-03 3.253694345281199149e-03
-6.567747667348114993e-01 -9.993706811242848709e-02 -9.450010844637434654e-03 3.189736065635765034e-04 -2.584276674850028658e-03 8.477401927991524413e-04
7.234955283653154989e-01 -3.415317935876106825e-02 -1.995228993777491827e-02 -1.002862855301333645e-03 4.776899919208118725e-03 1.911318904749752289e-03
-9.050413152170199149e-01 6.637459943912632498e-02 -3.786240670955162008e-02 6.715455180171725144e-04 6.463127738930534751e-03 2.944987488338814737e-03
-1.339705210132378532e+00 5.578137715840155580e-02 -3.171399938641758509e-02 1.647979811938462364e-03 -2.987025060623424606e-03 -4.379123236987371307e-04
6.959838037029938418e-01 1.137454167854176114e-02 -2.813084577073694803e-02 5.632973294608551416e-03 -3.867363036599137205e-04 -3.942911621788110048e-03
1.283834173942134171e+00 7.898145593514019347e-02 -2.828773920906571190e-02 5.850407495721805795e-03 -2.826059164101697198e-03 -8.505610646880309772e-04
9.159950257538068685e-01 1.764832048553170718e-02 -2.327992104090220032e-02 6.282154404216717253e-03 -8.561549654497081427e-03 3.075143136919321601e-03
-1.486276094580373019e+00 -7.081695021554650082e-02 -3.930758654768685034e-04 -2.844656309008639517e-03 1.518250799556981889e-03 -2.033216058054767173e-03
-1.495366622004084656e+00 -1.262594153798601154e-02 -1.247566816433598284e-02 -2.072706006707641935e-03 -9.620171572183506582e-05 -2.124030630880228759e-04
2.253154869974626218e-01 -1.850131118027942001e-01 -6.964928362556581983e-04 -1.555487759356451779e-03 2.700454358421062280e-04 3.135461906186034174e-03
-5.257058468675872565e-01 6.987170489833988141e-02 -4.081561366291283632e-02 1.709239627041665103e-03 8.437595868435317573e-03 9.119547229210661935e-04
5.695940894325074444e-01 -1.649430473633751726e-01 -3.547112249230401776e-03 -1.227768061189999423e-03 -1.717790309003091361e-04 1.526022007016234307e-03
-3.162988470103603178e-01 4.781462871715568691e-02 -3.730416766627937114e-02 3.561119007845534295e-03 4.057732729722644816e-03 4.628622468116687871e-04
9.963497906804399395e-01 -1.433329862827552592e-01 -5.956338439768064236e-03 -1.688842908637781630e-03 -2.238502245944719738e-03 -9.864501251064382737e-04
-6.999864944772041797e-01 2.111696515051471323e-02 -3.075972941150808757e-02 2.381539016720987667e-03 -5.558922086712529513e-03 3.967888839259962018e-03
-2.959883623855464663e+00 1.277383064167055271e-01 9.683944040188803559e-03 8.025562990359606580e-04 1.333002709793268447e-03 1.180087608441364802e-03
1.851599301254968521e+00 7.186275981084318254e-02 -1.756914371231024438e-02 3.242365333122165794e-03 4.785111192570629460e-03 -2.084477004157075670e-03
1.098692203469600198e-01 4.915625310191521630e-03 -2.923089753091884582e-02 -2.083958362051193183e-03 5.850532337230448729e-03 4.500636278741347411e-03
2.178094312325683735e+00 8.981116161051938551e-02 -1.653598275445513494e-02 -4.436660785635040787e-03 3.400010664676348434e-03 -4.782615623050587295e-03
-1.152999967826479732e+00 -7.829693817084910912e-02 -4.425145030136366613e-03 6.204682102474778980e-05 -6.018892230844816432e-04 2.569198550374784777e-03
2.252537375397317687e-01 1.228852485632501018e-01 -4.941115478025883551e-02 -2.851160067656981299e-03 5.925442451157906555e-03 3.159848646579307280e-03
2.604130926545139557e-01 -3.796876462617545384e-02 -2.180629170071443981e-02 -1.114629403983367602e-03 -4.561829367931289486e-03 2.343360595137060354e-03
-1.103935288264698888e+00 -5.446371338168976700e-02 -1.183238792661859065e-02 2.705890892224901024e-03 -2.523530312234503834e-03 3.274876286948039898e-03
1.438658701587262723e+00 1.562203162468844830e-02 -1.896124622445839736e-02 -6.404564181963250634e-03 8.650948287743544587e-03 4.477575551906470309e-03
1.603589827075053043e+00 -2.070924840019761418e-02 -1.386737777485341945e-02 5.020850094314759440e-03 2.393307942951436017e-03 -3.336103413917140131e-03
1.664251875765502042e+00 -9.820508793356580446e-02 -4.325609793237776037e-03 -2.316872551056683993e-03 -1.081068459733634107e-03 -1.971488096891326099e-03
1.062133017882998631e+00 -1.929428543711291522e-01 1.881691360359711912e-03 -4.535471589860474821e-03 -8.658906449294649947e-05 2.346237205814220850e-03
1.328750224471798025e-01 1.672577130115511165e-02 -3.124219798029000128e-02 6.497992465827330880e-03 -7.778062303751576492e-03 1.554942829887712499e-03
-1.649559540439662353e-01 -1.672097640445004141e-01 -2.298461434528960030e-03 -3.898144619512596259e-03 4.244157960665778727e-04 1.539553554493990365e-03
1.508623147420443678e+00 5.199591385254944201e-03 -1.273716507746212173e-02 -8.465346788377193718e-03 -5.759257086544538294e-04 5.276047825462431770e-03
1.186020416173049430e+00 -6.191402060541382341e-02 -1.336414462628560292e-02 -2.412401886521911218e-03 -2.961175276516523572e-03 -1.025247584050166701e-03
-1.481470857926215356e-01 6.866202024807993576e-02 -4.265234896231483858e-02 1.732910370058417552e-03 4.179702244582799743e-03 -5.484559216605950152e-03
-1.579894958341783617e+00 -2.216985600201112211e-02 -1.120828862161696131e-02 -8.515949613334978380e-04 -4.240623543274026248e-03 1.732679228977142792e-03
3.281392241049881697e+00 -4.996537064212538265e-02 2.677064314335686826e-02 -4.634851381317580538e-03 -2.925444306161871164e-03 -3.780104692558735897e-03
-2.938743156927064337e+00 1.295918778000670069e-01 1.750737024688604412e-02 2.795930598694343957e-03 1.380881274913919573e-03 -1.596913430630047832e-03
-2.932516616227105910e+00 1.148054271638246533e-02 4.986578235303736756e-02 4.522971888008720681e-04 6.484194382031785095e-04 1.119493926762573635e-03
4.159140826484264863e+00 1.003863461823852193e-01 5.407947234864643460e-02 4.790372084685465444e-03 -6.211609355588947274e-04 -2.558253679892354897e-04
2.836634981109904086e+00 -9.942587307655123552e-02 1.940680069171132546e-02 -7.818001312438699682e-03 2.561398744620808801e-04 2.669151049979207220e-03
-4.626549986723845209e-01 9.044107595069704464e-02 -4.587142529144368902e-02 8.927801922351277786e-03 -2.900791824328647229e-03 -6.246103112063442972e-03
3.887183835743996507e+00 1.241182556275094301e-01 4.198562912264308666e-02 2.267708301868983159e-03 2.305184058065677753e-03 2.492610721933959800e-03
-3.459921430097398498e-01 -5.150992515040329900e-02 -2.019904767357612665e-02 -3.866503280515579707e-04 -1.529443119136160044e-03 1.761486623864140294e-03
-2.672708371165278596e+00 -2.979428405264761617e-02 3.484556529873157615e-02 5.650090433513783655e-04 9.124876433697499652e-05 -6.747366851576474134e-04
3.148819419612169934e+00 1.035232242576426542e-01 1.573936232939487923e-02 -5.090303393144184757e-03 7.072262812139626549e-03 3.313664373970888564e-03
-3.526941796018655539e-01 -6.931519265794028328e-02 -1.602667184899422489e-02 1.543707172398168289e-03 4.526645982984325162e-03 -2.397556750672795965e-03
-9.552349661463679364e-01 1.539897944325227010e-02 -2.917479810735872439e-02 5.816729443813927099e-03 -1.839658109076955893e-03 -1.351259508183377377e-03
-1.425015456009979031e+00 -1.710267590822489581e-01 2.983564624332442697e-02 5.849631753911153172e-05 6.399329631321380198e-03 -4.566747924902482200e-03
-1.309276610872907698e+00 1.923656797526930931e-03 -1.867156787111299773e-02 7.745706803276719218e-03 -5.387688618988810581e-03 1.679370524435354101e-04
-2.482797512883542446e+00 7.351606874890201371e-02 -9.114581223777666608e-03 -3.038704869170329170e-03 5.107074256230037480e-04 1.609071662476329332e-03
-2.133094701183375186e+00 -1.682667196507680596e-01 5.639001092695919426e-02 -5.005371398938376036e-03 7.815390368101460955e-03 -4.429708981446198700e-03
5.357295547765375865e+00 1.492241936291167081e-01 9.678807248883297687e-02 4.520652630477855691e-03 3.446309591963688971e-06 -5.357825124562952054e-03
-4.353812809143843832e-01 1.028523550511827728e-02 -3.032532083729362615e-02 5.295423482158604332e-03 -1.077761896322404532e-03 -1.801018276769696070e-03
-1.044881652800046856e+00 7.116547128311865450e-03 -2.311308420149244328e-02 1.733162609383480856e-03 -9.878067627438690771e-04 -2.247628475886851405e-03
3.245334313534824489e+00 1.104751973268197629e-01 2.193900156769424889e-02 2.766002676669885533e-03 7.806034726959710200e-03 2.838518061765143291e-03
-5.390055643920363959e-01 -1.880076206661493790e-02 -2.377084348225141572e-02 3.306748083649545765e-05 -1.744188132354139182e-03 1.130849962165955620e-04
2.303362283190050874e+00 -4.157366844145665707e-02 3.217066661164809838e-04 -4.778467138097612231e-04 7.917837710152237848e-03 -4.678810072650468150e-04
1.586000513936668410e+00 -2.220904029733237195e-01 9.374130432943765523e-03 -2.719263097015254312e-03 -2.451142254920150865e-04 4.256570247071284757e-03
-2.748174065604365612e+00 1.345471489941183485e-01 -1.008347408634401726e-02 9.164900885522326603e-04 -3.281029536249902966e-03 4.817613828835542729e-04
-8.843992540252927359e-01 -3.155551689575529506e-02 -1.775307771761525794e-02 3.690820848918648089e-03 -5.331928997894787303e-03 -7.454198099876931148e-04
2.395531114328861566e+00 9.983918124910754963e-03 -1.132400291624836679e-03 1.325949545589380626e-03 4.486825848278475082e-03 1.563138543814997748e-03
6.532299500085061439e-01 2.006449958696755742e-02 -3.128047201822519580e-02 -1.257436329895215326e-03 6.466199550391983023e-04 -2.813609561533481074e-03
-1.110965198209816540e+00 1.188574573449216187e-01 -4.775281179362653172e-02 8.457771043672311639e-03 -5.855958815577343157e-03 -2.935732462792133967e-03
2.433924097490352434e+00 1.184170655211349704e-01 -5.481635878754852198e-03 -3.647456641077484810e-03 2.728550226411705949e-03 1.063962542325705071e-03
2.243145598685660325e+00 -6.907068705789891306e-04 -4.184643221002317184e-03 5.857033325478645976e-03 -2.632323102400877923e-03 -5.113220655930808718e-03
9.468478398152075926e-01 -1.614926556442922712e-01 -4.014483223434279872e-03 3.760600953369208459e-03 -1.267334319044148908e-03 -2.196864501322922606e-03
9.105158673253148649e-01 -6.344898858623186644e-02 -6.819487536883249608e-03 9.674178592690999001e-02 6.363493397824627855e-03 5.067602413230393524e-03
9.179459460761607570e-01 7.631892946092524999e-02 -3.451677714911964567e-02 -3.151488580140880246e-03 8.671573516099513948e-03 1.605752053506654189e-03
1.157895464126220464e+00 1.861053904298049996e-02 -2.076694303233362834e-02 1.637569061512915381e-03 -6.790773406215429298e-03 -1.310323825653964425e-03
-4.006570182202109365e-01 -1.253160687510121440e-01 -6.510509717702972834e-03 5.061197278590746310e-04 -1.261607067828936788e-03 2.666203797149258731e-03
-1.231022074267430932e+00 -1.668923660280646412e-02 -1.456721145859642130e-02 4.714408980981946509e-03 6.236040744187112527e-04 -3.630648886446377014e-03
1.080999949458214759e+00 -2.420145352087366836e-02 -2.114356402719228673e-02 1.175841789842524887e-03 -4.768837408133345425e-03 -4.950650221354120813e-03
-4.056629097607232559e+00 9.346040116011911092e-02 1.272092779067106882e-01 -4.137827180515736211e-03 1.653566250100355333e-03 1.308058832608343996e-03
1.682182595084788845e+00 -1.946840423397834530e-01 7.694717749292465103e-03 1.462149871369541345e-04 -1.128845851166895712e-03 4.035472270322429389e-03
1.695824093947359001e+00 8.814088156636530613e-02 -2.180030182066100553e-02 7.658902004766555624e-03 1.137926401647383146e-03 -3.185845878164457468e-03
1.989144190953337832e+00 -5.644910546249696376e-02 4.311021722106887256e-03 -7.893432079983952326e-03 -4.947712847335176793e-03 5.789217718986699318e-03
-9.999636827900220126e-01 -1.018855972454306424e-02 -2.321482974537717250e-02 -4.999569467249987548e-03 -2.564195439484538621e-03 -5.572813117427472505e-04
-1.775850705808509344e-01 1.478269960138598946e-02 -3.196347201197091703e-02 -1.904381820594714487e-03 -1.691140599300908860e-03 -1.141291816524568235e-03
-7.187432776904198461e-02 8.353443389627003557e-02 -4.440217649822900819e-02 6.376895343650143544e-04 2.603071019933858154e-03 -3.030158161166425935e-03
-6.522339793393722163e-01 -7.947047455339635580e-02 -1.290309796919336671e-02 -4.141364834302125458e-03 -1.537450102134544196e-03 2.593457453481320604e-03
-1.689400500926915516e+00 4.455183372000229985e-02 -1.874954951156671337e-02 -2.650838771091918594e-03 -6.758272364119356475e-04 8.146935636373203705e-05
-6.683160012159226060e-01 -1.129204665779884841e-02 -2.398296023925938769e-02 4.327223886579079082e-03 4.826611918466654043e-03 -2.435465306108990091e-03
-3.466538404972556719e-01 -1.584023008908136132e-01 -3.542130555008221778e-03 2.455025853834779358e-03 -4.712368322582923788e-04 1.308918014647351968e-03
2.460213811020810937e+00 -9.721238149951960672e-02 1.044298507089658212e-02 7.239281297356461474e-04 -5.278615069178703954e-03 -1.939530485370097432e-04
3.049600560249042802e-01 4.516071093666362835e-02 -3.494037977047489973e-02 7.318061506690295460e-03 -5.310678606019049279e-03 -2.834361975694569928e-03
-1.775078650149688464e+00 -9.511036323887826771e-02 2.117730372222773050e-02 -1.391886470850415029e-03 3.044497607417561303e-03 -9.145477132445311826e-04
-2.566796670747674147e-01 3.840959096685304941e-02 -3.645164497977386453e-02 -4.751499739981060325e-04 3.800192118733385950e-03 -3.000858856029158927e-03
1.420269206987068711e-01 2.000347651688384396e-02 -3.305038037669131429e-02 4.277687614424097173e-03 7.880206041286761179e-03 -1.840860562228357122e-03
-1.157755483355424220e+00 -1.095563291362341429e-01 5.212291161607097469e-03 -6.427299547826394524e-03 3.049091827257947342e-03 -3.380515407060663557e-03
3.344174720178099580e+00 1.171122382770077019e-01 1.690197299375854542e-02 6.611245545113751849e-03 1.986629267022740029e-03 -7.897379866820443059e-03
2.880646773795087601e+00 7.536291118531218691e-02 1.116784786372300962e-02 -1.072004898218288822e-02 7.163063047286902588e-03 9.231354837053092413e-03
-1.707480311892955460e-01 -3.919510387640488119e-02 -2.296047923269246491e-02 -5.521810734307584616e-03 -1.097556750213129649e-03 -2.284226729494976294e-04
-2.438236496279118093e+00 5.196166926635341354e-02 6.597387428640676468e-03 -1.142200205288400978e-03 -5.632221509519209348e-04 -1.698382786284366409e-03
-1.508550053898069399e+00 -2.815240601835959644e-02 -5.181151201300914465e-03 2.041382167152163644e-03 -1.644161404284600692e-03 2.473817683412073034e-04
-1.438667111376547902e+00 -1.304236940406389433e-01 1.474377289280686711e-02 -4.376608540644789935e-03 2.968346994641890297e-03 -9.979782558753697800e-04
-2.343108154078429983e+00 -4.391798187069785586e-02 3.076990009526815381e-02 -2.724146697149240886e-03 9.182598023317591280e-04 -1.119238711353394205e-03
-2.233137286253712439e+00 -4.566825510263246291e-02 2.096102849384361491e-02 2.732784116624321241e-04 7.447971583487943137e-04 -2.560578375510731870e-03
-7.241797792963391434e-01 -1.085774672496451349e-01 -5.991444798916536509e-03 -5.151294806649625406e-03 1.379821971967325894e-03 9.430558746577139212e-04
2.917839397869947504e+00 1.807961058380520847e-02 1.748658788027436864e-02 5.259995085590914513e-03 -5.415237769920685845e-04 -1.566204879017848604e-03
1.254225262763992710e+00 -1.135597159008286394e-01 -5.379008190783431814e-03 4.018232018139727621e-03 -5.052427274456966662e-03 2.490098334250816746e-03
-1.075780074943813558e+00 -5.746885964226858268e-02 -1.275648759536666434e-02 -4.065274807152466190e-03 -1.658519656827020733e-03 2.826052196353544873e-03
-9.302713702946161511e-01 -1.032686112644550375e-01 -1.910540602943557997e-03 9.661783767502522434e-04 1.022467402115321286e-03 -7.035612869328829524e-04
-1.920127925463868346e+00 8.443253157952785790e-03 2.415693371037004079e-03 6.820581461800445579e-04 4.649241585108220692e-03 -1.599265369633446569e-03
4.241841385880276705e-01 5.487489506275000650e-02 -3.438832681430792348e-02 8.754265768441385834e-03 -6.891404592897827468e-03 -2.291080144226973598e-04
2.228926410878757092e-01 -1.478102971624035422e-01 -6.466548674017627216e-03 2.111307224417998708e-03 -1.481559570522983371e-03 1.604885643150716834e-03
-1.513238015403126413e+00 -1.306533083807733808e-01 1.786398593740421217e-02 -2.555048000148581102e-03 5.813609973374161619e-03 -2.838067345545515052e-03
9.938605834656619731e-01 3.169956263690348885e-02 -2.611152496088740491e-02 7.385884757178969376e-03 -6.137236728761623003e-03 -3.134363210614800593e-03
2.325357668544812295e+00 5.880633103121308408e-02 -4.811137836853147595e-03 7.221099011573677701e-03 8.232728662774658861e-04 -5.829548745782335561e-03
4.703405889476266338e-02 1.903388477915279875e-02 -3.375752617845444864e-02 1.030754739342933622e-02 1.881525643232539059e-03 -8.448468160892827483e-03
9.233103476672275267e-01 5.425665639523720440e-02 -2.854077086760557075e-02 -4.726666723236806408e-03 1.942085877843046813e-03 3.140820017165547092e-03
-1.833113214313275341e+00 1.492090258157976190e-01 -3.908635672677261697e-02 3.296985409558693923e-03 6.622667352570444678e-03 1.677077715409247593e-03
4.291583337257753872e-01 -2.217382519098937133e-01 4.463532906671206953e-03 1.275185291251307437e-03 1.640406914545826725e-03 2.630446434315968866e-03
9.748764141506861824e-02 -1.507230418252997750e-01 -4.870536294641382435e-03 1.450554222727801863e-03 -1.407972549268208563e-03 2.204047396771379851e-03
-1.887765004267828450e+00 -5.824513629187942632e-02 1.270698592238302463e-02 -3.402696573810010117e-03 3.206157956064239339e-03 -1.708744849456071127e-03
-2.651292858779014772e+00 -7.263708333146207119e-02 6.150462992322236477e-02 -9.068381578941404507e-04 4.539189673665602366e-03 -3.669850148727070265e-03
2.329642614834577685e+00 -8.999953242356688310e-02 7.805932377398490732e-03 3.990732455313259625e-03 -5.114437425818931654e-03 -3.023883329294926284e-04
-9.101509395300499961e-01 -6.474228467397595554e-02 -1.165198052142590174e-02 5.598968954905897584e-03 -8.644661862618925607e-04 -1.942158761128200432e-03
-2.454009367868870584e+00 2.670981909517022163e-02 8.869891027488172736e-03 5.883073338328518144e-04 -2.019072263129261663e-03 -5.285987931576754126e-04
1.736867465911019481e+00 -2.221250052619563528e-02 -7.697073573151137250e-03 -8.547126059961694623e-04 7.182886548076239267e-05 3.016720158160806579e-03
1.781683229786666933e+00 6.959841818019465998e-02 -1.718292412267981642e-02 -6.032441649683206036e-03 4.686178227160541290e-03 1.885300530309976831e-03
-3.035026040051759910e+00 1.562162615187198400e-01 -9.721346373127192839e-03 -5.054762799337844149e-03 -7.871246542552818356e-04 3.749833826382796987e-03
-1.410188115887678340e-01 -1.036863647795714105e-01 -1.183572872534663541e-02 -3.092311423627031822e-03 4.953151288739804023e-03 -2.524666451068417164e-04
4.787753377177110803e-01 -7.897888497694349752e-03 -2.756170745079621412e-02 -7.345993046678954419e-03 5.780006750582883900e-03 3.022555372558862787e-03
-3.263029033561547276e+00 1.493947528230092636e-01 2.154978389125664431e-02 1.406590515300050774e-03 4.522362424989295857e-04 2.533505464741232283e-04
-1.679283601198348297e+00 2.410386972530354464e-03 -1.472794364527437068e-02 -2.535890632737820751e-03 -4.473013872716693150e-04 1.171568063936964665e-03
2.125307513483253974e+00 4.802786037423163040e-02 -1.110930071161573759e-02 -5.815282647816616066e-03 7.930361254408156355e-03 3.013813503245454158e-03
-2.375362760283543373e-01 9.197421908625547093e-02 -4.573582329523408208e-02 -1.287625072035158361e-03 -3.033241438114665529e-03 -1.950923169385710993e-03
-1.692017285700089912e+00 1.474258201057077333e-01 -4.417762511253203739e-02 -5.358614758605621288e-03 4.432895106166395184e-03 5.384498636015116156e-03
