-1.410203512702314699e+00 -5.641894867852853546e-02 -3.321117153506156303e-03 4.798184276615313076e-02 1.678386491712057643e-02 -1.105742533289764788e-02
1.687797303158617183e-04 -5.581517137965872699e-04 -4.267783777219458924e-02 8.844045766249947801e-05 -7.314824198947044755e-03 2.283498082205328498e-04
-3.744473449455304470e-01 3.742771141855158901e-03 -9.482925286900164771e-03 -3.028081674260782105e-02 -5.322182144712788582e-03 5.095561615561756269e-03
-6.684276082185585111e-01 -1.795986842710876538e-02 3.343022180944366789e-02 2.907377722433399786e-02 -1.108822779812903246e-02 2.523930297330389400e-02
-3.318694410483060686e-01 6.533251643194233627e-02 9.699289080708569863e-03 -8.915216304626981739e-03 2.487732964897810053e-02 -1.666909860085012338e-02
-1.177777432908380550e+00 -4.762246569476205615e-02 -3.537352357617179043e-03 1.318268761776062933e-02 -2.202386520670992359e-02 -2.620722052206600830e-02
1.029428412174245189e+00 -1.146371175018705800e-02 -2.743204209148582956e-04 1.206328120590731759e-02 -4.684746286592105999e-03 -1.215511204189609513e-03
8.700012707123795652e-02 3.091854058812130730e-03 -1.416856139127610145e-02 -1.302056879993651432e-02 -4.616315562392743661e-03 4.063853556593654930e-03
1.060251890215992143e-01 -5.784795130161441215e-03 -1.865340364681841029e-02 -1.052886121983962961e-02 -8.784091921933263186e-03 2.464659075746890651e-03
9.703823165786116256e-01 -2.169988071807888493e-03 4.710520719647251497e-02 -1.390861453861147803e-02 1.501552123164829862e-03 3.034792148692727967e-03
1.379211887817398230e+00 -1.340329173539653307e-02 -1.248739066208445249e-02 3.313346448404094757e-02 -4.209420617930127381e-03 -7.991360920808970175e-03
8.255825729440438021e-01 -6.256350345347921199e-03 -8.240546455340365742e-03 1.166332914311585776e-02 -3.244820208081748269e-03 -3.427952410030040472e-03
-8.523096487170360724e-01 -3.527056442329710301e-02 2.344828834187545966e-02 2.030448182518987052e-02 3.904912102340738628e-02 1.475428193888496387e-02
-9.577539200064092428e-01 -3.364233918447875199e-02 5.996754840288925220e-03 2.015029378320320336e-02 1.259189497356295005e-02 -6.271380366559342785e-03
3.619610133530870577e-01 -8.147609311824911826e-02 1.888436441805095339e-04 -7.517622933062082305e-03 8.568512472277281522e-02 -1.203717782489550046e-02
1.265978999623337931e+00 -1.206406386521722413e-02 -1.034534363758344080e-02 2.841734495638307059e-02 -3.774496383183057781e-03 -7.200293626514078435e-03
1.728564220262127415e+00 -1.616960446189657022e-02 1.675470482452651177e-02 2.814721415525033021e-02 -2.635183867481851686e-03 -4.977001527579651835e-03
-1.723740638956162419e-01 6.304114286146007828e-02 -2.590448453315595100e-03 5.361743082112297408e-03 2.577225304843590303e-02 -2.186817319224406211e-02
1.939690189979588197e-01 1.297318135566210380e-03 -5.779737822144071641e-03 -1.268912214275878282e-02 -3.425926043555553406e-03 2.797939413006323740e-03
-3.363322077568068891e-01 2.971120099938062437e-03 3.037159147134029999e-03 -3.716693517815620323e-02 -5.769095080201490540e-03 8.764794663854340653e-03
5.147783049919681803e-02 -8.234546538071761679e-02 -2.442797768189442983e-02 -3.184188036555941903e-02 1.030075824405697338e-01 -1.962729111968910742e-02
-1.154378528165640905e+00 -3.846895733906938175e-02 -2.008298587771954399e-02 1.287909969719930846e-02 -4.930079141374967694e-03 -9.606353532604073459e-03
-1.030044467802979868e+00 -4.142532436654831202e-02 -1.146991431191351878e-02 2.749781443904126751e-02 9.053390190149441033e-03 -6.597831469386397987e-03
5.078468796820888587e-01 -1.059735327688196733e-02 -3.997641793027467000e-02 1.711135835018108564e-02 -7.733886745730284527e-03 -3.996151480677975591e-03
-2.299611241175636145e-01 5.861868074957030106e-02 -1.812194032999498577e-03 1.612886176063754728e-03 2.372311709653115996e-02 -2.052329336590428058e-02
-9.289221201640144310e-01 -5.333878987538614308e-02 5.096983845311604117e-02 2.289213613175863568e-02 -1.491430360065082103e-02 -3.891170447666122967e-02
-1.591593785223978375e-01 2.659454807480765635e-04 -6.879179340091762067e-03 -2.470860771006890694e-02 -5.501757735217749010e-03 6.077110992825452210e-03
4.166079487517158619e-01 9.546368784452371505e-04 3.342385313064589331e-02 -2.570764919134329793e-02 -5.144841208976754995e-04 4.882703733938034869e-03
-6.992404530724565248e-01 1.297124018896087666e-02 -1.527464351729279461e-02 -3.521016450741691617e-02 -1.303777421993076004e-03 5.543049535110838866e-03
-6.249143355251096654e-01 8.803261645858709988e-03 -5.092636233419588210e-02 -1.454350224454621296e-02 -5.211080691658026738e-03 1.696834937705738290e-03
-7.497318224297226941e-01 -3.080100875941032754e-02 1.117402860954604116e-02 2.841375238985796928e-02 1.449945443750335836e-02 4.252442658633055587e-03
-9.196868768397883365e-01 -3.800769702596411975e-02 4.333903237844098644e-03 2.291219689612949625e-02 2.855248442748999430e-02 7.981620759961838285e-03
1.005287371158704479e+00 -8.098954972939399408e-03 -5.935917992436988248e-03 1.596381083175008389e-02 -3.561923826838186286e-03 -3.609044815615703068e-03
1.588992023920629271e-01 -1.243543626249122708e-01 1.795735804178127601e-02 -2.143963434888465983e-02 8.636697668576241715e-02 -1.719050474900740699e-02
-6.289132121907123896e-01 8.504583369745494226e-03 -1.456040105773376628e-02 -3.415482945598468517e-02 -2.093450368279326911e-03 7.095645132668306279e-03
-6.781009204049828210e-01 1.683206944498226998e-01 1.059879839904055362e-02 2.501151441847315055e-02 5.493988981734759022e-04 4.045622022922646874e-03
6.000498787434669495e-02 1.902719310453515958e-03 -4.507100323942391656e-02 5.513247463860220833e-03 -5.362278621452508214e-03 -2.187831389078694067e-03
-8.459375089244866031e-01 -3.319815442027215097e-02 9.192925129613796487e-03 -8.882523287628014963e-03 -2.018019594081624929e-02 -1.535960448264726309e-02
-2.593500366742810814e-01 4.016610244194149595e-03 -5.493900004064102699e-02 3.195609090108862400e-04 -5.553394880480273452e-03 -1.489759280892432800e-03
1.337758508595890072e+00 -8.293740466099194797e-03 2.427921373638616126e-02 1.106981443560165791e-02 3.842165761458024489e-04 -1.202124072951185401e-03
-7.491496312787706557e-01 5.761152521260962632e-03 -1.236574984979420429e-02 -4.317113271690462689e-02 -6.862637658445759278e-03 1.017796306469368438e-02
-2.206906517173877202e-01 5.394746237024907257e-03 -2.643359852056961778e-02 -1.400499865179681731e-02 -3.497307256197914292e-03 1.976245467773620791e-03
6.976325396973164228e-01 -5.608934970623386478e-05 4.210043773093153502e-02 -2.209612535479317172e-02 5.520905037512284833e-05 5.574996108469755345e-03
-4.727216934790410829e-01 1.960791265794041213e-03 -1.366032044501375164e-02 -3.436495332818746001e-02 -7.908236503820517335e-03 9.501286944867026046e-03
1.967736484060836344e-01 -1.105141127257916467e-03 -1.155194296535203002e-02 -1.002426163455388645e-02 -4.902099243889067835e-03 2.345811451381916816e-03
-5.551618973504539589e-01 -4.032295460803006493e-02 1.818858218010662234e-02 2.889641677186385524e-02 -2.373422111992094883e-03 -1.115515102098399956e-02
2.374652651972395112e-01 -6.534256740765984062e-02 -2.879708285802951712e-02 -3.228930515138152962e-02 9.635910302456611454e-02 -2.245510655904507311e-02
2.203104673936756852e-01 -1.950269206279766189e-03 -1.654425290003825461e-02 -5.836324385757618929e-03 -3.502972658935681657e-03 1.981537439473914086e-03
1.199895472510073668e+00 -5.475686518167539700e-03 4.759189806845909310e-02 -8.493103833696688185e-03 -1.236948735387777287e-04 3.391850569438933146e-03
4.952570810707394577e-01 1.930391466285542347e-03 3.485726996610302719e-02 -2.436659711498320377e-02 5.512688763102815493e-05 5.558412332767617703e-03
-3.739073515344207288e-01 -1.909076049117341620e-02 4.445010957211319863e-02 4.141441402429104496e-02 -3.951875790760875362e-02 2.513666660943767069e-03
-1.099176461459125509e+00 -5.557265536065059131e-02 1.232623282121809299e-02 4.240201911462085360e-02 1.533849964690912546e-02 -1.276032970087293862e-02
1.362815044451306079e+00 -1.018600784959352613e-02 8.835027650038809743e-03 2.045618363759902844e-02 -2.219627122208323814e-03 -4.401929277303236535e-03
6.224364042343802916e-01 -7.080519182079279134e-03 -1.373893696236165585e-02 5.500819558631095917e-03 -5.818521543955366970e-03 -9.924549596580063086e-04
-1.570305681712718671e-01 4.357528473477194353e-03 3.778441295579412621e-04 -2.925886811221777017e-02 -4.093123094726357561e-03 6.825296075883513676e-03
-8.187226203318727080e-01 -2.644124072763084574e-02 1.453073822650490822e-02 2.153817077591824170e-02 -3.382697799475963690e-02 3.069494698593500407e-04
3.298709979527792990e-01 3.190785131327690278e-03 -8.681201445369131700e-03 -6.150914860814887634e-03 -2.772831916981765600e-03 1.918653373992673184e-03
3.187194548236775282e-01 6.585611748364689775e-04 -2.897502992338251565e-02 5.195950406477566411e-03 -4.357374583704710230e-03 -1.466126680020479918e-03
-7.722714070454738122e-01 -8.135294263604224765e-03 -3.648981539769879327e-03 1.590523661016565032e-02 2.326848707772263131e-02 4.349263967824409938e-02
8.211601575415241605e-01 -1.051222110957497798e-02 -3.375141363520751947e-02 2.333318214070436575e-02 -7.352217231613725895e-03 -4.677616640993632197e-03
9.704160480479999407e-02 1.212599074177018454e-01 1.548258495187740391e-02 1.764693169742436590e-02 5.848654143234523423e-04 1.349202961190738414e-03
-9.875807256592230576e-01 -2.156574681182358080e-02 -9.092245514961556571e-03 1.960882602665444188e-02 3.024789932505538015e-02 2.414865045160716206e-02
-6.468212662012456926e-01 1.259682382531026046e-01 7.013316488934672605e-03 9.480703570929637815e-04 1.206919988511480704e-02 -5.616409855096758316e-03
-8.572058106950105616e-01 -2.003530754576472381e-02 6.463983640125345494e-03 2.767321005017516974e-02 -4.599005686675532861e-02 -5.055967000157370397e-03
8.002782162594253013e-01 -1.798322591742075247e-03 -7.302456609593720692e-03 1.242128008725290784e-02 -1.519268654159985563e-04 -4.348741501438143330e-03
4.349738271098989029e-01 -7.573925039047520874e-03 -2.643752015432662694e-02 5.060443025904963477e-03 -7.048095314023234380e-03 3.628550740620590381e-04
-6.723071141800112116e-01 1.376972389726240364e-01 -1.818940608112291912e-02 1.942114671381504551e-02 3.912545105643937086e-03 -3.923038868317953350e-03
-3.580710571985891155e-01 -1.663384237733335144e-03 -5.345788578011441416e-02 -7.037218969567687887e-03 -8.670751839748481668e-03 2.029669808639237606e-03
-8.493034767114695516e-01 -1.851236450467061076e-02 -2.604223134762586114e-02 1.358035729284853832e-02 2.693431033316398548e-02 1.552996513179387590e-02
-2.764671371055016369e-01 3.771034830877580644e-03 1.631290526607527894e-02 -4.298045367459679689e-02 -4.648090031055492934e-03 1.121642644128128564e-02
7.498821445576694389e-01 -5.811514825294021754e-03 2.895202063269570938e-03 1.324704586159092083e-03 -2.764651470544160407e-03 9.175753590879265039e-04
5.856285554365942003e-01 -4.836025627407994354e-03 -1.714046339631562126e-03 -2.716496424231021074e-03 -4.744871449053543813e-03 1.441254969517916573e-03
5.246213667037279427e-01 -7.079893851393802544e-04 2.192560080423301694e-02 -1.704964946759969860e-02 -1.936810019295635800e-03 4.291633086651492832e-03
1.353416842913073070e+00 -1.173220074778206536e-02 2.729925800263650892e-02 8.895425917783354730e-03 -2.057336903359740631e-03 -5.448069374229748581e-04
9.206283801897642283e-01 -7.633261308502734335e-03 1.734844707423066276e-02 -1.941196773469284782e-03 -3.310645249605820468e-03 2.195003320136731419e-03
5.014810801073362745e-01 -5.963411397761700372e-03 -1.400781628433227233e-02 1.604304215746317269e-03 -4.726620496562254810e-03 6.287454070785372185e-04
-2.965983914100294161e-01 4.513825020045063655e-03 -7.960924704425914600e-03 -2.866003018959468324e-02 -3.215332216741447705e-03 7.552416285620084171e-03
1.257852757126733056e+00 -7.574757333721985481e-03 2.582122430156860368e-02 6.576165439813315243e-03 -1.331589593330961612e-03 -5.437348951420512303e-04
4.693701847216208978e-01 -4.615402530667797251e-03 -2.061071650954738807e-02 4.005569924133635558e-03 -5.869815247350610062e-03 -2.580278278553095606e-04
5.167503919202885987e-01 -5.074472736699914624e-03 -1.770564260325633524e-03 -5.457220018538364893e-03 -4.455202707678989314e-03 2.831451910844940290e-03
4.177155363250910636e-01 -1.897306180965993138e-03 2.836174535314955891e-02 -2.358015055049610120e-02 -1.969785309686261816e-03 6.084727363775359506e-03
1.689102467953284836e-01 1.432005614146450629e-04 -1.641998354993160977e-02 -7.164013185575856223e-03 -2.619516178106102901e-03 2.214392919811811709e-03
1.788856140549945017e+00 -1.389947582406687518e-02 5.423298877144071967e-02 7.944542607531907344e-03 -9.570073106916221223e-04 7.198387487140360703e-04
1.062556978282015008e+00 -8.604966096253895830e-03 -4.679230961003482889e-03 1.858072131025837598e-02 -1.221454870731978996e-03 -4.319307520668811545e-03
1.946092342441429202e-01 -1.781076925773678130e-03 2.070042077102892883e-02 -2.762237263984810079e-02 -4.519635219731814486e-03 5.719730850368387812e-03
-1.857674921625726561e-01 2.373441051951914564e-03 -1.432346531038055162e-02 -1.763537578945586354e-02 -2.150894750660193276e-03 2.568851766434578597e-03
-6.516712973268374842e-01 1.068592407558916456e-02 2.169053179540728039e-04 -4.026369409343694139e-02 -8.078800220281044621e-04 4.350779933937402172e-03
8.574324955339305276e-01 -1.103298345239416348e-02 -1.175883909147598964e-03 7.009105569980285909e-03 -5.509705396358853015e-03 -6.629075900612147474e-04
3.856327941327173381e-01 -1.667408674669233672e-03 -7.404863640789410492e-03 -6.598051429720423050e-03 -4.647504636007324282e-03 2.660660035853445668e-03
-5.871516003846813936e-01 -1.076597267238832284e-01 2.769064463970842549e-02 -2.034416987636981228e-02 -6.456641306494044497e-02 3.720441832775631119e-03
2.003779118081243371e-02 -2.761624920930869174e-04 -3.307702994051877482e-02 -4.366998712828256898e-03 -6.332041285496568285e-03 1.161931570970064576e-03
-8.094504487530654324e-02 -2.213034310232631259e-03 -6.242495540384736946e-02 8.191718464617362555e-03 -9.007391847592980186e-03 -2.059224863716062337e-03
2.133825901066712383e-01 -9.237031687044724645e-03 -5.486988570030493229e-02 1.286863573513702223e-02 -9.929255274921680585e-03 -2.124317226499934826e-03
-3.518998919087729660e-01 1.373813061337300356e-01 3.500359096818889907e-03 1.477743127309127588e-02 9.961699912218091504e-04 1.491392515092295227e-03
1.221514632405750200e-01 1.650288268834894856e-03 6.035437313598202578e-04 -1.816222160676726760e-02 -3.052647971245805916e-03 3.164540940150403683e-03
1.041709566836120038e+00 -8.996745373115807784e-03 5.752632764897517431e-03 9.868183827121070409e-03 -2.833145269128279579e-03 -9.462654173692596577e-04
3.624873146692190184e-01 5.435096736723242679e-04 3.392704832564543208e-03 -1.181221694495463576e-02 -2.587896689362168164e-03 2.833527577320132419e-03
-1.295997748580363540e+00 -3.551642453479812722e-02 -1.690271740445671231e-02 4.304097203473093020e-02 1.404199540136297393e-02 5.178506682919599598e-03
-3.980112410085985264e-01 1.204744248066460383e-01 -2.165725182688586770e-02 2.373547847059123694e-02 7.719270096460124041e-03 -9.779350623298283668e-03
-9.281313966781878921e-01 -3.287696556694310462e-02 1.154304446107741119e-02 1.417639705644629586e-03 -5.603977079543507635e-03 -1.044239164378976854e-02
9.635807112828485843e-02 9.161992706044166154e-04 5.814943437260721056e-03 -2.278281628622095753e-02 -2.780556984579218068e-03 6.166241717074900583e-03
5.182087225368262606e-01 -8.687745618038493836e-03 -4.883745138792846413e-02 2.240510186455870606e-02 -7.752459008055890763e-03 -5.693964370852301268e-03
-5.376065852063786031e-03 -1.177764551930819692e-02 4.861501841431350654e-03 3.860554511802716249e-02 1.579523295779635544e-02 3.752712311538496798e-02
-7.875073565797073849e-01 9.006672936002955987e-03 -2.360392534156771638e-02 -3.419299422723644233e-02 -4.324328420689161137e-03 3.738686929605382434e-03
3.796327472083095844e-01 -7.423657922309508453e-03 -1.274298610033048652e-02 -4.612898080391285467e-03 -7.567334830568488331e-03 2.274454228130209140e-03
-4.465196252987664316e-01 -2.302907109580570530e-02 4.590010706651104916e-02 5.339301370969188471e-02 1.941539569469500357e-05 2.965319348925391299e-02
1.190615621673016822e+00 -6.893025216552919367e-03 2.599599590815188793e-02 4.158067444103644150e-03 -1.218009494974202833e-03 -3.329509385254937463e-04
-4.215803689772830154e-01 -7.628829729054882602e-02 -3.265836112767234872e-02 -1.264242594298943707e-02 7.895554420547562513e-02 -1.120149958546764329e-02
-2.553466187118502151e-01 8.353094633641434605e-03 -2.985435179631214589e-02 -1.313240835953583159e-02 -2.818297016047841864e-03 1.991682875506924164e-03
2.402400817033508718e-01 -1.324225873832341194e-01 1.351580444717993303e-02 -1.590084224332474067e-02 9.266411646872101116e-02 -2.077680828512840083e-02
-2.899733868410980242e-01 4.776446031319274595e-03 2.407700474377893335e-04 -3.212270675069781034e-02 -3.828816504979984121e-03 5.568321764374716508e-03
3.137392916674125454e-01 -2.003130846375725683e-03 -5.366271908859309575e-03 -9.444826969451551937e-03 -4.602139846416089010e-03 2.185108073432676015e-03
4.299535897546963858e-01 -8.856137943006325841e-03 -4.184372280402577637e-02 1.349050492941057146e-02 -8.020467168370595118e-03 -2.165061474070122810e-03
-6.230614383334379808e-02 7.241874928080177520e-02 2.689201999350033026e-02 -9.904887085219996230e-04 3.248490456231412082e-02 -2.377298899270786220e-02
2.488062080233064965e-01 -4.710965278847939648e-03 -3.973404328494694465e-02 7.823034114551629878e-03 -5.789602150406762161e-03 -1.344605199634333389e-03
1.419046530536285822e+00 -1.170130755163448048e-02 -2.369086949372477616e-02 4.337229188082215164e-02 -2.151758106194733271e-03 -1.173870214566245102e-02
1.008243420453527328e+00 -5.422499123737261652e-03 -4.686017036460226985e-03 1.822694666241370803e-02 -5.155969508210858209e-04 -5.797040215009517834e-03
8.491613990263884304e-01 -1.265053282925305764e-02 -3.522101208465563266e-02 2.577658998917067845e-02 -7.705300656202361542e-03 -6.224718361545508553e-03
-1.062864359916592782e+00 -3.040541052750229609e-02 -4.886401588072136412e-03 -1.724729918348879426e-02 -3.086497662802262926e-02 -2.054278629798736780e-02
1.053238462110346774e+00 -9.548115207769694926e-03 -1.573598268922331289e-02 2.370892127691910656e-02 -4.015674151020586988e-03 -6.031599010724541382e-03
4.206613079850708703e-02 -5.830793618333199660e-03 -4.284701515768431224e-02 -7.010566704204707978e-04 -9.443946758044137815e-03 1.912704510481484221e-03
-7.292614320940237205e-01 -1.238702493993252066e-02 4.535353739875460505e-02 2.902929876589354502e-02 -6.548879218812948821e-02 -1.259927961513508839e-02
2.013280193008469554e-01 -7.792291633157792663e-02 -5.606970780820243715e-03 -1.580930560775139701e-02 8.560748880617767564e-02 -1.210378570052489736e-02
-9.187393749519802144e-01 -3.084808145185049394e-02 1.023644284742781033e-02 -5.420898901764070049e-03 -1.129688358703569151e-02 -1.199885345153033425e-02
2.462681481277612366e-03 2.137995159072923410e-03 3.418776383159068122e-02 -4.353917758751414679e-02 -3.962636146580293325e-03 1.105407455828191082e-02
4.381231165921217197e-01 -1.129208585035391607e-02 -5.693451163162407264e-02 2.301501737638607381e-02 -9.193303214357203754e-03 -5.224255395085218578e-03
1.739506075548038350e-02 -1.363293947308711306e-03 -1.771537764380480898e-02 -1.072710971197075175e-02 -4.234231991688597319e-03 1.841132907038192700e-03
3.250779954769832392e-01 3.622617631652224300e-04 -1.322890517922887393e-02 -4.481535748694792827e-03 -4.211953510593990750e-03 1.616102558613444684e-03
-7.773059374538325850e-01 -4.119603267229233860e-03 -3.614808118007840909e-02 2.865603419669723179e-02 3.085272777336045200e-02 4.346082425651770498e-02
1.140567701213292956e-01 5.858957719627556687e-04 -1.036607936631468024e-02 -1.413788857569374911e-02 -4.984961183324720414e-03 3.695757380807736074e-03
4.325887159334034227e-01 6.877897863639426124e-02 -1.761249978448866868e-02 2.499951240232630226e-02 5.068513556505486843e-03 -9.805131919710668650e-03
1.957060095903426777e-01 -1.334788813427195773e-03 1.130224372768580919e-02 -2.333184925617193262e-02 -4.350833164763367143e-03 6.438974877031139639e-03
-3.651829289386113175e-01 6.513670137727507400e-03 -3.824240754940276543e-03 -3.289437103426520043e-02 -3.815331512450677309e-03 6.285270862869883103e-03
-6.043333972973218282e-01 7.639628292911002615e-03 -2.285090092767250863e-02 -3.001551294694864910e-02 -4.526138341122662966e-03 5.018412533326534718e-03
2.758865643900745845e-01 -8.288930984740153912e-03 -4.537637351517292278e-02 1.052927502365743305e-02 -8.293397572643025975e-03 -1.687568813936500415e-03
3.419275680642475668e-01 5.702762540354926711e-03 4.924509458510163001e-02 -3.696048396613572234e-02 1.945195523904535463e-03 8.168875833076344808e-03
-3.858233775481702266e-02 7.179944979955606849e-03 4.778525824513304987e-02 -5.017152488078602951e-02 -1.855228451218318133e-04 1.007317861831843672e-02
-8.020694942042108089e-01 7.000601982801952193e-03 -4.772959150218750862e-02 -2.229473753587166845e-02 -6.069170375042637171e-03 2.380560580756307942e-03
-4.972469382244701364e-02 -2.139177081290658585e-03 -4.260137661165301626e-02 -6.450567340111977143e-04 -6.015873303444114160e-03 -1.413000004240970663e-05
8.046918156033096015e-01 -1.041978286940826483e-02 -1.537365768359481161e-02 1.316341907585860671e-02 -5.466647417952558673e-03 -1.941458496049794412e-03
-1.083118578778639485e+00 -2.210086398149548395e-02 -2.359588637717034004e-02 1.431568667541045781e-02 3.536914918291727411e-02 1.531216131023147194e-02
1.250837559784306663e+00 -1.321293964682000895e-02 -4.556895039083672973e-03 2.250250460594745844e-02 -4.640589568590375823e-03 -3.952667549518795037e-03
8.095030233739926029e-01 -2.962949265143126516e-03 1.832355789078748617e-02 -5.661013206600114082e-03 -2.008145064193134991e-03 2.621132283810423923e-03
-5.304021737927475666e-01 1.234326804872026978e-01 -6.552368154365637715e-03 1.212428218982929823e-02 1.022299676576454881e-02 -7.885128116053474051e-03
6.135722295094536705e-01 6.576816407602113779e-02 3.897159558583706412e-02 8.621002067348851328e-03 3.017658391476704671e-02 -2.044770929593543035e-02
-9.172026173994279885e-01 -3.821449208167050637e-02 6.085358669382364555e-03 5.804093807311568043e-03 -2.079736273677233391e-02 -2.497060797387203393e-02
4.650121265331008114e-01 -3.500443262059516124e-04 1.099247755067694551e-02 -1.389290516321686590e-02 -3.101274730601726037e-03 4.419727555712004222e-03
1.013393018331246509e+00 -1.066129808510023896e-02 -2.081893936918783813e-02 2.418103265278282940e-02 -5.414732786712068112e-03 -5.458389267596807683e-03
6.333474064023570937e-01 2.924315497319526953e-03 8.861218229518201886e-03 -3.976171945442600643e-03 2.647478939045062613e-04 8.728976914536309799e-04
2.894646782918877323e-02 -1.297792313569825218e-01 6.640840795207822445e-02 -2.656629652576327286e-02 3.171812835032127714e-02 -1.707282803384009562e-02
1.087162116290852243e+00 -4.728510872468110783e-03 4.253326549665929768e-02 -9.516478144182563548e-03 -4.213676632937153285e-04 3.420518676743730495e-03
-1.225348942336953462e+00 -4.183566538391795403e-02 1.323025203773040784e-03 4.466920206880738847e-02 3.687068319903206992e-02 3.258407349318313915e-03
3.942024232355597069e-01 -4.179712827983434777e-03 -1.806228909388621004e-02 -6.223894636544231168e-04 -6.187305652087450591e-03 9.187262448562952049e-04
-5.022538312248134851e-01 -2.062154975073029334e-02 3.086501534794819368e-02 2.793731570889885010e-02 -2.280695887252104717e-02 9.933513128637905601e-03
-2.047924015562749556e-01 7.504950167667219334e-03 5.179190736582986844e-04 -3.010710029695298079e-02 -2.682130424756920626e-03 7.085925355059152948e-03
-2.021998296646813631e-01 3.091774534430804123e-03 2.017311095885426092e-02 -3.897412214070344189e-02 -3.452865861849365153e-03 7.202039016843203405e-03
2.449617040268924628e-01 -4.663979063261515338e-03 -9.115075760414349804e-03 -1.230558346513053319e-02 -7.209638829462600151e-03 5.057764135902194196e-03
-1.077575922691642818e+00 -3.599679766790351426e-02 -2.067429037362976743e-02 2.469950759492981797e-03 -2.221094609731616779e-02 -1.897940169681084158e-02
-7.581292402173412937e-01 1.032771284456832257e-02 -3.979210307920996725e-02 -2.319179292217870766e-02 -3.213873196051784953e-03 1.867220055288601986e-03
3.254314772714321791e-01 2.226916048318139212e-03 2.876901898528279322e-02 -2.663634059008087446e-02 -8.206758472895525234e-04 5.317947994274409285e-03
-1.426341789936034776e-01 2.334243309677851673e-03 -2.250232411688638662e-02 -1.620664275502558746e-02 -5.857119762788604890e-03 3.792388914136234860e-03
4.028410414668422979e-01 -3.319824348510671576e-03 -1.876641896981657079e-02 6.314655247015732052e-04 -5.516473532009514603e-03 4.700557061690203791e-04
-1.374605023248658131e-01 -8.896370720630743245e-02 4.465129459758768876e-02 -2.159915366284981264e-02 4.783418468354498632e-02 -9.204750416352521294e-03
1.151380806677661850e+00 -5.863088375267945865e-03 2.932253561102248982e-02 8.525319452012280639e-04 -9.327648301003200679e-04 7.756220300105852797e-04
1.396934934010068408e-01 -2.942544219296433505e-03 -4.864949569493939863e-02 8.599177599108300679e-03 -7.689883369478436349e-03 -2.144847771878329555e-03
8.078402298601582432e-01 -5.476759177920180639e-03 -2.423579545687100031e-02 2.119965981463353688e-02 -2.839093692344496836e-03 -6.038098305482245826e-03
1.916170415883660660e-01 -5.080847081110093089e-02 3.461544996503086030e-02 8.396711024236926113e-03 -8.539574599616718553e-03 -1.573895381911553579e-02
-8.707706523450888803e-01 -4.357301838023777685e-02 2.690357224378989512e-02 1.405704896793460480e-02 -4.990271862467237501e-03 -1.784736422454243771e-02
-3.462196223880590340e-01 1.004075213215284007e-01 1.237006666164908696e-02 1.005065730934764055e-02 2.387154006019374247e-02 -2.178260467586458013e-02
-6.831565493532376632e-01 -5.508167928412785463e-03 -3.487296380786803970e-03 4.274346619338487835e-02 1.848496310510048396e-02 5.116869761141711742e-02
8.483492964646260903e-02 1.202326070582296624e-01 3.320923192994832546e-02 6.105984938360190829e-03 2.069549395229357009e-03 4.488896329197350835e-03
-5.080777556208431189e-01 6.473445939204506248e-03 1.876161796286249586e-02 -4.796176494240503990e-02 -3.279637289269308337e-03 8.469625391113776505e-03
5.975895793734539163e-01 7.138550062704730748e-04 3.773944050530429750e-02 -2.325218884154717572e-02 -3.253268302203891492e-04 5.937859995655913811e-03
-1.139883758392174373e+00 -3.732432202989437175e-02 9.438540590473872526e-04 -2.653285996428756364e-03 -2.604579862417446059e-02 -2.626210638591260429e-02
3.556380411286705900e-01 -6.268403806497215014e-03 -6.100500629641664348e-03 -6.655023914484159767e-03 -5.939494216081038502e-03 1.025143452036523291e-03
-7.192224294855821265e-01 -9.195285803949954442e-03 -1.419736781096758022e-02 2.079470524883568830e-02 2.255234638822089729e-02 4.024426776187346733e-02
5.098526800699651473e-02 1.843619946989240776e-04 -2.480276011362393673e-03 -2.171741425009351967e-02 -4.452924481503590069e-03 7.014403759921428519e-03
3.560326415041447090e-01 7.316602913425747107e-04 -4.126001634300236918e-04 -9.240653903697763905e-03 -2.304142998894255848e-03 1.652853369178007743e-03
1.234528475723938534e+00 -1.323065256782374709e-02 -2.264695390342823245e-02 3.475815214690843730e-02 -3.102218495093405845e-03 -8.441612349569633036e-03
5.005467438681047154e-01 -8.496116700233394270e-02 9.000924992362014168e-03 -2.999739567084035163e-02 1.057152140400504370e-01 -1.817034780387713488e-02
9.389421822922897620e-01 -1.367647896756946611e-02 -2.393399477676246348e-02 2.203201399876021996e-02 -6.982599048169810946e-03 -3.886261914420605871e-03
-1.350470523266768197e+00 -3.924096135496517312e-02 -3.326834335611782156e-03 3.402314571534133941e-02 -7.748472443361359950e-03 1.632043255290782559e-03
1.428367301083056429e+00 -9.190429073451116676e-03 4.014061556929754415e-02 3.738958807153106197e-03 -9.663733726895942181e-04 5.736435940614213486e-04
2.172364790629285558e+00 -2.107033851125718685e-02 -2.600302382847104795e-03 5.664633487859968564e-02 -3.278754224208573192e-03 -1.342715670986722488e-02
1.507165836935847048e-01 8.890150664091154772e-03 4.498156451079317678e-03 -1.811821603507021358e-02 4.639277312458208315e-04 3.895669445176595282e-03
1.308628527097104755e+00 -9.278684230843508088e-03 3.603952847259542930e-02 1.907712058225757325e-03 -9.300157113647829080e-04 1.833311160184068929e-03
3.948087867912764004e-01 -6.072100779067994558e-03 -2.934314861028300414e-02 7.525155186974248969e-03 -6.322092521879913059e-03 -2.724267322678596351e-03
-9.327750821191315156e-01 -4.377478257299412950e-02 2.891440713456802300e-02 1.084893139982155696e-02 -8.582657466213543945e-03 -2.127463066434335734e-02
7.313688062127308154e-01 6.523809664193057313e-04 3.622332892618245620e-02 -1.829043618899115278e-02 -9.383861925101299453e-05 5.731061120739217203e-03
-6.053829715555705260e-01 1.614386712114253553e-01 3.256664499141988939e-02 1.278088876050633045e-02 5.594533938204740951e-03 3.418693919004860485e-03
-2.235326058306135177e-01 -8.637470420335374710e-02 1.912391665219436224e-02 -1.233933726221553978e-02 4.370282181259326632e-02 -1.105363909060921683e-02
7.582968797242319869e-01 -3.333641242174873072e-03 -2.115028411255602623e-03 4.598551421289624914e-03 -3.323880016854673450e-03 -3.876685580218124897e-04
-6.899289711180268680e-01 -3.902641951254896824e-02 4.023696296784702586e-02 3.080260794822557366e-02 2.004679964585457524e-02 8.682078113601939678e-03
-8.688211724504025790e-01 -2.537396188381682918e-02 9.200637216529453447e-03 -2.504002555072987191e-02 -3.229758041603514318e-02 -2.135415958736229525e-02
1.793798858868626486e-02 2.663126343362347704e-03 -1.393930850617604994e-02 -1.422963411005097670e-02 -4.082923031264447215e-03 3.009659914368739610e-03
-3.800374260262173731e-01 -2.389890097476933192e-02 3.010912237959389656e-02 1.381453995454803678e-02 -3.167197442102481081e-02 -4.888715913059383383e-03
-2.215934466669078617e-01 4.844957956397995952e-03 -1.365759196575192479e-02 -2.218424309134032699e-02 -2.521288017406699347e-03 5.446952892327766062e-03
3.205449584092125437e-01 -3.351133595238001313e-03 -3.362769074733068519e-02 7.444698765552400579e-03 -4.460503499140257982e-03 -1.848868005730758355e-03
4.171531898564547758e-01 -4.084791035147759646e-03 -2.566724026348558493e-02 7.073506287330192863e-03 -3.314822094034220335e-03 -1.644800816346383152e-03
4.271687660916671098e-02 1.286405774491930455e-03 -3.463558437338538909e-02 -1.411131079111606736e-03 -4.798107712518536599e-03 -2.845887601405821317e-05
2.777262616792839367e-01 1.078797901646683932e-01 3.058532409229380855e-02 1.601588770233662931e-02 1.368995434004807547e-02 -9.114980342286511591e-03
-1.070613017641048659e+00 -4.347060494212865583e-02 -5.510788182222651002e-03 2.351218375724909576e-02 -5.346734204057583886e-03 -1.928150631245845875e-02
8.568594618654166162e-01 -9.837628123331340971e-03 3.038662305437346122e-03 3.158288950036520788e-03 -5.673122907125545747e-03 1.028099637002180804e-03
-1.137479416788931497e+00 -4.440919108106681362e-02 1.318356208440159792e-02 3.302512973780524774e-02 2.556354299403403030e-02 -3.748578012294302968e-03
-6.122554824049588618e-01 1.513198140819511212e-04 -4.126266470348954191e-02 -2.292262346662029063e-02 -9.742896810391128357e-03 5.371947867458250377e-03
5.014070397992407280e-01 1.348171929629776592e-03 2.568275948767721403e-02 -1.706418778983293666e-02 7.603002077996405539e-04 2.413142344416027447e-03
3.855218595811519822e-01 1.165223150072729370e-03 2.856978873048265921e-02 -2.644585379493406135e-02 -2.040996513471393659e-03 6.980783522796308802e-03
2.063112114406603914e-01 -2.199907321953744124e-03 -3.626650007011521237e-02 5.099822504706188683e-03 -5.750427423727722843e-03 -1.930286017056468458e-03
-5.701548117217520861e-01 -2.217045298811104459e-02 6.521531072311287369e-02 2.662613020633784744e-02 -2.194794250869945215e-02 1.214012491248671159e-02
5.887632996938801933e-01 4.579536566195101591e-04 4.165770851331103419e-02 -2.615886963162566275e-02 -6.381531362649397890e-04 6.734707196954296121e-03
-6.595256774401166977e-01 -4.708034218061638715e-02 1.569859986166407748e-02 -2.947178003610877173e-02 -3.894030743272598738e-02 -2.109300429715989245e-02
-2.767645282718391581e-02 -1.294540546747232831e-03 -1.922219747214365046e-02 -1.578583095997319191e-02 -6.737264471826041531e-03 5.457642506593414315e-03
-1.859905804002459362e-01 6.641304106746245307e-03 1.845176373349627710e-02 -3.960484888812851323e-02 -2.351231499910678459e-03 8.624925461423463974e-03
-2.106463094420179816e-01 -6.005135542713207911e-04 -1.411737073416119252e-02 -2.104225840980242582e-02 -6.176370390467043718e-03 3.348967552684638076e-03
1.900090321733358123e-01 1.047863811820210073e-01 4.145027771687032070e-02 5.185673186535998472e-03 1.384369682176986131e-02 -6.128993871126725557e-03
-1.121033394023430441e-01 1.283392178861134381e-01 3.656005449897732629e-02 5.385386461039828529e-03 1.615621952326725883e-02 -6.912089391620903842e-03
-9.439347513154540126e-01 -1.217713304356894330e-02 -2.873263417981972503e-02 4.339942716666496392e-03 4.962488166135910206e-02 2.583090730699307697e-02
-1.044757176815151123e+00 -4.648940539254979576e-02 2.705186501824452874e-02 3.562626514319071347e-02 3.142964367471709486e-02 -3.466997626646861445e-03
-1.212503278943571683e+00 -3.980944005334820929e-02 -2.188868420846216620e-02 9.034620681438702491e-03 -2.033602267882691009e-02 -2.184225723021438262e-02
-1.356926972784597068e-03 -3.604683614881601383e-03 -5.891441957714010219e-02 9.704913509318905535e-03 -7.395954255322396628e-03 -2.550279643237202132e-03
7.404895300804257285e-01 7.220368293772119750e-02 1.602020680563588650e-02 2.019993586176787106e-02 1.631883865417467494e-02 -1.372134300027821018e-02
9.600208620856372655e-04 -8.195714896720757321e-04 -5.450014028742233840e-02 9.188186557067568386e-03 -5.980020932659044566e-03 -3.656830557349687472e-03
1.020252833448768159e+00 -1.235652690529776346e-02 -2.652202038583965221e-02 2.725646333779807584e-02 -6.481489804037381813e-03 -6.254311398977723500e-03
1.274805321931857138e+00 -1.276563739428118217e-02 1.696408161574160245e-02 1.067675351691190627e-02 -4.026430993783059430e-03 -7.298476254519703195e-04
-6.443666722840853955e-01 -1.688332553282681503e-02 5.491597337457941597e-02 2.480980585571273059e-02 -4.375656211364561260e-02 2.785279505058317531e-03
1.379619691272192250e-01 -1.358629429556868894e-03 -1.520630748125921528e-02 -1.182281295167674634e-02 -5.343366249507033525e-03 4.560898443909737823e-03
-4.424900635577154739e-01 1.294133650717384232e-01 1.181343634839552605e-02 5.859857689579941326e-03 1.175970218823793080e-02 -5.535346686166359859e-03
-6.147329060215219743e-01 1.177029024297077398e-01 -1.003533222529680476e-02 7.732183391211435754e-03 8.829214552574434285e-03 -6.405890571133150344e-03
-1.055893317976155821e+00 -5.504116889778792182e-02 4.269549087865471410e-02 2.271711526928255759e-02 -5.589985653692691563e-03 -2.653832633742444699e-02
5.594132516971597191e-01 1.773350868721314429e-03 -6.222677499709298489e-03 1.939018493229049652e-03 -1.134741011108319868e-03 -9.829836443448706357e-04
-5.283164903355784814e-01 -1.356568497907918204e-02 1.942196026892469354e-02 5.534813666081418726e-02 1.221069093958938867e-02 3.615519572418442185e-02
6.615958678524819225e-01 -8.106935886145418338e-03 -1.302442298095859638e-02 6.294392121457293224e-03 -5.370277744366621850e-03 -5.590024138048306371e-04
-1.020513413215394127e+00 -3.305981463210680427e-02 -1.572322719394454033e-02 3.107079118079625682e-02 4.169817613625262376e-02 1.137700430615993033e-02
-1.288113773472617130e+00 -4.986498167843622653e-02 1.587287534864174204e-02 3.478397778430371290e-02 5.462367598443939459e-03 -2.063405245399613924e-02
3.019646901799496463e-01 7.040320061744141655e-02 -4.361575817655581611e-03 1.361000053795185377e-02 1.279714239084882993e-02 -1.132467719170110465e-02
-7.011015452954775240e-01 1.709560115787286394e-01 1.551924447829448883e-02 2.932626333570656149e-02 7.970889414128157213e-03 -4.212391609478489604e-03
8.529743777740100841e-01 -1.263985915636706495e-02 -4.629121435972083365e-02 3.267796734055256752e-02 -7.869398310149709405e-03 -7.987841790168146924e-03
4.490451502082687396e-01 -5.300044428274110903e-03 -1.865966655354655765e-02 4.036568825295246132e-03 -3.909854409987460581e-03 -5.259210394461639407e-04
7.221271414239747166e-01 -6.076817133544810609e-03 -2.338559934272285874e-03 2.565884965795087180e-03 -4.519852664418472048e-03 2.035484550196147433e-04
5.530398333928874255e-01 -4.592219167606588688e-04 7.484975388008408871e-03 -7.845737311321333493e-03 -1.082696290283890637e-03 2.943351133924322453e-03
-2.158304192546728895e-01 1.288127715389848493e-01 1.409382483228175872e-02 1.715270189324969233e-02 1.607084567417342916e-02 -1.201376231561006661e-02
1.160314705517693223e+00 -1.143554782431658451e-02 -1.625159838442212165e-02 2.836291264534437570e-02 -2.644152274890305271e-03 -6.761039493248414273e-03
2.260611487429082522e-01 -1.174588437329004455e-03 1.743301885718285052e-02 -2.729793951491423301e-02 -4.447009931421685471e-03 9.060423773243699713e-03
-7.931907447145315482e-01 7.441079046479572023e-02 3.920183081015667093e-03 -1.263866295862597564e-02 2.364577121560075545e-02 -2.024309063834122888e-02
1.342994669651166761e+00 -9.513414057945979163e-03 1.464124518403944232e-02 1.700468721664884914e-02 -2.093821471873570108e-04 -3.109912062772573864e-03
-8.762496110296722485e-01 3.352807221496746648e-02 -1.068897740035436306e-02 -1.651036399332324323e-02 2.686883350060225578e-02 -1.317401957082613671e-02
-1.677597515708836862e-01 1.083685954438641241e-01 5.893968602561305836e-02 -7.617625160949378221e-03 3.028246579421071255e-02 -1.811944761769694254e-02
-7.343772190697743785e-01 -3.540482630680909931e-02 4.556218813852475069e-02 3.799476336014282613e-02 1.880158396950881369e-02 1.843295799463923537e-02
-4.428794670888561713e-01 -6.539132940929137140e-03 9.739907468130795318e-03 2.769790369614043637e-02 2.197934750029860787e-02 4.374418461051943208e-02
-1.573584869792386820e-02 7.503742872902232144e-03 3.728248211227925407e-02 -4.338337955970780063e-02 -3.735546778687325442e-06 9.229933082291919000e-03
-3.034178138942891789e-01 -2.372097153577951666e-03 -3.993949549105924035e-02 -1.448413334930525459e-02 -9.673115464077678555e-03 4.825539431799592827e-03
-1.526921643966406561e-01 6.504687194136036556e-03 9.780227272902659516e-03 -3.274653240968142948e-02 -2.000094485772972198e-03 6.775425467536767832e-03
1.531445468691440270e+00 -1.229250848095355536e-02 4.129162165909812388e-02 6.195233219147335338e-03 -1.726856597793671472e-03 7.667408846210796436e-04
-1.164232700757144440e-01 1.062580263881180570e-01 3.780914241939802717e-02 8.998087175524463119e-03 3.509483088291245889e-02 -2.848274470759918839e-02
1.577251669614919138e-01 4.070006545312638939e-03 2.167112033008072522e-02 -2.903207216255575263e-02 -1.310045582768862380e-03 6.333103158415300492e-03
-9.814156981529685575e-02 5.540747108808537214e-03 4.298756178689490219e-03 -2.803009200691438871e-02 -1.103905834847110140e-03 7.156273019028347795e-03
-7.260901870766516275e-01 -3.638913474405788828e-02 1.941921392771280702e-02 2.077239763873239137e-02 -1.569975664770560317e-02 -1.564902644600346324e-02
-3.365710985803695432e-01 1.274316135627328039e-01 2.697147848822623387e-02 3.419194900697549496e-03 1.649927058745412345e-02 -8.255989956981022240e-03
-1.805317301520817652e-01 2.551681441510135831e-03 2.138081957771967995e-02 -4.178953512869687525e-02 -4.965291962606851149e-03 9.621196941935524632e-03
6.059160252297296489e-01 -6.406564618481237587e-03 -1.212584610670706421e-02 3.310617223552202431e-03 -5.209540046352547152e-03 6.564820113282396775e-04
-7.126123690466112937e-01 -1.859243874254719667e-02 2.636666465570319459e-02 7.218558096089230242e-03 -4.740988728217990222e-02 -4.260666701412701984e-03
-4.016732482764789336e-01 -1.167769388313039114e-01 2.974658410167411310e-02 9.304325783233745664e-04 -4.423550012563861461e-02 7.013840266631767364e-03
-8.546205403844546744e-01 -4.324256067449969848e-02 4.550263788595173241e-03 3.204853821429632342e-03 -3.359517221046465912e-02 -3.173779288591203201e-02
7.463817031293557003e-01 -9.506173278099772084e-03 -4.482310177897382356e-03 5.475364065241035590e-03 -5.384047331464886232e-03 -8.070336961864784438e-04
-3.908077983712704428e-01 -7.488353267373720756e-02 -1.573478678668299366e-02 -1.772425267188919989e-02 7.822924664838509790e-02 -7.580149196246316508e-03
-6.385093004208775014e-01 9.093664527446428114e-03 6.235709297195059231e-03 -4.797163378588919364e-02 -3.768350768507104046e-03 8.925522700278135796e-03
7.869371571630235929e-01 -1.432932056849803770e-03 2.322987395144346726e-02 -3.805652820789661144e-03 2.029242391697204297e-03 -1.676842491596185637e-03
-5.725253893604853594e-01 6.398605819920211504e-03 -5.950470116603921722e-02 -8.860605860779927068e-03 -6.626402351401214537e-03 8.711149375604835491e-04
-3.624079467508383723e-01 6.329409076514147699e-03 -1.095925574881038457e-02 -3.093177746092097211e-02 -5.191988742887550766e-03 7.887094237716685621e-03
-7.598931184057182708e-01 -2.396326577891178325e-02 1.858501580343490528e-02 5.216394242880696697e-02 -1.114360596107557069e-02 2.144621561904111115e-02
-8.859948350075460555e-01 -3.741059932773554975e-02 3.105283692245463384e-02 -1.849798080133651865e-02 -3.281085299551768364e-02 -2.554593098455712127e-02
1.041569449894953259e+00 -1.419659316008896506e-02 -2.327405646229866246e-02 2.621950677761602372e-02 -6.099322010499263688e-03 -5.307278628741385687e-03
5.404079227190919932e-01 -1.876859052935875771e-03 -1.325135093503942464e-02 3.573428190182652633e-03 -3.902777316642363440e-03 -6.176393756791633558e-04
-3.983143760983766657e-01 -4.240208150598871051e-05 -4.226264327742137311e-02 -1.528811605571394824e-02 -7.947592522870481138e-03 4.676275267410983684e-03
1.715062660212215429e-01 -2.557147844820900802e-03 -2.252569496713561006e-02 -5.113057624999247514e-03 -4.940868583853486561e-03 2.304615847510190375e-03
-3.131133041596267375e-01 3.889120473703789552e-03 -1.232036406863720214e-02 -2.558758804238640480e-02 -4.367267213965743758e-03 4.057324735883448101e-03
1.284671331146101103e-01 1.975998820269183817e-03 2.039711475987855682e-02 -2.883909320945931415e-02 -2.277810847806524108e-03 5.245195793116167599e-03
2.656062401807878781e-01 2.761313941891918675e-03 2.015703517453756866e-02 -2.517258006651872104e-02 -1.759746795087060610e-03 6.416348130349702923e-03
-3.291834350214985494e-01 -1.519455497150092906e-02 4.199556107599355242e-02 4.275953616604007829e-02 -9.610670157742147446e-03 2.246262113752411221e-02
-5.066743727293043786e-01 1.174336332817732011e-02 3.867296115240412800e-03 -3.872175103271015967e-02 -1.179518705685223776e-04 5.977246003629603857e-03
-4.046113319539777486e-01 1.072909270778137948e-02 -4.079987110588338163e-03 -3.337843911857787949e-02 -1.706375475271406858e-03 7.303895219752830868e-03
4.580422525264348232e-01 -7.037715191881316334e-03 -1.296762248540860377e-02 -9.257295220347057461e-04 -6.223030732800327418e-03 1.512804600927576985e-03
4.013155865088691154e-01 -1.890229763432515336e-03 1.635415827207019335e-03 -1.157669311483010277e-02 -4.693129063452976257e-03 3.784518502209582250e-03
-5.944644755908845557e-02 -1.098673780006542743e-03 -4.644135406702436242e-02 6.613943369894474591e-04 -6.053505309101872393e-03 -1.290013716538198415e-04
3.448293222708614936e-02 3.153105090720184200e-03 1.651637359146534978e-02 -2.714273742367354081e-02 -9.755434116482709656e-04 2.675815838752715510e-03
-1.659952837440040463e-01 7.547920781732466366e-04 -4.526172021918826310e-02 -3.432468727394554896e-03 -6.831588206929471371e-03 1.942534011867713564e-04
-7.802093674710632032e-02 6.616456937045532560e-02 2.720057293211279592e-02 -9.732425406457679423e-03 2.750242398069547081e-02 -1.646310721016393600e-02
-3.076911987104167800e-01 1.064363407020552238e-01 -2.962783373576814705e-02 2.484751211906881946e-02 -3.070109022226649460e-03 -2.142965125135729617e-03
5.407762104476540599e-02 5.277042079675131961e-03 1.062952812433479860e-02 -2.775644465174390702e-02 -2.568456615293718531e-03 7.372229463212569105e-03
9.502055928716880429e-01 -5.602262645161623991e-03 2.990586684288568109e-02 -7.310935887791459448e-03 -2.012197608704719299e-03 2.276554616369341061e-03
-6.431296564863544507e-01 -1.692649418959692870e-02 4.841991182248451403e-02 3.364459435152064581e-02 -4.009950480274435819e-02 4.766724456032288282e-03
-1.686736556401811915e-01 2.922361673246918774e-03 2.022538394905968977e-03 -2.994809241216776080e-02 -4.481481011753489507e-03 5.938801464621402612e-03
-7.229613308421821705e-01 1.766330540011372963e-01 2.850460894818963517e-02 2.681563558654806445e-02 2.014829603165901178e-02 -1.566418816392068161e-02
3.353143694949035636e-01 -2.057037589791137645e-03 -1.644502601193244956e-02 -3.964477530128080428e-03 -6.114441140281113955e-03 2.191542839910662170e-03
-2.422982931498869064e-01 2.620645728045641575e-03 2.134206999906937754e-02 -4.519047467774992000e-02 -6.018728212939208899e-03 1.067386525983147864e-02
-1.996668096386522706e-01 1.162634174336792028e-03 -9.948628293698576902e-03 -2.674580073663370208e-02 -5.951527899852348744e-03 8.380749815099890199e-03
2.729933403113954937e-01 -1.573519561748234737e-03 -8.098249036890428285e-03 -1.042500841810300484e-02 -4.376359785457434141e-03 3.872433174524342239e-03
-5.120442111957878017e-01 4.999207651191998197e-03 -1.125722328235194067e-02 -3.430468579164211440e-02 -5.737626331679806894e-03 5.853730925898260537e-03
-5.336563341241084002e-01 1.179554307104017374e-01 -2.485882021624356841e-03 1.361668830692029653e-02 2.282010650697198842e-02 -2.023077935792289353e-02
-5.128155313348080613e-01 1.079440894606325946e-01 -2.366349642375393733e-02 1.781608426991603683e-02 7.628285100395492541e-03 -9.632029786002721528e-03
-2.950541063904839612e-01 -2.455497809788175379e-03 -5.561798432643048212e-02 -3.464324104841685643e-03 -8.564921731019282947e-03 1.132584036598554547e-03
-1.784380533180416062e-01 8.857146097405234689e-03 1.903544339560468571e-03 -2.858108264006772523e-02 -1.096585111050961577e-03 6.190344869159651771e-03
4.316394333297356167e-02 -4.296127147741469511e-03 -3.887970462096414920e-02 -1.344866904952880977e-03 -7.545905076504018719e-03 1.392646065650118142e-03
-5.437438826715806917e-01 3.468079903776179109e-03 -1.328148041895356284e-02 -3.603960863741301895e-02 -7.152996709767003858e-03 8.783887512951508297e-03
-4.111603982304675720e-01 2.509210677409271905e-03 -2.537829112590235525e-02 -2.151584629660106482e-02 -4.819677183784188898e-03 4.373116719422903871e-03
-8.594704673236605585e-02 -8.833255035970674629e-02 3.934286651709211630e-02 -5.417823825032353413e-04 2.498449975196008477e-02 -1.651827995317091749e-02
4.220103888957803528e-01 -2.402671098668959608e-03 1.149954628719968789e-03 -9.871263842943059016e-03 -3.106065763155298805e-03 4.059977576147994101e-03
-9.052228470759856593e-01 -3.832289940698488384e-02 -1.124312744635363667e-02 3.613368420407794129e-02 2.438350398717065853e-02 2.237363215304915415e-03
1.006702015089742108e+00 -5.204508276486542045e-03 2.496031193421321265e-02 1.014567630601492104e-03 3.421086376015833861e-04 -1.899143256970622353e-03
1.120139074027463932e+00 -8.333618407281685042e-03 -5.937567270596058946e-03 1.992243068811488244e-02 -3.558997388806378094e-03 -4.450628995219878606e-03
-1.123886684452448437e+00 -3.821740211323893660e-02 6.866875039000520410e-03 1.592268227392265242e-02 1.988551590538951367e-03 -1.339289928514090892e-02
-7.855994813808909738e-01 1.945374992483270195e-03 -5.401691036513530525e-02 -2.024781982430217189e-02 -8.974038038199988465e-03 3.520546251495504809e-03
-4.607120414540952225e-02 -1.215672678671275188e-02 7.353422418654986803e-02 4.762751659687020772e-02 -2.547900285565912141e-03 3.082958744135120763e-02
-1.076234983563237879e+00 -3.807432120481479831e-02 1.072008730922929115e-02 2.222857685389138956e-04 -1.479954708630149864e-02 -1.887810227218197565e-02
2.051726449098828248e-03 2.484746880717118508e-03 -8.442562190023697108e-03 -1.890543529972786574e-02 -4.523405790032336733e-03 4.827471898827454151e-03
9.645208293865413784e-01 -8.154482114814192231e-03 -7.675441023746796924e-03 1.595839914953039312e-02 -2.409865106500244138e-03 -3.168434068362597621e-03
-9.263168318275791790e-01 -3.939641121525359196e-02 1.540575826777946557e-02 -1.139477708034524611e-02 -3.548128920723846863e-02 -2.858089517908420085e-02
7.434276469230823026e-02 -1.029156280567478576e-03 -1.833667465924751494e-02 -9.871404555250406707e-03 -5.361277100029385179e-03 1.267995114012824198e-03
1.432023705029289995e-01 4.646271050980785994e-03 1.278113195908953288e-02 -2.310939884763437216e-02 -5.105318230151172608e-04 4.638993516803162874e-03
6.169426042456686021e-01 -9.587024087863651664e-03 -4.761847576826405692e-02 2.613873290232230154e-02 -7.086238101675764942e-03 -7.375192533828382573e-03
3.292700392276242116e-01 4.463484295288030340e-03 4.112204868888405182e-03 -1.116259210905936466e-02 2.569272953782371707e-04 1.816339313746650769e-03
6.846308228308409793e-01 -4.516068202735873914e-03 2.821274493277554918e-02 -1.619334488148543166e-02 -3.128110758356652133e-03 5.478507667019880817e-03
9.312136196029134894e-01 -1.406862297390136692e-02 -4.925498040885727818e-02 3.705173657323791725e-02 -8.267586507586804564e-03 -9.033205337730512707e-03
-1.344202254492749438e+00 -5.403216500007384376e-02 1.289566726981522353e-02 4.103175004215128124e-02 4.877405976213285144e-03 -2.399978750490524768e-02
1.178291644482692795e-02 3.735516203447403812e-03 3.574651856554867269e-03 -2.411863738373250937e-02 -2.797540309257311002e-03 5.297163471347036620e-03
2.500303842829138534e-01 7.188828009181907159e-04 2.181388620452456590e-03 -1.507989421369044028e-02 -2.948676582863984843e-03 3.222494810739493561e-03
-9.523747398585776791e-01 -3.570277272820001485e-02 1.832981822438947000e-02 -8.819078395576768550e-03 -3.202457948316084907e-02 -3.276827377091739990e-02
8.856151837241930946e-02 1.600010419864671910e-03 -5.913018040937791271e-03 -1.735127785968260117e-02 -4.453397482861153403e-03 4.246149064066478095e-03
-6.850784198262187541e-01 -2.032759394992406446e-02 9.699538822524131007e-03 3.384531912184594871e-02 -4.467842818276025751e-02 -3.552971338415580535e-03
-4.248060747825408434e-01 9.369606800807932494e-04 -6.635476441505795686e-02 -6.635711125630032502e-04 -7.363860094603979882e-03 -6.374343489298554778e-04
7.834343709848864412e-01 -1.428869145326965018e-03 3.783855496356709064e-02 -1.720823264687530024e-02 -5.035746934066367021e-04 4.971296650821660501e-03
2.285623827156951227e-01 5.801494569185860475e-04 -8.577760823877520271e-03 -8.342887906118770514e-03 -1.418447787796235995e-03 1.731069272669764599e-03
-7.232656676342233970e-01 8.591930508694691632e-03 -2.509844873756048034e-02 -3.068548316461527578e-02 -3.768578809429328977e-03 2.996896534062318002e-03
-2.919203910242992306e-01 2.545813473174937669e-03 -4.575992903193069894e-03 -2.820809618298955254e-02 -3.830725473501933945e-03 5.253094302680982527e-03
1.129038906717347718e-01 1.209083811547548987e-01 5.319738037018650195e-02 7.966388487842503618e-04 1.666776680114529299e-02 -5.290130847418831814e-03
-7.893887119775173655e-01 -3.801411176661584346e-02 3.314255517021331282e-02 -2.036878441658809998e-03 -1.821847569499688083e-02 -1.559640839354361520e-02
-6.950760952411852989e-01 -2.031837770826275952e-02 2.662176740549877449e-02 5.613273413844560578e-02 7.519965938433620725e-04 3.137300484211484608e-02
-2.735819491841799400e-01 -8.954549645617355599e-03 -1.946577266553193089e-02 5.024808879197035366e-02 2.048121885179225374e-02 4.216095065231233174e-02
-3.255205314752955270e-01 -1.852549148686497352e-02 1.767801094390732825e-02 4.737689983543069000e-02 -1.535752402776205568e-02 1.565506642559899575e-02
-4.207196409406977478e-01 -1.234362066926270388e-02 4.674881464658033059e-02 5.071144642067979165e-03 -5.708004867096690832e-02 -9.171543479198329338e-03
-4.776986604014928361e-01 1.275519071125442438e-01 1.177008831742022352e-02 3.833490310469933778e-03 1.141640389709300957e-02 -4.893122263197461838e-03
1.040784053942237358e-01 8.132736470529144945e-04 -2.987656200627752945e-02 -3.404032195934532466e-03 -5.904467303254102434e-03 1.273284533209097279e-03
3.417159315088768579e-01 -1.207274412247503863e-03 -3.257693548249999960e-03 -8.899138558934139437e-03 -3.556316737444139512e-03 1.792791242541775035e-03
-4.053809673009237668e-01 1.349352044771827408e-01 2.023932584524270120e-03 1.795601188600567943e-02 1.316383763555834668e-02 -9.954839549536119783e-03
1.797004226312518993e+00 -1.711244621473977448e-02 -4.576903417568397615e-03 4.432279116805273866e-02 -3.222346185975874088e-03 -1.074048522566972003e-02
-4.624052484701921539e-01 4.381035926755360958e-03 -6.124834226361276085e-02 -3.922154636112410754e-03 -7.015842285096076519e-03 -5.638760265164283149e-04
-6.145572755359400841e-01 -2.183138220846917929e-02 4.990659594822102751e-02 3.058660775333362988e-02 -1.845109209315414292e-02 1.177515768395282457e-02
-6.375594800400847806e-01 3.323935771981741637e-03 -3.196884422367082118e-02 -2.964699098199802610e-02 -7.899544246105519307e-03 8.099325310232970490e-03
2.087421193426251265e-01 -3.084802019239569777e-03 1.390965331167704454e-03 -1.876209138587502448e-02 -5.758790605657019071e-03 6.587135811834152893e-03
-4.947885539748351352e-02 5.348783408969066478e-04 -2.202146655454829586e-06 -2.458356471286608780e-02 -4.266680676394967071e-03 5.964562740591449787e-03
-1.341363899163076912e-01 2.848215670789528819e-03 1.752406877012100198e-02 -3.416060090020221068e-02 -2.162672611183003111e-03 6.357173733750946971e-03
1.370989095856208206e-01 -2.749312038478693172e-03 -1.586386768388746427e-02 -1.155945208267832036e-02 -6.223665386941786525e-03 4.391794835916037858e-03
4.473160043395871810e-01 -4.089860209693407453e-03 1.310555471988952142e-02 -1.685849133194781274e-02 -4.689455259759403583e-03 5.824100812437528300e-03
1.304283248165128140e-01 6.344578478754069831e-04 -1.948250652498081069e-03 -1.599186580055743725e-02 -3.362911228189269675e-03 2.131615259168093135e-03
8.337793797442968891e-02 1.719279603541981572e-03 -3.315277952531882344e-02 -2.494764656391690360e-04 -4.056232081666724491e-03 -5.135911579730672270e-04
-7.121082675320961064e-01 1.267445733615042702e-01 -3.102342583101687715e-02 2.091113949441285313e-02 5.165603176539092537e-04 -3.084018866785300222e-03
-2.613462779410825609e-01 1.288819863527596588e-01 2.668455564554529300e-02 5.542953843006966086e-03 1.548763857712113189e-02 -7.340663266001777772e-03
6.596333122202437949e-01 -7.415318901340200129e-03 -2.597482971999492268e-02 1.416471459142606623e-02 -6.052427695360674403e-03 -3.245771221626158991e-03
-3.256515322705620663e-02 -8.131543201497739475e-04 5.571035550368104612e-03 -2.706812119574338385e-02 -5.325588566701578916e-03 6.223180753642183413e-03
-1.377547255381718350e-01 4.105059807594096943e-03 7.054772581301073852e-04 -2.360019019101140120e-02 -1.506410120002251319e-03 1.446436320294839858e-03
4.250076714244440113e-01 -9.546386091245005062e-03 -3.011184916064680098e-02 6.986732001297509681e-03 -8.330242369967887778e-03 -5.624694221336349166e-04
-9.675119493917034852e-01 -5.526737211202281674e-02 4.025064182910779303e-02 3.720934129999115686e-02 5.881422443023071218e-03 -2.472841348152052948e-02
-8.650000633515351200e-01 -2.844734143079062291e-02 2.103990339409326192e-03 -2.901273533333707105e-02 -4.262996481109378177e-02 -2.424198818714085393e-02
-1.784060109888393336e-02 -2.170963565056423673e-03 -1.263759961063150652e-02 -1.835794104909422783e-02 -6.690511298645011179e-03 5.604620573189604549e-03
7.873280622961051911e-01 -8.260949403908496996e-03 1.125123602011171738e-02 -3.529884116275453301e-03 -4.651222544082291369e-03 2.714299728452645739e-03
4.564991516582884157e-01 -1.210849434234844433e-03 -5.987600205671188454e-03 -3.358073652100211550e-03 -3.323100207884694540e-03 7.862015258309556446e-04
5.232590361608102647e-01 -8.892098054545638161e-03 -3.159574992264493204e-02 1.158971920427817950e-02 -7.275450284799120197e-03 -1.839143233116714198e-03
8.692058361812085021e-01 -9.731897478945950378e-03 -1.507187700939504119e-02 1.600195140940999933e-02 -4.483615688792585291e-03 -3.342704833167786660e-03
7.828076837310361524e-01 -9.580508732325314705e-03 -1.109727832488623459e-02 1.016632368566366268e-02 -5.113970611812366195e-03 -1.420573696757891245e-03
2.015946306285756884e-01 -2.453848544153796468e-03 -2.364873620309976276e-02 -4.034797914917871188e-03 -6.495448643660079249e-03 1.470216443781895447e-03
-8.596448711615566340e-01 -3.434841201730140514e-02 7.870019352580142832e-03 2.027896062973474911e-02 1.006558473384082039e-02 -7.578748586748547920e-03
-4.135594581420781179e-01 -8.121436674010856565e-04 -1.652784599147680625e-02 2.753033483908235227e-02 3.205913051606767983e-02 4.727454022626524643e-02
2.531711292883136455e-01 -2.817692201510918308e-03 -7.249569581028272348e-03 -1.244508259748847503e-02 -5.582861025784855748e-03 4.850795871749645320e-03
3.015961885956792154e-01 -2.904144622657268623e-03 -2.507505204821513373e-02 1.457895556643625141e-03 -5.649028873563393879e-03 -4.964468759137183980e-04
6.340033896348037379e-01 -5.882157722585513830e-03 -8.418220237182515294e-04 -9.443073369257415622e-04 -4.595407888648071933e-03 4.893204095828257761e-06
-2.898270345818156901e-01 1.104055205293754359e-02 9.206900283163543461e-03 -3.529799385587117921e-02 2.624010482880831645e-04 6.824440892741760051e-03
-9.118325763533828565e-02 2.949745134245104761e-03 -3.603425822659762218e-02 -4.659850423670254364e-03 -4.409868584766402783e-03 2.163478899062399056e-04
5.668248097044358280e-01 -8.859125141044608964e-03 -3.230920462345902161e-02 1.389561042449027721e-02 -7.491392503094817905e-03 -3.142829247022041906e-03
-4.299859386378253046e-01 -9.454840336582863089e-03 4.199635072898272314e-02 4.209012647874788710e-02 1.479302809623040706e-02 4.404179397348345626e-02
-7.447090594702655553e-01 -3.932333763200117349e-02 3.717482446888704245e-02 3.458016188647470429e-02 2.698706219455379151e-03 -2.611666710710311683e-03
-1.109507506523351172e-01 -1.910075164598540667e-02 4.991676713366546836e-02 5.730130830339373593e-02 -8.507683380938525775e-03 1.967268784582682298e-02
-4.219111774151163563e-01 4.273019273760016688e-03 4.732063359075488855e-03 -3.986818125562571757e-02 -5.004449676013030500e-03 8.739927745956046698e-03
4.238231581138957038e-01 4.978892382918342387e-04 3.909775676068309724e-02 -2.974675732154508090e-02 -1.188445056279114828e-03 5.852389791780618009e-03
-9.246453474639869385e-02 1.597661546891053497e-03 -5.627999241591696150e-02 6.340833685538037508e-03 -6.228136421389347463e-03 -2.566671285369947694e-03
-7.631305136683771626e-03 4.219988624820351746e-03 -4.188377618776273348e-02 2.170335037387684327e-03 -4.174911408247019423e-03 -1.749893651098861002e-03
6.472440277069757553e-01 -9.190459235622150044e-03 -1.381193431753693912e-02 6.169589381791341226e-03 -6.359610451596690514e-03 -4.394666005691610900e-04
1.109168920327148644e+00 -1.258015882618506928e-02 -2.927081463675844028e-02 3.340883215666612394e-02 -5.417378825831170412e-03 -8.662935233714752492e-03
-6.825395664854330136e-01 -9.578578758727461853e-03 -1.114639197665887212e-02 4.328566036427325403e-02 2.420831255413238500e-02 4.304684758537405398e-02
2.427356072099162987e-01 -8.529481182075927684e-04 -1.393841774149453226e-02 -7.358016088166306062e-03 -4.872528094738735188e-03 2.142312640638690049e-03
7.853521674967934851e-01 -3.075212185409465036e-03 9.748382389187570940e-03 2.790246281410351209e-04 -1.426819442538939048e-03 -2.913158415804393414e-04
-5.730361478392946850e-01 5.746841891478417924e-03 -2.366291027678077419e-02 -3.084443150817470572e-02 -6.561421696377992170e-03 6.623688996280098322e-03
-6.318051516401508305e-01 -1.788998779676592016e-02 3.938051065395233724e-02 1.405556811037884588e-02 -4.450103871548342221e-02 -4.315991528863952339e-04
8.473754090365436253e-01 -5.119146854376062719e-03 4.713642671666302270e-02 -2.234476143195085127e-02 -2.803111753315800422e-03 7.806459594886573997e-03
1.871675493397759182e-02 -2.079076581525211680e-03 -2.646334031043335103e-02 -8.485733313611756867e-03 -6.973804317961727374e-03 1.602868243751593693e-03
-2.441117523042087845e-01 5.663594565023084837e-02 5.241034218259266880e-03 -4.100502757573209686e-03 2.277036327049042352e-02 -1.837424906252521639e-02
1.096430965456383966e+00 -5.594237257667369380e-03 3.323260682723154502e-02 -1.536827013799394511e-03 2.568888499278073711e-04 -3.334499190220097911e-04
4.220528561099475828e-01 -4.207408190664741962e-03 9.481075987392079824e-03 -1.644599029374782528e-02 -5.511764884537473375e-03 6.344792224202830920e-03
-6.793056514511204291e-01 2.887171093865946274e-03 -1.533559110506373807e-02 -3.932157972170273463e-02 -9.024599569779375927e-03 8.141257424026195066e-03
-1.107805867953097767e-01 3.220809303401058442e-03 2.123013648775871551e-02 -3.800369982828360332e-02 -2.637148646207758060e-03 9.398810879916020752e-03
3.481713494635669814e-01 -1.696774401783475916e-03 3.988459862794611205e-02 -3.557064136206420507e-02 -4.600262733958311590e-03 9.203912972311848947e-03
