-5.180242766752023468e-04
-5.556553697807248716e-04
-5.962287257409800865e-04
-6.400103224929543175e-04
-6.873088521989502691e-04
-7.384323367556201549e-04
-7.936755524706617547e-04
-8.533245857984242313e-04
-9.176945646406289977e-04
-9.871532539357690591e-04
-1.062122650040572998e-03
-1.143082807695579382e-03
-1.230562430115210307e-03
-1.325147293384856817e-03
-1.427494308054223478e-03
-1.538346525180692885e-03
-1.658557327087879741e-03
-1.789077451445288082e-03
-1.930890473575763667e-03
-2.085047653682709987e-03
-2.252694482623753859e-03
-2.435085048275463515e-03
-2.633582688166334878e-03
-2.849647497313082065e-03
-3.084719089688481991e-03
-3.340293687465090752e-03
-3.617935476693234439e-03
-3.919258616242333321e-03
-4.245898428050103729e-03
-4.599279052121017092e-03
-4.980727613297541122e-03
-5.391500406507797501e-03
-5.832806064151940979e-03
-6.305573519653493060e-03
-6.810363477713994064e-03
-7.347582051450354465e-03
-7.917482088689387423e-03
-8.519858734464666114e-03
-9.154027080411235306e-03
-9.819084306208820945e-03
-1.051383653255339064e-02
-1.123633720842511646e-02
-1.198435441541860318e-02
-1.275549178191244006e-02
-1.354688966151343724e-02
-1.435561599826069498e-02
-1.517860637922935872e-02
-1.601168516607081801e-02
-1.685045563995784049e-02
-1.769067718759159344e-02
-1.852836173336190259e-02
-1.936084892843410385e-02
-2.018788168955832837e-02
-2.101148598878959176e-02
-2.183312082241472066e-02
-2.265222420159421213e-02
-2.346690959271248086e-02
-2.427197739309183352e-02
-2.506010530991367030e-02
-2.582361385172165374e-02
-2.655316120341600153e-02
-2.723925463969756669e-02
-2.787067107402285346e-02
-2.843405617220912812e-02
-2.891258558916855181e-02
-2.928432380021292469e-02
-2.952118100840391696e-02
-2.958917282335651877e-02
-2.944817532448365874e-02
-2.905435321202928800e-02
-2.836345699659620009e-02
-2.733470306709164313e-02
-2.593305749564561030e-02
-2.413032184377474423e-02
-2.191119153165613578e-02
-1.927687772133217237e-02
-1.624564282810620278e-02
-1.286477044358910575e-02
-9.215244163815581799e-03
-5.411635240495336896e-03
-1.598160497315721318e-03
2.074600830865099173e-03
5.483084150876103326e-03
8.558299770019593342e-03
1.131459924705879687e-02
1.385036517642275131e-02
1.633889639955332998e-02
1.901551565589030407e-02
2.211964043997839691e-02
2.585914203341715609e-02
3.043227762172023149e-02
3.594296242760901261e-02
4.248158874702406829e-02
5.008971623804670675e-02
5.861800560241798436e-02
6.784785352985783780e-02
7.745350768225538196e-02
8.703826085378692234e-02
9.634246737161475393e-02
1.052128987189032000e-01
1.135798008761186723e-01
1.218132878002273489e-01
1.303285810130995204e-01
1.394875687557929345e-01
1.496091845482076244e-01
1.608289164035419105e-01
1.730106485060851629e-01
1.861025032006307645e-01
1.996969797376842159e-01
2.134309035067950278e-01
2.272300505574348095e-01
2.411692392080172498e-01
2.554846193935159104e-01
2.704087801496976584e-01
2.861548015919785914e-01
3.025458725737977250e-01
3.195076454139976763e-01
3.369151703561506506e-01
3.548037540588563910e-01
3.731202742052642796e-01
3.921123397393760368e-01
4.118018612571700543e-01
4.321306487849338462e-01
4.530041886103978177e-01
4.744006842061838092e-01
4.963681027676321578e-01
5.189010272437591942e-01
5.420713713114608812e-01
5.658929207720858612e-01
5.903096275640880020e-01
6.153050313396416504e-01
6.409130600449405302e-01
6.671271989230721511e-01
6.939316686202484652e-01
7.213040139403864570e-01
7.492460521632438031e-01
7.777677075486073566e-01
8.068786870363042762e-01
8.365485578059796978e-01
8.667507194290661188e-01
8.974982796460058143e-01
9.287651702022372557e-01
9.605346228149040932e-01
9.928050641633889839e-01
1.025564170566438227e+00
1.058774259657453198e+00
1.092404070287172901e+00
1.126439725642526701e+00
1.160854856638324328e+00
1.195639067447624049e+00
1.230794632702644220e+00
1.266290542593774937e+00
1.302084357204406517e+00
1.338151717154585807e+00
1.374457710828012047e+00
1.410973797585016509e+00
1.447666913763975494e+00
1.484506795822311265e+00
1.521470434768690927e+00
1.558522186656827291e+00
1.595634670140531730e+00
1.632780532481475921e+00
1.669928630001297432e+00
1.707045716399818502e+00
1.744106420694609305e+00
1.781078608542804975e+00
1.817932162366189708e+00
1.854639769941348604e+00
1.891171146253589175e+00
1.927498319056821341e+00
1.963595572835980851e+00
1.999438227437081439e+00
2.035004275937919438e+00
2.070270785556407755e+00
2.105219909777538145e+00
2.139829282206571648e+00
2.174081647389750849e+00
2.207959891842778077e+00
2.241451595457639723e+00
2.274545040788767736e+00
2.307231569299396767e+00
2.339505664204699631e+00
2.371359081310444150e+00
2.402790062510296032e+00
2.433791834475850457e+00
2.464364704118961136e+00
2.494510219453329736e+00
2.524228721945318110e+00
2.553527191064397517e+00
2.582409767028609693e+00
2.610879985127955383e+00
2.638950056053109172e+00
2.666623946647327603e+00
2.693910750929983777e+00
2.720805081297294148e+00
2.747360404000663614e+00
2.773568175798514446e+00
2.799601586457112656e+00
2.827037845883364042e+00
2.848531841813601417e+00
