-3.412971867976733126e-04
-3.647168839911478695e-04
-3.899451850641098643e-04
-4.171539029628750124e-04
-4.465465887046252266e-04
-4.783220653663094167e-04
-5.126642105047091733e-04
-5.497461852264917421e-04
-5.897620622097817823e-04
-6.329446605527379180e-04
-6.795665078136253973e-04
-7.299426933350597465e-04
-7.844233723560634303e-04
-8.434032467597258817e-04
-9.073320471455259334e-04
-9.767260220871355324e-04
-1.052187754274113221e-03
-1.134395073019382706e-03
-1.224048551018659886e-03
-1.321902045308496554e-03
-1.428786416956558721e-03
-1.545620828095261353e-03
-1.673413002897328108e-03
-1.813249837166083268e-03
-1.966199939735646576e-03
-2.133381521355950765e-03
-2.315973717975821841e-03
-2.515204425832798327e-03
-2.732326986996517267e-03
-2.968430511529468289e-03
-3.224538720652761307e-03
-3.501633434788094506e-03
-3.800683369655914832e-03
-4.122451437102919031e-03
-4.467425495955651242e-03
-4.836003597199592038e-03
-5.228505362077755410e-03
-5.644919964865896360e-03
-6.084888582856880918e-03
-6.547936262698858187e-03
-7.033408865141741774e-03
-7.540086093459409146e-03
-8.066578417204975024e-03
-8.611429212574538139e-03
-9.172850588718785281e-03
-9.749041574553612977e-03
-1.033812515529720054e-02
-1.093730349423902362e-02
-1.154360022322642627e-02
-1.215416110350481423e-02
-1.276629729641769184e-02
-1.337833947240498964e-02
-1.399049216547840549e-02
-1.460467900797355299e-02
-1.522214479761638956e-02
-1.584226582867141395e-02
-1.646318296694086747e-02
-1.708019016752003807e-02
-1.768678434748606129e-02
-1.827619340124590763e-02
-1.884026556725846430e-02
-1.937076860176725757e-02
-1.985808313422127158e-02
-2.029089757810157574e-02
-2.065509441168429314e-02
-2.093236581460975951e-02
-2.109929919464152009e-02
-2.112749790562561472e-02
-2.098322041978541164e-02
-2.062925802685744089e-02
-2.002748650135488528e-02
-1.914194903832073386e-02
-1.794061048634765579e-02
-1.639624925654503337e-02
-1.449181488091183523e-02
-1.222377744037794235e-02
-9.603064145159259310e-03
-6.666159472366468483e-03
-3.480078003740823354e-03
-1.432473815634388234e-04
3.217141592609372349e-03
6.464910862109416768e-03
9.484270179936166167e-03
1.220502386591081588e-02
1.462954087313030060e-02
1.683530304627758184e-02
1.896907779913684783e-02
2.123740289137854287e-02
2.385640905813654622e-02
2.702057793519743040e-02
3.092155778510707886e-02
3.567063770329544081e-02
4.136780424383715293e-02
4.806651941465633904e-02
5.564185140544342795e-02
6.389458172588058371e-02
7.251555881987210850e-02
8.111801635922173681e-02
8.943352800515370904e-02
9.729342527193317325e-02
1.046181940466182625e-01
1.117500059144413554e-01
1.190946876595149334e-01
1.270263112553592644e-01
1.358873552118113337e-01
1.458422309422432450e-01
1.567789915091482855e-01
1.686336358994959539e-01
1.809802926882087826e-01
1.934202613095143131e-01
2.058386508761960998e-01
2.182902340511844175e-01
2.310215740407385032e-01
2.443091076418160423e-01
2.584178176283482009e-01
2.732094415450397884e-01
2.886059849840645897e-01
3.044425407394046879e-01
3.207027923951393800e-01
3.373055872787720788e-01
3.545044999945042852e-01
3.723595700129780361e-01
3.908496432960362754e-01
4.098929549681327722e-01
4.294519525271066063e-01
4.495525607104629007e-01
4.701780661844051079e-01
4.914095076697502229e-01
5.132776439588733197e-01
5.357334599413889897e-01
5.587592820520016490e-01
5.823859248824545531e-01
6.066080702057987661e-01
6.314144883566068511e-01
6.567892474841373618e-01
6.827366774324754584e-01
7.092671223030230232e-01
7.363938778782427308e-01
7.640908589973005594e-01
7.923352434361135010e-01
8.211435668611380967e-01
8.504925761689736685e-01
8.803699782675455943e-01
9.107767753372699726e-01
9.417042293263858665e-01
9.731194678202327308e-01
1.004994036493375598e+00
1.037317783983452202e+00
1.070067316567474558e+00
1.103235917252903375e+00
1.136829042936847056e+00
1.170818901890631647e+00
1.205165889438359450e+00
1.239848476136008015e+00
1.274834557911173949e+00
1.310098243881817615e+00
1.345608444093970402e+00
1.381336743279140578e+00
1.417261776358557768e+00
1.453349594966351743e+00
1.489573985705762604e+00
1.525908780515867980e+00
1.562323860608582304e+00
1.598786147291519910e+00
1.635270055001256884e+00
1.671743160558258667e+00
1.708174424305728412e+00
1.744535593966578757e+00
1.780795498513803921e+00
1.816924561904415869e+00
1.852895279499697123e+00
1.888680557278730632e+00
1.924255531437376820e+00
1.959594229378064156e+00
1.994675324817674289e+00
2.029473138613486327e+00
2.063966664016568142e+00
2.098134988142126289e+00
2.131961346537363244e+00
2.165429699865049962e+00
2.198526630877060573e+00
2.231241933855197423e+00
2.263562538246478795e+00
2.295481756478168212e+00
2.326988154392356734e+00
2.358077055291981416e+00
2.388745663340315684e+00
2.418989770551626339e+00
2.448811949488902684e+00
2.478212420484228851e+00
2.507190567171858397e+00
2.535754469833737534e+00
2.563905038551300031e+00
2.591648537140571307e+00
2.618977209061405187e+00
2.645941938904615487e+00
2.672533121290451952e+00
2.698922389860011872e+00
2.726679717951524751e+00
2.748484735555892566e+00
