-2.401908276372181341e-04
-2.555145038568582883e-04
-2.720048747155190448e-04
-2.897779696008235270e-04
-3.089745879915526913e-04
-3.297289624764960158e-04
-3.521610573025009384e-04
-3.763800341384864151e-04
-4.025104774990855938e-04
-4.307071846992387132e-04
-4.611553895447081074e-04
-4.940722415990674889e-04
-5.297014923639983570e-04
-5.683213379583620288e-04
-6.102557025863676425e-04
-6.558828926358492356e-04
-7.056534919318190524e-04
-7.600802309420459776e-04
-8.196901962851511989e-04
-8.850520089858365932e-04
-9.567949249517109954e-04
-1.035621392023594383e-03
-1.122307783663081164e-03
-1.217698150892257370e-03
-1.322620729451695273e-03
-1.437945097637654190e-03
-1.564593602747103070e-03
-1.703530809691984659e-03
-1.855746358548202328e-03
-2.022093531605355203e-03
-2.203375455306754577e-03
-2.400366891689569970e-03
-2.613840846674143643e-03
-2.844407737575526882e-03
-3.092457085019113556e-03
-3.358323157078587848e-03
-3.642298736577314743e-03
-3.944419112586178451e-03
-4.264448934186708569e-03
-4.602089903808647894e-03
-4.956930083245754924e-03
-5.328108342529949519e-03
-5.714662368673663340e-03
-6.115615756604304842e-03
-6.529747658003145702e-03
-6.955863880190924116e-03
-7.392742099050192417e-03
-7.838394779593938280e-03
-8.290704505599462773e-03
-8.747680400008690099e-03
-9.207472136798195567e-03
-9.669076535328204047e-03
-1.013304409735166223e-02
-1.060131086120106453e-02
-1.107511811099265615e-02
-1.155400175273257196e-02
-1.203636570085043697e-02
-1.251812161244715213e-02
-1.299362163257269422e-02
-1.345699396354536025e-02
-1.390115438860976479e-02
-1.431893625265697086e-02
-1.470197128045185042e-02
-1.504045290716913945e-02
-1.532219510222477231e-02
-1.553144456051189053e-02
-1.564808499830227032e-02
-1.564769899557979030e-02
-1.550117416458419994e-02
-1.517622312853524405e-02
-1.463942702260445476e-02
-1.385873699175608695e-02
-1.280482193307415709e-02
-1.145177210619983087e-02
-9.781837708004783097e-03
-7.788440126813555089e-03
-5.477299080214475396e-03
-2.876740083534027378e-03
-4.268030237631543128e-05
2.939888257130717636e-03
5.958484836967662714e-03
8.890038941951203949e-03
1.162692430533495205e-02
1.409993233051113487e-02
1.630331372785308319e-02
1.829846175434676411e-02
2.021051627863350644e-02
2.222139526881756338e-02
2.452579120915586441e-02
2.730375335115016108e-02
3.073742363820544665e-02
3.493975946791098852e-02
4.001490117665121304e-02
4.602386419434188747e-02
5.286153599960624616e-02
6.034717281654759791e-02
6.819037276909339917e-02
7.601941873548331841e-02
8.356524594123122818e-02
9.065110411005551649e-02
9.719084050752556381e-02
1.035000742746879226e-01
1.099698424097831223e-01
1.169753820110015635e-01
1.248699395086366182e-01
1.338370213785324558e-01
1.437860546444085508e-01
1.546483604202338047e-01
1.659933759919102747e-01
1.774025148216586689e-01
1.887309944976420517e-01
2.000153331578054527e-01
2.115040293333874666e-01
2.235014844588892879e-01
2.363097790899083284e-01
2.498248672975293128e-01
2.639700069716353070e-01
2.785526484817879567e-01
2.935145755502996945e-01
3.087497321639475212e-01
3.245108900106674077e-01
3.408879161000297198e-01
3.578927703477298161e-01
3.754582746582855735e-01
3.935349319612891361e-01
4.121273713433065145e-01
4.312062928372257797e-01
4.508588570536831153e-01
4.711317259517074363e-01
4.919841404985834110e-01
5.133976054506875775e-01
5.353987634067144397e-01
5.579817670674239727e-01
5.811388215918295019e-01
6.048603212655688788e-01
6.291535501388986207e-01
6.540286180569794272e-01
6.795012707559030529e-01
7.055492222416915871e-01
7.321527083679337800e-01
7.593310826573405059e-01
7.870640772338109992e-01
8.153430811517228260e-01
8.441712346112637544e-01
8.735430609771629440e-01
9.034296465310620583e-01
9.338056935282059712e-01
9.646642549579965698e-01
9.959847459383610602e-01
1.027763932874505182e+00
1.060010460996291259e+00
1.092699839226251468e+00
1.125795071801312774e+00
1.159277705857772567e+00
1.193118551712162745e+00
1.227294480090211470e+00
1.261776564843687609e+00
1.296538883341669557e+00
1.331561997893494720e+00
1.366813949025448727e+00
1.402270439735475716e+00
1.437906984828445367e+00
1.473694839834097881e+00
1.509602006587581702e+00
1.545603397804224732e+00
1.581666879005521498e+00
1.617761633149906064e+00
1.653859060276932968e+00
1.689928010258748614e+00
1.725938401709963488e+00
1.761861560545811001e+00
1.797669148874033729e+00
1.833334219713807833e+00
1.868828810092148185e+00
1.904129062947806039e+00
1.939206913529242460e+00
1.974038613925079844e+00
2.008600282931575887e+00
2.042871744811790791e+00
2.076833272524222451e+00
2.110467596957748437e+00
2.143760197363285602e+00
2.176694048906385515e+00
2.209257884699230345e+00
2.241436119317736786e+00
2.273219736532146484e+00
2.304601422752834416e+00
2.335572635469973513e+00
2.366131675064523598e+00
2.396274547412593936e+00
2.425996214205657697e+00
2.455300591215760164e+00
2.484184790929712783e+00
2.512652375847074904e+00
2.540692541865960941e+00
2.568353312736431970e+00
2.595623598151734601e+00
2.622672910935104795e+00
2.651065509114412855e+00
2.673492270793049741e+00
