-1.966071045510900991e-04
-2.084490497186512975e-04
-2.211814457624049430e-04
-2.348995374886098011e-04
-2.497187368943191207e-04
-2.657448623349745274e-04
-2.830674555521457214e-04
-3.017654590451836010e-04
-3.219323330244755975e-04
-3.436898293788891298e-04
-3.671869079592320279e-04
-3.925993983445780666e-04
-4.201244108367016452e-04
-4.499884014470145895e-04
-4.824575314665254032e-04
-5.178472209504738364e-04
-5.565378014051471740e-04
-5.989658071074641099e-04
-6.455795222106658435e-04
-6.968627829018538304e-04
-7.533538852487049698e-04
-8.156556086278555617e-04
-8.844369966518416228e-04
-9.604278577932281839e-04
-1.044342008589365083e-03
-1.136931399060294020e-03
-1.238996034753833513e-03
-1.351374809810965919e-03
-1.474929253397452367e-03
-1.610395325025868992e-03
-1.758465511501498347e-03
-1.919808904005321183e-03
-2.095099637301693195e-03
-2.284868327494768078e-03
-2.489449305754693614e-03
-2.709133086643493882e-03
-2.944180588791951627e-03
-3.194626099889086909e-03
-3.460267194851687246e-03
-3.740861230956966064e-03
-4.036080397586713601e-03
-4.345203776771525313e-03
-4.667436191945094001e-03
-5.001989847660756779e-03
-5.347869768115936194e-03
-5.704123400990541298e-03
-6.069791785236858771e-03
-6.443229588103381068e-03
-6.822690903566337381e-03
-7.206564817207933640e-03
-7.593380370073863316e-03
-7.982436845665550479e-03
-8.374435044216638549e-03
-8.771307535174075951e-03
-9.174306116201142586e-03
-9.583085775270797080e-03
-9.996246544024360581e-03
-1.041009009323018604e-02
-1.081948411236017572e-02
-1.121909604956718501e-02
-1.160247469230031754e-02
-1.196309064156812763e-02
-1.229330209368969910e-02
-1.258414104157078509e-02
-1.282446075291700238e-02
-1.299985532374913801e-02
-1.309193117921208897e-02
-1.307834456287709606e-02
-1.293240505143097678e-02
-1.262442684705214653e-02
-1.212351365689060337e-02
-1.139976209361094270e-02
-1.042541674814398585e-02
-9.175460118092058567e-03
-7.631980605844023401e-03
-5.786977038061327100e-03
-3.643540533124450635e-03
-1.225647486532792201e-03
1.416894928192218538e-03
4.206678636483341012e-03
7.039743606562640608e-03
9.800922558708780735e-03
1.238792971910649895e-02
1.473294176967923294e-02
1.682646233010769501e-02
1.872147162975261805e-02
2.053117313318966047e-02
2.242339789895289592e-02
2.458007094052519492e-02
2.717189984968708741e-02
3.037410519280027421e-02
3.429888890971465737e-02
3.905124094949147945e-02
4.469539280334369757e-02
5.113711515968092508e-02
5.820681720618357119e-02
6.562633361483834193e-02
7.303487406144067162e-02
8.016551151833350985e-02
8.683886035291270289e-02
9.296563628846152283e-02
9.884540541337587249e-02
1.048582703287912615e-01
1.113766260368958955e-01
1.187562733049182251e-01
1.271891745900621262e-01
1.365969404876546667e-01
1.469101015260775300e-01
1.576996116041373130e-01
1.685398022642630445e-01
1.792712706661013233e-01
1.899200524370077692e-01
2.007332204639526996e-01
2.120272631546748221e-01
2.241221203266925976e-01
2.369333930216213358e-01
2.503865395522606452e-01
2.642759962342767777e-01
2.785209489617571643e-01
2.930011028782175120e-01
3.079664998232417572e-01
3.235226056767725455e-01
3.397004266470989853e-01
3.564424122506633652e-01
3.736932413710005729e-01
3.914450919988176070e-01
4.096603101346449893e-01
4.284282590566204085e-01
4.478046389399174543e-01
4.677544715331097835e-01
4.882593497560293594e-01
5.093429606500083917e-01
5.309986739714370740e-01
5.532205324968291205e-01
5.760025170494071922e-01
5.993533497955209066e-01
6.232829318530043183e-01
6.478085516845263347e-01
6.729101980388264570e-01
6.985697746565149302e-01
7.248080585077985027e-01
7.516061380198554298e-01
7.789575072024068625e-01
8.068670971851565898e-01
8.353312120403717511e-01
8.643230570424376147e-01
8.938189619456173851e-01
9.238139115118694233e-01
9.542894388967624320e-01
9.852442795439714240e-01
1.016688732251253002e+00
1.048600362710620404e+00
1.080944118687698685e+00
1.113703471909053944e+00
1.146850767994672449e+00
1.180364810693829369e+00
1.214218334610339900e+00
1.248386897068670676e+00
1.282852348211792171e+00
1.317584408639063120e+00
1.352560019598025187e+00
1.387755808552110226e+00
1.423144422245301355e+00
1.458694602807808272e+00
1.494381800827826234e+00
1.530174681467197040e+00
1.566042582527039206e+00
1.601957176844500452e+00
1.637887815958104287e+00
1.673804138722570167e+00
1.709677491493168500e+00
1.745478894599810094e+00
1.781180622694111815e+00
1.816753942442876468e+00
1.852173648711530785e+00
1.887410885317877707e+00
1.922440299027962540e+00
1.957236907210567534e+00
1.991778437758534137e+00
2.026043593039889679e+00
2.060012663695302226e+00
2.093669126673677550e+00
2.126993506035356418e+00
2.159972119724249850e+00
2.192587159454204127e+00
2.224826817489487407e+00
2.256681351243755795e+00
2.288139617808507609e+00
2.319197094196658870e+00
2.349847134538823656e+00
2.380082059024516639e+00
2.409903282123016854e+00
2.439305311400962406e+00
2.468289471727644013e+00
2.496842928397724037e+00
2.525011937872720491e+00
2.552783993224576164e+00
2.580327094975352953e+00
2.609199517120568412e+00
2.632106835133066536e+00
