-1.006518185811340653e-04
-1.049247998447879095e-04
-1.094928701719029594e-04
-1.143943103012830302e-04
-1.196809531570979874e-04
-1.253976458983675519e-04
-1.315776616119091564e-04
-1.382441090440042811e-04
-1.454269912925329900e-04
-1.531714889539577136e-04
-1.615389825821394022e-04
-1.706073544661789853e-04
-1.804676372623402198e-04
-1.912304423003555447e-04
-2.030326124000725102e-04
-2.160439877646845987e-04
-2.304786750557084602e-04
-2.465886804560803213e-04
-2.646300029527225042e-04
-2.848803820999297096e-04
-3.076538430701623102e-04
-3.333086613172010207e-04
-3.622486847117967743e-04
-3.949195305053715974e-04
-4.317512405876473727e-04
-4.731974887693405555e-04
-5.197436977672773625e-04
-5.719018250586868288e-04
-6.302004255924910760e-04
-6.950767875076947809e-04
-7.669375781741015648e-04
-8.461743778358333601e-04
-9.331848895570066032e-04
-1.028264842415137952e-03
-1.131572240804617092e-03
-1.243244370799837786e-03
-1.363414862431686905e-03
-1.492067067162997952e-03
-1.629028920397994611e-03
-1.774125481743479621e-03
-1.927147960840362934e-03
-2.087626355624460847e-03
-2.255077485169662554e-03
-2.429071575226512784e-03
-2.609064042517640365e-03
-2.794579925076824331e-03
-2.985180396102630335e-03
-3.179951448771556680e-03
-3.377955387579731523e-03
-3.578421152527194900e-03
-3.780729780368481240e-03
-3.984852990650194354e-03
-4.191775566118345793e-03
-4.403335893666046955e-03
-4.620792033010639663e-03
-4.844169331142953068e-03
-5.072715342685919782e-03
-5.304003040823278628e-03
-5.534595443698805788e-03
-5.760973200144131265e-03
-5.978801118152512681e-03
-6.183688949837420207e-03
-6.370407524625571957e-03
-6.532748578451417522e-03
-6.662907937421054007e-03
-6.750690971938901920e-03
-6.782982477133653668e-03
-6.743747292140215253e-03
-6.613676306779556376e-03
-6.371075407551568363e-03
-5.992941693674052987e-03
-5.456333733967574061e-03
-4.738948420279656334e-03
-3.819312590652242882e-03
-2.679999421122303445e-03
-1.309685051261946830e-03
2.957346548258301950e-04
2.125145084126308509e-03
4.147603807136407764e-03
6.309993705088763269e-03
8.536644301253363751e-03
1.073986155067759712e-02
1.283778472441999413e-02
1.477120877117191720e-02
1.652297423333606505e-02
1.812275065156159978e-02
1.964772362909070202e-02
2.122079428236687756e-02
2.298063277431339549e-02
2.506348948080509842e-02
2.761641453101587249e-02
3.074224556846626502e-02
3.454223341065210812e-02
3.908605541482282342e-02
4.431193103223208390e-02
5.008757943958142694e-02
5.617953651099277801e-02
6.227090839819706541e-02
6.811145009240478221e-02
7.352145444273808228e-02
7.840605627398820887e-02
8.301000759739800283e-02
8.766856625078812970e-02
9.273123218754497632e-02
9.854639500718612166e-02
1.053218227819006647e-01
1.130153776313907871e-01
1.215586698264039950e-01
1.305420273501078920e-01
1.395347882259911354e-01
1.483426000260186506e-01
1.569627542658525166e-01
1.656322193625331674e-01
1.746936491469216757e-01
1.845097241467272275e-01
1.950555624628921014e-01
2.062632062477306738e-01
2.178911826570547605e-01
2.297910691746721801e-01
2.418042497873280627e-01
2.541697466432564223e-01
2.670425318941769266e-01
2.805126349033434940e-01
2.945509922753744014e-01
3.090790464589357467e-01
3.240448124846404543e-01
3.393867607341889414e-01
3.552066717065245904e-01
3.715940727985775349e-01
3.885303546298529698e-01
4.059871975757458062e-01
4.239732321007927962e-01
4.424858040555215144e-01
4.615333875538613073e-01
4.811189672910208270e-01
5.012465955212390689e-01
5.219232918785625674e-01
5.431780975083235763e-01
5.650025343422970803e-01
5.873771483221740253e-01
6.103217721072978774e-01
6.338284328122515410e-01
6.579023417330606138e-01
6.825479355616395072e-01
7.077636574821998261e-01
7.335332916226130484e-01
7.598431203268336542e-01
7.866919966175653922e-01
8.140643641283535903e-01
8.419702274136665610e-01
8.704268275078484995e-01
8.994154839167367577e-01
9.289104120948478149e-01
9.589029019651647001e-01
9.893696287108472154e-01
1.020297736256626564e+00
1.051666782869564720e+00
1.083456849299825109e+00
1.115658726972940773e+00
1.148246252795850575e+00
1.181202476704019899e+00
1.214511297826292191e+00
1.248148436669077821e+00
1.282089715696376864e+00
1.316312790988097836e+00
1.350791117028447896e+00
1.385496650185872092e+00
1.420404630995580897e+00
1.455486536220019556e+00
1.490715452760867032e+00
1.526062198840195672e+00
1.561500368231427016e+00
1.596999683857109664e+00
1.632531729766611539e+00
1.668069480803524351e+00
1.703581747683963643e+00
1.739042095846685898e+00
1.774421691630347242e+00
1.809694451254681757e+00
1.844834212023183095e+00
1.879816309423822052e+00
1.914616575192597647e+00
1.949210218269739059e+00
1.983576399344007424e+00
2.017690595438799139e+00
2.051533146099748794e+00
2.085085450843588539e+00
2.118327398772423820e+00
2.151245786835913609e+00
2.183824132199763124e+00
2.216045603886568127e+00
2.247901614682772831e+00
2.279376958545227261e+00
2.310469850536679193e+00
2.341156491117827976e+00
2.371462033457639951e+00
2.401337389152842228e+00
2.431063420229596872e+00
2.462035268611712624e+00
2.487061266960238992e+00
