-3.150643060400441141e-05
-3.071177889140425262e-05
-2.982696542074180559e-05
-2.884941070143684966e-05
-2.777989849225495164e-05
-2.661450911652586381e-05
-2.534340345194003994e-05
-2.395217661751848599e-05
-2.242932992592913135e-05
-2.076795863263633849e-05
-1.896472310790618798e-05
-1.701727810983173702e-05
-1.492242927046857792e-05
-1.267984211493695842e-05
-1.029478031978960026e-05
-7.780933329054578990e-06
-5.162231005510220482e-06
-2.470652405720155829e-06
2.637651161644800907e-07
3.007738898623421210e-06
5.721179357255399001e-06
8.354647606000699354e-06
1.084888840366786343e-05
1.313595488741062001e-05
1.515234704908381355e-05
1.683032506873406958e-05
1.809484005033381248e-05
1.886523715608557481e-05
1.905760261192452346e-05
1.861206767613475375e-05
1.747669773741395140e-05
1.560204372295648980e-05
1.293534594380552405e-05
9.448131970488444877e-06
5.144201275408616620e-06
2.764579632266229482e-08
-5.903509387848808071e-06
-1.262012067126547178e-05
-2.006003122205561891e-05
-2.816702603697140349e-05
-3.688386450619326155e-05
-4.609774838594424230e-05
-5.571112201145861034e-05
-6.565971761242274819e-05
-7.586190327767081143e-05
-8.624916465735861005e-05
-9.674977860992443706e-05
-1.071704118085711088e-04
-1.173433520718053486e-04
-1.272213775211773312e-04
-1.368665821899033833e-04
-1.465040059690648339e-04
-1.565306801686807846e-04
-1.674164628934403322e-04
-1.793545200441809540e-04
-1.921845118066149130e-04
-2.056290700287648839e-04
-2.191697352130050479e-04
-2.322683371839585626e-04
-2.445934390790038761e-04
-2.557498252822025964e-04
-2.653971406933207161e-04
-2.730580473182744753e-04
-2.781314597197933583e-04
-2.797720720762813217e-04
-2.767842476340798253e-04
-2.676075137617965616e-04
-2.503793471160233259e-04
-2.229495997028188808e-04
-1.831030819144710542e-04
-1.286575081515588476e-04
-5.758725129784774094e-05
3.215789870334349144e-05
1.429830060229468267e-04
2.771335160471430511e-04
4.365935794602709844e-04
6.230882270658723385e-04
8.363443366414322197e-04
1.073057260760094597e-03
1.326519066436903684e-03
1.586295762348892933e-03
1.840068307505318343e-03
2.076970820093631490e-03
2.290414469931013972e-03
2.481479248963045468e-03
2.658785101050864172e-03
2.838250354905692135e-03
3.043486926919942038e-03
3.298860804278493444e-03
3.627677242105674642e-03
4.059664048558885366e-03
4.617485989793018546e-03
5.331613126303318302e-03
6.233585431891143329e-03
7.325714690133651279e-03
8.597172654834832339e-03
1.000892336363097199e-02
1.148650290393513421e-02
1.296098185388157298e-02
1.436677681127369009e-02
1.565024914383926491e-02
1.685739938464307988e-02
1.806452661270830165e-02
1.936666594567483871e-02
2.088341173755919183e-02
2.271051447949076069e-02
2.486906683191318981e-02
2.736755184563872609e-02
3.007052048585116821e-02
3.280062711751316473e-02
3.544345809859308222e-02
3.794790147425521759e-02
4.037429722622100370e-02
4.287157099831315904e-02
4.564035021573754208e-02
4.873289048953863278e-02
5.215890396425619524e-02
5.579637218985770974e-02
5.951322502764171823e-02
6.316786835173082704e-02
6.684208098200569714e-02
7.064855034704940751e-02
7.470923890208541751e-02
7.907306724687850064e-02
8.369623057434902313e-02
8.849823821237859378e-02
9.338909561537235560e-02
9.841575882999718805e-02
1.036721396852762350e-01
1.091933306966583750e-01
1.149758956197678150e-01
1.210050541742770103e-01
1.272608008176451533e-01
1.337490527810097640e-01
1.404919189674084523e-01
1.475041532141109224e-01
1.547890267024041588e-01
1.623711670397666451e-01
1.702539029219924394e-01
1.784270672145867598e-01
1.869105447855070323e-01
1.957104140527800296e-01
2.048447852210192044e-01
2.143172914186789735e-01
2.241327422028693006e-01
2.343019318801714546e-01
2.448257775140997294e-01
2.557077444071195194e-01
2.669518899495612052e-01
2.785839940993536379e-01
2.906319123239975433e-01
3.030979738607694762e-01
3.159817596056241351e-01
3.292916912082985981e-01
3.430258776645722651e-01
3.571967331558329461e-01
3.718082502119537947e-01
3.868650781362654167e-01
4.023845039591546491e-01
4.183660285352545083e-01
4.348222904726803950e-01
4.517615420595925690e-01
4.691899651935129700e-01
4.871118817960319869e-01
5.055359868528586098e-01
5.244652772019100517e-01
5.439032849002600756e-01
5.638549165831284737e-01
5.843238432936691540e-01
6.053122759003353170e-01
6.268234212137426820e-01
6.488576123459519618e-01
6.714154723550072035e-01
6.944956276195282108e-01
7.180986865729538371e-01
7.422214943441086676e-01
7.668636191018598502e-01
7.920208758561134710e-01
8.176905446305776648e-01
8.438657767094077666e-01
8.705397090252922077e-01
8.977067055184333455e-01
9.253578758366700630e-01
9.534869515389761130e-01
9.820832898505793551e-01
1.011137480371361752e+00
1.040635957308178483e+00
1.070564328874235915e+00
1.100908310533721624e+00
1.131649663071139900e+00
1.162773009093103216e+00
1.194262557183833673e+00
1.226101651236783940e+00
1.258282165532403907e+00
1.290759040855424367e+00
1.323514473924414014e+00
1.356357017492042960e+00
1.390084536035360196e+00
1.425857751080283675e+00
1.455473391075960521e+00
