-3.186581740187526522e-05
-3.116855473766006786e-05
-3.039543533642245158e-05
-2.953989281698875941e-05
-2.859729435170150520e-05
-2.756036799058847502e-05
-2.642053876510262782e-05
-2.516899160995917024e-05
-2.380053960242542791e-05
-2.231286107377864435e-05
-2.070278464962296131e-05
-1.896578482129167035e-05
-1.709513380197756594e-05
-1.508807400151141439e-05
-1.294843168875276850e-05
-1.068851898721778464e-05
-8.330342223527263668e-06
-5.902216321507451743e-06
-3.431647042092211888e-06
-9.479853344427796130e-07
1.513390980410754317e-06
3.909971029451081135e-06
6.191774777224445136e-06
8.299967913500649107e-06
1.017966346360797171e-05
1.176982618230086341e-05
1.300359430992831582e-05
1.380962620234439583e-05
1.411479502831071467e-05
1.386826134930477869e-05
1.302484310942085319e-05
1.154056215972137788e-05
9.366828859202679331e-06
6.476139527879569652e-06
2.870829023885760605e-06
-1.445034440344855623e-06
-6.470660707104438763e-06
-1.217810761789603414e-05
-1.851212550529780307e-05
-2.542598670851483236e-05
-3.287466225907738164e-05
-4.076366026189037777e-05
-4.900981831751060740e-05
-5.755659243285299450e-05
-6.633068802141811463e-05
-7.527148463169269158e-05
-8.431654034238499583e-05
-9.329813214251959658e-05
-1.020742461386929767e-04
-1.106162185078343030e-04
-1.189974601016775141e-04
-1.274345649335422207e-04
-1.362833120561582941e-04
-1.459441702641308487e-04
-1.565579438788151261e-04
-1.679504084219174778e-04
-1.798543859961913795e-04
-1.918127322294453706e-04
-2.033776557704582546e-04
-2.143058692501574516e-04
-2.243082827749373306e-04
-2.331459666087119136e-04
-2.404642534107955421e-04
-2.457998990766918353e-04
-2.484637480507763613e-04
-2.474564326837433372e-04
-2.414887958263702060e-04
-2.290533073264962056e-04
-2.084427566799646251e-04
-1.779534618084866154e-04
-1.359723198142976221e-04
-8.106324743467669032e-05
-1.175987263276041926e-05
7.373234466428836629e-05
1.770551970481137926e-04
2.996465390919219110e-04
4.427914360491462769e-04
6.060850150441124623e-04
7.865221074467201434e-04
9.782297662309744502e-04
1.172231229392702891e-03
1.358053886868097748e-03
1.526614531215666429e-03
1.672607521942255692e-03
1.797358769095579092e-03
1.908553763494730878e-03
2.019878868082276759e-03
2.151321016701329865e-03
2.322984424832194323e-03
2.553628788543625423e-03
2.867551562149368589e-03
3.282869596592263330e-03
3.825010541833663655e-03
4.521129052880229308e-03
5.373661303162933188e-03
6.375162110545787124e-03
7.494968874750291589e-03
8.672019357227365305e-03
9.850248876442002990e-03
1.097553287414591676e-02
1.200214975131263899e-02
1.296997518183527071e-02
1.394271558696704230e-02
1.499896878707645230e-02
1.623982784610393179e-02
1.774758725994270495e-02
1.954159631584407794e-02
2.163408123730274635e-02
2.391123439050674843e-02
2.622173332300795426e-02
2.846741941195462741e-02
3.060121565902755580e-02
3.267075015345408812e-02
3.480182880042508725e-02
3.716891081163987282e-02
3.981736349408712683e-02
4.275955766288027510e-02
4.589087072855600746e-02
4.909548034619920509e-02
5.224456208948993763e-02
5.540738399679318027e-02
5.868114200793825286e-02
6.217500796717367190e-02
6.593598290050278754e-02
6.992766745853193355e-02
7.407839943184378606e-02
7.830395875306483955e-02
8.264377047410599586e-02
8.718281649793055421e-02
9.195543813776138609e-02
9.696171131181249847e-02
1.021888095116068873e-01
1.076166412118070986e-01
1.132492790352085388e-01
1.191080411435906372e-01
1.252078186135768822e-01
1.315521292363247552e-01
1.381638847041837537e-01
1.450458376613651956e-01
1.521884269491227126e-01
1.596111416058291765e-01
1.673201022058813381e-01
1.753323564146493652e-01
1.836508569474858965e-01
1.922804729858130779e-01
2.012324810713586043e-01
2.105073500712872636e-01
2.201084466136619677e-01
2.300401288586024218e-01
2.403267998151402962e-01
2.509956955669986334e-01
2.620491951358221994e-01
2.734877730378508787e-01
2.853200659544395945e-01
2.975444622246317117e-01
3.101736324665395617e-01
3.232117806666084947e-01
3.366644599579896036e-01
3.505493442348995847e-01
3.648670758040026829e-01
3.796304302712753542e-01
3.948484891387662454e-01
4.105283853884171275e-01
4.266758032318431204e-01
4.433005236738480903e-01
4.604071597278826533e-01
4.780010270959608176e-01
4.960883481679762563e-01
5.146744028505492174e-01
5.337636473771081302e-01
5.533612881550910023e-01
5.734697909855688280e-01
5.940921259925534548e-01
6.152296657432069216e-01
6.368857952890139007e-01
6.590596824142930243e-01
6.817540227259597518e-01
7.049671776225268083e-01
7.286999950005416116e-01
7.529483678464559127e-01
7.777087320513021984e-01
8.029792101280971428e-01
8.287540356592348889e-01
8.550302739764606974e-01
8.818011674906897079e-01
9.090606585324568778e-01
9.367986032120121376e-01
9.650047519926563400e-01
9.936680865150568920e-01
1.022774085894313512e+00
1.052311742479332901e+00
1.082267454890445180e+00
1.112629387966838523e+00
1.143391621457619189e+00
1.174509694944684268e+00
1.205970468077096402e+00
1.237587541835305727e+00
1.270143882687426728e+00
1.304725977911098234e+00
1.333380264125892500e+00
