-3.154170348252559796e-05
-3.112473486064790753e-05
-3.065949316083115434e-05
-3.014363310398378474e-05
-2.957463516996406127e-05
-2.894566664420796038e-05
-2.824670650593445468e-05
-2.746892191648808156e-05
-2.660891621766070704e-05
-2.566821326504676161e-05
-2.464879127732217727e-05
-2.354869366520083294e-05
-2.236244791015959532e-05
-2.108482933105196961e-05
-1.971566686518562086e-05
-1.826215351301656084e-05
-1.673862089334077449e-05
-1.516479690639318386e-05
-1.355903251791613497e-05
-1.194064501726716838e-05
-1.033237541316679267e-05
-8.760760742639715854e-06
-7.256970005222993781e-06
-5.857679141447211672e-06
-4.597625501667643970e-06
-3.516566141921943932e-06
-2.658570948362364414e-06
-2.070352220797080039e-06
-1.799219998668812536e-06
-1.877708715481086333e-06
-2.334992192560293379e-06
-3.199901584160939101e-06
-4.504528872807424357e-06
-6.267485963853758953e-06
-8.488874173645850302e-06
-1.116892634039735772e-05
-1.431197194549412061e-05
-1.790622892172299255e-05
-2.192159467310704797e-05
-2.633159631660405921e-05
-3.110881601090848312e-05
-3.619582522761995706e-05
-4.154781887033609565e-05
-4.714258982428657014e-05
-5.294818162751405605e-05
-5.893186514392451288e-05
-6.504721823233923885e-05
-7.117335572716852429e-05
-7.721744107551958987e-05
-8.319319733956478859e-05
-8.921116863973535169e-05
-9.548353226896279906e-05
-1.022746368381964794e-04
-1.098130756354782412e-04
-1.181006918403476900e-04
-1.269121512554810885e-04
-1.359845844333355932e-04
-1.450005167209044820e-04
-1.537393605923592351e-04
-1.621868508673029747e-04
-1.703256245475894058e-04
-1.781405217073482193e-04
-1.855055635531108410e-04
-1.921974988539130015e-04
-1.978296309439754575e-04
-2.018159701042462472e-04
-2.034188639563273197e-04
-2.018259765444221357e-04
-1.962181955512311705e-04
-1.859225458144872078e-04
-1.704362147426601698e-04
-1.494618135345315542e-04
-1.227145547352174559e-04
-8.966383299304313942e-05
-4.982717007472903541e-05
-2.804661743551255652e-06
5.171498528071544757e-05
1.130031432816030150e-04
1.787403707153704154e-04
2.449465210448548407e-04
3.059551787265993913e-04
3.554362770653175644e-04
3.882091567308366248e-04
4.015961007139667296e-04
3.969755229566981685e-04
3.793790096895404036e-04
3.569304497158869659e-04
3.408105378585272864e-04
3.411753056409571358e-04
3.664375565518368451e-04
4.281208973168779608e-04
5.336852791998397856e-04
6.956518145343993861e-04
9.285906304233844735e-04
1.232850259630289018e-03
1.605356704345100097e-03
2.031559538834004815e-03
2.479623194460769346e-03
2.921968724405739001e-03
3.331516268951671342e-03
3.683939006404883792e-03
4.005859198338557886e-03
4.332499121243476269e-03
4.703865054964137191e-03
5.174338634892011041e-03
5.789559500250091896e-03
6.560651187810362557e-03
7.503219108344065698e-03
8.556884890686419429e-03
9.639611919054153280e-03
1.070137900230930424e-02
1.171572900938578493e-02
1.270680549336885602e-02
1.374403848572020199e-02
1.492940818261542443e-02
1.628420100883224558e-02
1.781942124555397147e-02
1.947406613371396866e-02
2.117952008441140871e-02
2.285250058394259695e-02
2.453606296039452517e-02
2.628721928321220772e-02
2.817336914048258062e-02
3.022422614631171955e-02
3.241555391891873250e-02
3.469947851829741081e-02
3.701652255950652753e-02
3.939287698388240638e-02
4.188853792424360872e-02
4.452818555111297261e-02
4.731144630548260455e-02
5.022637159003418700e-02
5.325742348540802446e-02
5.640985163436613992e-02
5.970362804142376190e-02
6.314957729724232638e-02
6.674602814464812572e-02
7.050897481775311726e-02
7.444485356905058970e-02
7.855010476035391431e-02
8.283726179241904242e-02
8.730793150535788583e-02
9.197798110139063232e-02
9.685259198097179167e-02
1.019343803979976260e-01
1.072304748049867640e-01
1.127417091574723640e-01
1.184740049520601884e-01
1.244300458496741119e-01
1.306258014918763588e-01
1.370861063798715085e-01
1.438160159549865258e-01
1.508114916011090156e-01
1.580809688507234245e-01
1.656273199687098296e-01
1.734591802390370030e-01
1.815803390310362642e-01
1.899979404176313502e-01
1.987255806607821640e-01
2.077675503688177494e-01
2.171354256295862095e-01
2.268371722501826282e-01
2.368824828764926615e-01
2.472755002005340708e-01
2.580304768371982638e-01
2.691520578484435933e-01
2.806490029782990336e-01
2.925288573581115714e-01
3.048013540261237386e-01
3.174719632350415099e-01
3.305517882843031496e-01
3.440455209911083001e-01
3.579630667093623431e-01
3.723100644235891599e-01
3.870956706107741008e-01
4.023261954048926725e-01
4.180081961527195578e-01
4.341486117179145787e-01
4.507558191095690781e-01
4.678326506286825115e-01
4.853847245450932379e-01
5.034199613883614255e-01
5.219413870388820431e-01
5.409552084496352942e-01
5.604646882250947648e-01
5.804748693696164530e-01
6.009869899229982604e-01
6.220041084103162810e-01
6.435239435668915764e-01
6.655505250302884424e-01
6.880797172697067365e-01
7.111142841123369029e-01
7.346534152882457924e-01
7.587045180821729851e-01
7.832227693514193234e-01
8.081922621732428036e-01
8.333848261971559257e-01
8.599257896293888148e-01
8.885131163767036044e-01
9.111480596477739002e-01
