-2.501043111128582296e-05
-2.481472558973190016e-05
-2.459585112042837505e-05
-2.435178016464031623e-05
-2.407977102353189673e-05
-2.377557038850985666e-05
-2.343410616750509490e-05
-2.305077653712925081e-05
-2.262330322633742102e-05
-2.215131177199187179e-05
-2.163488267789137671e-05
-2.107349363766756320e-05
-2.046616915008133203e-05
-1.981219665031444334e-05
-1.911271274620773256e-05
-1.837131666277419940e-05
-1.759538486563889045e-05
-1.679574176923273181e-05
-1.598276701181028736e-05
-1.516748865475177115e-05
-1.436156696042135682e-05
-1.357920207486369837e-05
-1.283806505190783500e-05
-1.215959467222407807e-05
-1.156500246042615355e-05
-1.107612334783622461e-05
-1.071703349982095166e-05
-1.051242990398780059e-05
-1.048853321060972779e-05
-1.066454983328109969e-05
-1.105790484280784076e-05
-1.168644368224954977e-05
-1.256872623752980707e-05
-1.371575810594109426e-05
-1.512677765164283034e-05
-1.680047011724786665e-05
-1.873719182310637678e-05
-2.092827544735819710e-05
-2.335577861567217326e-05
-2.600434088259850253e-05
-2.885882931051647279e-05
-3.188691456259537321e-05
-3.506480042939351697e-05
-3.838229685459121452e-05
-4.182264682436012584e-05
-4.536143367351053597e-05
-4.895562384198717088e-05
-5.251597080216412932e-05
-5.598195291752665684e-05
-5.939315252099671268e-05
-6.288014729575208705e-05
-6.664303262799841244e-05
-7.086795059886558503e-05
-7.564337722078227368e-05
-8.086197162005583907e-05
-8.626557108248151737e-05
-9.160980281275892163e-05
-9.670403994838796895e-05
-1.015116453334182113e-04
-1.061871823973466075e-04
-1.109048714096145047e-04
-1.158078312647312411e-04
-1.209312277664439955e-04
-1.261953019394046927e-04
-1.313619611642702768e-04
-1.360477153518763476e-04
-1.398023750937805673e-04
-1.421740350564604856e-04
-1.427852341878256624e-04
-1.414497746936336587e-04
-1.381625217997226756e-04
-1.330815826108939452e-04
-1.263429686572442232e-04
-1.178563733645418570e-04
-1.074822756179476800e-04
-9.506512075967297126e-05
-8.049859147184277707e-05
-6.426617032078050747e-05
-4.778586313647570160e-05
-3.339532048854995227e-05
-2.424956465108560758e-05
-2.377278042187355066e-05
-3.465842211379816521e-05
-5.820509628635717235e-05
-9.355829333503475726e-05
-1.380323398482811179e-04
-1.875821291805301178e-04
-2.368900286566528058e-04
-2.817448963869293691e-04
-3.193444999558722719e-04
-3.452927573906026276e-04
-3.574582690388138561e-04
-3.508421655149042179e-04
-3.193438788097909247e-04
-2.646126206883036040e-04
-1.889794765481627825e-04
-9.947523396817452485e-05
-1.169892061600203135e-05
6.152306044928467052e-05
1.077373352221648752e-04
1.157193704915125178e-04
1.014288971951332152e-04
8.161394080075880968e-05
7.208785502321861133e-05
9.583056233560251712e-05
1.717227469056163691e-04
3.017944896273819103e-04
4.956073695970095866e-04
7.248222400475651250e-04
9.530568970238063398e-04
1.163408396187845225e-03
1.348076831014434701e-03
1.520210038527386714e-03
1.712543359963649347e-03
1.973032936758877930e-03
2.304173578515860289e-03
2.710733581162431873e-03
3.164453954805592894e-03
3.637119445093583807e-03
4.090988729236980960e-03
4.554640177857391566e-03
5.056341553991329160e-03
5.627578021152070814e-03
6.279155649894061116e-03
6.995592431498338926e-03
7.751917364643970930e-03
8.515465023389389224e-03
9.302350266092300132e-03
1.014718991353812105e-02
1.106170657931269084e-02
1.204246497168027716e-02
1.307802460469867020e-02
1.415696460165241991e-02
1.528462123871002568e-02
1.647771844270301891e-02
1.774207307280127599e-02
1.906933085433098335e-02
2.046478414064828791e-02
2.193614895801644996e-02
2.348742797319925898e-02
2.512516207386144076e-02
2.684392493918119627e-02
2.865429861111443155e-02
3.056516654183322884e-02
3.257893287582368236e-02
3.469634776425751382e-02
3.691738064455237639e-02
3.925002616104070891e-02
4.169586891373857490e-02
4.426214929791976588e-02
4.696787519730243055e-02
4.981831328036506051e-02
5.280671258193717077e-02
5.593977103259675093e-02
5.922145904375348408e-02
6.265488038547804839e-02
6.624422198824375663e-02
6.999408456318674532e-02
7.391155866920071094e-02
7.800035653392381474e-02
8.226853506862957799e-02
8.672151609883936574e-02
9.136577704450572768e-02
9.620278419287611738e-02
1.012435299347209383e-01
1.064927531279677847e-01
1.119546862919477137e-01
1.176364030542181582e-01
1.235440655086757350e-01
1.296837298821926776e-01
1.360626485316059620e-01
1.426865042450362608e-01
1.495624969683047867e-01
1.566983460214150248e-01
1.641007414406770726e-01
1.717757652093492016e-01
1.797327663752754656e-01
1.879771022881448483e-01
1.965166055983782467e-01
2.053608718740781158e-01
2.145144252441816279e-01
2.239884019149134819e-01
2.337899454440172664e-01
2.439273552921797372e-01
2.544098210750708189e-01
2.652448070090723253e-01
2.764421798967776622e-01
2.880100460157509756e-01
2.999549103435957820e-01
3.122897539326791039e-01
3.250145109000681654e-01
3.381466470196194951e-01
3.516916672419242995e-01
3.656609344880027979e-01
3.800143468885099907e-01
3.946807843775391178e-01
4.095521545578704736e-01
4.260168488007612941e-01
4.433494690595244925e-01
4.559220574101847667e-01
