4.717977830305946328e-03
4.717977829620089575e-03
4.717977829169936639e-03
4.717977828929836165e-03
4.717977828873037849e-03
4.717977828971597898e-03
4.717977829195836061e-03
4.717977829514537723e-03
4.717977829887209235e-03
4.717977830264083981e-03
4.717977830593560878e-03
4.717977830840845710e-03
4.717977830999794085e-03
4.717977831066319863e-03
4.717977831038500970e-03
4.717977830919430418e-03
4.717977830717863356e-03
4.717977830447786861e-03
4.717977830129849344e-03
4.717977829793548912e-03
4.717977829474812555e-03
4.717977829214065402e-03
4.717977829049395909e-03
4.717977829022568410e-03
4.717977829172485815e-03
4.717977829522176578e-03
4.717977830073113478e-03
4.717977830806579717e-03
4.717977831683611671e-03
4.717977832642550329e-03
4.717977833598597202e-03
4.717977834443538507e-03
4.717977835044771980e-03
4.717977835245599182e-03
4.717977834882537171e-03
4.717977833835248179e-03
4.717977832062072822e-03
4.717977829598923346e-03
4.717977826556161991e-03
4.717977823123322041e-03
4.717977819575381454e-03
4.717977816272206013e-03
4.717977813671175510e-03
4.717977812326125571e-03
4.717977812859767278e-03
4.717977815809653273e-03
4.717977821447916567e-03
4.717977829740003202e-03
4.717977840379109118e-03
4.717977852770568505e-03
4.717977866006878122e-03
4.717977878865397059e-03
4.717977889774101555e-03
4.717977896794011382e-03
4.717977897655892261e-03
4.717977890124872183e-03
4.717977872761182703e-03
4.717977845303301249e-03
4.717977808525666492e-03
4.717977764248596634e-03
4.717977715425059407e-03
4.717977666191788301e-03
4.717977621924046919e-03
4.717977589375594270e-03
4.717977576620052856e-03
4.717977592390288667e-03
4.717977643494834609e-03
4.717977732519474700e-03
4.717977857883423956e-03
4.717978014266559564e-03
4.717978192216876372e-03
4.717978377903468343e-03
4.717978553000889280e-03
4.717978694138038991e-03
4.717978772901500022e-03
4.717978756836936280e-03
4.717978616264728760e-03
4.717978335269691625e-03
4.717977914666578523e-03
4.717977368931507674e-03
4.717976727217730072e-03
4.717976034621106790e-03
4.717975352894119428e-03
4.717974761809366237e-03
4.717974360268645424e-03
4.717974264435879223e-03
4.717974594022657231e-03
4.717975430140288959e-03
4.717976789934020566e-03
4.717978635481555674e-03
4.717980877725658738e-03
4.717983369207359376e-03
4.717985900327557360e-03
4.717988196332346430e-03
4.717989910737246592e-03
4.717990629836793862e-03
4.717989895486655871e-03
4.717987329426371473e-03
4.717982778399924283e-03
4.717976319965038433e-03
4.717968216341208304e-03
4.717958940871987486e-03
4.717949197052628482e-03
4.717939929889948016e-03
4.717932346450881206e-03
4.717927914702099018e-03
4.717928317556619594e-03
4.717935178254532153e-03
4.717949417315236982e-03
4.717971031446414540e-03
4.717999297085957028e-03
4.718032745972985248e-03
4.718069065805006491e-03
4.718105048776100562e-03
4.718136541946735263e-03
4.718158388396476513e-03
4.718164552522234080e-03
4.718148601024643382e-03
4.718105891653074507e-03
4.718035210369635538e-03
4.717938356332118839e-03
4.717819717954267050e-03
4.717686760001510091e-03
4.717550220805357547e-03
4.717424292127664516e-03
4.717326911935973768e-03
4.717279509826210332e-03
4.717306115430041497e-03
4.717427772252330391e-03
4.717653883253541090e-03
4.717981306131322980e-03
4.718397430215924560e-03
4.718878667243932984e-03
4.719389506737641481e-03
4.719881695356756106e-03
4.720293385495841383e-03
4.720548988798676376e-03
4.720561637915083458e-03
4.720243786197743895e-03
4.719542428078780071e-03
4.718453707506039922e-03
4.717012019014596783e-03
4.715289607175670097e-03
4.713402580343025589e-03
4.711513583356176371e-03
4.709834498686129266e-03
4.708629901697483806e-03
4.708209953598264247e-03
4.708912901120626895e-03
4.710997823702252861e-03
4.714545056205610152e-03
4.719472296126146771e-03
4.725566014770010356e-03
4.732452949131328059e-03
4.739590747432255967e-03
4.746256601531969981e-03
4.751532793046895665e-03
4.754318196206701493e-03
4.753367014108576816e-03
4.747433911208694991e-03
4.735579341740870155e-03
4.717222194328286183e-03
4.692045604093839778e-03
4.660033170188871733e-03
4.621500195798064134e-03
4.577115186236883210e-03
4.527924325500881468e-03
4.475361181994409743e-03
4.421172775805762636e-03
4.367327175037780986e-03
4.315633500314968417e-03
4.267541388371163050e-03
4.224212031680107948e-03
4.186537823881709974e-03
4.155091255659464598e-03
4.130107106473624237e-03
4.111461578410831666e-03
4.098643746013513889e-03
4.090808753438517770e-03
4.086841444462215207e-03
4.085540048887992964e-03
4.085856986388517430e-03
4.086903507438410972e-03
4.087913695886765189e-03
4.088271210300802039e-03
4.087519721096932561e-03
4.085372470980909096e-03
4.081727416634413873e-03
4.076658265409830763e-03
4.070376827106469801e-03
4.063196073538907424e-03
4.055413402491606784e-03
4.047280202167781969e-03
4.039013428428210595e-03
4.030792828740234479e-03
4.022755789863182926e-03
4.014995246889297570e-03
4.007556279507982523e-03
4.000434114268978589e-03
3.993584236188517204e-03
3.986928947390278033e-03
3.980383933493389891e-03
3.973876868940524887e-03
3.967345832966000588e-03
3.960738076553634197e-03
3.954011923144507348e-03
3.947137425955365465e-03
3.940097006476918871e-03
3.932886645576601746e-03
3.925514066038712432e-03
3.917996432206484990e-03
3.910356072355318166e-03
3.902612900677279034e-03
3.894783707528276604e-03
3.886882885144342728e-03
3.878922003324932703e-03
3.870909519271931078e-03
3.862850671769547679e-03
3.854747135063981214e-03
3.846597143802334834e-03
3.838396290377210120e-03
3.830138087877413972e-03
3.821816158816812581e-03
3.813425003463961818e-03
3.804959809690024349e-03
3.796416462998919526e-03
3.787791666074150250e-03
3.779082971697116447e-03
3.770288848828162384e-03
3.761408740596929208e-03
3.752442861520847214e-03
3.743392070961125764e-03
3.734257422742163265e-03
3.725039755924716353e-03
3.715739704144702202e-03
3.706357725481364187e-03
3.696894068126180093e-03
3.687348754037601036e-03
3.677721574898666548e-03
3.668012063712610717e-03
3.658219527670971034e-03
3.648343097660948844e-03
3.638381796811313539e-03
3.628334689790537609e-03
3.618200906303974812e-03
3.607979627778822723e-03
3.597670092576259020e-03
3.587271604092749297e-03
3.576783533943792438e-03
3.566205331284161804e-03
3.555536522121682461e-03
3.544776691318772977e-03
3.533925474303488672e-03
3.522982520658518493e-03
3.511947475071032065e-03
3.500819978627064000e-03
3.489599669015691717e-03
3.478286178549476557e-03
3.466879135851868785e-03
3.455378167443554516e-03
3.443782898054872487e-03
3.432092952992470396e-03
3.420307959941319611e-03
3.408427561826529208e-03
3.396451426431288268e-03
3.384379245276712429e-03
3.372210731748251453e-03
3.359945622208718174e-03
3.347583678706328014e-03
3.335124691331720244e-03
3.322568482175887027e-03
3.309914905565423601e-03
3.297163842144144440e-03
3.284315204789728902e-03
3.271368941222622603e-03
3.258325032273255532e-03
3.245183490218015061e-03
3.231944358353341408e-03
3.218607713997647096e-03
3.205173669883945153e-03
3.191642377236446251e-03
3.178014030534865707e-03
3.164288861249508686e-03
3.150467141341922652e-03
3.136549197144447229e-03
3.122535410315949687e-03
3.108426216599967633e-03
3.094222103684043761e-03
3.079923614352251832e-03
3.065531349005382131e-03
3.051045965894627794e-03
3.036468188880094791e-03
3.021798804963479572e-03
3.007038657165448867e-03
2.992188666066106142e-03
2.977249835440376555e-03
2.962223252797638665e-03
2.947110086949397516e-03
2.931911587489551083e-03
2.916629092270123843e-03
2.901264022485497591e-03
2.885817889935625782e-03
2.870292303832120469e-03
2.854688952619247131e-03
2.839009626340716248e-03
2.823256235386794807e-03
2.807430812064666895e-03
2.791535511763018184e-03
2.775572606520712148e-03
2.759544496195880884e-03
2.743453703135201836e-03
2.727302872720446716e-03
2.711094788365032808e-03
2.694832352033601358e-03
2.678518590581951790e-03
2.662156694655822171e-03
2.645750021740780281e-03
2.629302103345835390e-03
2.612816637372819030e-03
2.596297491581855531e-03
2.579748710233923520e-03
2.563174501824135726e-03
2.546579256388994007e-03
2.529967536419047789e-03
2.513344054182428764e-03
2.496713724337106151e-03
2.480081676312094301e-03
2.463453263734155171e-03
2.446834063478493023e-03
2.430229862035028325e-03
2.413646678150175098e-03
2.397090744183063421e-03
2.380568515948837914e-03
2.364086677186230320e-03
2.347652093022622576e-03
2.331271850633382520e-03
2.314953291526873191e-03
2.298704015884528874e-03
2.282531890369652108e-03
2.266445023546831763e-03
2.250451784188697152e-03
2.234560798173324328e-03
2.218780942189902978e-03
2.203121352945439527e-03
2.187591371235335022e-03
2.172200535878938445e-03
2.156958621793679098e-03
2.141875643960331789e-03
2.126961849636961176e-03
2.112227697250456532e-03
2.097683846188342846e-03
2.083341189388680358e-03
2.069210838320035065e-03
2.055304130942205848e-03
2.041632567602344722e-03
2.028207779547383429e-03
2.015041533161821951e-03
2.002145736800269981e-03
1.989532401227836131e-03
1.977213604259152498e-03
1.965201465277901897e-03
1.953508171776196633e-03
1.942145974165163189e-03
1.931127186515785386e-03
1.920464091685920556e-03
1.910168887508416000e-03
1.900253558474662100e-03
1.890729810372198880e-03
1.881609033059703211e-03
1.872902108889125221e-03
1.864619422556705640e-03
1.856770884347410180e-03
1.849366008773216169e-03
1.842413934961184205e-03
1.835923366697732664e-03
1.829902554535204869e-03
1.824359380481108649e-03
1.819301270656766478e-03
1.814735165408585312e-03
1.810667318768706489e-03
1.807103329637750264e-03
1.804048175049198814e-03
1.801506163978666177e-03
1.799480892382102895e-03
1.797975195488107740e-03
1.796991045623899360e-03
1.796529439210851550e-03
1.796589631484175843e-03
1.797169170438325065e-03
1.798263653417443882e-03
1.799866106830741745e-03
1.801967325634152911e-03
1.804555992063738238e-03
1.807619013040577625e-03
1.811141719695415512e-03
1.815108055445749727e-03
1.819501345275156834e-03
1.824305106130672850e-03
1.829503321029822636e-03
1.835080433789398283e-03
1.841022217274744521e-03
1.847316121228017314e-03
1.853951358454376591e-03
1.860918604548767634e-03
1.868210515973572818e-03
1.875822269368578521e-03
1.883751073239401871e-03
1.891995977727949649e-03
1.900558091186496613e-03
1.909440794939963560e-03
1.918649392704631102e-03
1.928190867537309117e-03
1.938073972926675215e-03
1.948309351586462483e-03
1.958910177404876284e-03
1.969892390098640020e-03
1.981274531588238588e-03
1.993079111213474659e-03
2.005332780391266660e-03
2.018066384887032185e-03
2.031314562682646346e-03
2.045115796219598627e-03
2.059514452587413863e-03
2.074561065603617964e-03
2.090312374494088504e-03
2.106832762885141666e-03
2.124194156087458318e-03
2.142475993182909200e-03
2.161763615455700865e-03
2.182150152600047938e-03
2.203737934803686165e-03
2.226637835910455065e-03
2.250970269231522634e-03
2.276864418139960128e-03
2.304458152715587252e-03
2.333896783152292383e-03
2.365332859487857993e-03
2.398926230415024310e-03
2.434844067987154779e-03
2.473260749343799813e-03
2.514356304570107992e-03
2.558316403476118984e-03
2.605331615427984842e-03
2.655596139659633769e-03
2.709306584337400816e-03
2.766661012479531417e-03
2.827858737958078260e-03
2.893099172911904951e-03
2.962581297540057418e-03
3.036502674161795784e-03
3.115058740326310648e-03
3.198441581792294680e-03
3.286840036674460851e-03
3.380438898514715254e-03
3.479418362384109446e-03
3.583953467291903054e-03
3.694211490981294879e-03
3.810349346091099557e-03
3.932512093900564394e-03
4.060829491471501691e-03
4.195415047982627502e-03
4.336362798709277391e-03
4.483740680284046924e-03
4.637590916365194257e-03
4.797920541348230788e-03
4.964699658982972726e-03
5.137857817829731034e-03
5.317270840116987939e-03
5.502760636328477527e-03
5.694096519544896741e-03
5.890989357467826294e-03
6.093084804775170463e-03
6.299962629591582958e-03
6.511136729936531191e-03
6.726063847536508863e-03
6.944147931965134746e-03
7.164742167591778982e-03
7.387155238715407968e-03
7.610671267209392042e-03
7.834568308762567684e-03
8.058127621162331639e-03
8.280653029406783230e-03
8.501481070178631971e-03
8.719994785566844223e-03
8.935657672955881620e-03
9.148017986480308505e-03
9.356726415638276506e-03
9.561545949077874737e-03
9.762361400873068029e-03
9.959200654515325268e-03
1.015222393808041731e-02
1.034172626682453543e-02
1.052814618980195058e-02
1.071206386728012182e-02
1.089421049228768597e-02
1.107544083042703159e-02
1.125672344824513345e-02
1.143913767227504145e-02
1.162386624192041605e-02
1.181218811013046328e-02
1.200544404674094151e-02
1.220502413974183971e-02
1.241235587955598699e-02
1.262889952669778160e-02
1.285612646315333410e-02
1.309549126868850104e-02
1.334842710189417664e-02
1.361633809952931921e-02
1.390058144063414242e-02
1.420243867815998949e-02
1.452310627825469797e-02
1.486368848819060069e-02
1.522515807159867743e-02
1.560830056761909786e-02
1.601370590465519064e-02
1.644174745682619454e-02
1.689251579759378646e-02
1.736574697607470852e-02
1.786083733125892054e-02
1.837680846469202586e-02
1.891225737523250308e-02
1.946537159606529649e-02
2.003397200331405795e-02
2.061550198922060956e-02
2.120708405473407249e-02
2.180560920679993839e-02
2.240780468231047540e-02
2.301032363808627051e-02
2.360983298741159073e-02
2.420308975029993384e-02
2.478705899793460718e-02
2.535904649259995008e-02
2.591676720416177457e-02
2.645843248118367672e-02
2.698290060744940738e-02
2.748974336257995615e-02
2.797931221026079759e-02
2.845279195317640744e-02
2.891218205075192157e-02
2.936028358187360229e-02
2.980063397429513067e-02
3.023737374971811540e-02
3.067512214092376135e-02
3.111883237757995246e-02
3.157363875542577858e-02
3.204469876280977014e-02
3.253705362570775278e-02
3.305550945742791874e-02
3.360448510255536342e-02
3.418790748590557621e-02
3.480908530646010385e-02
3.547052727216014334e-02
3.617386306216053421e-02
3.691969579400111029e-02
3.770744406667256993e-02
3.853537444325559613e-02
3.940054748047067124e-02
4.029882517210113535e-02
4.122509830404103015e-02
4.217337022258658280e-02
4.313696777241737140e-02
4.410885186384937845e-02
4.508183618397741677e-02
4.604891214857790432e-02
4.700364568783556990e-02
4.794046327829419585e-02
4.885508219497097793e-02
4.974482292477756806e-02
5.060871188393963049e-02
5.144778306804789064e-02
5.226480360294793320e-02
5.306427129517390928e-02
5.385208711946789378e-02
5.463523102127825631e-02
5.542148863420691407e-02
5.621903309205544125e-02
5.703614668589609971e-02
5.788078247260185910e-02
5.876018378929293712e-02
5.968045864830794772e-02
6.064612267887783265e-02
6.165981007245500273e-02
6.272196500417206999e-02
6.383087526661540556e-02
6.498266741068191299e-02
6.617166232678654836e-02
6.739070425101824358e-02
6.863157060693846068e-02
6.988561401256795924e-02
7.114409420207641610e-02
7.239903133095762500e-02
7.364352917756730732e-02
7.487256375172864076e-02
7.608322006145605554e-02
7.727506608441953029e-02
7.845006580184560319e-02
7.961238692652126969e-02
8.076797648886124836e-02
8.192397564928903531e-02
8.308819149370678947e-02
8.426847679261845192e-02
8.547221812872582425e-02
8.670585718555751109e-02
8.797433837720695926e-02
8.928073391222653143e-02
9.062587215793400930e-02
9.200821116595941929e-02
9.342403700421711421e-02
9.486788422125391751e-02
9.633324053508129925e-02
9.781322349762316959e-02
9.930133445662478464e-02
1.007919629465579281e-01
1.022808688598601801e-01
1.037655617444854933e-01
1.052454463454226413e-01
1.067218619465702956e-01
1.081978036422315270e-01
1.096774992740439242e-01
1.111658371735909506e-01
1.126678484566098759e-01
1.141881586459883857e-01
1.157304964137359504e-01
1.172973017083166897e-01
1.188894655271465345e-01
1.205062808503043065e-01
1.221456889384469613e-01
1.238046438661798559e-01
1.254796438665500835e-01
1.271672141870545114e-01
1.288643448121718216e-01
1.305687745230627028e-01
1.322791902595067404e-01
1.339952575110036348e-01
1.357176046890258558e-01
1.374476834314408147e-01
1.391874654599507821e-01
1.409390327948259747e-01
1.427041852637166985e-01
1.444842596534419710e-01
1.462800504024755199e-01
1.480917727932725414e-01
1.499189620595521300e-01
1.517605616784991895e-01
1.536153252003525371e-01
1.554822048988216132e-01
1.573604118817009956e-01
1.592492284979375727e-01
1.611480351198110172e-01
1.630565796161017322e-01
1.649749997924443157e-01
1.669035747943264925e-01
1.688425552794766693e-01
1.707922232016231001e-01
1.727528852927293912e-01
1.747246789521625099e-01
1.767075488989729992e-01
1.787014286272638197e-01
1.807063017424402063e-01
1.827220989569316167e-01
1.847486526239812687e-01
1.867856164948677733e-01
1.888325207286767060e-01
1.908890422158887323e-01
1.929550097122546826e-01
1.950301789364810301e-01
1.971142378342360113e-01
1.992069686259657912e-01
2.013082793656197356e-01
2.034182802341030494e-01
2.055373346513241772e-01
2.076654109963745054e-01
2.098024156752843761e-01
2.119481327837363094e-01
2.141021481823119632e-01
2.162640135499531158e-01
2.184332480900840756e-01
2.206094044185098468e-01
2.227922165816096089e-01
2.249817013220049289e-01
2.271781943929606362e-01
2.293818597854570818e-01
2.315927404418865743e-01
2.338107822832498350e-01
2.360358345427354121e-01
2.382677256359410356e-01
2.405062525123294048e-01
2.427511932745557433e-01
2.450023284933935397e-01
2.472594430218540695e-01
2.495223225170062620e-01
2.517907521419758266e-01
2.540645179349615979e-01
2.563434097131561673e-01
2.586272209901316343e-01
2.609157463473203986e-01
2.632087836836169426e-01
2.655061365886658975e-01
2.678076139830965485e-01
2.701130303739671668e-01
2.724222046785348406e-01
2.747349591110512801e-01
2.770511174255486653e-01
2.793705046419452942e-01
2.816929475247048620e-01
2.840182745582247592e-01
2.863463163430511327e-01
2.886769047112300868e-01
2.910098719340531992e-01
2.933450508234337062e-01
2.956822744184871010e-01
2.980213760991838878e-01
3.003621893408169319e-01
3.027045478510251297e-01
3.050482856475039695e-01
3.073932369709215240e-01
3.097392356509651723e-01
3.120861153492238138e-01
3.144337103390095756e-01
3.167818550859887727e-01
3.191303837641004115e-01
3.214791303538142575e-01
3.238279283693396571e-01
3.261766109288146698e-01
3.285250109914527039e-01
3.308729618229023783e-01
3.332202969364078671e-01
3.355668499296637353e-01
3.379124545211824593e-01
3.402569443933469717e-01
3.426001533624152273e-01
3.449419156971860745e-01
3.472820660033285600e-01
3.496204392378093884e-01
3.519568705989726820e-01
3.542911954875311853e-01
3.566232493856138497e-01
3.589528680005454886e-01
3.612798876036585893e-01
3.636041454543461060e-01
3.659254798010740384e-01
3.682437300252969781e-01
3.705587372502863186e-01
3.728703447126122672e-01
3.751783981139775181e-01
3.774827457911033579e-01
3.797832387066385484e-01
3.820797299286595727e-01
3.843720745105472236e-01
3.866601298720317437e-01
3.889437560464250043e-01
3.912228156311138849e-01
3.934971728247698142e-01
3.957666933938088771e-01
3.980312446333259535e-01
4.002906949430641848e-01
4.025449137281116863e-01
4.047937710445506099e-01
4.070371372064692239e-01
4.092748826438928345e-01
4.115068781172450119e-01
4.137329949431636789e-01
4.159531051961540826e-01
4.181670818820293900e-01
4.203747995842537222e-01
4.225761353847991009e-01
4.247709692792329683e-01
4.269591851864856236e-01
4.291406711985957245e-01
4.313153189374371865e-01
4.334830229660539547e-01
4.356436814452284700e-01
4.377971961801361278e-01
4.399434723964835703e-01
4.420824186690026081e-01
4.442139461398271760e-01
4.463379687452829203e-01
4.484544028743448485e-01
4.505631668349430186e-01
4.526641804955195414e-01
4.547573645351948857e-01
4.568426398889026685e-01
4.589199276154299900e-01
4.609891492886039610e-01
4.630502272942960684e-01
4.651030852478764133e-01
4.671476482272601261e-01
4.691838438829341040e-01
4.712116034459453706e-01
4.732308620719475334e-01
4.752415599512984090e-01
4.772436417421242472e-01
4.792370558527523361e-01
4.812217541725975489e-01
4.831976925775560705e-01
4.851648304576736681e-01
4.871231304084176483e-01
4.890725581028659841e-01
4.910130819029573379e-01
4.929446732781251339e-01
4.948673063754702173e-01
4.967809574967068098e-01
4.986856042493927332e-01
5.005812249373908784e-01
5.024677980689775669e-01
5.043453023479708142e-01
5.062137172197104240e-01
5.080730231930288276e-01
5.099232023615153375e-01
5.117642386008151023e-01
5.135961187484833212e-01
5.154188327736004549e-01
5.172323741546737130e-01
5.190367398869761839e-01
5.208319300763896154e-01
5.226179476382535327e-01
5.243947980190760694e-01
5.261624892534033648e-01
5.279210315244103890e-01
5.296704374930346626e-01
5.314107219952108885e-01
5.331419015768100733e-01
5.348639948587436965e-01
5.365770222670381839e-01
5.382810053981864629e-01
5.399759664492518318e-01
5.416619279776333507e-01
5.433389127128390728e-01
5.450069436702285053e-01
5.466660446256321748e-01
5.483162403277781483e-01
5.499575569821590904e-01
5.515900222435703437e-01
5.532136657776505206e-01
5.548285190593003069e-01
5.564346155116152159e-01
5.580319903978934182e-01
5.596206807045358556e-01
5.612007249365172923e-01
5.627721629347042231e-01
5.643350356991301275e-01
5.658893853178460498e-01
5.674352554604472632e-01
5.689726908628857105e-01
5.705017367858102872e-01
5.720224392022655868e-01
5.735348446378992771e-01
5.750389998371834288e-01
5.765349516722092504e-01
5.780227471665694283e-01
5.795024334637070007e-01
5.809740579629979473e-01
5.824376685352956606e-01
5.838933136125130652e-01
5.853410424801926970e-01
5.867809050773881152e-01
5.882129521658190363e-01
5.896372352140628603e-01
5.910538064351725795e-01
5.924627189691454854e-01
5.938640266872972084e-01
5.952577840404369436e-01
5.966440460645421329e-01
5.980228683376171972e-01
5.993943069486298292e-01
6.007584187463135272e-01
6.021152608964710495e-01
6.034648904402017955e-01
6.048073643678506528e-01
6.061427395777944094e-01
6.074710728899276324e-01
6.087924211006958686e-01
6.101068410600146708e-01
6.114143896631937247e-01
6.127151239273406214e-01
6.140091010413888384e-01
6.152963783914112694e-01
6.165770136570937199e-01
6.178510645338941565e-01
6.191185887580347158e-01
6.203796439952664610e-01
6.216342879587183345e-01
6.228825786318668012e-01
6.241245741189804797e-01
6.253603325263900059e-01
6.265899120229680985e-01
6.278133709295434794e-01
6.290307676579491858e-01
6.302421607489742117e-01
6.314476086114363396e-01
6.326471693056170409e-01
6.338409005314585842e-01
6.350288596989067669e-01
6.362111040672234763e-01
6.373876908379132455e-01
6.385586772233539099e-01
6.397241204448026464e-01
6.408840777327492466e-01
6.420386062900069746e-01
6.431877632709581682e-01
6.443316057239695249e-01
6.454701903106793148e-01
6.466035732546692172e-01
6.477318102995325289e-01
6.488549569196048195e-01
6.499730684149875870e-01
6.510861998287243990e-01
6.521944059124900051e-01
6.532977412316428589e-01
6.543962602564933340e-01
6.554900172513942191e-01
6.565790662358744756e-01
6.576634608865752352e-01
6.587432544789291189e-01
6.598184998228114884e-01
6.608892494256737304e-01
6.619555556308214239e-01
6.630174707329712369e-01
6.640750470151856044e-01
6.651283367438836081e-01
6.661773921213418603e-01
6.672222652120701758e-01
6.682630078955879016e-01
6.692996717080089697e-01
6.703323076300793382e-01
6.713609660067717533e-01
6.723856966232307775e-01
6.734065488334610716e-01
6.744235715638150497e-01
6.754368132995874907e-01
6.764463220944465505e-01
6.774521456584082779e-01
6.784543314372871725e-01
6.794529265234797721e-01
6.804479775981050471e-01
6.814395309484129193e-01
6.824276324694074081e-01
6.834123276289874038e-01
6.843936616421174568e-01
6.853716795830347985e-01
6.863464264889348465e-01
6.873179473695466557e-01
6.882862871988403297e-01
6.892514908319989919e-01
6.902136029261265460e-01
6.911726678780913957e-01
6.921287295930139694e-01
6.930818313621712745e-01
6.940320158290146368e-01
6.949793251018955287e-01
6.959238007947666782e-01
6.968654840009698148e-01
6.978044153206190980e-01
6.987406349069397171e-01
6.996741825675991677e-01
7.006050977822524395e-01
7.015334196126086219e-01
7.024591866376513893e-01
7.033824370544994320e-01
7.043032087046071643e-01
7.052215390936973360e-01
7.061374655290966196e-01
7.070510252138930696e-01
7.079622553185160871e-01
7.088711929774424991e-01
7.097778752755233844e-01
7.106823391468808371e-01
7.115846213081042926e-01
7.124847581684241593e-01
7.133827856025041214e-01
7.142787388955774697e-01
7.151726527878290440e-01
7.160645615405867304e-01
7.169544989355162157e-01
7.178424982340888549e-01
7.187285922361589252e-01
7.196128133350018219e-01
7.204951935909009730e-01
7.213757647044451993e-01
7.222545579487911205e-01
7.231316041319102439e-01
7.240069337223915547e-01
7.248805768948214379e-01
7.257525635900861083e-01
7.266229236053624030e-01
7.274916866733093235e-01
7.283588824955206098e-01
7.292245407346252817e-01
7.300886909926656010e-01
7.309513627062298458e-01
7.318125851050156783e-01
7.326723871012025269e-01
7.335307971054955134e-01
7.343878430400458956e-01
7.352435524015942248e-01
7.360979522683466225e-01
7.369510692930283380e-01
7.378029296588896058e-01
7.386535591287132219e-01
7.395029831300020673e-01
7.403512267967962135e-01
7.411983149239383950e-01
7.420442719005677645e-01
7.428891217003068537e-01
7.437328880081522930e-01
7.445755942835675656e-01
7.454172638294331854e-01
7.462579198500933764e-01
7.470975855115439268e-01
7.479362839487579961e-01
7.487740382577111609e-01
7.496108714703391129e-01
7.504468064593641241e-01
7.512818659131760279e-01
7.521160722186059910e-01
7.529494473252721365e-01
7.537820128060416236e-01
7.546137899025260332e-01
7.554447995169497609e-01
7.562750621994502875e-01
7.571045981163113670e-01
7.579334270816837638e-01
7.587615686487068078e-01
7.595890421185531594e-01
7.604158664927297417e-01
7.612420604181170392e-01
7.620676421949980073e-01
7.628926298937982464e-01
7.637170414173648503e-01
7.645408945660753242e-01
7.653642070821534693e-01
7.661869966855706648e-01
7.670092810690394280e-01
7.678310778897612376e-01
7.686524047389958758e-01
7.694732790640543829e-01
7.702937181539517564e-01
7.711137390398450364e-01
7.719333584160432693e-01
7.727525927093314984e-01
7.735714580925255879e-01
7.743899704756141977e-01
7.752081454947279404e-01
7.760259984776256559e-01
7.768435444734157480e-01
7.776607983326322415e-01
7.784777746977078472e-01
7.792944879656075186e-01
7.801109522393222528e-01
7.809271813434890408e-01
7.817431889273876999e-01
7.825589885215095132e-01
7.833745935909309788e-01
7.841900175706484344e-01
7.850052738825452625e-01
7.858203759258752807e-01
7.866353370683425439e-01
7.874501706168242077e-01
7.882648897633373064e-01
7.890795075707424111e-01
7.898940368958606850e-01
7.907084903520268382e-01
7.915228803687885950e-01
7.923372191861161040e-01
7.931515188571782726e-01
7.939657912370873261e-01
7.947800479481518243e-01
7.955943004105695548e-01
7.964085598993928539e-01
7.972228375298395786e-01
7.980371442351651412e-01
7.988514907212178606e-01
7.996658874817835772e-01
8.004803448818685885e-01
8.012948732059054224e-01
8.021094826967116731e-01
8.029241835849104669e-01
8.037389860935930663e-01
8.045539004286489382e-01
8.053689367696782453e-01
8.061841052416770514e-01
8.069994158812449081e-01
8.078148786295921147e-01
8.086305032858828179e-01
8.094462994883002693e-01
8.102622767536581394e-01
8.110784444640265489e-01
8.118948118785634938e-01
8.127113881197212120e-01
8.135281821466595620e-01
8.143452027836254326e-01
8.151624587496730800e-01
8.159799586477225475e-01
8.167977109514445999e-01
8.176157239692245504e-01
8.184340058595612755e-01
8.192525646884659674e-01
8.200714084705326146e-01
8.208905451964068067e-01
8.217099828527780758e-01
8.225297294240233592e-01
8.233497928867685722e-01
8.241701812030655105e-01
8.249909023042354406e-01
8.258119640796546257e-01
8.266333743734910477e-01
8.274551409665987789e-01
8.282772715668376140e-01
8.290997738272962714e-01
8.299226553350542712e-01
8.307459236230052557e-01
8.315695861572318659e-01
8.323936503231326167e-01
8.332181234446820461e-01
8.340430127900516633e-01
8.348683255700162231e-01
8.356940689304624970e-01
8.365202499288018068e-01
8.373468755409441133e-01
8.381739526919602667e-01
8.390014882822274256e-01
8.398294892027781122e-01
8.406579623438961146e-01
8.414869145940124806e-01
8.423163528335977368e-01
8.431462839266142817e-01
8.439767147053893748e-01
8.448076519630043357e-01
8.456391024497931230e-01
8.464710728618830560e-01
8.473035698341311317e-01
8.481365999538498235e-01
8.489701697523074353e-01
8.498042857154937124e-01
8.506389542727128550e-01
8.514741817869524443e-01
8.523099745734330490e-01
8.531463388983167029e-01
8.539832809788180379e-01
8.548208069768117312e-01
8.556589229831470522e-01
8.564976350210191658e-01
8.573369490687842154e-01
8.581768710843208359e-01
8.590174070191612943e-01
8.598585628246959711e-01
8.607003444588728902e-01
8.615427579192733720e-01
8.623858092865219760e-01
8.632295047839838587e-01
8.640738508042739019e-01
8.649188539186986047e-01
8.657645209106972217e-01
8.666108587713009515e-01
8.674578746496952597e-01
8.683055758785873657e-01
8.691539699511982020e-01
8.700030645378873384e-01
8.708528675193444313e-01
8.717033869266535007e-01
8.725546309502409947e-01
8.734066079269193761e-01
8.742593263417353100e-01
8.751127948461681072e-01
8.759670222317181842e-01
8.768220173842540266e-01
8.776777892353387900e-01
8.785343467257402672e-01
8.793916987963218412e-01
8.802498543784246232e-01
8.811088223102027106e-01
8.819686111856188671e-01
8.828292292470633074e-01
8.836906843627981845e-01
8.845529840142948297e-01
8.854161352367617699e-01
8.862801446299981567e-01
8.871450184353557589e-01
8.880107624925334120e-01
8.888773822896618437e-01
8.897448829133898229e-01
8.906132690092189996e-01
8.914825448881877890e-01
8.923527144963530056e-01
8.932237814373950036e-01
8.940957489585404927e-01
8.949686199259870856e-01
8.958423968432960294e-01
8.967170819634382450e-01
8.975926774295197585e-01
8.984691853717687859e-01
8.993466079204129882e-01
9.002249472533897512e-01
9.011042061928119518e-01
9.019843891774063094e-01
9.028655025855951699e-01
9.037475547525908315e-01
9.046305560191673090e-01
9.055145189889002300e-01
9.063994584175932845e-01
