3.914077775588572713e-03
3.914003043659864019e-03
3.913926515799377899e-03
3.913848155585858586e-03
3.913767925807676469e-03
3.913685788347158467e-03
3.913601704216269558e-03
3.913515633560207124e-03
3.913427535585589472e-03
3.913337368440147554e-03
3.913245089444505713e-03
3.913150655041988321e-03
3.913054020402800988e-03
3.912955139719332537e-03
3.912853966275667110e-03
3.912750452283850558e-03
3.912644548920690864e-03
3.912536206456826773e-03
3.912425374280876014e-03
3.912312000753977864e-03
3.912196033200825498e-03
3.912077417297687640e-03
3.911956097819869679e-03
3.911832019078236022e-03
3.911705124362683042e-03
3.911575355757189801e-03
3.911442654036501390e-03
3.911306958878832049e-03
3.911168208892755113e-03
3.911026341484745601e-03
3.910881292827499828e-03
3.910732998430289931e-03
3.910581392845748766e-03
3.910426408327401238e-03
3.910267975620834377e-03
3.910106024161467096e-03
3.909940482104560036e-03
3.909771276296960391e-03
3.909598332300454754e-03
3.909421574305214225e-03
3.909240924953973247e-03
3.909056305240878743e-03
3.908867633921052701e-03
3.908674828596607996e-03
3.908477805760608020e-03
3.908276480174858666e-03
3.908070764277473373e-03
3.907860568164367096e-03
3.907645800355517493e-03
3.907426367758409964e-03
3.907202175417191434e-03
3.906973126558944964e-03
3.906739122724157444e-03
3.906500063461043094e-03
3.906255846088455344e-03
3.906006366375423550e-03
3.905751518509207199e-03
3.905491195300108635e-03
3.905225287727689346e-03
3.904953684859939229e-03
3.904676273720058058e-03
3.904392939202428522e-03
3.904103563965423320e-03
3.903808028133518016e-03
3.903506209615202963e-03
3.903197984049143563e-03
3.902883223973695279e-03
3.902561798108520382e-03
3.902233572218472002e-03
3.901898409954304009e-03
3.901556172382740929e-03
3.901206717290180322e-03
3.900849899511960647e-03
3.900485571032064492e-03
3.900113580849737423e-03
3.899733774881218498e-03
3.899345996649537013e-03
3.898950087587613363e-03
3.898545886332386180e-03
3.898133228316314446e-03
3.897711945964579990e-03
3.897281869353680026e-03
3.896842826179305712e-03
3.896394640717630933e-03
3.895937133561417926e-03
3.895470122800019988e-03
3.894993423901634954e-03
3.894506847480416842e-03
3.894010198827486859e-03
3.893503280573116804e-03
3.892985892901789247e-03
3.892457831901622450e-03
3.891918888516893594e-03
3.891368849486998623e-03
3.890807497548087399e-03
3.890234610338329149e-03
3.889649960099742128e-03
3.889053315230193899e-03
3.888444440689571655e-03
3.887823096077892056e-03
3.887189035621780361e-03
3.886542009212672934e-03
3.885881762931025097e-03
3.885208038395951587e-03
3.884520572036547718e-03
3.883819095862294825e-03
3.883103339865373420e-03
3.882373029933310331e-03
3.881627885058593162e-03
3.880867618055594201e-03
3.880091938488434544e-03
3.879300550767739164e-03
3.878493152631091144e-03
3.877669435387846690e-03
3.876829084316012110e-03
3.875971778029304801e-03
3.875097187001360233e-03
3.874204974837916135e-03
3.873294799201625234e-03
3.872366311018714171e-03
3.871419153933872669e-03
3.870452966306796652e-03
3.869467381207549166e-03
3.868462025869855332e-03
3.867436520955542731e-03
3.866390479994873206e-03
3.865323510473899198e-03
3.864235215350462008e-03
3.863125190500891776e-03
3.861993022844769675e-03
3.860838291331504177e-03
3.859660568482916124e-03
3.858459418511947167e-03
3.857234397477077477e-03
3.855985052586974847e-03
3.854710922061503446e-03
3.853411535307553655e-03
3.852086413777425743e-03
3.850735071045952203e-03
3.849357011921035205e-03
3.847951731166324163e-03
3.846518715333251560e-03
3.845057444081137997e-03
3.843567387816677634e-03
3.842048007832776779e-03
3.840498756504591524e-03
3.838919076146250428e-03
3.837308398838925640e-03
3.835666147849310214e-03
3.833991735524699442e-03
3.832284561572962215e-03
3.830544014874284059e-03
3.828769474352231635e-03
3.826960307550510577e-03
3.825115870680737169e-03
3.823235507777812767e-03
3.821318550156292248e-03
3.819364318290671603e-03
3.817372124051066160e-03
3.815341268286364784e-03
3.813271039175862229e-03
3.811160711698099394e-03
3.809009551098821011e-03
3.806816812263807623e-03
3.804581737661929391e-03
3.802303558000349852e-03
3.799981491483948176e-03
3.797614742523578585e-03
3.795202502756651972e-03
3.792743951718573637e-03
3.790238254411030031e-03
3.787684559605947014e-03
3.785082002492768955e-03
3.782429705437703824e-03
3.779726776529865762e-03
3.776972308380558904e-03
3.774165377753568775e-03
3.771305045843026827e-03
3.768390360266307172e-03
3.765420357190641439e-03
3.762394057655321124e-03
3.759310465489374992e-03
3.756168568838071965e-03
3.752967343102109939e-03
3.749705748830530014e-03
3.746382731153266761e-03
3.742997220726248121e-03
3.739548131556065177e-03
3.736034360950794917e-03
3.732454792147272323e-03
3.728808292519209065e-03
3.725093711245644913e-03
3.721309877929138577e-03
3.717455607021483144e-03
3.713529697069940967e-03
3.709530928585870035e-03
3.705458063453129051e-03
3.701309845360517114e-03
3.697085000004699494e-03
3.692782238226342655e-03
3.688400257402952784e-03
3.683937736574960722e-03
3.679393334837052169e-03
3.674765694177626815e-03
3.670053440825159306e-03
3.665255183695263069e-03
3.660369514248203605e-03
3.655395006885520451e-03
3.650330217464607327e-03
3.645173684472424736e-03
3.639923930890231855e-03
3.634579461439761596e-03
3.629138761136793852e-03
3.623600295441201709e-03
3.617962514539363114e-03
3.612223851848681347e-03
3.606382722441012385e-03
3.600437524730124537e-03
3.594386639749367826e-03
3.588228432378477804e-03
3.581961255104452145e-03
3.575583447298705253e-03
3.569093331750979731e-03
3.562489213687281692e-03
3.555769383966408438e-03
3.548932118771135156e-03
3.541975679538162877e-03
3.534898313311676810e-03
3.527698254145852485e-03
3.520373722960727994e-03
3.512922928629168707e-03
3.505344069824428872e-03
3.497635332133710532e-03
3.489794888662140025e-03
3.481820900135134886e-03
3.473711516897588520e-03
3.465464878835463735e-03
3.457079115372505007e-03
3.448552349021799437e-03
3.439882695203995509e-03
3.431068263708066460e-03
3.422107159880275872e-03
3.412997484723496663e-03
3.403737335501261750e-03
3.394324804195128671e-03
3.384757978995262418e-03
3.375034944684543545e-03
3.365153785646207013e-03
3.355112587640847379e-03
3.344909441269355767e-03
3.334542443101809386e-03
3.324009693294829697e-03
3.313309299164294858e-03
3.302439375800538153e-03
3.291398049254715824e-03
3.280183453116043268e-03
3.268793729158880716e-03
3.257227032162202714e-03
3.245481531634132263e-03
3.233555418613335338e-03
3.221446907417208419e-03
3.209154231975852242e-03
3.196675645559590544e-03
3.184009428039261819e-03
3.171153891735582851e-03
3.158107374831157707e-03
3.144868241145846663e-03
3.131434884224555768e-03
3.117805735581696217e-03
3.103979267362342101e-03
3.089954001568826891e-03
3.075728508096352547e-03
3.061301394547450479e-03
3.046671319384037808e-03
3.031836999592113068e-03
3.016797212696302292e-03
3.001550786686836298e-03
2.986096602522168592e-03
2.970433610197384562e-03
2.954560827425002818e-03
2.938477356304076190e-03
2.922182382468543980e-03
2.905675157430208551e-03
2.888955006502059650e-03
2.872021348240942802e-03
2.854873703518627428e-03
2.837511679395887665e-03
2.819934970213214959e-03
2.802143369234583008e-03
2.784136780495882757e-03
2.765915224716810131e-03
2.747478855486530386e-03
2.728827941661664952e-03
2.709962853477539298e-03
2.690884098575623082e-03
2.671592333594250291e-03
2.652088357694751351e-03
2.632373100655529402e-03
2.612447630422654130e-03
2.592313183611950032e-03
2.571971154554889439e-03
2.551423130534701249e-03
2.530670874362761502e-03
2.509716289448109955e-03
2.488561453228494043e-03
2.467208644903773427e-03
2.445660353276748241e-03
2.423919252216269644e-03
2.401988202057509479e-03
2.379870279228097751e-03
2.357568776253084371e-03
2.335087223495279155e-03
2.312429397914141267e-03
2.289599277840833474e-03
2.266601045063912703e-03
2.243439147604209087e-03
2.220118304122278667e-03
2.196643489608890616e-03
2.173019928894681218e-03
2.149253108509834205e-03
2.125348811858453722e-03
2.101313099768977854e-03
2.077152361874732081e-03
2.052873264052309295e-03
2.028482712263746535e-03
2.003987923448587605e-03
1.979396439467628107e-03
1.954716137610587427e-03
1.929955200578183745e-03
1.905122118678410827e-03
1.880225735895931774e-03
1.855275223198024712e-03
1.830280126186854470e-03
1.805250335764031593e-03
1.780196024344405130e-03
1.755127684109798747e-03
1.730056189447376404e-03
1.704992791264239686e-03
1.679949105247275330e-03
1.654937099742482057e-03
1.629969111105698202e-03
1.605057861948110988e-03
1.580216443818018750e-03
1.555458355199080449e-03
1.530797416478722143e-03
1.506247757517186836e-03
1.481823896797050417e-03
1.457540720750824699e-03
1.433413503942433925e-03
1.409457867682044297e-03
1.385689788162288967e-03
1.362125625928820114e-03
1.338782084215592565e-03
1.315676258541883864e-03
1.292825554146648541e-03
1.270247643877153807e-03
1.247960503266150106e-03
1.225982435596535214e-03
1.204332057699499274e-03
1.183028277608710356e-03
1.162090265408870617e-03
1.141537447319027499e-03
1.121389505807077842e-03
1.101666339803722330e-03
1.082388047443763211e-03
1.063574861927967657e-03
1.045247115558794104e-03
1.027425228129925320e-03
1.010129669825074548e-03
9.933809345188881427e-04
9.771995029189514854e-04
9.616058499185122302e-04
9.466204339299327981e-04
9.322636785084900766e-04
9.185559531663389787e-04
9.055175453051893470e-04
8.931686800059649052e-04
8.815294868100814318e-04
8.706199998292606101e-04
8.604600880892878832e-04
8.510694501046513379e-04
8.424675591768280604e-04
8.346735887029203653e-04
8.277063806761568226e-04
8.215842955261655912e-04
8.163252333177341800e-04
8.119465835659975218e-04
8.084649345635898767e-04
8.058959497062575866e-04
8.042543217030410658e-04
8.035535289087993895e-04
8.038059292856014788e-04
8.050227173084075144e-04
8.072139903695235708e-04
8.103887732203416978e-04
8.145549729008543828e-04
8.197198171190773737e-04
8.258901291752768345e-04
8.330723981897577733e-04
8.412727951667511340e-04
8.504975363068685698e-04
8.607530698519788191e-04
8.720460996961522859e-04
8.843835020611006802e-04
8.977724659974268672e-04
9.122208082419326278e-04
9.277368617221607187e-04
9.443295676161591982e-04
9.620085951721643559e-04
9.807843146348053584e-04
1.000667866911823366e-03
1.021671051091682355e-03
1.043806416224604900e-03
1.067087478027115488e-03
1.091528976100810452e-03
1.117146995722802022e-03
1.143958793648503511e-03
1.171983472248529267e-03
1.201241972588160643e-03
1.231757118419780266e-03
1.263553579207034273e-03
1.296657980290055181e-03
1.331099986350849172e-03
1.366912256347453973e-03
1.404130580870910578e-03
1.442794695968938577e-03
1.482948516414551521e-03
1.524640140148361515e-03
1.567921327527768910e-03
1.612848766521475692e-03
1.659485002339987402e-03
1.707898189774840385e-03
1.758162635021768855e-03
1.810358849147158597e-03
1.864573910738212287e-03
1.920900612261472983e-03
1.979437897523781981e-03
2.040291795128602783e-03
2.103575238034814405e-03
2.169409500997305888e-03
2.237922971782112507e-03
2.309251517217001445e-03
2.383538185954174517e-03
2.460931599629539134e-03
2.541588219603897573e-03
2.625668820450490371e-03
2.713339861495649933e-03
2.804774022520080314e-03
2.900146759337716117e-03
2.999639068722417205e-03
3.103432061408649585e-03
3.211711343251931125e-03
3.324664165797198197e-03
3.442476669671815266e-03
3.565338047567586516e-03
3.693432934897801067e-03
3.826946584567051356e-03
3.966056462513104126e-03
4.110935069460712812e-03
4.261745368584886513e-03
4.418637454831964191e-03
4.581750169279388135e-03
4.751201437191853068e-03
4.927093943030495284e-03
5.109502269193824490e-03
5.298475762996136297e-03
5.494033650153824604e-03
5.696157317279237908e-03
5.904791405586110216e-03
6.119845086241132784e-03
6.341184428505244018e-03
6.568625745659555613e-03
6.801934551677719931e-03
7.040822114972710571e-03
7.284954125424146498e-03
7.533942474492520865e-03
7.787353938811950385e-03
8.044707321895553515e-03
8.305485482721860352e-03
8.569147763173974586e-03
8.835134481481671936e-03
9.102885215578218267e-03
9.371829924060454814e-03
9.641413184441895504e-03
9.911103542884457107e-03
1.018040439896668314e-02
1.044886901830211628e-02
1.071610950176060673e-02
1.098181521784283125e-02
1.124576504887601566e-02
1.150783384490644719e-02
1.176799274971110712e-02
1.202632657461819195e-02
1.228303336373705486e-02
1.253844301734653201e-02
1.279299973417448791e-02
1.304725438289262331e-02
1.330187720529833750e-02
1.355765422281467528e-02
1.381549139969406696e-02
1.407638611425274765e-02
1.434140809511969678e-02
1.461170107175709110e-02
1.488847406740137665e-02
1.517299201191061979e-02
1.546655386317661793e-02
1.577046012858961122e-02
1.608603150810763993e-02
1.641456097439280767e-02
1.675730529309266484e-02
1.711549747822344383e-02
1.749028614715559746e-02
1.788277660272332564e-02
1.829389916275038497e-02
1.872440657993500179e-02
1.917487841111342045e-02
1.964556966605004312e-02
2.013652798180071840e-02
2.064749019874124666e-02
2.117792188144161994e-02
2.172696488883919461e-02
2.229329780322386600e-02
2.287531212528336536e-02
2.347099650135939936e-02
2.407794274589636699e-02
2.469361326111897681e-02
2.531518796711427349e-02
2.593983827478129819e-02
2.656469150851539091e-02
2.718662205042799915e-02
2.780280185631400433e-02
2.841029212548887989e-02
2.900676003034388661e-02
2.959014626903125680e-02
3.015880954402659977e-02
3.071181539057418405e-02
3.124846081437950701e-02
3.176915534002176106e-02
3.227472607869104337e-02
3.276703890615643294e-02
3.324846238102070750e-02
3.372198906058054835e-02
3.419120079858130323e-02
3.465996089554120030e-02
3.513256680359507639e-02
3.561335114036665028e-02
3.610687787236564056e-02
3.661749785212749936e-02
3.714949581987012084e-02
3.770670664988923226e-02
3.829265642953923882e-02
3.891012091220391600e-02
3.956124324624595012e-02
4.024726915643034308e-02
4.096847052030370279e-02
4.172418924220851200e-02
4.251261837268503763e-02
4.333098388653300326e-02
4.417559097434946985e-02
4.504198816769130337e-02
4.592494348524885084e-02
4.681878332423192179e-02
4.771747721641807216e-02
4.861490481810015751e-02
4.950527231007795237e-02
5.038343314879011742e-02
5.124525280091996732e-02
5.208776327923829441e-02
5.290919379096006153e-02
5.370930632111965003e-02
5.448944200934981857e-02
5.525246565673685994e-02
5.600247607428480295e-02
5.674454244888714471e-02
5.748459428380821995e-02
5.822921816381548127e-02
5.898529051696306535e-02
5.975964593295035598e-02
6.055883508633372325e-02
6.138879154936149191e-02
6.225442507074314263e-02
6.315881231910309979e-02
6.410331580843746380e-02
6.508829409732004578e-02
6.611203936994215768e-02
6.717095733617715891e-02
6.826022645774398878e-02
6.937391021678031289e-02
7.050557628353464057e-02
7.164767765476272310e-02
7.279332365874167932e-02
7.393688719941012011e-02
7.507324161146015917e-02
7.620016338405259659e-02
7.731620606466790835e-02
7.841994862599974137e-02
7.951440274270496489e-02
8.060444829804609690e-02
8.169543513441628046e-02
8.279209342918593395e-02
8.389828282514727453e-02
8.502278390268257213e-02
8.617254268897606151e-02
8.735108548301720455e-02
8.856229715539358505e-02
8.980566972097529799e-02
9.108407944862546846e-02
9.239686742069816439e-02
9.373658571065432432e-02
9.510152184003013709e-02
9.648721787361157209e-02
9.788704726231912956e-02
9.929825754853625897e-02
1.007139149718283555e-01
1.021332909357636765e-01
1.035565731914047799e-01
1.049798506772908618e-01
1.064075259005056034e-01
1.078421595428273316e-01
1.092852426401471205e-01
1.107433249950736942e-01
1.122165739094791309e-01
1.137109959120258112e-01
1.152310082530433877e-01
1.167724365891451010e-01
1.183414814345567084e-01
1.199334926230869458e-01
1.215476579146627517e-01
1.231849113989231248e-01
1.248369642873614765e-01
1.265054332852247332e-01
1.281884714733147468e-01
1.298810011251957663e-01
1.315855077039871923e-01
1.333009782397375220e-01
1.350270898593046165e-01
1.367666268922292927e-01
1.385199962036040011e-01
1.402872405995020388e-01
1.420742454903975993e-01
1.438766735870030955e-01
1.456978864851938560e-01
1.475393782835274781e-01
1.493963513171391033e-01
1.512727390620192958e-01
1.531646351987544508e-01
1.550726808944827007e-01
1.569959438921697814e-01
1.589331962151425137e-01
1.608847096782875241e-01
1.628492834623538887e-01
1.648284886990701859e-01
1.668201335494052528e-01
1.688271632470325634e-01
1.708475056020272165e-01
1.728824123167709004e-01
1.749332184825658221e-01
1.769967274575280913e-01
1.790774567808442741e-01
1.811705677528117342e-01
1.832797606124302869e-01
1.854029098783451235e-01
1.875385994383042265e-01
1.896891906015842622e-01
1.918508906122585733e-01
1.940268960425727829e-01
1.962136348803621699e-01
1.984137140794252074e-01
2.006254210165169805e-01
2.028487459188410835e-01
2.050863711520692911e-01
2.073336676537678724e-01
2.095956942017100366e-01
2.118680234478722835e-01
2.141522695733360238e-01
2.164478766469359883e-01
2.187531462883743893e-01
2.210691086252273840e-01
2.233945388087517914e-01
2.257297998143831808e-01
2.280746215147143041e-01
2.304291631532522089e-01
2.327934408485923534e-01
2.351672967744359855e-01
2.375505436718987895e-01
2.399429399426919185e-01
2.423442303313256552e-01
2.447541356463543427e-01
2.471723712001062390e-01
2.495986595713839407e-01
2.520327241934342544e-01
2.544742875725687359e-01
2.569230715359843709e-01
2.593787980993802478e-01
2.618411894676143103e-01
2.643099661573360404e-01
2.667848483473148624e-01
2.692655584456154494e-01
2.717518203714405223e-01
2.742433611608974253e-01
2.767399106380325491e-01
2.792412004154236072e-01
2.817469627636057239e-01
2.842569310382869752e-01
2.867708404699079172e-01
2.892884281034668326e-01
2.918094328703774720e-01
2.943335949278140795e-01
2.968606554809520293e-01
2.993903566388403936e-01
3.019224411829393717e-01
3.044566525386572797e-01
3.069927344568268435e-01
3.095304308727896969e-01
3.120694859573309721e-01
3.146096442305165164e-01
3.171506503503159768e-01
3.196922494055818853e-01
3.222341876086044499e-01
3.247762125720580206e-01
3.273180733195047987e-01
3.298595206242311839e-01
3.324003074035182248e-01
3.349401891633311812e-01
3.374789237719829083e-01
3.400162714044237533e-01
3.425519954598399974e-01
3.450858627916844057e-01
3.476176433154103962e-01
3.501471088672005738e-01
3.526740331820583663e-01
3.551981926617138741e-01
3.577193658219316452e-01
3.602373331047840632e-01
3.627518764559985454e-01
3.652627786078430638e-01
3.677698225799738707e-01
3.702727921021086166e-01
3.727714725209229085e-01
3.752656515113561575e-01
3.777551193810682606e-01
3.802396698745065806e-01
3.827191017356802449e-01
3.851932193975675101e-01
3.876618336779541485e-01
3.901247621330942716e-01
3.925818288289342206e-01
3.950328632950143581e-01
3.974777002203282450e-01
3.999161800942648837e-01
4.023481494357149524e-01
4.047734602159456796e-01
4.071919679794846481e-01
4.096035319701488708e-01
4.120080155823195867e-01
4.144052853376872236e-01
4.167952102918398571e-01
4.191776612089250786e-01
4.215525096279774675e-01
4.239196275600826680e-01
4.262788883063358680e-01
4.286301674001373185e-01
4.309733435397627987e-01
4.333082988268469049e-01
4.356349202240444862e-01
4.379531009166607314e-01
4.402627407052425168e-01
4.425637469678740943e-01
4.448560342009137969e-01
4.471395234268251140e-01
4.494141413489201597e-01
4.516798204259228622e-01
4.539364985820107945e-01
4.561841194328609683e-01
4.584226317132968354e-01
4.606519875563698241e-01
4.628721427639794772e-01
4.650830568180145952e-01
4.672846918723994603e-01
4.694770119372190242e-01
4.716599821988277097e-01
4.738335683680934829e-01
4.759977366579988267e-01
4.781524546627302641e-01
4.802976920376014203e-01
4.824334214862209258e-01
4.845596186801424676e-01
4.866762636641837059e-01
4.887833413877614164e-01
4.908808420245865389e-01
4.929687615943020296e-01
4.950471010966919772e-01
4.971158660432618559e-01
4.991750660609065582e-01
5.012247147834647532e-01
5.032648291689457709e-01
5.052954298501314279e-01
5.073165405370239078e-01
5.093281868660549661e-01
5.113303965421719388e-01
5.133231991349272993e-01
5.153066254497864485e-01
5.172807069729582485e-01
5.192454756851905273e-01
5.212009638215194807e-01
5.231472039987413725e-01
5.250842296953240895e-01
5.270120755082116082e-01
5.289307777566730762e-01
5.308403742393759117e-01
5.327409049021877285e-01
5.346324118493648303e-01
5.365149396679502747e-01
5.383885355828219588e-01
5.402532488332287830e-01
5.421091305728714671e-01
5.439562337496294253e-01
5.457946128587859436e-01
5.476243235675393173e-01
5.494454229532478307e-01
5.512579689868579713e-01
5.530620199559692640e-01
5.548576345265373577e-01
5.566448716990276546e-01
5.584237906011039199e-01
5.601944504272453607e-01
5.619569104585965258e-01
5.637112300275165522e-01
5.654574686191352617e-01
5.671956858738066432e-01
5.689259415759122529e-01
5.706482958101805059e-01
5.723628087319028168e-01
5.740695405709087540e-01
5.757685517516462070e-01
5.774599027724395262e-01
5.791436543574844942e-01
5.808198672944462349e-01
5.824886024621643843e-01
5.841499207747670175e-01
5.858038831799329271e-01
5.874505505690599261e-01
5.890899838177877657e-01
5.907222435827983453e-01
5.923473900109051948e-01
5.939654828236057282e-01
5.955765814187260476e-01
5.971807450163422182e-01
5.987780327479108600e-01
6.003685036665192820e-01
6.019522167691940817e-01
6.035292309899272789e-01
6.050996050748574939e-01
6.066633975471623641e-01
6.082206665279132896e-01
6.097714695634863791e-01
6.113158633778918993e-01
6.128539038725190347e-01
6.143856458781289387e-01
6.159111434579763733e-01
6.174304499582086159e-01
6.189436179962881646e-01
6.204506994914441576e-01
6.219517458181145209e-01
6.234468077838029032e-01
6.249359355535686333e-01
6.264191786717865362e-01
6.278965860151264344e-01
6.293682058431826487e-01
6.308340859183052540e-01
6.322942737232252197e-01
6.337488165443249111e-01
6.351977615691873913e-01
6.366411559207810766e-01
6.380790465394224897e-01
6.395114801503372082e-01
6.409385031782217634e-01
6.423601614939477011e-01
6.437765002445007267e-01
6.451875635745041304e-01
6.465933945008063288e-01
6.479940351503343798e-01
6.493895267980167585e-01
6.507799100003498483e-01
6.521652246754899851e-01
6.535455099593563411e-01
6.549208043583929495e-01
6.562911457076796573e-01
6.576565709307672369e-01
6.590171163276739019e-01
6.603728176994085874e-01
6.617237103029228740e-01
6.630698289914630505e-01
6.644112084148363628e-01
6.657478831433890631e-01
6.670798877154475726e-01
6.684072566396630499e-01
6.697300242587376218e-01
6.710482245778748300e-01
6.723618911731733538e-01
6.736710571137655146e-01
6.749757548179996514e-01
6.762760159679831462e-01
6.775718715720107088e-01
6.788633519840371333e-01
6.801504868295182860e-01
6.814333050695114968e-01
6.827118351931883433e-01
6.839861052399588415e-01
6.852561427556749241e-01
6.865219747636213121e-01
6.877836278129594305e-01
6.890411281405316446e-01
6.902945016688694091e-01
6.915437739596294042e-01
6.927889704072143218e-01
6.940301163523865391e-01
6.952672371046562105e-01
6.965003579261292987e-01
6.977295040389145386e-01
6.989547006052457823e-01
7.001759725998495387e-01
7.013933447333093874e-01
7.026068412946411268e-01
7.038164860886972907e-01
7.050223025215669459e-01
7.062243135842717345e-01
7.074225417630620738e-01
7.086170089353471813e-01
7.098077364252519672e-01
7.109947450662471580e-01
7.121780551912455515e-01
7.133576867638413699e-01
7.145336593767619426e-01
7.157059922279941366e-01
7.168747042270404712e-01
7.180398141074166851e-01
7.192013404678635480e-01
7.203593018137067761e-01
7.215137165877025804e-01
7.226646031854486729e-01
7.238119799429928447e-01
7.249558651236140960e-01
7.260962768287392288e-01
7.272332330553161750e-01
7.283667516968864719e-01
7.294968504323544600e-01
7.306235467611977841e-01
7.317468578816276326e-01
7.328668007028337206e-01
7.339833919201080858e-01
7.350966480327733032e-01
7.362065853839946383e-01
7.373132201569897459e-01
7.384165683197037033e-01
7.395166456716854020e-01
7.406134678072091582e-01
7.417070500014230072e-01
7.427974073804162192e-01
7.438845549661248224e-01
7.449685076772821768e-01
7.460492804008896917e-01
7.471268880101175069e-01
7.482013453827370819e-01
7.492726673972776030e-01
7.503408689506039231e-01
7.514059648703343974e-01
7.524679698713412357e-01
7.535268984859213592e-01
7.545827650028599232e-01
7.556355834704386876e-01
7.566853676860880729e-01
7.577321312219197358e-01
7.587758873128370718e-01
7.598166488516103767e-01
7.608544284547157366e-01
7.618892385500001252e-01
7.629210914787045716e-01
7.639499993467979699e-01
7.649759740292517707e-01
7.659990271983955212e-01
7.670191704249229581e-01
7.680364152298524427e-01
7.690507730938860309e-01
7.700622554799017028e-01
7.710708738441023335e-01
7.720766396274066912e-01
7.730795642447226834e-01
7.740796590634312357e-01
7.750769354293065572e-01
7.760714046614716199e-01
7.770630780188686471e-01
7.780519666408974855e-01
7.790380816516253581e-01
7.800214341650122396e-01
7.810020352478993511e-01
7.819798959582917597e-01
7.829550272215028972e-01
7.839274398213775807e-01
7.848971444479337922e-01
7.858641516081077416e-01
7.868284716599009965e-01
7.877901148082713245e-01
7.887490911709562624e-01
7.897054108314869314e-01
7.906590838401954535e-01
7.916101202273562176e-01
7.925585300174717851e-01
7.935043232346136177e-01
7.944475099015342323e-01
7.953881000424266601e-01
7.963261036828669370e-01
7.972615307841363075e-01
7.981943912647639916e-01
7.991246950175053820e-01
8.000524518872773605e-01
8.009776716353212977e-01
8.019003639185556809e-01
8.028205382927801059e-01
8.037382041957736867e-01
8.046533709875203222e-01
8.055660479975753629e-01
8.064762445083556441e-01
8.073839698216249694e-01
8.082892332627961141e-01
8.091920441648287055e-01
8.100924117994944273e-01
8.109903453785928251e-01
8.118858540992813788e-01
8.127789471493368501e-01
8.136696337052032879e-01
8.145579229398894894e-01
8.154438240258727877e-01
8.163273461318829582e-01
8.172084984297265375e-01
8.180872901422521215e-01
8.189637305048335092e-01
8.198378287543915954e-01
8.207095941676634254e-01
8.215790360484964694e-01
8.224461637541670145e-01
8.233109866888473904e-01
8.241735143262347574e-01
8.250337561858402946e-01
8.258917217538206401e-01
8.267474204945629568e-01
8.276008618049849330e-01
8.284520549791003496e-01
8.293010092487272944e-01
8.301477338334807277e-01
8.309922379693532868e-01
8.318345308858451359e-01
8.326746218115487208e-01
8.335125199756973080e-01
8.343482346064848842e-01
8.351817749279986103e-01
8.360131501689659350e-01
8.368423695563856901e-01
8.376694423088010266e-01
8.384943776600711773e-01
8.393171848426476123e-01
8.401378730803770178e-01
8.409564515889746961e-01
8.417729295628781916e-01
8.425873161705207393e-01
8.433996205003915225e-01
8.442098515640904521e-01
8.450180183582485238e-01
8.458241298907771544e-01
8.466281951831464703e-01
8.474302232608207364e-01
8.482302231392202518e-01
8.490282038006619070e-01
8.498241742116374731e-01
8.506181433343218412e-01
8.514101201274699715e-01
8.522001135549520656e-01
8.529881326090255067e-01
8.537741863056053093e-01
8.545582836709226804e-01
8.553404337349834741e-01
8.561206455122233328e-01
8.568989279933727499e-01
8.576752901235373816e-01
8.584497408054772016e-01
8.592222889285645593e-01
8.599929433784772037e-01
8.607617130385376569e-01
8.615286067673754156e-01
8.622936333980252277e-01
8.630568017367660216e-01
8.638181205576332955e-01
8.645775985949668563e-01
8.653352445245181546e-01
8.660910669899771763e-01
8.668450746478676416e-01
8.675972761510511999e-01
8.683476801489969921e-01
8.690962952855975088e-01
8.698431301959586026e-01
8.705881934546103595e-01
8.713314935993237142e-01
8.720730391677448123e-01
8.728128387099871599e-01
8.735509007979499474e-01
8.742872340598019099e-01
8.750218472507131917e-01
8.757547492221405827e-01
8.764859488857703607e-01
8.772154552223327961e-01
8.779432772780267902e-01
8.786694242494131890e-01
8.793939054828525670e-01
8.801167303993050472e-01
8.808379084511765988e-01
8.815574491734333717e-01
8.822753622234138504e-01
8.829916573717102590e-01
8.837063444625516961e-01
8.844194333461865565e-01
8.851309338772491708e-01
8.858408559250043890e-01
8.865492093609939062e-01
8.872560040571202400e-01
8.879612498393270048e-01
8.886649564312193439e-01
8.893671335076501760e-01
8.900677907533718347e-01
8.907669378081347622e-01
8.914645842234730777e-01
8.921607393940069741e-01
8.928554126376895272e-01
8.935486131759272643e-01
8.942403501447127034e-01
8.949306325557586650e-01
8.956194692217070985e-01
8.963068688130175765e-01
8.969928399476805314e-01
8.976773911762723213e-01
8.983605309184525822e-01
8.990422674376525869e-01
8.997226089081995504e-01
9.004015634893471898e-01
9.010791393187989051e-01
9.017553445302251003e-01
9.024301872584780115e-01
9.031036757207185905e-01
9.037758184839422837e-01
9.044466245164045626e-01
9.051161032402198492e-01
9.057842645179509100e-01
9.064511186255466146e-01
9.071166764593578957e-01
9.077809497159592400e-01
9.084439507021166982e-01
9.091056924772977776e-01
9.097661889212218522e-01
9.104254547906162065e-01
9.110835059557841342e-01
9.117403591827875076e-01
9.123960322680825241e-01
9.130505438196927503e-01
9.137039131759678856e-01
9.143561604095754580e-01
9.150073062875715424e-01
9.156573719368248376e-01
9.163063785825326102e-01
9.169543474560719609e-01
9.176012997887922351e-01
9.182472567552708576e-01
9.188922390673904816e-01
9.195362669688031954e-01
9.201793598134457852e-01
9.208215357828868353e-01
9.214628116601254471e-01
9.221032025461454174e-01
9.227427215059050836e-01
9.233813793320233554e-01
9.240191841940672557e-01
9.246561413823140008e-01
9.252922526733574626e-01
9.259275162898238376e-01
9.265619274746376144e-01
9.271954776098952911e-01
9.278281545026026977e-01
9.284599424792756572e-01
9.290908222139263595e-01
9.297207707348015271e-01
9.303497626432620793e-01
9.309777714406429761e-01
9.316047704891536885e-01
9.322307331509358530e-01
9.328556326945771637e-01
9.334794410783667784e-01
9.341021264303064342e-01
9.347236527265176953e-01
9.353439806515204680e-01
9.359630680139584546e-01
9.365808694134115653e-01
9.371973368820843975e-01
