1.100415222581260918e-03
1.100415028647771642e-03
1.100414710411707188e-03
1.100414266815458479e-03
1.100413696713261908e-03
1.100412998789893071e-03
1.100412170956738397e-03
1.100411210462052657e-03
1.100410114418506804e-03
1.100408879813699744e-03
1.100407503151666242e-03
1.100405980077415104e-03
1.100404305705520282e-03
1.100402474726610777e-03
1.100400481731234840e-03
1.100398321275848851e-03
1.100395987860447412e-03
1.100393475547730609e-03
1.100390778127903176e-03
1.100387889301299681e-03
1.100384802860890875e-03
1.100381513538989213e-03
1.100378016731973826e-03
1.100374308792217808e-03
1.100370386159600210e-03
1.100366244960979860e-03
1.100361881040581424e-03
1.100357290751786737e-03
1.100352471084476520e-03
1.100347418961416125e-03
1.100342131170352821e-03
1.100336603845334781e-03
1.100330832288168130e-03
1.100324810373788003e-03
1.100318531145261756e-03
1.100311987808285990e-03
1.100305174041895252e-03
1.100298083256591496e-03
1.100290707991254677e-03
1.100283040495776948e-03
1.100275072876658652e-03
1.100266797217050322e-03
1.100258205788790531e-03
1.100249291358011477e-03
1.100240047479986464e-03
1.100230467499779558e-03
1.100220543718553315e-03
1.100210267982348021e-03
1.100199632265548566e-03
1.100188628575373600e-03
1.100177248762568196e-03
1.100165484512764715e-03
1.100153327260311930e-03
1.100140768125087943e-03
1.100127797617777604e-03
1.100114405972398186e-03
1.100100583765356924e-03
1.100086321855683934e-03
1.100071610897785691e-03
1.100056441290469091e-03
1.100040803217309550e-03
1.100024686624807369e-03
1.100008081279703646e-03
1.099990976793665176e-03
1.099973362641883286e-03
1.099955228178360871e-03
1.099936562383003807e-03
1.099917353455496811e-03
1.099897589251663810e-03
1.099877257442895100e-03
1.099856345487324263e-03
1.099834840691532069e-03
1.099812730169171795e-03
1.099790000642045023e-03
1.099766638534150969e-03
1.099742630048251759e-03
1.099717961124319294e-03
1.099692617834682491e-03
1.099666586296721470e-03
1.099639852370073306e-03
1.099612401637297234e-03
1.099584219171650685e-03
1.099555289386270696e-03
1.099525596498336687e-03
1.099495124640273609e-03
1.099463857406429235e-03
1.099431778106422283e-03
1.099398869763132955e-03
1.099365114639227299e-03
1.099330494607577043e-03
1.099294991236367085e-03
1.099258585905716181e-03
1.099221260566299058e-03
1.099182997089996269e-03
1.099143776645326517e-03
1.099103580412349622e-03
1.099062389466003110e-03
1.099020184195567684e-03
1.098976944177459079e-03
1.098932648534741265e-03
1.098887276013414595e-03
1.098840804913158494e-03
1.098793212229111707e-03
1.098744473565664787e-03
1.098694563981127310e-03
1.098643457605428435e-03
1.098591127561558646e-03
1.098537546678508359e-03
1.098482687842069344e-03
1.098426523676878557e-03
1.098369026395782776e-03
1.098310167740844563e-03
1.098249919098404732e-03
1.098188252111192758e-03
1.098125138314633761e-03
1.098060549515630143e-03
1.097994457636496980e-03
1.097926833923972348e-03
1.097857648497032376e-03
1.097786870307521480e-03
1.097714467356729990e-03
1.097640407070852057e-03
1.097564656324808395e-03
1.097487181475250047e-03
1.097407947999207460e-03
1.097326919628770952e-03
1.097244058669602854e-03
1.097159326982417166e-03
1.097072686813714342e-03
1.096984100116901598e-03
1.096893529083380666e-03
1.096800935563018104e-03
1.096706280646362079e-03
1.096609524042974938e-03
1.096510624262682972e-03
1.096409539513083309e-03
1.096306227889654213e-03
1.096200646802884772e-03
1.096092751722584253e-03
1.095982496273870642e-03
1.095869831514771284e-03
1.095754706403763174e-03
1.095637069036193645e-03
1.095516867021199998e-03
1.095394047931231652e-03
1.095268558377619685e-03
1.095140343581199388e-03
1.095009347635662097e-03
1.094875514019385794e-03
1.094738786067956868e-03
1.094599106854072385e-03
1.094456420312380765e-03
1.094310669688931077e-03
1.094161796986135686e-03
1.094009742099482513e-03
1.093854443429347935e-03
1.093695838261853591e-03
1.093533862789835935e-03
1.093368452736179653e-03
1.093199542580217728e-03
1.093027065067490129e-03
1.092850950374029285e-03
1.092671127302085243e-03
1.092487523437290749e-03
1.092300065491104335e-03
1.092108679307086114e-03
1.091913289307340582e-03
1.091713818396863964e-03
1.091510187702002341e-03
1.091302316313372571e-03
1.091090121771505711e-03
1.090873520110621038e-03
1.090652425784791654e-03
1.090426751856899031e-03
1.090196409761021428e-03
1.089961308848078157e-03
1.089721356711854158e-03
1.089476459249638131e-03
1.089226520963248448e-03
1.088971445735221078e-03
1.088711135875316876e-03
1.088445491602523180e-03
1.088174411194046389e-03
1.087897791290422722e-03
1.087615526422806931e-03
1.087327509638205464e-03
1.087033632519031996e-03
1.086733784665762153e-03
1.086427853555982891e-03
1.086115724492193796e-03
1.085797280620238526e-03
1.085472402866131383e-03
1.085140970184722336e-03
1.084802860208565782e-03
1.084457949251323204e-03
1.084106111277592004e-03
1.083747217330339845e-03
1.083381135995683479e-03
1.083007733560983205e-03
1.082626874986712586e-03
1.082238423748251672e-03
1.081842240793416850e-03
1.081438183983399366e-03
1.081026107823803394e-03
1.080605863988585210e-03
1.080177301446210531e-03
1.079740267016448055e-03
1.079294605250679610e-03
1.078840157955205303e-03
1.078376763840706862e-03
1.077904258558762046e-03
1.077422474917255233e-03
1.076931242725132900e-03
1.076430389383236123e-03
1.075919740407263112e-03
1.075399118805121009e-03
1.074868344521507117e-03
1.074327234477132943e-03
1.073775602478640231e-03
1.073213259424586142e-03
1.072640014416157859e-03
1.072055674142082145e-03
1.071460041999352120e-03
1.070852917735151937e-03
1.070234097884787501e-03
1.069603375928687185e-03
1.068960542202089525e-03
1.068305383889805657e-03
1.067637685033272915e-03
1.066957226393138499e-03
1.066263785956742850e-03
1.065557138935664802e-03
1.064837056998277527e-03
1.064103308138094088e-03
1.063355657232990456e-03
1.062593866622523441e-03
1.061817695337082890e-03
1.061026898818319972e-03
1.060221229210348915e-03
1.059400434927249435e-03
1.058564260738903027e-03
1.057712448420563634e-03
1.056844736383408170e-03
1.055960859198858863e-03
1.055060547256663189e-03
1.054143526637323167e-03
1.053209519623763985e-03
1.052258244917057481e-03
1.051289417750123512e-03
1.050302749824177278e-03
1.049297949434413501e-03
1.048274722119593152e-03
1.047232770519440290e-03
1.046171793473669401e-03
1.045091486160298162e-03
1.043991541506828716e-03
1.042871650284979629e-03
1.041731499872682260e-03
1.040570774147998737e-03
1.039389153922911464e-03
1.038186316531104249e-03
1.036961936760512565e-03
1.035715686944100765e-03
1.034447236005865862e-03
1.033156249502792910e-03
1.031842389129351617e-03
1.030505312723209227e-03
1.029144674900645852e-03
1.027760127372671830e-03
1.026351319249546937e-03
1.024917897030297887e-03
1.023459504565732729e-03
1.021975783232923884e-03
1.020466372658174322e-03
1.018930910341071978e-03
1.017369031564158144e-03
1.015780369834143543e-03
1.014164556796706522e-03
1.012521222337015503e-03
1.010849994585033768e-03
1.009150500724834533e-03
1.007422366537918295e-03
1.005665217292704867e-03
1.003878677413175399e-03
1.002062369739324622e-03
1.000215916520728063e-03
9.983389388657311261e-04
9.964310573554995693e-04
9.944918921032561924e-04
9.925210634394068376e-04
9.905181924941832642e-04
9.884829020094217447e-04
9.864148160638006469e-04
9.843135596214348110e-04
9.821787599928379769e-04
9.800100468429378577e-04
9.778070516847159940e-04
9.755694077399243132e-04
9.732967503725671555e-04
9.709887184890989400e-04
9.686449542818565024e-04
9.662651048786622928e-04
9.638488212142699851e-04
9.613957579273039056e-04
9.589055744393787904e-04
9.563779356994302726e-04
9.538125130148826991e-04
9.512089825777390525e-04
9.485670261552319382e-04
9.458863324024488310e-04
9.431665974359088522e-04
9.404075267753935798e-04
9.376088357798144281e-04
9.347702478752238425e-04
9.318914945171041450e-04
9.289723185537726840e-04
9.260124745086265475e-04
9.230117272270940308e-04
9.199698520437165879e-04
9.168866358351212111e-04
9.137618796908708423e-04
9.105953983129340054e-04
9.073870243906567625e-04
9.041366054020804005e-04
9.008440016402994785e-04
8.975090902013228671e-04
8.941317660934440482e-04
8.907119425584137827e-04
8.872495487345550842e-04
8.837445308505155646e-04
8.801968559041629470e-04
8.766065107570067188e-04
8.729735068221036861e-04
8.692978772769281801e-04
8.655796737459036869e-04
8.618189687984417324e-04
8.580158613830276811e-04
8.541704761539921191e-04
8.502829615732155309e-04
8.463534899411768141e-04
8.423822600891099979e-04
8.383694996949451941e-04
8.343154656613777000e-04
8.302204486041446117e-04
8.260847651969067474e-04
8.219087577345414453e-04
8.176928011819837834e-04
8.134373025826654915e-04
8.091427010523398770e-04
8.048094647058151412e-04
8.004380932032796169e-04
7.960291216861471253e-04
7.915831188464557888e-04
7.871006950879147392e-04
7.825824947797732330e-04
7.780291913206682525e-04
7.734414923732875783e-04
7.688201441224965177e-04
7.641659293470385878e-04
7.594796657734709374e-04
7.547622047405253909e-04
7.500144358856015037e-04
7.452372867127196945e-04
7.404317230846400692e-04
7.355987488244489138e-04
7.307393964904787933e-04
7.258547289403098667e-04
7.209458435191310258e-04
7.160138697512062134e-04
7.110599686648600174e-04
7.060853293728490496e-04
7.010911728714136221e-04
6.960787515971623681e-04
6.910493505555917199e-04
6.860042929070424116e-04
6.809449301731026636e-04
6.758726422370067363e-04
6.707888433799603402e-04
6.656949831134631283e-04
6.605925440084339968e-04
6.554830409526865532e-04
6.503680170533184110e-04
6.452490457351514261e-04
6.401277257253436357e-04
6.350056776723008800e-04
6.298845419590160108e-04
6.247659686856292137e-04
6.196516132835266444e-04
6.145431304278857780e-04
6.094421744382395390e-04
6.043503917399979967e-04
5.992694209907239826e-04
5.942008951215863597e-04
5.891464406904758921e-04
5.841076826630953742e-04
5.790862411393688132e-04
5.740837448327704108e-04
5.691018487648121481e-04
5.641422375832633998e-04
5.592066303380490355e-04
5.542967978826878915e-04
5.494145643430303370e-04
5.445618104213249301e-04
5.397404673498974216e-04
5.349525236408507294e-04
5.302000390343926742e-04
5.254851353582256192e-04
5.208099995085189267e-04
5.161768890657435780e-04
5.115881347328183216e-04
5.070461385763662399e-04
5.025533631680042254e-04
4.981123323550002823e-04
4.937256428526918487e-04
4.893959781958765127e-04
4.851261066301467730e-04
4.809188666183899434e-04
4.767771946958472323e-04
4.727041215260547962e-04
4.687027672334202820e-04
4.647763383602424633e-04
4.609281317173741384e-04
4.571615775862744721e-04
4.534802309379156837e-04
4.498877737575260934e-04
4.463880450775247030e-04
4.429850514067064349e-04
4.396829633602682900e-04
4.364860932328088784e-04
4.333989428243676095e-04
4.304262359597173975e-04
4.275729041384911588e-04
4.248441030511075373e-04
4.222452169826270362e-04
4.197818697807119566e-04
4.174598946542920175e-04
4.152853440639624801e-04
4.132645262836366715e-04
4.114039934131302040e-04
4.097105878745616720e-04
4.081914001111196059e-04
4.068537755766110067e-04
4.057053012385168438e-04
4.047537449638577921e-04
4.040071406351357624e-04
4.034736415322996727e-04
4.031615803688573269e-04
4.030794983301029663e-04
4.032359967739459865e-04
4.036398368129155267e-04
4.042997228233677289e-04
4.052244804732518780e-04
4.064229341527231991e-04
4.079037934247776347e-04
4.096758268893711807e-04
4.117475650756734955e-04
4.141275188248601095e-04
4.168238542425203386e-04
4.198445193164166388e-04
4.231970674722774876e-04
4.268885238455808417e-04
4.309254954279492333e-04
4.353138192648150573e-04
4.400588046359670750e-04
4.451647514835504181e-04
4.506350936994259963e-04
4.564722316226832487e-04
4.626772998374433822e-04
4.692502569519871347e-04
4.761899044759454382e-04
4.834936461340475118e-04
4.911572661052243226e-04
4.991749416266319343e-04
5.075391440876902320e-04
5.162408886714031251e-04
5.252694116529524771e-04
5.346124955333477098e-04
5.442563486874415655e-04
5.541859290408991234e-04
5.643853585343073164e-04
5.748380652669902047e-04
5.855274354803996452e-04
5.964364782705870813e-04
6.075486877368012828e-04
6.188482186889587280e-04
6.303202694715569080e-04
6.419516906679044671e-04
6.537312601950225977e-04
6.656503425793844006e-04
6.777033201089668803e-04
6.898878845247428688e-04
7.022051775646201421e-04
7.146605476527028008e-04
7.272635744781545198e-04
7.400288051784063674e-04
7.529752212663460859e-04
7.661260257812989739e-04
7.795092588441889826e-04
7.931577210847188001e-04
8.071093087464155597e-04
8.214060381870369769e-04
8.360933746422586146e-04
8.512204600266236451e-04
8.668398947322915110e-04
8.830074626939310185e-04
8.997812345612629875e-04
9.172203153170210323e-04
9.353855871939154021e-04
9.543381374134262286e-04
9.741390082313198737e-04
9.948494217768906640e-04
1.016528757553052022e-03
1.039236032750881023e-03
1.063024966300120952e-03
1.087943867612824102e-03
1.114035409833604535e-03
1.141331305033229347e-03
1.169856649368508552e-03
1.199625311498817362e-03
1.230641887230318927e-03
1.262898520532945669e-03
1.296369819792848963e-03
1.331019652767723681e-03
1.366795547404732513e-03
1.403628621965097127e-03
1.441442410844759933e-03
1.480146760504810277e-03
1.519648627449340711e-03
1.559848974759758550e-03
1.600635514038318847e-03
1.641903205859217372e-03
1.683536870341047513e-03
1.725440148222976170e-03
1.767523503396256548e-03
1.809713048688042867e-03
1.851962951414584668e-03
1.894233289466791190e-03
1.936527658442366772e-03
1.978865409058556783e-03
2.021310911732807861e-03
2.063953679815195338e-03
2.106915411566081132e-03
2.150351871227735353e-03
2.194436723443334448e-03
2.239372276434230431e-03
2.285370355092988977e-03
2.332662577797621917e-03
2.381479654211901813e-03
2.432060553405362546e-03
2.484635126220175599e-03
2.539428730590744410e-03
2.596641206708712006e-03
2.656448822691986206e-03
2.718989600039711709e-03
2.784358215319417042e-03
2.852608486735775783e-03
2.923736997901672449e-03
2.997691548935582564e-03
3.074368214044621069e-03
3.153615579611034319e-03
3.235232611039759801e-03
3.318982019220452322e-03
3.404590516571220568e-03
3.491761842608630349e-03
3.580197351954081571e-03
3.669612240788544533e-03
3.759756541865307781e-03
3.850425158825305106e-03
3.941467314543165533e-03
4.032808067723499257e-03
4.124451246562117410e-03
4.216482057816443169e-03
4.309069248926978429e-03
4.402457206857345734e-03
4.496959478053673930e-03
4.592950344601574864e-03
4.690850652414307355e-03
4.791116370145047203e-03
4.894209662959054033e-03
5.000570878800767588e-03
5.110609917235220401e-03
5.224668879376098869e-03
5.343000612387530969e-03
5.465768383954906252e-03
5.593005163341878937e-03
5.724649741148593943e-03
5.860526866994640594e-03
6.000339383848151548e-03
6.143757473194134608e-03
6.290370353086205228e-03
6.439747261896456784e-03
6.591464400127209147e-03
6.745096412424811221e-03
6.900379746935635626e-03
7.057099720336227136e-03
7.215121361554586304e-03
7.374585876390482228e-03
7.535671438273773039e-03
7.698672856733999002e-03
7.863958938007604635e-03
8.031860009016362351e-03
8.203014133653608805e-03
8.377972272768943740e-03
8.557203422227434644e-03
8.741207737337367348e-03
8.930128470917685773e-03
9.124377896416506484e-03
9.324030132169369711e-03
9.528708167547514374e-03
9.738431812457478548e-03
9.952890459044730007e-03
1.017164352840889581e-02
1.039439788593824604e-02
1.062054041050904292e-02
1.084999608450769315e-02
1.108257560102601617e-02
1.131788580099862829e-02
1.155621829353561600e-02
1.179763765953267991e-02
1.204233667353506523e-02
1.229079876669305488e-02
1.254309950789626177e-02
1.280000914546620960e-02
1.306190645729229591e-02
1.332866323287254864e-02
1.360108759724360655e-02
1.387872921511583424e-02
1.416187696764655349e-02
1.445062860728588833e-02
1.474413235981226512e-02
1.504280583010758447e-02
1.534622420834630581e-02
1.565386123370869631e-02
1.596597177495993544e-02
1.628221321935282434e-02
1.660257481402818008e-02
1.692731814124484938e-02
1.725631409999451443e-02
1.758981200968953024e-02
1.792840829334619787e-02
1.827167955952620215e-02
1.862030655296726886e-02
1.897441243317599460e-02
1.933358616411750414e-02
1.969853934251410491e-02
2.006858445222188189e-02
2.044404283818901380e-02
2.082470925672732370e-02
2.121030488583612941e-02
2.160095344698162445e-02
2.199637922221010441e-02
2.239668236579273053e-02
2.280172734518264369e-02
2.321182535573564423e-02
2.362676211119409814e-02
2.404685339111102549e-02
2.447228805577602445e-02
2.490269836879841978e-02
2.533890932250899494e-02
2.578010657719379678e-02
2.622697056652312578e-02
2.667917836760131181e-02
2.713646330627274283e-02
2.759923782744187065e-02
2.806689804682776374e-02
2.853996002046655170e-02
2.901792184875603628e-02
2.950123829216106178e-02
2.998968888854769768e-02
3.048335700625921449e-02
3.098277165961472665e-02
3.148716753832272314e-02
3.199754528795788894e-02
3.251312064014361125e-02
3.303427107044629857e-02
3.356095323395733715e-02
3.409290175243363807e-02
3.463038868384490238e-02
3.517323777146862812e-02
3.572160904075909194e-02
3.627552639327800976e-02
3.683512400139223042e-02
3.740050610346570825e-02
3.797173776993436473e-02
3.854888547051350811e-02
3.913201003604984546e-02
3.972117647929120088e-02
4.031645130721800419e-02
4.091790507206059108e-02
4.152561307256077971e-02
4.213965181193399245e-02
4.276009826752356219e-02
4.338703087830336758e-02
4.402053029291583958e-02
4.466067970086726874e-02
4.530756501891552296e-02
4.596127558456222784e-02
4.662190483591747980e-02
4.728955093458320907e-02
4.796431613985164405e-02
4.864630676754264776e-02
4.933563276705952433e-02
5.003240661421812924e-02
5.073674318258424715e-02
5.144875972127894298e-02
5.216857553600905834e-02
5.289631190698697999e-02
5.363209152479288949e-02
5.437603858145308167e-02
5.512827886399649518e-02
5.588893917977588027e-02
5.665814681069861886e-02
5.743602920152532376e-02
5.822271390561683385e-02
5.901832862230037974e-02
5.982300118669689470e-02
6.063685963071598073e-02
6.146003212848655251e-02
6.229264701347633770e-02
6.313483256758141426e-02
6.398671656278835662e-02
6.484842616671417093e-02
6.572008740410011096e-02
6.660182516402086972e-02
6.749376354706597414e-02
6.839602596244777344e-02
6.930873441450008388e-02
7.023200952479960457e-02
7.116597076884961792e-02
7.211073662211492374e-02
7.306642467972437882e-02
7.403315140081748180e-02
7.501103232797914910e-02
7.600018224607213435e-02
7.700071533164533355e-02
7.801274542968179848e-02
7.903638629549632200e-02
8.007175142309312654e-02
8.111895370565448682e-02
8.217810518929206942e-02
8.324931681402068795e-02
8.433269796366114901e-02
8.542835549744408341e-02
8.653639338367125067e-02
8.765691231814692896e-02
8.879000903069006467e-02
8.993577633296469254e-02
9.109430403348239835e-02
9.226567885947366265e-02
9.344998377778254706e-02
9.464729781361840011e-02
9.585769661445424361e-02
9.708125369639557245e-02
9.831804012903498646e-02
9.956812433812346763e-02
1.008315727263186939e-01
1.021084498575792615e-01
1.033988191748791557e-01
1.047027436982498338e-01
1.060202862982277117e-01
1.073515093329828196e-01
1.086964742041054838e-01
1.100552410242976176e-01
1.114278684197780173e-01
1.128144128969608140e-01
1.142149279786724980e-01
1.156294639173697791e-01
1.170580670150134783e-01
1.185007796973457234e-01
1.199576409594276111e-01
1.214286869491469495e-01
1.229139506252467373e-01
1.244134618054118790e-01
1.259272472368943852e-01
1.274553306190767954e-01
1.289977334016046695e-01
1.305544744733992124e-01
1.321255702947967681e-01
1.337110354860333028e-01
1.353108832788466609e-01
1.369251260920596458e-01
1.385537760065506663e-01
1.401968448867721706e-01
1.418543437838264420e-01
1.435262824651873659e-01
1.452126687740596944e-01
1.469135083997820668e-01
1.486288036116522604e-01
1.503585524170450438e-01
1.521027483217484433e-01
1.538613794488025988e-01
1.556344291438954142e-01
1.574218766062997210e-01
1.592236972205092471e-01
1.610398620826781202e-01
1.628703383701314011e-01
1.647150893626120327e-01
1.665740747596937410e-01
1.684472513602406074e-01
1.703345725643116704e-01
1.722359887945912882e-01
1.741514481624890365e-01
1.760808973552412948e-01
1.780242821743723280e-01
1.799815480701319470e-01
1.819526400781230902e-01
1.839375019745391471e-01
1.859360757873926295e-01
1.879483008892533502e-01
1.899741138868523693e-01
1.920134470275695893e-01
1.940662280841765897e-01
1.961323797536407565e-01
1.982118195109644487e-01
2.003044603204790219e-01
2.024102110681144373e-01
2.045289767566714212e-01
2.066606584538868974e-01
2.088051538889582892e-01
2.109623569117733133e-01
2.131321581800949549e-01
2.153144459030299496e-01
2.175091053946523467e-01
2.197160194659950605e-01
2.219350692618429211e-01
2.241661350246673401e-01
2.264090963935961043e-01
2.286638327074799193e-01
2.309302227927205187e-01
2.332081442161265394e-01
2.354974729137679357e-01
2.377980823471177729e-01
2.401098435337408743e-01
2.424326239578130093e-01
2.447662878501961625e-01
2.471106957306189456e-01
2.494657045618350888e-01
2.518311680704375388e-01
2.542069371305778480e-01
2.565928598776558989e-01
2.589887819202909003e-01
2.613945466567988984e-01
2.638099944838773192e-01
2.662349637752711717e-01
2.686692917691648752e-01
2.711128142009658348e-01
2.735653655686676733e-01
2.760267797752420926e-01
2.784968903795646544e-01
2.809755306558054944e-01
2.834625336834614151e-01
2.859577321145921891e-01
2.884609577976726680e-01
2.909720416171509560e-01
2.934908129999774795e-01
2.960171003154772329e-01
2.985507306815015638e-01
3.010915302313139086e-01
3.036393241372440932e-01
3.061939361375527469e-01
3.087551887632451475e-01
3.113229036390783300e-01
3.138969016071178064e-01
3.164770027355765514e-01
3.190630263385704768e-01
3.216547904524734713e-01
3.242521126587175062e-01
3.268548110768216275e-01
3.294627040557592812e-01
3.320756103017090122e-01
3.346933487888785197e-01
3.373157386136697022e-01
3.399425988223926942e-01
3.425737484107482245e-01
3.452090062665473802e-01
3.478481912541887544e-01
3.504911223020246158e-01
3.531376183886870135e-01
3.557874995297449217e-01
3.584405869587987126e-01
3.610967034644298468e-01
3.637556731041122760e-01
3.664173205479219764e-01
3.690814713317966955e-01
3.717479519588519632e-01
3.744165898549571270e-01
3.770872130086644902e-01
3.797596501071993647e-01
3.824337304690348383e-01
3.851092844386304614e-01
3.877861439720798331e-01
3.904641426604885113e-01
3.931431153828862657e-01
3.958228976971970847e-01
3.985033254724584251e-01
4.011842346857952823e-01
4.038654614117144215e-01
4.065468420377615910e-01
4.092282136466655618e-01
4.119094142687040327e-01
4.145902833973273416e-01
4.172706631482537287e-01
4.199503985006118878e-01
4.226293374061662611e-01
4.253073302350057205e-01
4.279842295595981394e-01
4.306598901345327635e-01
4.333341688517606261e-01
4.360069245041154895e-01
4.386780172608358286e-01
4.413473090878527461e-01
4.440146639487349556e-01
4.466799477331391266e-01
4.493430282675329734e-01
4.520037755600814222e-01
4.546620609863327167e-01
4.573177566646821623e-01
4.599707350011376650e-01
4.626208686044576135e-01
4.652680302857630235e-01
4.679120934997559322e-01
4.705529328011012202e-01
4.731904241387013821e-01
4.758244458089484485e-01
4.784548792016651286e-01
4.810816091070669875e-01
4.837045233655363208e-01
4.863235125424017480e-01
4.889384700732556377e-01
4.915492920044413627e-01
4.941558767713628564e-01
4.967581248652940262e-01
4.993559385005771900e-01
5.019492221572880997e-01
5.045378829011120114e-01
5.071218298316849671e-01
5.097009738523524680e-01
5.122752277504202256e-01
5.148445053494981050e-01
5.174087210361942857e-01
5.199677893974969933e-01
5.225216252455446853e-01
5.250701436390676768e-01
5.276132603960030920e-01
5.301508924494455766e-01
5.326829581541003833e-01
5.352093783362298351e-01
5.377300765372508007e-01
5.402449790942254193e-01
5.427540148378130480e-01
5.452571150584134552e-01
5.477542137463613514e-01
5.502452472656069737e-01
5.527301540560469739e-01
5.552088743381345948e-01
5.576813500865875906e-01
5.601475254363756928e-01
5.626073469629258028e-01
5.650607628968491447e-01
5.675077228611362656e-01
5.699481777145101180e-01
5.723820789590657876e-01
5.748093784134586937e-01
5.772300280356376101e-01
5.796439799810321203e-01
5.820511866503398357e-01
5.844516011471619921e-01
5.868451774630691897e-01
5.892318707955993551e-01
5.916116383472069806e-01
5.939844393187361238e-01
5.963502348040585765e-01
5.987089877309887953e-01
6.010606629079620067e-01
6.034052272641344805e-01
6.057426496045519304e-01
6.080729002468876487e-01
6.103959508423287827e-01
6.127117745292016693e-01
6.150203461950500827e-01
6.173216426161597381e-01
6.196156417524982807e-01
6.219023224810247275e-01
6.241816643595893277e-01
6.264536473051662835e-01
6.287182513811869766e-01
6.309754567508591983e-01
6.332252437249520360e-01
6.354675928166479970e-01
6.377024850744160700e-01
6.399299021393739517e-01
6.421498265612954892e-01
6.443622422804793359e-01
6.465671344726879877e-01
6.487644894853995536e-01
6.509542948844988519e-01
6.531365395065042989e-01
6.553112136406541444e-01
6.574783088879365689e-01
6.596378178413120352e-01
6.617897340333724898e-01
6.639340521308494392e-01
6.660707680534905251e-01
6.681998790164168645e-01
6.703213830083406544e-01
6.724352785477759609e-01
6.745415644954697587e-01
6.766402398896117498e-01
6.787313038131665976e-01
6.808147554121276590e-01
6.828905939335102593e-01
6.849588187789059646e-01
6.870194297190930222e-01
6.890724268888653858e-01
6.911178110375355566e-01
6.931555837969810563e-01
6.951857474859640673e-01
6.972083051367928830e-01
6.992232605219628194e-01
7.012306182243790431e-01
7.032303837978075567e-01
7.052225636697468936e-01
7.072071648980977621e-01
7.091841951661804755e-01
7.111536629511775454e-01
7.131155776057256368e-01
7.150699493337039359e-01
7.170167888150733582e-01
7.189561070166990975e-01
7.208879150646840817e-01
7.228122241481700350e-01
7.247290454603050325e-01
7.266383902268551687e-01
7.285402697418460471e-01
7.304346954044811380e-01
7.323216788417994394e-01
7.342012318977393370e-01
7.360733668246851602e-01
7.379380964472546101e-01
7.397954339721185546e-01
7.416453930547883822e-01
7.434879877977335072e-01
7.453232328033960741e-01
7.471511433032768101e-01
7.489717351036404569e-01
7.507850244254496985e-01
7.525910278843190859e-01
7.543897626224992381e-01
7.561812463971121501e-01
7.579654975240281978e-01
7.597425346235061605e-01
7.615123764856590594e-01
7.632750419890658167e-01
7.650305500263123726e-01
7.667789194731688962e-01
7.685201692368676119e-01
7.702543182715974046e-01
7.719813856071813252e-01
7.737013904296197175e-01
7.754143521185712373e-01
7.771202903530378681e-01
7.788192251752203976e-01
7.805111769468221494e-01
7.821961663722946101e-01
7.838742144702262049e-01
7.855453425739991058e-01
7.872095724092658120e-01
7.888669260728630173e-01
7.905174259195898445e-01
7.921610945916767177e-01
7.937979550608621482e-01
7.954280307192430621e-01
7.970513453162071382e-01
7.986679227936376302e-01
8.002777871955502054e-01
8.018809626154641546e-01
8.034774731565162975e-01
8.050673428989222336e-01
8.066505959339272946e-01
8.082272563914381092e-01
8.097973484751943563e-01
8.113608964993217487e-01
8.129179248885354259e-01
8.144684582450468779e-01
8.160125214188650444e-01
8.175501394642836761e-01
8.190813375818857267e-01
8.206061410440913528e-01
8.221245752328658618e-01
8.236366657092820676e-01
8.251424382038367034e-01
8.266419186060985913e-01
8.281351329941785133e-01
8.296221076328619271e-01
8.311028690343601477e-01
8.325774439076121247e-01
8.340458590547761286e-01
8.355081412866691704e-01
8.369643174375299699e-01
8.384144143449211439e-01
8.398584588347420832e-01
8.412964777072153844e-01
8.427284977625875140e-01
8.441545458831458681e-01
8.455746489824953471e-01
8.469888339419049395e-01
8.483971277554211987e-01
8.497995575446146699e-01
8.511961504964925540e-01
8.525869339146376902e-01
8.539719351816748016e-01
8.553511818530296074e-01
8.567247017038820411e-01
8.580925227138012090e-01
8.594546730644432309e-01
8.608111811739082020e-01
8.621620757040756589e-01
8.635073856131356695e-01
8.648471400935897613e-01
8.661813684884029918e-01
8.675101002570200226e-01
8.688333649117110369e-01
8.701511919684550289e-01
8.714636109144485721e-01
8.727706512164022934e-01
8.740723423696918903e-01
8.753687139040172704e-01
8.766597953667818466e-01
8.779456162652014006e-01
8.792262060041282634e-01
8.805015938404053832e-01
8.817718089329281694e-01
8.830368803823352986e-01
8.842968372067585570e-01
8.855517083693358327e-01
8.868015227211089035e-01
8.880463090348290622e-01
8.892860960183167629e-01
8.905209123099091517e-01
8.917507865190172911e-01
8.929757472970963894e-01
8.941958233485384211e-01
8.954110434068504043e-01
8.966214362402817883e-01
8.978270306355748964e-01
8.990278553804412764e-01
9.002239392683484276e-01
9.014153111097324977e-01
9.026019997946803652e-01
9.037840343628406048e-01
9.049614441776958618e-01
9.061342590612337933e-01
9.073025094979837446e-01
9.084662268206018521e-01
9.096254431039179078e-01
9.107801914384812125e-01
9.119305058974862543e-01
9.130764217209804690e-01
9.142179755124986151e-01
9.153552048666501184e-01
9.164881484297323633e-01
9.176168457405263768e-01
9.187413372523417499e-01
9.198616643471692056e-01
9.209778692039617409e-01
9.220899944707784401e-01
9.231980829519376153e-01
9.243021774764157428e-01
9.254023208733866968e-01
9.264985559705317675e-01
9.275909255965915090e-01
9.286794724600297979e-01
9.297642387504923001e-01
9.308452657685063469e-01
9.319225935564167118e-01
9.329962602467058996e-01
9.340663017401550361e-01
9.351327516135329310e-01
9.361956404402351772e-01
9.372549957099584050e-01
9.383108410727711846e-01
9.393631959025015021e-01
9.404120761400579509e-01
9.414574937410989941e-01
9.424994568117669447e-01
9.435379693117087463e-01
9.445730309049946705e-01
9.456046372363570152e-01
9.466327811387926783e-01
9.476574541530641271e-01
9.486786476561771542e-01
9.496963530250865926e-01
9.507105614873060384e-01
9.517212621083132040e-01
9.527284384938536910e-01
9.537320681333690819e-01
9.547321227912973773e-01
9.557285689456935796e-01
9.567213677403414440e-01
9.577104757103512833e-01
