4.908034256581535019e-03
4.908034257125511342e-03
4.908034257473505545e-03
4.908034257652738909e-03
4.908034257690659964e-03
4.908034257614194221e-03
4.908034257456488775e-03
4.908034257257055423e-03
4.908034257055072028e-03
4.908034256888475257e-03
4.908034256786564589e-03
4.908034256764499774e-03
4.908034256825763268e-03
4.908034256953833566e-03
4.908034257131509148e-03
4.908034257345085700e-03
4.908034257571526962e-03
4.908034257754382429e-03
4.908034257833461533e-03
4.908034257751724833e-03
4.908034257467535494e-03
4.908034256996976138e-03
4.908034256377515059e-03
4.908034255654301903e-03
4.908034254871933809e-03
4.908034254063713131e-03
4.908034253261765213e-03
4.908034252612718425e-03
4.908034252320079248e-03
4.908034252578604220e-03
4.908034253558196496e-03
4.908034255256985175e-03
4.908034257523953038e-03
4.908034260192260453e-03
4.908034263093234185e-03
4.908034266089367909e-03
4.908034269093144823e-03
4.908034271771241283e-03
4.908034273389715735e-03
4.908034273215564243e-03
4.908034270564942333e-03
4.908034265017575080e-03
4.908034256674019200e-03
4.908034245747542462e-03
4.908034232475594685e-03
4.908034217032038529e-03
4.908034199401569396e-03
4.908034179632580866e-03
4.908034158847047849e-03
4.908034138354190438e-03
4.908034119322708319e-03
4.908034102595342299e-03
4.908034088153029502e-03
4.908034075495669966e-03
4.908034063999046868e-03
4.908034053093607990e-03
4.908034042780896368e-03
4.908034033808313275e-03
4.908034026321283182e-03
4.908034020048646258e-03
4.908034015214683167e-03
4.908034012801005402e-03
4.908034015043643769e-03
4.908034025465060970e-03
4.908034048178950767e-03
4.908034087528791861e-03
4.908034146462982722e-03
4.908034224951435438e-03
4.908034320566038479e-03
4.908034429527189345e-03
4.908034545733805723e-03
4.908034660428986160e-03
4.908034761256691719e-03
4.908034832128729125e-03
4.908034854024127813e-03
4.908034805980899563e-03
4.908034669151146306e-03
4.908034434488897473e-03
4.908034104570762994e-03
4.908033691061999305e-03
4.908033215303613493e-03
4.908032709143120634e-03
4.908032217179860573e-03
4.908031797015112961e-03
4.908031519009332239e-03
4.908031463852637055e-03
4.908031714170663778e-03
4.908032324982847597e-03
4.908033306518166765e-03
4.908034630606278488e-03
4.908036233432646646e-03
4.908038011127661276e-03
4.908039815245714144e-03
4.908041450412138282e-03
4.908042671467174010e-03
4.908043188184618016e-03
4.908042680448198268e-03
4.908040885369196159e-03
4.908037698180548608e-03
4.908033174550079265e-03
4.908027499008161751e-03
4.908021003039987791e-03
4.908014178138874785e-03
4.908007686861969032e-03
4.908002375364582150e-03
4.907999271383100583e-03
4.907999551365629064e-03
4.908004347744543763e-03
4.908014297884873492e-03
4.908029395695180132e-03
4.908049134906154222e-03
4.908072490493441305e-03
4.908097852422787025e-03
4.908122983540944874e-03
4.908144982486051418e-03
4.908160243952724294e-03
4.908164548691282963e-03
4.908153402208668449e-03
4.908123575665356876e-03
4.908074235286621900e-03
4.908006642429625470e-03
4.907923856794096408e-03
4.907831074106852251e-03
4.907735769700647711e-03
4.907647846891629098e-03
4.907579839246168675e-03
4.907546727993461130e-03
4.907565310300407782e-03
4.907650260741547657e-03
4.907808093080612277e-03
4.908036579312434998e-03
4.908326924361317706e-03
4.908662701740660640e-03
4.909019208804922714e-03
4.909362801898411836e-03
4.909650286711799913e-03
4.909828822755047013e-03
4.909837680365919214e-03
4.909615711172061331e-03
4.909126066548980503e-03
4.908366218992671164e-03
4.907360204267704681e-03
4.906158351381110713e-03
4.904841433321990331e-03
4.903522746784487983e-03
4.902350192365343903e-03
4.901508679513992550e-03
4.901215046707125579e-03
4.901705724228415210e-03
4.903161281492309127e-03
4.905637155268445689e-03
4.909075541334064104e-03
4.913327662344588349e-03
4.918133720829073394e-03
4.923116239219140974e-03
4.927771003763676064e-03
4.931456893650095624e-03
4.933404113621767985e-03
4.932741699729861762e-03
4.928599524452076039e-03
4.920322131559751351e-03
4.907504331315546212e-03
4.889924054983681156e-03
4.867568180557293143e-03
4.840653983047243751e-03
4.809646231170197454e-03
4.775275009525522564e-03
4.738542513135724117e-03
4.700670282315691333e-03
4.663034473042788029e-03
4.626899153688588187e-03
4.593276780505507750e-03
4.562979360936079629e-03
4.536632312575961286e-03
4.514638710673054764e-03
4.497165820670314708e-03
4.484129055888286947e-03
4.475171768926629844e-03
4.469703277690889598e-03
4.466943686081356786e-03
4.466052722911010436e-03
4.466298306312816747e-03
4.467059132076223876e-03
4.467798973241387910e-03
4.468085681402271525e-03
4.467598492145476857e-03
4.466135604907719818e-03
4.463625018600998057e-03
4.460118124587185949e-03
4.455762960398485829e-03
4.450778407721747709e-03
4.445372336779344381e-03
4.439720429100416088e-03
4.433974500635762261e-03
4.428260497504120201e-03
4.422674906793724013e-03
4.417283107082433345e-03
4.412116864327944935e-03
4.407172904058964842e-03
4.402420126484888306e-03
4.397804183456243202e-03
4.393266115303660554e-03
4.388755370870603585e-03
4.384228637252993860e-03
4.379648960749880568e-03
4.374987092152499493e-03
4.370221965993330987e-03
4.365341193375944610e-03
4.360341917091455077e-03
4.355229511710933567e-03
4.350015962114942014e-03
4.344716867566999347e-03
4.339346127644135714e-03
4.333915458361915080e-03
4.328434915348636225e-03
4.322912589254824557e-03
4.317354401992786091e-03
4.311764019665200939e-03
4.306142601468300295e-03
4.300488889030051713e-03
4.294799773791930023e-03
4.289070689109928704e-03
4.283297145482742319e-03
4.277475267773372253e-03
4.271601657918143446e-03
4.265673402064411486e-03
4.259688154365086875e-03
4.253644161583663118e-03
4.247540311268502462e-03
4.241376173518846687e-03
4.235151857189613060e-03
4.228867921372409661e-03
4.222525059388055647e-03
4.216123811559269012e-03
4.209664573978224439e-03
4.203147620735822945e-03
4.196573078576988115e-03
4.189940914704569537e-03
4.183250932487664678e-03
4.176502750032964895e-03
4.169695824842876465e-03
4.162829489309479922e-03
4.155902998409301795e-03
4.148915634079838530e-03
4.141866722270776298e-03
4.134755624711067105e-03
4.127581742041249585e-03
4.120344518791941441e-03
4.113043444804032403e-03
4.105678060782515931e-03
4.098247958237741934e-03
4.090752768041576969e-03
4.083192154774953515e-03
4.075565790889927077e-03
4.067873343480047851e-03
4.060114477110500497e-03
4.052288854032240137e-03
4.044396131540287792e-03
4.036435962523562265e-03
4.028407995488480185e-03
4.020311874130995389e-03
4.012147240669158843e-03
4.003913737747334146e-03
3.995611017698799498e-03
3.987238748886617369e-03
3.978796616564353114e-03
3.970284322580698404e-03
3.961701585808325224e-03
3.953048143192513207e-03
3.944323749915368098e-03
3.935528181018999906e-03
3.926661232485215668e-03
3.917722718304605251e-03
3.908712475771829870e-03
3.899630367029352507e-03
3.890476278948364324e-03
3.881250123432782376e-03
3.871951836942603541e-03
3.862581382020969893e-03
3.853138747208757851e-03
3.843623948337720857e-03
3.834037031721441655e-03
3.824378070731527645e-03
3.814647170484621215e-03
3.804844478589287059e-03
3.794970186238908350e-03
3.785024528785518958e-03
3.775007784715935823e-03
3.764920278485447969e-03
3.754762381467980931e-03
3.744534510748109488e-03
3.734237134795610064e-03
3.723870770881806524e-03
3.713435982532111834e-03
3.702933398079449878e-03
3.692363715133264827e-03
3.681727702249060208e-03
3.671026197187403535e-03
3.660260107753106167e-03
3.649430418606210841e-03
3.638538185116352991e-03
3.627584540614532845e-03
3.616570698649213076e-03
3.605497940276278755e-03
3.594367635856574646e-03
3.583181260610919083e-03
3.571940396953176070e-03
3.560646734318947005e-03
3.549302065534871205e-03
3.537908299010990645e-03
3.526467452823526649e-03
3.514981656772599335e-03
3.503453162984844927e-03
3.491884326566941244e-03
3.480277616446800660e-03
3.468635648918049364e-03
3.456961191621621063e-03
3.445257167104875257e-03
3.433526646737062888e-03
3.421772857541552967e-03
3.409999190150531101e-03
3.398209187016615861e-03
3.386406561016695998e-03
3.374595178627504046e-03
3.362779044668580235e-03
3.350962348791243581e-03
3.339149477687027977e-03
3.327345020899389206e-03
3.315553767485055273e-03
3.303780697632895981e-03
3.292031007838827628e-03
3.280310092484194171e-03
3.268623557892777996e-03
3.256977218802129936e-03
3.245377055734197016e-03
3.233829250678131161e-03
3.222340215569349450e-03
3.210916595760285146e-03
3.199565271682271433e-03
3.188293338648824724e-03
3.177108125628537623e-03
3.166017194418439384e-03
3.155028333159376648e-03
3.144149562992926313e-03
3.133389084639684897e-03
3.122755266838716116e-03
3.112256673098402412e-03
3.101902063960538820e-03
3.091700388979278652e-03
3.081660768744210604e-03
3.071792483510429883e-03
3.062105000107298580e-03
3.052607960337824170e-03
3.043311177437197246e-03
3.034224588602684684e-03
3.025358216671277835e-03
3.016722153624468508e-03
3.008326562764844676e-03
3.000181646299416097e-03
2.992297616407769544e-03
2.984684662327503641e-03
2.977352950931443781e-03
2.970312632195760711e-03
2.963573800237742119e-03
2.957146423404933416e-03
2.951040307653174464e-03
2.945264939038555636e-03
2.939829389656276135e-03
2.934742285751717594e-03
2.930011674749803934e-03
2.925645033128929009e-03
2.921649253557092544e-03
2.918030698677695836e-03
2.914795230070623550e-03
2.911948116192346683e-03
2.909494094330319480e-03
2.907437407137504395e-03
2.905781695275725524e-03
2.904529983678306223e-03
2.903684524848031915e-03
2.903246829155147271e-03
2.903217633878206038e-03
2.903596803982935824e-03
2.904383300071972009e-03
2.905574998244051400e-03
2.907168703787066724e-03
2.909160038249024218e-03
2.911542696104703429e-03
2.914308330419260532e-03
2.917446415604293356e-03
2.920943755471168326e-03
2.924784742740961768e-03
2.928951327111182276e-03
2.933423349756597489e-03
2.938178685258379611e-03
2.943193288989160057e-03
2.948442114736837989e-03
2.953899828275664483e-03
2.959541054802980291e-03
2.965340387659379760e-03
2.971273157966754664e-03
2.977315834571335560e-03
2.983446135260177032e-03
2.989642683387827918e-03
2.995885479088724636e-03
3.002156484285140384e-03
3.008439303171994358e-03
3.014719265979772835e-03
3.020983627500929344e-03
3.027221764863435253e-03
3.033424984556320429e-03
3.039586269522742603e-03
3.045700392570805434e-03
3.051764201839069976e-03
3.057777287184244071e-03
3.063742079030803544e-03
3.069663594668338696e-03
3.075550592937100706e-03
3.081415697401822598e-03
3.087275469079450631e-03
3.093150056430262612e-03
3.099063377508093787e-03
3.105045127813425496e-03
3.111130866873999378e-03
3.117362148820718160e-03
3.123787822438792681e-03
3.130464210584336764e-03
3.137455257299817234e-03
3.144831034686286237e-03
3.152669768461659628e-03
3.161059485451095039e-03
3.170097212300281714e-03
3.179889904180381154e-03
3.190554230284034423e-03
3.202216592534508788e-03
3.215011972221950773e-03
3.229083739091967963e-03
3.244584613479389260e-03
3.261676650802125110e-03
3.280530958902431234e-03
3.301326688598127997e-03
3.324251062515723356e-03
3.349498192265878797e-03
3.377267885206009391e-03
3.407764842540711003e-03
3.441197678614606355e-03
3.477778515240169486e-03
3.517722023752107088e-03
3.561244002090493011e-03
3.608559523964221735e-03
3.659882114265731578e-03
3.715422416753043008e-03
3.775387338313989510e-03
3.839978154479800447e-03
3.909389572104604235e-03
3.983808693371157506e-03
4.063411980179933158e-03
4.148363543022842367e-03
4.238812720504981854e-03
4.334889345645891873e-03
4.436703272898234567e-03
4.544340830500490439e-03
4.657860037990135989e-03
4.777291118281225442e-03
4.902626798393255360e-03
5.033819900095853027e-03
5.170780493630140057e-03
5.313365315871569801e-03
5.461379159801572729e-03
5.614574816469025849e-03
5.772647070450559123e-03
5.935226969204454583e-03
6.101880225588982888e-03
6.272110060789315433e-03
6.445364436603061298e-03
6.621038004011481348e-03
6.798474043132021055e-03
6.976970793293979858e-03
7.155796517655592728e-03
7.334206180129848769e-03
7.511451158242097095e-03
7.686797136656474752e-03
7.859533050543659680e-03
8.028985754749111067e-03
8.194547582377316453e-03
8.355682416342921637e-03
8.511946983216936088e-03
8.663001458711931321e-03
8.808619540864322250e-03
8.948711103973475481e-03
9.083311882089238620e-03
9.212590438427347914e-03
9.336861940476073873e-03
9.456587211593849018e-03
9.572385465076495639e-03
9.685008787724153426e-03
9.795332869367850623e-03
9.904359020459080343e-03
1.001320900715748675e-02
1.012311993420557041e-02
1.023541122060655367e-02
1.035146893284751880e-02
1.047273618764969424e-02
1.060070901979766680e-02
1.073691425865303667e-02
1.088287961733649424e-02
1.104012316316979429e-02
1.121014508285174752e-02
1.139440752445503892e-02
1.159430439559834027e-02
1.181114699686888932e-02
1.204615460548544639e-02
1.230041185408873444e-02
1.257481876919386808e-02
1.287007904925098131e-02
1.318668467586447783e-02
1.352484436930421856e-02
1.388442221651948680e-02
1.426494967710231071e-02
1.466560214206189677e-02
1.508514051053752233e-02
1.552192120960538095e-02
1.597393585442850872e-02
1.643881003618952868e-02
1.691383798367840710e-02
1.739605801207763300e-02
1.788231961918140475e-02
1.836936914180074126e-02
1.885392124848973144e-02
1.933273415992964664e-02
1.980272274290193618e-02
2.026108920085402734e-02
2.070538790905235640e-02
2.113360837624928684e-02
2.154432546151528044e-02
2.193678167761071995e-02
2.231093765130237952e-02
2.266752546753931022e-02
2.300807427557325854e-02
2.333490198311641284e-02
2.365104480182744426e-02
2.396016728067085211e-02
2.426646975489681751e-02
2.457454340861514944e-02
2.488923287009229407e-02
2.521549715042106093e-02
2.555827302218576305e-02
2.592234624792621664e-02
2.631220637079111080e-02
2.673194401000443879e-02
2.718510540515629501e-02
2.767452654074834678e-02
2.820226451940632470e-02
2.876941958248358314e-02
2.937599440930639683e-02
3.002092212965712034e-02
3.070196582966889035e-02
3.141572153919676424e-02
3.215781009919531364e-02
3.292292213374636844e-02
3.370500931441148401e-02
3.449756866522227239e-02
3.529384122725021805e-02
3.608711866764770931e-02
3.687112233293512314e-02
3.764026195818902937e-02
3.839004427786630452e-02
3.911737455288955695e-02
3.982065178444822717e-02
4.050008643575650491e-02
4.115749034809314949e-02
4.179630163474971905e-02
4.242135724473425351e-02
4.303862362678219367e-02
4.365497561334336779e-02
4.427784545047536158e-02
4.491494686719527812e-02
4.557388325984896432e-02
4.626176653626034446e-02
4.698481528089541726e-02
4.774791138712759092e-02
4.855430468303660596e-02
4.940530310247532447e-02
5.030025032634500431e-02
5.123647585444689179e-02
5.220955349200884915e-02
5.321355188541225523e-02
5.424135938148418046e-02
5.528524261873179330e-02
5.633714852189784100e-02
5.738948319573656393e-02
5.843545336990726979e-02
5.946980993622636574e-02
6.048912116744784712e-02
6.149215521102946447e-02
6.247985670814065751e-02
6.345522548282006570e-02
6.442299402296168542e-02
6.538915311136396513e-02
6.636052801806689716e-02
6.734424259762585019e-02
6.834727020724608304e-02
6.937596965675218996e-02
7.043553966306681513e-02
7.152960956935422443e-02
7.265982860805088317e-02
7.382568463848344920e-02
7.502460134006642967e-02
7.625226476315272173e-02
7.750320518484574150e-02
7.877138396917980623e-02
8.005086098395512717e-02
8.133627214459344945e-02
8.262329657727353338e-02
8.390905372666476736e-02
8.519230564429947083e-02
8.647357306888794892e-02
8.775496770251449419e-02
8.903987944188211656e-02
9.033250460734326692e-02
9.163739976253637565e-02
9.295897333294325660e-02
9.430100963906909439e-02
9.566627007881796374e-02
9.705619045013641477e-02
9.847076049957190214e-02
9.990867822561787237e-02
1.013676133906792204e-01
1.028446515262737282e-01
1.043367173734370407e-01
1.058409739325317095e-01
1.073551068687175619e-01
1.088775472454119736e-01
1.104075735603240460e-01
1.119453666182031876e-01
1.134919400984112092e-01
1.150489098925419340e-01
1.166181413732318567e-01
1.182013968378995555e-01
1.198001482662229694e-01
1.214154538731699734e-01
1.230478671568846633e-01
1.246973014695132997e-01
1.263630729664255437e-01
1.280442206656785820e-01
1.297398393842914832e-01
1.314491550055354174e-01
1.331713851781179681e-01
1.349057949370798815e-01
1.366519588258031936e-01
1.384098308716851244e-01
1.401795801135836961e-01
1.419614485239791557e-01
1.437557776881321636e-01
1.455629753431417484e-01
1.473833291844179050e-01
1.492169706285235986e-01
1.510639907633917478e-01
1.529244750864155733e-01
1.547984170731681319e-01
1.566856507612588711e-01
1.585857977709243805e-01
1.604983556775570475e-01
1.624229740300634772e-01
1.643594554606993552e-01
1.663075693368772368e-01
1.682670479373296613e-01
1.702377571531644707e-01
1.722196809729253930e-01
1.742130037810940002e-01
1.762181306915208689e-01
1.782350782079529516e-01
1.802637753671932630e-01
1.823040161969562700e-01
1.843554114976993508e-01
1.864175410430938817e-01
1.884899485326597679e-01
1.905722050322114502e-01
1.926640572762184922e-01
1.947655446375433363e-01
1.968770201047889135e-01
1.989986680390350982e-01
2.011305517466536463e-01
2.032726365461596518e-01
2.054247928642500276e-01
2.075868707849372607e-01
2.097586895012897579e-01
2.119400494495748688e-01
2.141307533141215136e-01
2.163306078928670106e-01
2.185394206996830457e-01
2.207569986437550591e-01
2.229831490266232230e-01
2.252176820015384384e-01
2.274604104669403215e-01
2.297111474915642104e-01
2.319697082521304798e-01
2.342359123293240863e-01
2.365095832013918986e-01
2.387905488544345145e-01
2.410786407443552826e-01
2.433736927345117596e-01
2.456755395971056410e-01
2.479840169503092773e-01
2.502989619313027991e-01
2.526202130992103445e-01
2.549476108258698082e-01
2.572809964876190958e-01
2.596202116958112871e-01
2.619650983782679798e-01
2.643154985322205275e-01
2.666712543679876091e-01
2.690322080870489185e-01
2.713982019961869163e-01
2.737690785164086926e-01
2.761446799488382342e-01
2.785248477554204682e-01
2.809094227746130601e-01
2.832982458208720966e-01
2.856911572068147609e-01
2.880879963403318311e-01
2.904886017033728729e-01
2.928928108786185702e-01
2.953004606907540519e-01
2.977113873543343892e-01
3.001254270289267501e-01
3.025424158640037664e-01
3.049621897985611563e-01
3.073845845606974492e-01
3.098094356639979896e-01
3.122365786547494637e-01
3.146658494093235725e-01
3.170970840574785510e-01
3.195301190478575526e-01
3.219647910382835709e-01
3.244009368593668285e-01
3.268383933753111759e-01
3.292769975917688163e-01
3.317165869401397238e-01
3.341569996138728516e-01
3.365980745918218942e-01
3.390396516734069388e-01
3.414815719322173426e-01
3.439236778838990483e-01
3.463658136071868787e-01
3.488078247430476120e-01
3.512495584799361081e-01
3.536908632763678395e-01
3.561315887243526324e-01
3.585715857209791357e-01
3.610107065242830759e-01
3.634488046811588102e-01
3.658857346258828636e-01
3.683213516866575277e-01
3.707555121799526177e-01
3.731880731709296128e-01
3.756188923174790251e-01
3.780478276981431573e-01
3.804747375723525060e-01
3.828994803037639172e-01
3.853219145344515817e-01
3.877418993812570824e-01
3.901592945966574355e-01
3.925739606622228317e-01
3.949857591550332558e-01
3.973945530844761875e-01
3.998002070296416965e-01
4.022025874582066951e-01
4.046015626833995849e-01
4.069970026758417680e-01
4.093887788206514999e-01
4.117767641196233286e-01
4.141608331626545625e-01
4.165408621769376429e-01
4.189167290280723099e-01
4.212883127754396551e-01
4.236554936968987550e-01
4.260181531934594812e-01
4.283761735018439265e-01
4.307294374916667001e-01
4.330778283952955166e-01
4.354212295903446273e-01
4.377595245723637229e-01
4.400925971879528498e-01
4.424203318109725114e-01
4.447426136262092045e-01
4.470593286787195586e-01
4.493703644267724173e-01
4.516756102528493022e-01
4.539749577056034768e-01
4.562683011460768601e-01
4.585555374370006154e-01
4.608365654922802479e-01
4.631112862153349830e-01
4.653796028412026109e-01
4.676414205634678578e-01
4.698966464650882746e-01
4.721451895998163284e-01
4.743869607902954089e-01
4.766218725293724368e-01
4.788498385622305675e-01
4.810707736801746459e-01
4.832845933144968575e-01
4.854912132573185879e-01
4.876905494117874662e-01
4.898825178118743073e-01
4.920670349083173800e-01
4.942440177371371646e-01
4.964133842500019766e-01
4.985750534644710075e-01
5.007289464774837828e-01
5.028749869239533821e-01
5.050131016351452340e-01
5.071432210339995583e-01
5.092652784377209585e-01
5.113792096821109245e-01
5.134849532968744912e-01
5.155824507777118093e-01
5.176716458673045196e-01
5.197524844470317040e-01
5.218249145094003838e-01
5.238888862481712039e-01
5.259443520841797781e-01
5.279912661498868953e-01
5.300295839501363293e-01
5.320592617012261938e-01
5.340802559845860831e-01
5.360925234892451874e-01
5.380960210950574973e-01
5.400907062892713606e-01
5.420765373904952167e-01
5.440534739710338741e-01
5.460214771872562434e-01
5.479805109709605659e-01
5.499305420679857503e-01
5.518715408147119028e-01
5.538034807073071164e-01
5.557263380560011345e-01
5.576400917318047323e-01
5.595447232210388755e-01
5.614402165669670763e-01
5.633265578161840148e-01
5.652037352656857916e-01
5.670717391493835802e-01
5.689305616901448870e-01
5.707801972161874460e-01
5.726206418325093805e-01
5.744518927529546071e-01
5.762739477899043727e-01
5.780868050321500418e-01
5.798904627116742150e-01
5.816849193511582916e-01
5.834701742432261140e-01
5.852462277005680003e-01
5.870130814834355615e-01
5.887707391527264855e-01
5.905192067121440846e-01
5.922584924278040397e-01
5.939886070425252074e-01
5.957095635382768650e-01
5.974213770863024964e-01
5.991240646856992313e-01
6.008176451817213160e-01
6.025021389741483935e-01
6.041775679525607234e-01
6.058439559784205564e-01
6.075013283763602834e-01
6.091497116544174473e-01
6.107891336827016016e-01
6.124196233459113792e-01
6.140412100045155031e-01
6.156539232979316711e-01
6.172577930617880737e-01
6.188528492808158532e-01
6.204391222956584517e-01
6.220166431424475340e-01
6.235854436944188173e-01
6.251455570607418188e-01
6.266970176107461432e-01
6.282398611672859179e-01
6.297741248204233866e-01
6.312998470310386967e-01
6.328170677461808502e-01
6.343258282219099708e-01
6.358261707741862390e-01
6.373181387451151148e-01
6.388017763144232530e-01
6.402771286548438745e-01
6.417442422819520376e-01
6.432031644946404336e-01
6.446539429881320560e-01
6.460966259312124205e-01
6.475312617106402380e-01
6.489578987751331018e-01
6.503765856436332093e-01
6.517873709617609812e-01
6.531903034819427356e-01
6.545854322401002401e-01
6.559728066552191761e-01
6.573524765997771357e-01
6.587244926278272850e-01
6.600889057248457981e-01
6.614457674045691737e-01
6.627951296677568882e-01
6.641370451565083988e-01
6.654715673347617599e-01
6.667987502617519491e-01
6.681186484127684677e-01
6.694313167919859753e-01
6.707368109340530182e-01
6.720351869012106683e-01
6.733265014726412812e-01
6.746108116620430639e-01
6.758881744369044098e-01
6.771586466668635396e-01
6.784222850988237408e-01
6.796791463992429838e-01
6.809292872350557468e-01
6.821727643192417867e-01
6.834096344014756186e-01
6.846399543363952400e-01
6.858637810675025648e-01
6.870811716598139718e-01
6.882921832940154250e-01
6.894968730053965267e-01
6.906952976862095195e-01
6.918875141606311008e-01
6.930735793416898938e-01
6.942535503530349317e-01
6.954274844137965372e-01
6.965954387158750372e-01
6.977574705652451748e-01
6.989136374829318932e-01
7.000639971209190460e-01
7.012086072657356395e-01
7.023475255786115756e-01
7.034808094766945574e-01
7.046085160739954389e-01
7.057307022727451473e-01
7.068474248510833169e-01
7.079587405652658649e-01
7.090647061703103660e-01
7.101653784114594359e-01
7.112608139934770701e-01
7.123510695162460493e-01
7.134362014487904968e-01
7.145162659450126075e-01
7.155913186694479178e-01
7.166614147732875972e-01
7.177266090344903704e-01
7.187869559703204958e-01
7.198425098705333314e-01
7.208933247724675919e-01
7.219394544481048115e-01
7.229809525435841877e-01
7.240178726269738130e-01
7.250502680721652160e-01
7.260781919787510086e-01
7.271016971394276274e-01
7.281208360166044891e-01
7.291356607403243206e-01
7.301462232188073997e-01
7.311525752392067368e-01
7.321547685578803089e-01
7.331528549048914600e-01
7.341468859700061023e-01
7.351369133160331470e-01
7.361229883009984265e-01
7.371051619861463955e-01
7.380834848926369762e-01
7.390580069010327380e-01
7.400287773095257648e-01
7.409958449350568799e-01
7.419592581470902948e-01
7.429190648504760963e-01
7.438753125258432686e-01
7.448280482653168999e-01
7.457773188751360971e-01
7.467231708683148561e-01
7.476656503675525034e-01
7.486048030525550567e-01
7.495406742362510366e-01
7.504733088904796956e-01
7.514027517062510375e-01
7.523290471833132820e-01
7.532522397313832219e-01
7.541723737229715230e-01
7.550894934896978938e-01
7.560036432966796838e-01
7.569148672233692032e-01
7.578232091030677742e-01
7.587287123820197765e-01
7.596314198884139834e-01
7.605313738261899603e-01
7.614286158693989170e-01
7.623231871848513697e-01
7.632151284294710347e-01
7.641044797152407586e-01
7.649912806635726925e-01
7.658755704925448438e-01
7.667573880785479856e-01
7.676367719180875460e-01
7.685137600353846299e-01
7.693883899633466861e-01
7.702606988667131116e-01
7.711307236086848427e-01
7.719985008383244418e-01
7.728640670586502948e-01
7.737274587120290814e-01
7.745887121980559176e-01
7.754478638668517165e-01
7.763049499858314384e-01
7.771600066140027518e-01
7.780130695585476541e-01
7.788641742085224973e-01
7.797133553462903821e-01
7.805606472212375246e-01
7.814060836243601482e-01
7.822496978802125911e-01
7.830915228296396746e-01
7.839315908019726109e-01
7.847699336541289483e-01
7.856065828871274803e-01
7.864415696613543671e-01
7.872749247429922104e-01
7.881066784240126077e-01
7.889368605286743996e-01
7.897655005543587903e-01
7.905926277503465549e-01
7.914182712113623230e-01
7.922424599377516641e-01
7.930652228908691148e-01
7.938865889904380690e-01
7.947065871058345277e-01
7.955252460127840708e-01
7.963425942793054269e-01
7.971586602336415694e-01
7.979734718113715708e-01
7.987870564380997740e-01
7.995994411303350979e-01
8.004106525248890769e-01
8.012207168640256283e-01
8.020296599816415517e-01
8.028375072631503961e-01
8.036442836843745718e-01
8.044500139273182970e-01
8.052547223655289743e-01
8.060584330154259014e-01
8.068611694649990840e-01
8.076629548907402478e-01
8.084638122000024074e-01
8.092637641104505342e-01
8.100628332330117587e-01
8.108610421270899815e-01
8.116584133270368095e-01
8.124549693298311892e-01
8.132507325834992251e-01
8.140457254412367671e-01
8.148399700744211049e-01
8.156334884421195808e-01
8.164263021670791209e-01
8.172184324785753962e-01
8.180099003045593342e-01
8.188007262682747145e-01
8.195909306891263624e-01
8.203805335691017886e-01
8.211695545446460187e-01
8.219580129318903028e-01
8.227459278160577094e-01
8.235333180250878904e-01
8.243202020971572841e-01
8.251065982126020160e-01
8.258925242164951719e-01
8.266779977432324733e-01
8.274630362897096303e-01
8.282476572805093085e-01
8.290318781175816110e-01
8.298157161869817999e-01
8.305991888440105164e-01
8.313823133995061898e-01
8.321651070725920585e-01
8.329475869307890745e-01
8.337297698690597780e-01
8.345116725296829463e-01
8.352933112748017752e-01
8.360747022545644835e-01
8.368558613870983320e-01
8.376368043753804615e-01
8.384175466873355909e-01
8.391981035134215006e-01
8.399784898130008282e-01
8.407587203664438347e-01
8.415388097540347223e-01
8.423187723351367451e-01
8.430986221902339040e-01
8.438783731468280092e-01
8.446580388716529164e-01
8.454376329372509380e-01
8.462171688714414941e-01
8.469966601942374718e-01
8.477761204184219856e-01
8.485555630376654390e-01
8.493350015134468745e-01
8.501144492399917985e-01
8.508939195149126666e-01
8.516734255265518971e-01
8.524529803161988717e-01
8.532325967621968710e-01
8.540122876203646296e-01
8.547920655027414494e-01
8.555719428995602893e-01
8.563519321587103050e-01
8.571320454580393378e-01
8.579122948437583052e-01
8.586926922443476329e-01
8.594732494643683163e-01
8.602539781705318411e-01
8.610348898507989013e-01
8.618159958313315050e-01
8.625973073330959195e-01
8.633788355225879840e-01
8.641605915444939834e-01
8.649425865416017212e-01
8.657248316519337017e-01
8.665073379958957434e-01
8.672901166593068867e-01
8.680731786611116663e-01
8.688565349352388445e-01
8.696401963213434838e-01
8.704241735425014559e-01
8.712084771946406736e-01
8.719931177752274776e-01
8.727781056667315296e-01
8.735634511559011717e-01
8.743491644140045649e-01
8.751352554772913184e-01
8.759217342834841880e-01
8.767086106691004410e-01
8.774958943710632342e-01
8.782835950149859849e-01
8.790717220862707126e-01
8.798602849416111704e-01
8.806492928501374884e-01
8.814387550386640902e-01
8.822286807210842907e-01
8.830190791109129300e-01
8.838099594274207993e-01
8.846013309249811662e-01
8.853932029295699113e-01
8.861855848895906496e-01
8.869784863989635948e-01
8.877719172049435281e-01
8.885658872364856631e-01
8.893604065975680983e-01
8.901554855244367959e-01
8.909511344073706152e-01
8.917473637726661684e-01
8.925441842939018100e-01
8.933416068209234506e-01
8.941396423295767670e-01
8.949383019271546225e-01
8.957375968395971944e-01
8.965375384103002609e-01
8.973381381128429091e-01
8.981394075255119125e-01
8.989413582969743022e-01
8.997440021103169094e-01
9.005473506554422247e-01
9.013514156223384477e-01
9.021562086902666922e-01
9.029617414336325032e-01
9.037680251522342001e-01
9.045750707510122890e-01
9.053828887146998516e-01
9.061914890937786682e-01
9.070008814371277595e-01
9.078110748028492827e-01
9.086220778444941137e-01
9.094338987623236115e-01
9.102465453604332568e-01
9.110600249896677605e-01
9.118743445015734528e-01
9.126895103686208932e-01
9.135055286500098903e-01
9.143224050169989070e-01
9.151401447365776765e-01
9.159587526423996762e-01
9.167782331540724750e-01
9.175985904053476361e-01
9.184198284052434991e-01
9.192419511481877414e-01
9.200649626286111493e-01
9.208888668914292364e-01
9.217136686612014129e-01
9.225393743630060372e-01
9.233659924610558845e-01
9.241935334765236654e-01
9.250220100405435186e-01
9.258514371642767582e-01
9.266818321232929145e-01
