2.458194907366696019e-03
2.458171695180725366e-03
2.458147714604447167e-03
2.458122949371806081e-03
2.458097382859139157e-03
2.458070998055945748e-03
2.458043777839019790e-03
2.458015704768045165e-03
2.457986760906078708e-03
2.457956927746016585e-03
2.457926186276966976e-03
2.457894516914181128e-03
2.457861899510857713e-03
2.457828313390157150e-03
2.457793737375722331e-03
2.457758149718729159e-03
2.457721527595615584e-03
2.457683847256896155e-03
2.457645084512594461e-03
2.457605214693845894e-03
2.457564212705411200e-03
2.457522052979398391e-03
2.457478709479549248e-03
2.457434155689221592e-03
2.457388364633483584e-03
2.457341308796353110e-03
2.457292960448837459e-03
2.457243292271150872e-03
2.457192276577536451e-03
2.457139885113794435e-03
2.457086089029685786e-03
2.457030858895973245e-03
2.456974164635170304e-03
2.456915975514602744e-03
2.456856260210448992e-03
2.456794986742170603e-03
2.456732122310548508e-03
2.456667632754005928e-03
2.456601482926101115e-03
2.456533637011327695e-03
2.456464058452225482e-03
2.456392710011746829e-03
2.456319553688330205e-03
2.456244550803807301e-03
2.456167661972085640e-03
2.456088847069475695e-03
2.456008065111729786e-03
2.455925274435128564e-03
2.455840433066105912e-03
2.455753498375200673e-03
2.455664426872127687e-03
2.455573174216573850e-03
2.455479695171971198e-03
2.455383943388298254e-03
2.455285871379107518e-03
2.455185430828066718e-03
2.455082572381412157e-03
2.454977245514610058e-03
2.454869398378063325e-03
2.454758977759415126e-03
2.454645929375340232e-03
2.454530197831623819e-03
2.454411726688714938e-03
2.454290458562467976e-03
2.454166335643194908e-03
2.454039299035755232e-03
2.453909288675290481e-03
2.453776243302697394e-03
2.453640100638497523e-03
2.453500797979457637e-03
2.453358271684676160e-03
2.453212456896669124e-03
2.453063287550872554e-03
2.452910696016114087e-03
2.452754612308621473e-03
2.452594965094247355e-03
2.452431682018639189e-03
2.452264688802311635e-03
2.452093908904608502e-03
2.451919263989398370e-03
2.451740673850671872e-03
2.451558056449306116e-03
2.451371327864261714e-03
2.451180402718227107e-03
2.450985195015358171e-03
2.450785617625718827e-03
2.450581581276959579e-03
2.450372995193199691e-03
2.450159768075737057e-03
2.449941808093751387e-03
2.449719022383358563e-03
2.449491316901941575e-03
2.449258596458298281e-03
2.449020764193536679e-03
2.448777720251800981e-03
2.448529361826758295e-03
2.448275584595792538e-03
2.448016282266791011e-03
2.447751344740369678e-03
2.447480657235846617e-03
2.447204101700812401e-03
2.446921557334035598e-03
2.446632900042342972e-03
2.446338002721622999e-03
2.446036736220507692e-03
2.445728969944167396e-03
2.445414571728088404e-03
2.445093407077347271e-03
2.444765339219967439e-03
2.444430230166377751e-03
2.444087942224118341e-03
2.443738336004374484e-03
2.443381270179221989e-03
2.443016601403363852e-03
2.442644183692570595e-03
2.442263867774561916e-03
2.441875500682016281e-03
2.441478926833831435e-03
2.441073987589797035e-03
2.440660520432319080e-03
2.440238357671733766e-03
2.439807327421527824e-03
2.439367254015997050e-03
2.438917957672010351e-03
2.438459254888422894e-03
2.437990958324371803e-03
2.437512877583913277e-03
2.437024819221406298e-03
2.436526586037639913e-03
2.436017976652940335e-03
2.435498786327167792e-03
2.434968808550228101e-03
2.434427833856897452e-03
2.433875650429141810e-03
2.433312043150030832e-03
2.432736793192867737e-03
2.432149677549773435e-03
2.431550469551580981e-03
2.430938939171003663e-03
2.430314851369125631e-03
2.429677965783212396e-03
2.429028037304419279e-03
2.428364816762084745e-03
2.427688048749421929e-03
2.426997471781787864e-03
2.426292819017176160e-03
2.425573818390195768e-03
2.424840193180911527e-03
2.424091662017723373e-03
2.423327938613471962e-03
2.422548731106344364e-03
2.421753742106066282e-03
2.420942669071097716e-03
2.420115204144339480e-03
2.419271035167597315e-03
2.418409844932623703e-03
2.417531310479656848e-03
2.416635103020053736e-03
2.415720889263961620e-03
2.414788330852297559e-03
2.413837082304170264e-03
2.412866791693439161e-03
2.411877102996480473e-03
2.410867655277737151e-03
2.409838081154227086e-03
2.408788006649582609e-03
2.407717051102971004e-03
2.406624826829428711e-03
2.405510940050118070e-03
2.404374989825112420e-03
2.403216567524717011e-03
2.402035256071149809e-03
2.400830630374144441e-03
2.399602258205505833e-03
2.398349699493868351e-03
2.397072506196591245e-03
2.395770222102648530e-03
2.394442383096535495e-03
2.393088517696782391e-03
2.391708148868235649e-03
2.390300792531635087e-03
2.388865955681141861e-03
2.387403137240208095e-03
2.385911829491891081e-03
2.384391517047795665e-03
2.382841676275456334e-03
2.381261775906156133e-03
2.379651275858048198e-03
2.378009627224225622e-03
2.376336273887218187e-03
2.374630650540852494e-03
2.372892181627192596e-03
2.371120281117707236e-03
2.369314355495641573e-03
2.367473802631791038e-03
2.365598010689355223e-03
2.363686357977753602e-03
2.361738212728908218e-03
2.359752933181986662e-03
2.357729868671820488e-03
2.355668360528687198e-03
2.353567740006476221e-03
2.351427326878134921e-03
2.349246430014377551e-03
2.347024348521820850e-03
2.344760371469164443e-03
2.342453777398472835e-03
2.340103834846432498e-03
2.337709801501201227e-03
2.335270925054960551e-03
2.332786445041355652e-03
2.330255590133263263e-03
2.327677577196957115e-03
2.325051611818272548e-03
2.322376891370652330e-03
2.319652603292478212e-03
2.316877923882099469e-03
2.314052018987065862e-03
2.311174043061093794e-03
2.308243139938391357e-03
2.305258444676416916e-03
2.302219083093676785e-03
2.299124169707267816e-03
2.295972806966014700e-03
2.292764087136408419e-03
2.289497091699353552e-03
2.286170891521279239e-03
2.282784547029674538e-03
2.279337109110705483e-03
2.275827618621197035e-03
2.272255107269802350e-03
2.268618598818619280e-03
2.264917106367071806e-03
2.261149632326010621e-03
2.257315168963949792e-03
2.253412700537501048e-03
2.249441202558850796e-03
2.245399640685734419e-03
2.241286972100803385e-03
2.237102144274825521e-03
2.232844096803562450e-03
2.228511762791576725e-03
2.224104067863621158e-03
2.219619929592265943e-03
2.215058256806919697e-03
2.210417951283115325e-03
2.205697906857406396e-03
2.200897010742959743e-03
2.196014144379218689e-03
2.191048184778029810e-03
2.185998004747989523e-03
2.180862472980533637e-03
2.175640455322855760e-03
2.170330813162230522e-03
2.164932404479933108e-03
2.159444083689209155e-03
2.153864702557294151e-03
2.148193111277763544e-03
2.142428158603879203e-03
2.136568694748761706e-03
2.130613571073637549e-03
2.124561640331178343e-03
2.118411757048101890e-03
2.112162778974223561e-03
2.105813569791585224e-03
2.099362996637264486e-03
2.092809930593767138e-03
2.086153247346173804e-03
2.079391830213898808e-03
2.072524571456653333e-03
2.065550375239799934e-03
2.058468157751551335e-03
2.051276844385043104e-03
2.043975374360395940e-03
2.036562701734746707e-03
2.029037795669183779e-03
2.021399638542285999e-03
2.013647227294307427e-03
2.005779579504903768e-03
1.997795732633587604e-03
1.989694751288144728e-03
1.981475726293431983e-03
1.973137769441184620e-03
1.964680016597206147e-03
1.956101634453690560e-03
1.947401825662021472e-03
1.938579821733747406e-03
1.929634884094916149e-03
1.920566307854555503e-03
1.911373427003535677e-03
1.902055617409086248e-03
1.892612303015278130e-03
1.883042950207039273e-03
1.873347062633875333e-03
1.863524195975751552e-03
1.853573961836466662e-03
1.843496025146214128e-03
1.833290100205676445e-03
1.822955954168641252e-03
1.812493420312728289e-03
1.801902393293526843e-03
1.791182845545960609e-03
1.780334819804693918e-03
1.769358415599058812e-03
1.758253803601155874e-03
1.747021237221659277e-03
1.735661056827108011e-03
1.724173678191581087e-03
1.712559594361701782e-03
1.700819388550075910e-03
1.688953735118128895e-03
1.676963411019248215e-03
1.664849299448517561e-03
1.652612371004557072e-03
1.640253684533415999e-03
1.627774416164955813e-03
1.615175861551983996e-03
1.602459428427685777e-03
1.589626634608378667e-03
1.576679114356943721e-03
1.563618635843877459e-03
1.550447092901522999e-03
1.537166531749918803e-03
1.523779125908829649e-03
1.510287160530285376e-03
1.496693066131657987e-03
1.482999425763650500e-03
1.469208979103808939e-03
1.455324607194637913e-03
1.441349335593650497e-03
1.427286358089151263e-03
1.413139025181585655e-03
1.398910871000272295e-03
1.384605598539406530e-03
1.370227048511423514e-03
1.355779218065180595e-03
1.341266293968031370e-03
1.326692649238092082e-03
1.312062835295736349e-03
1.297381577478478026e-03
1.282653785989873148e-03
1.267884566246441601e-03
1.253079213837441069e-03
1.238243236815653658e-03
1.223382310361215315e-03
1.208502271968448383e-03
1.193609163169752872e-03
1.178709220709706811e-03
1.163808883475453285e-03
1.148914772141877358e-03
1.134033696598501107e-03
1.119172674437601779e-03
1.104338911091681547e-03
1.089539831577057477e-03
1.074783035130597378e-03
1.060076271823807894e-03
1.045427465822178605e-03
1.030844731542683796e-03
1.016336365043553390e-03
1.001910832773111274e-03
9.875767582078153178e-04
9.733429266717290220e-04
9.592182837395672864e-04
9.452119237379341806e-04
9.313330838815075431e-04
9.175911037969104560e-04
9.039954154670328413e-04
8.905555458895228352e-04
8.772810997092206353e-04
8.641817497011404677e-04
8.512672176216706365e-04
8.385472833018170436e-04
8.260317810709161355e-04
8.137305911688846004e-04
8.016536405428655379e-04
7.898108760847754196e-04
7.782122731624065625e-04
7.668678345897782158e-04
7.557875906907039840e-04
7.449815731925151820e-04
7.344598123387581327e-04
7.242323096503808580e-04
7.143090113542768880e-04
7.046997900759476279e-04
6.954143859073836243e-04
6.864624115313192098e-04
6.778533176521196312e-04
6.695962841753894416e-04
6.617001669609119847e-04
6.541734850862732055e-04
6.470243252973038005e-04
6.402603734280857889e-04
6.338889049188048061e-04
6.279168075445061559e-04
6.223505982077089842e-04
6.171964026951921650e-04
6.124601325113992068e-04
6.081476132806186343e-04
6.042646143735186121e-04
6.008168635857187795e-04
5.978102035935573206e-04
5.952506565753130745e-04
5.931444345257159577e-04
5.914978990278760892e-04
5.903176191324255914e-04
5.896104998562782910e-04
5.893837257963714269e-04
5.896447945285311371e-04
5.904015668444896961e-04
5.916622588483890811e-04
5.934354589400795289e-04
5.957300709189651891e-04
5.985553502052856330e-04
6.019209956019435899e-04
6.058372596400565455e-04
6.103149906908693313e-04
6.153655497923866263e-04
6.210010910367102198e-04
6.272345546350792432e-04
6.340796773215942768e-04
6.415509716372538992e-04
6.496637755789736336e-04
6.584347004923247950e-04
6.678816008726287234e-04
6.780236267057388822e-04
6.888815577356155245e-04
7.004779020610531551e-04
7.128368921982184119e-04
7.259842717287870884e-04
7.399478211633855754e-04
7.547577377728664511e-04
7.704465235503240141e-04
7.870492091227666897e-04
8.046033933009077727e-04
8.231493791902660083e-04
8.427298300252487970e-04
8.633899499516606247e-04
8.851778844984733909e-04
9.081446355291650447e-04
9.323446566269752217e-04
9.578353876982968404e-04
9.846773995110221292e-04
1.012934273259560218e-03
1.042671954958833370e-03
1.073959692516362379e-03
1.106868604342142954e-03
1.141472258814533970e-03
1.177846951068481536e-03
1.216070285645171230e-03
1.256222318060261703e-03
1.298383386064870569e-03
1.342635915648428832e-03
1.389063272933832062e-03
1.437748718293267725e-03
1.488777143993816159e-03
1.542231976522737700e-03
1.598197340053868296e-03
1.656754653969633086e-03
1.717983830155682227e-03
1.781961539112988284e-03
1.848759877316586081e-03
1.918447115774696895e-03
1.991083863387726593e-03
2.066725315588687720e-03
2.145416163989188364e-03
2.227191858230052023e-03
2.312076696561837005e-03
2.400080847180454443e-03
2.491200708403079524e-03
2.585419361282113426e-03
2.682703590539665169e-03
2.783001282642452202e-03
2.886241049026336703e-03
2.992330669767651139e-03
3.101160330316599101e-03
3.212599186040891470e-03
3.326498933990383513e-03
3.442692393124906127e-03
3.560998004036138292e-03
3.681224574437612796e-03
3.803172988191917247e-03
3.926643482486237222e-03
4.051431895121829392e-03
4.177339213305880303e-03
4.304174923987678925e-03
4.431761486790714716e-03
4.559940697065160975e-03
4.688577099378032909e-03
4.817565405401080109e-03
4.946835588145210606e-03
5.076355960991599074e-03
5.206134158851000344e-03
5.336224572407118755e-03
5.466728387031510698e-03
5.597801901429800935e-03
5.729650063918394209e-03
5.862524246375070552e-03
5.996728081828155144e-03
6.132616502090010649e-03
6.270598757094917632e-03
6.411127035450644128e-03
6.554688996068624637e-03
6.701809385428688509e-03
6.853047169312498181e-03
7.008992577334747197e-03
7.170257506723133265e-03
7.337461324215442671e-03
7.511239834953993381e-03
7.692225670001441064e-03
7.881044635694351569e-03
8.078319998337779237e-03
8.284646785754353621e-03
8.500610451681506891e-03
8.726727951410656950e-03
8.963445528345510144e-03
9.211138850645750678e-03
9.470046772124552856e-03
9.740320998746587397e-03
1.002197741015199012e-02
1.031491290535581709e-02
1.061887750571989704e-02
1.093341111259550982e-02
1.125791956315656817e-02
1.159161859050743260e-02
1.193352917828702058e-02
1.228259573434928656e-02
1.263761487874286160e-02
1.299735755624170652e-02
1.336054963854863692e-02
1.372577488223852837e-02
1.409172788578016283e-02
1.445701900352669260e-02
1.482050840449483826e-02
1.518115890119751954e-02
1.553811365463760204e-02
1.589083604086330426e-02
1.623888068372932730e-02
1.658231792723845188e-02
1.692141262839903099e-02
1.725692915782600298e-02
1.758988838252136672e-02
1.792163563373480595e-02
1.825383552735591539e-02
1.858832001660953512e-02
1.892717281028301335e-02
1.927253297756559292e-02
1.962669303145698693e-02
1.999187799522155959e-02
2.037032560179070917e-02
2.076409319158388500e-02
2.117511922565117055e-02
2.160499426656125113e-02
2.205500660225461623e-02
2.252599574053191361e-02
2.301830481311781251e-02
2.353180028681782845e-02
2.406573480540349572e-02
2.461883627744591158e-02
2.518931560950485316e-02
2.577493465096783801e-02
2.637299297535630749e-02
2.698049437032176701e-02
2.759418005753903197e-02
2.821067716902469005e-02
2.882671674811895443e-02
2.943930226088438060e-02
3.004591070142319936e-02
3.064460247637482496e-02
3.123408974998036908e-02
3.181391904874547594e-02
3.238445531169722308e-02
3.294686803872311914e-02
3.350308875558202781e-02
3.405569355707931123e-02
3.460778681255326922e-02
3.516288040379666330e-02
3.572474691146638320e-02
3.629726999885486693e-02
3.688419664544253379e-02
3.748888124523924725e-02
3.811423020121910976e-02
3.876234838295795904e-02
3.943435370584872507e-02
4.013049968185893740e-02
4.084981676148347757e-02
4.159051755787745996e-02
4.234995683136162647e-02
4.312454765914683352e-02
4.391067581960322874e-02
4.470424892164336778e-02
4.550122229593007994e-02
4.629796833899882391e-02
4.709103642738746154e-02
4.787858017572903940e-02
4.865935588377706678e-02
4.943275362105005455e-02
5.020067681816763744e-02
5.096525777184859191e-02
5.172931775127780074e-02
5.249619689653446664e-02
5.326832561784042991e-02
5.405057829421817950e-02
5.484706490004653129e-02
5.566040813208813359e-02
5.649348278323538391e-02
5.734617070939270617e-02
5.822035839989224415e-02
5.911583026911512717e-02
6.002829893351641771e-02
6.095699313373658529e-02
6.189933118179298532e-02
6.285136870341964666e-02
6.381129244863746608e-02
6.477468649103979015e-02
6.574121651693731749e-02
6.671086786283896009e-02
6.768109000307168110e-02
6.865473523235640640e-02
6.963343627774118416e-02
7.061828401289141355e-02
7.161322810496914548e-02
7.261826945337322703e-02
7.363789131220556394e-02
7.467547282200306946e-02
7.572817356539413014e-02
7.679969324416230370e-02
7.788812459029463564e-02
7.899342428836356178e-02
8.011551543596687197e-02
8.125014797068837169e-02
8.239859879114748431e-02
8.355879642365865445e-02
8.472745237244053151e-02
8.590725942384797031e-02
8.709732496717605132e-02
8.829706672919275523e-02
8.950755624449634185e-02
9.072985163431437905e-02
9.196448542576657337e-02
9.321533490406222477e-02
9.448010678273459362e-02
9.576158447314449262e-02
9.705945918101659131e-02
9.837242514815741634e-02
9.970253398861834981e-02
1.010470690351145673e-01
1.024078013029467715e-01
1.037833967732261498e-01
1.051727244097933195e-01
1.065773383641140937e-01
1.079957184836664169e-01
1.094287504855934040e-01
1.108753985023115118e-01
1.123380147558827730e-01
1.138150245970347141e-01
1.153075459406762704e-01
1.168169085360661330e-01
1.183410226397830778e-01
1.198831751897712350e-01
1.214400834755860747e-01
1.230145732012020154e-01
1.246052343873692431e-01
1.262111188264502248e-01
1.278340576051560373e-01
1.294714092682452966e-01
1.311256057090872396e-01
1.327941963373811263e-01
1.344792115253314879e-01
1.361795421662589101e-01
1.378953338732701595e-01
1.396287130905343177e-01
1.413763828568184167e-01
1.431422551609494165e-01
1.449231333986306380e-01
1.467203649903985607e-01
1.485336572469687089e-01
1.503618463639518343e-01
1.522058300624188343e-01
1.540647888716928093e-01
1.559391207750005226e-01
1.578287306559071623e-01
1.597338619996258868e-01
1.616546423006764988e-01
1.635910623838613409e-01
1.655430895609211472e-01
1.675106468172911089e-01
1.694936429029608171e-01
1.714919640007314117e-01
1.735054891343086603e-01
1.755341011650402294e-01
1.775776830425790376e-01
1.796361166372185680e-01
1.817092819775498469e-01
1.837970572954762405e-01
1.858993186676738407e-01
1.880159382669620571e-01
1.901467842451574353e-01
1.922917219133061795e-01
1.944506124855566731e-01
1.966233143407943862e-01
1.988096821469983733e-01
2.010095661342825857e-01
2.032228126687392888e-01
2.054492637670488620e-01
2.076887568243226401e-01
2.099411254003395733e-01
2.122062007408281048e-01
2.144838123509839600e-01
2.167737867743943503e-01
2.190759478949335648e-01
2.213901174075123268e-01
2.237161151422628336e-01
2.260537598217676469e-01
2.284028696960164195e-01
2.307632623244619263e-01
2.331347534943011002e-01
2.355171563071999097e-01
2.379102810071322960e-01
2.403139346496859230e-01
2.427279199945526489e-01
2.451520348045619357e-01
2.475860714039298804e-01
2.500298170456806690e-01
2.524830541107186410e-01
2.549455605083118526e-01
2.574171108766405980e-01
2.598974766871567921e-01
2.623864259674640320e-01
2.648837237698575819e-01
2.673891331419503969e-01
2.699024156654020179e-01
2.724233311968130011e-01
2.749516381241479679e-01
2.774870939597713915e-01
2.800294555766885130e-01
2.825784795907159141e-01
2.851339223610346862e-01
2.876955398443692968e-01
2.902630874025543539e-01
2.928363196001743662e-01
2.954149902749287349e-01
2.979988522865228973e-01
3.005876577509984937e-01
3.031811582196328181e-01
3.057791046519032219e-01
3.083812480996107053e-01
3.109873397042158261e-01
3.135971304025574335e-01
3.162103712995597005e-01
3.188268143561150958e-01
3.214462122847541736e-01
3.240683186313231268e-01
3.266928876234477253e-01
3.293196743866487197e-01
3.319484349512223376e-01
3.345789260100353602e-01
3.372109050311474232e-01
3.398441300120885189e-01
3.424783592031303558e-01
3.451133509218340945e-01
3.477488638192622883e-01
3.503846572107762181e-01
3.530204913486643670e-01
3.556561276852474585e-01
3.582913294979630514e-01
3.609258627787925167e-01
3.635594965310072757e-01
3.661920034193762996e-01
3.688231599509917413e-01
3.714527460178638774e-01
3.740805443367316574e-01
3.767063410181124006e-01
3.793299257486866805e-01
3.819510917041438192e-01
3.845696353721003158e-01
3.871853557380541266e-01
3.897980546462185281e-01
3.924075366507653873e-01
3.950136083999108427e-01
3.976160781721681525e-01
4.002147552537975717e-01
4.028094493557353717e-01
4.053999705106022811e-01
4.079861297937384945e-01
4.105677398940640876e-01
4.131446159299851373e-01
4.157165756183506256e-01
4.182834407877462635e-01
4.208450383114626381e-01
4.234012005157554714e-01
4.259517662210416944e-01
4.284965799445702439e-01
4.310354911986254978e-01
4.335683541376582628e-01
4.360950280502705056e-01
4.386153767285966842e-01
4.411292685767005950e-01
4.436365761847830824e-01
4.461371754235151088e-01
4.486309458913778081e-01
4.511177703941323114e-01
4.535975342314390590e-01
4.560701242174897141e-01
4.585354281178821712e-01
4.609933340760820064e-01
4.634437307083414392e-01
4.658865080062865593e-01
4.683215578524517198e-01
4.707487750275287652e-01
4.731680572808200091e-01
4.755793072332848981e-01
4.779824326711937243e-01
4.803773473622978685e-01
4.827639713541026500e-01
4.851422299363880586e-01
4.875120531853239236e-01
4.898733758055565102e-01
4.922261372157692438e-01
4.945702806466268919e-01
4.969057536124861785e-01
4.992325072244037099e-01
5.015504954625892298e-01
5.038596755703472763e-01
5.061600074879579747e-01
5.084514530041076563e-01
5.107339748873567231e-01
5.130075365116750774e-01
5.152721015223895584e-01
5.175276340551114851e-01
5.197740994908923717e-01
5.220114648182762052e-01
5.242396994546959510e-01
5.264587752898098882e-01
5.286686680005464600e-01
5.308693569085263242e-01
5.330608255662856454e-01
5.352430615540130221e-01
5.374160560153935506e-01
5.395798033179690645e-01
5.417343009671110599e-01
5.438795493527298630e-01
5.460155512657649535e-01
5.481423125185603817e-01
5.502598411488364150e-01
5.523681468255690064e-01
5.544672411123128253e-01
5.565571370924784489e-01
5.586378486660162901e-01
5.607093901947468595e-01
5.627717763241569804e-01
5.648250218741535100e-01
5.668691420410884030e-01
5.689041528374426671e-01
5.709300712925778898e-01
5.729469158993891753e-01
5.749547066016620356e-01
5.769534652338993430e-01
5.789432153741559395e-01
5.809239824829363075e-01
5.828957939592713799e-01
5.848586789500056504e-01
5.868126680820965335e-01
5.887577935092825898e-01
5.906940886537687119e-01
5.926215880832953475e-01
5.945403279774365002e-01
5.964503454814348293e-01
5.983516782364505238e-01
6.002443645305772790e-01
6.021284430676816513e-01
6.040039526942365677e-01
6.058709323420914394e-01
6.077294210557060428e-01
6.095794579706299565e-01
6.114210824324930460e-01
6.132543341654926872e-01
6.150792533275933893e-01
6.168958806883871882e-01
6.187042574491165015e-01
6.205044253215379335e-01
6.222964263712542632e-01
6.240803032058889199e-01
6.258560991157576803e-01
6.276238579461297373e-01
6.293836240112365976e-01
6.311354420484963645e-01
6.328793571472683954e-01
6.346154147398163081e-01
6.363436607494843411e-01
6.380641412083700725e-01
6.397769019928464251e-01
6.414819888545636450e-01
6.431794473778534860e-01
6.448693230127581222e-01
6.465516611542183600e-01
6.482265072416392160e-01
6.498939067524680535e-01
6.515539052128839215e-01
6.532065481537245866e-01
6.548518811036296849e-01
6.564899496407197166e-01
6.581207990845961975e-01
6.597444745632636831e-01
6.613610210927736155e-01
6.629704837488382685e-01
6.645729076948164726e-01
6.661683380889783512e-01
6.677568200442813851e-01
6.693383986615795145e-01
6.709131191178893117e-01
6.724810264886849076e-01
6.740421657924521304e-01
6.755965819127573990e-01
6.771443194565608392e-01
6.786854226722038863e-01
6.802199355612980058e-01
6.817479020114117771e-01
6.832693658901454192e-01
6.847843710558870756e-01
6.862929613610515567e-01
6.877951806287764258e-01
6.892910725073995160e-01
6.907806804588827454e-01
6.922640476898925810e-01
6.937412169059623546e-01
6.952122304055328161e-01
6.966771301842807906e-01
6.981359578972287094e-01
6.995887549278583251e-01
7.010355622986250701e-01
7.024764207250590031e-01
7.039113707850495061e-01
7.053404529485911567e-01
7.067637075137142011e-01
7.081811746145172393e-01
7.095928941914629862e-01
7.109989059460982697e-01
7.123992492906073837e-01
7.137939634923712307e-01
7.151830877534111064e-01
7.165666612413177372e-01
7.179447230728150942e-01
7.193173123220724108e-01
7.206844679754196292e-01
7.220462288449754906e-01
7.234026335044978495e-01
7.247537201054267131e-01
7.260995263283777090e-01
7.274400893029917547e-01
7.287754457175966705e-01
7.301056318307592718e-01
7.314306834833498305e-01
7.327506361757498698e-01
7.340655250353271821e-01
7.353753849122121045e-01
7.366802504146295894e-01
7.379801558526463134e-01
7.392751352000936915e-01
7.405652220622342963e-01
7.418504497281230847e-01
7.431308512581031867e-01
7.444064595794763761e-01
7.456773075258993355e-01
7.469434278980613406e-01
7.482048534528211725e-01
7.494616168567838077e-01
7.507137505797927268e-01
7.519612869530506449e-01
7.532042581009800175e-01
7.544426956697062314e-01
7.556766308215047134e-01
7.569060942683689674e-01
7.581311163382757901e-01
7.593517269598925035e-01
7.605679555981190720e-01
7.617798313989214698e-01
7.629873831587816735e-01
7.641906394038082695e-01
7.653896284563745933e-01
7.665843782929300243e-01
7.677749163806137922e-01
7.689612699268313367e-01
7.701434659150525608e-01
7.713215311263956764e-01
7.724954922091885612e-01
7.736653757665683528e-01
7.748312083763851943e-01
7.759930165871823382e-01
7.771508269127447299e-01
7.783046656796759333e-01
7.794545589573087518e-01
7.806005325591570676e-01
7.817426119342087976e-01
7.828808222374031844e-01
7.840151883010458844e-01
7.851457346069267151e-01
7.862724854149898412e-01
7.873954648136585188e-01
7.885146967032909959e-01
7.896302048722175781e-01
7.907420129935688324e-01
7.918501445985683951e-01
7.929546230234275628e-01
7.940554713469090142e-01
7.951527124370751931e-01
7.962463689883533258e-01
7.973364636037648667e-01
7.984230188616179280e-01
7.995060573292420703e-01
8.005856015611755305e-01
8.016616740853806933e-01
8.027342974252245078e-01
8.038034940607954315e-01
8.048692863879790549e-01
8.059316966010533489e-01
8.069907465895793663e-01
8.080464579390855828e-01
8.090988520390821614e-01
8.101479500702265524e-01
8.111937728912457235e-01
8.122363410070364553e-01
8.132756746270776160e-01
8.143117937193373734e-01
8.153447180746462575e-01
8.163744672041842732e-01
8.174010603457477764e-01
8.184245165303282166e-01
8.194448546571686531e-01
8.204620935426476525e-01
8.214762519202351010e-01
8.224873484770707233e-01
8.234954018868358983e-01
8.245004307926129261e-01
8.255024537880200075e-01
8.265014893505221449e-01
8.274975558652666319e-01
8.284906716497312251e-01
8.294808549142370646e-01
8.304681237321831500e-01
8.314524960966801492e-01
8.324339898827121109e-01
8.334126228166008898e-01
8.343884125021374665e-01
8.353613762746632254e-01
8.363315312211052621e-01
8.372988942725608785e-01
8.382634821383372348e-01
8.392253113069801929e-01
8.401843979197353152e-01
8.411407577738121422e-01
8.420944064961130016e-01
8.430453596285988338e-01
8.439936326935978395e-01
8.449392412026763832e-01
8.458822006622598311e-01
8.468225265621346365e-01
8.477602343803620766e-01
8.486953395787288912e-01
8.496278574554834151e-01
8.505578031907846670e-01
8.514851917118474445e-01
8.524100376521488442e-01
8.533323554326532889e-01
8.542521592152521048e-01
8.551694629338070230e-01
8.560842803438966087e-01
8.569966250605819402e-01
8.579065106231864579e-01
8.588139505219528624e-01
8.597189581788294843e-01
8.606215469322567868e-01
8.615217300410012990e-01
8.624195206955548310e-01
8.633149320273328930e-01
8.642079771060583449e-01
8.650986689656052775e-01
8.659870206347990429e-01
8.668730451378763302e-01
8.677567554979003228e-01
8.686381647226670832e-01
8.695172857965621782e-01
8.703941317157679602e-01
8.712687154727251082e-01
8.721410500952546663e-01
8.730111486174050306e-01
8.738790240666601816e-01
8.747446894096833070e-01
8.756081575732650446e-01
8.764694413844011933e-01
8.773285535347209452e-01
8.781855065129271498e-01
8.790403126434869208e-01
8.798929841795495310e-01
8.807435333123683208e-01
8.815919720956251204e-01
8.824383123809331764e-01
8.832825659322156575e-01
8.841247445184531317e-01
8.849648599033760332e-01
8.858029238485702894e-01
8.866389481154812735e-01
8.874729444542645007e-01
8.883049246134846477e-01
8.891349003437650778e-01
8.899628833529225069e-01
8.907888853271589413e-01
8.916129179024214757e-01
8.924349926357503238e-01
8.932551210814116960e-01
8.940733148352407733e-01
8.948895855378929953e-01
8.957039448793900904e-01
8.965164046194129543e-01
8.973269766167405459e-01
8.981356727831441011e-01
8.989425050263255557e-01
8.997474852225542108e-01
9.005506252297127423e-01
9.013519369349737298e-01
9.021514322749345505e-01
9.029491232234539977e-01
9.037450217619340531e-01
9.045391398724207388e-01
9.053314895412458707e-01
9.061220827676941258e-01
9.069109315481099776e-01
9.076980478957600296e-01
9.084834438714348703e-01
9.092671315273866961e-01
9.100491229056669740e-01
9.108294300225415752e-01
9.116080647981954499e-01
9.123850389642421677e-01
9.131603640612753203e-01
9.139340513905969132e-01
9.147061119616692881e-01
9.154765565437679165e-01
9.162453956461916738e-01
9.170126395645159523e-01
9.177782984109201792e-01
9.185423820662435013e-01
9.193049002228326216e-01
9.200658624055313428e-01
9.208252780414641903e-01
9.215831565416156002e-01
9.223395073164436520e-01
9.230943397846962384e-01
9.238476634165287971e-01
9.245994878096847058e-01
9.253498227405888565e-01
9.260986782325972833e-01
9.268460646913994072e-01
9.275919930730884833e-01
9.283364749547148298e-01
9.290795225123208434e-01
9.298211487766959715e-01
9.305613675626820402e-01
9.313001936757784316e-01
9.320376430685357594e-01
9.327737325109797251e-01
9.335084797041693916e-01
9.342419031689354059e-01
9.349740222113025467e-01
9.357048568914906328e-01
9.364344278560864376e-01
9.371627561474755730e-01
9.378898629734855330e-01
9.386157695691162983e-01
9.393404971695931138e-01
9.400640669947847305e-01
9.407865001386093162e-01
9.415078174066738859e-01
9.422280390151845930e-01
9.429471842844989737e-01
9.436652712012287836e-01
9.443823157918160849e-01
9.450983319100398905e-01
9.458133311952924283e-01
9.465273224323993428e-01
9.472403116584224847e-01
9.479523014248795176e-01
9.486632901936509210e-01
9.493732731297649385e-01
9.500822417465211167e-01
9.507901840869239507e-01
9.514970844426738905e-01
9.522029231310809028e-01
9.529076768151771848e-01
9.536113196208602094e-01
9.543138245471664005e-01
9.550151644588119604e-01
9.557153122204692375e-01
9.564142405954935144e-01
9.571119208058067596e-01
9.578083199564372263e-01
9.585034006996662193e-01
9.591971218512718167e-01
9.598894388339000994e-01
9.605803038878282241e-01
9.612696669058405918e-01
