1.614510050192344195e-03
1.614506919494658509e-03
1.614503515024554026e-03
1.614499830902865101e-03
1.614495861028371294e-03
1.614491598973066475e-03
1.614487038095687799e-03
1.614482171545213781e-03
1.614476992241001274e-03
1.614471492841452246e-03
1.614465665827689682e-03
1.614459503469499978e-03
1.614452997784344675e-03
1.614446140553685077e-03
1.614438923350140212e-03
1.614431337555924557e-03
1.614423374343606273e-03
1.614415024708929468e-03
1.614406279480391174e-03
1.614397129296920230e-03
1.614387564531209220e-03
1.614377575098440180e-03
1.614367150688326633e-03
1.614356280801909670e-03
1.614344954761347435e-03
1.614333161664632766e-03
1.614320890367131403e-03
1.614308129512419081e-03
1.614294867522110630e-03
1.614281092584551316e-03
1.614266792715873030e-03
1.614251956318563759e-03
1.614236571856530241e-03
1.614220627537823983e-03
1.614204111332055063e-03
1.614187010943311145e-03
1.614169313781535844e-03
1.614151006981843139e-03
1.614132077467877926e-03
1.614112511922972124e-03
1.614092296718603811e-03
1.614071417424886232e-03
1.614049858543925402e-03
1.614027604225397880e-03
1.614004638322139550e-03
1.613980944392827714e-03
1.613956505643278057e-03
1.613931304913233207e-03
1.613905324663959242e-03
1.613878546880661864e-03
1.613850953183117946e-03
1.613822525006033655e-03
1.613793244099391610e-03
1.613763091996248339e-03
1.613732049856217779e-03
1.613700098495943419e-03
1.613667218313169244e-03
1.613633389260032362e-03
1.613598590961333413e-03
1.613562803055600126e-03
1.613526004916083275e-03
1.613488175442472344e-03
1.613449292890079467e-03
1.613409334936538684e-03
1.613368278852312992e-03
1.613326101476431637e-03
1.613282779193190393e-03
1.613238287850907735e-03
1.613192602750664973e-03
1.613145698424893297e-03
1.613097548530758110e-03
1.613048126250113184e-03
1.612997404312686324e-03
1.612945354816755147e-03
1.612891949046792953e-03
1.612837157799319396e-03
1.612780951336351782e-03
1.612723299207708023e-03
1.612664170349158372e-03
1.612603533216684128e-03
1.612541355946215315e-03
1.612477605899046177e-03
1.612412249590497275e-03
1.612345252985626859e-03
1.612276582067859350e-03
1.612206202067514556e-03
1.612134077551356705e-03
1.612060172581581199e-03
1.611984450375097359e-03
1.611906873322856712e-03
1.611827403442599345e-03
1.611746002292994409e-03
1.611662631305699374e-03
1.611577251355882610e-03
1.611489821779067992e-03
1.611400301284490223e-03
1.611308648225072675e-03
1.611214819762402193e-03
1.611118771712596962e-03
1.611020459425444636e-03
1.610919836852236532e-03
1.610816856581008321e-03
1.610711469422486690e-03
1.610603624416315259e-03
1.610493269318926919e-03
1.610380350684492744e-03
1.610264813281209661e-03
1.610146601132461316e-03
1.610025657769493992e-03
1.609901925043270236e-03
1.609775344366383637e-03
1.609645857131277238e-03
1.609513404046056294e-03
1.609377925673514780e-03
1.609239363287399884e-03
1.609097657518837642e-03
1.608952748713992362e-03
1.608804576244217410e-03
1.608653077982593292e-03
1.608498190420501938e-03
1.608339848344178839e-03
1.608177983994159505e-03
1.608012528046056560e-03
1.607843409372204831e-03
1.607670553275667965e-03
1.607493882046897096e-03
1.607313316143799044e-03
1.607128774611977845e-03
1.606940174921884547e-03
1.606747432639422067e-03
1.606550462305844857e-03
1.606349178428465767e-03
1.606143494348682196e-03
1.605933321794071134e-03
1.605718571700413908e-03
1.605499154973846938e-03
1.605274980996423051e-03
1.605045957694226262e-03
1.604811991461372028e-03
1.604572987026452180e-03
1.604328846206983525e-03
1.604079467996260243e-03
1.603824749370608323e-03
1.603564585300048476e-03
1.603298868879254966e-03
1.603027490568505013e-03
1.602750338446146117e-03
1.602467298600235464e-03
1.602178255335271482e-03
1.601883090660405308e-03
1.601581684383304510e-03
1.601273914875961726e-03
1.600959658823691888e-03
1.600638790776271435e-03
1.600311183051575077e-03
1.599976705477063835e-03
1.599635225523001825e-03
1.599286608181996194e-03
1.598930716372562542e-03
1.598567410567587697e-03
1.598196548295919596e-03
1.597817983765318847e-03
1.597431568678874458e-03
1.597037152183562129e-03
1.596634580183300045e-03
1.596223695568164394e-03
1.595804338292816432e-03
1.595376345277098925e-03
1.594939550883373285e-03
1.594493786944744173e-03
1.594038882146258480e-03
1.593574661627253364e-03
1.593100947695713860e-03
1.592617559888837931e-03
1.592124314755004062e-03
1.591621026087472988e-03
1.591107504421253923e-03
1.590583556859044784e-03
1.590048987251242068e-03
1.589503596468511441e-03
1.588947181592582393e-03
1.588379535648585823e-03
1.587800447907472285e-03
1.587209704513937655e-03
1.586607088083248022e-03
1.585992377171472050e-03
1.585365346502977607e-03
1.584725766811762243e-03
1.584073404869873816e-03
1.583408024484201466e-03
1.582729386454147713e-03
1.582037247296135072e-03
1.581331358671897794e-03
1.580611468520159079e-03
1.579877320784859327e-03
1.579128655035160833e-03
1.578365206511423173e-03
1.577586705864182821e-03
1.576792879092160432e-03
1.575983448028816722e-03
1.575158129734011191e-03
1.574316635806622712e-03
1.573458672452938620e-03
1.572583941306399157e-03
1.571692139746538961e-03
1.570782960421558206e-03
1.569856090927792538e-03
1.568911214035116110e-03
1.567948007370566395e-03
1.566966143755129477e-03
1.565965292413769088e-03
1.564945117978601375e-03
1.563905279362788961e-03
1.562845429676522650e-03
1.561765217468734975e-03
1.560664286177255089e-03
1.559542273676252149e-03
1.558398812581231153e-03
1.557233529550503155e-03
1.556046045427157427e-03
1.554835976516810410e-03
1.553602934124617349e-03
1.552346523526622899e-03
1.551066343669101240e-03
1.549761988404690103e-03
1.548433046303360552e-03
1.547079100335523776e-03
1.545699727746043537e-03
1.544294500418152104e-03
1.542862985376888254e-03
1.541404744692382971e-03
1.539919335241803555e-03
1.538406307540754556e-03
1.536865205771720299e-03
1.535295568137684573e-03
1.533696927698137251e-03
1.532068811797496124e-03
1.530410741701553534e-03
1.528722233230365730e-03
1.527002795100116566e-03
1.525251929810862240e-03
1.523469136583667288e-03
1.521653910355010757e-03
1.519805740068026550e-03
1.517924108344444016e-03
1.516008492798119915e-03
1.514058365608474468e-03
1.512073193532544654e-03
1.510052438130023806e-03
1.507995556233054446e-03
1.505902000716977194e-03
1.503771219420203245e-03
1.501602654186649181e-03
1.499395741217363250e-03
1.497149911777377043e-03
1.494864592502091272e-03
1.492539205719929998e-03
1.490173169403132599e-03
1.487765897112126607e-03
1.485316799077228194e-03
1.482825281241267803e-03
1.480290746522977541e-03
1.477712596704924570e-03
1.475090230923709056e-03
1.472423045484271345e-03
1.469710433120809123e-03
1.466951784099783558e-03
1.464146485986323820e-03
1.461293924393994954e-03
1.458393483569310782e-03
1.455444546951508789e-03
1.452446497663318140e-03
1.449398717742735000e-03
1.446300589119658411e-03
1.443151493594052506e-03
1.439950813451108726e-03
1.436697930980966815e-03
1.433392228808716461e-03
1.430033091486644691e-03
1.426619905302247077e-03
1.423152060787201672e-03
1.419628951964423775e-03
1.416049975839129074e-03
1.412414533303326053e-03
1.408722030174349620e-03
1.404971878641366563e-03
1.401163495099813335e-03
1.397296301301689022e-03
1.393369724993605068e-03
1.389383201750319903e-03
1.385336176185188216e-03
1.381228103538926534e-03
1.377058448778364095e-03
1.372826685249378025e-03
1.368532298819948381e-03
1.364174788752386437e-03
1.359753667026743305e-03
1.355268457305565995e-03
1.350718696135237663e-03
1.346103937287821978e-03
1.341423750498499943e-03
1.336677727292751505e-03
1.331865478318262821e-03
1.326986629844533567e-03
1.322040828012163195e-03
1.317027742127441876e-03
1.311947066307174751e-03
1.306798515350326073e-03
1.301581826035531648e-03
1.296296761271394831e-03
1.290943110931439290e-03
1.285520696365007823e-03
1.280029371362784076e-03
1.274469016738697313e-03
1.268839540447509783e-03
1.263140887415601992e-03
1.257373040334652499e-03
1.251536016527785792e-03
1.245629867740606850e-03
1.239654682442525640e-03
1.233610592752888225e-03
1.227497772226527869e-03
1.221316446250666696e-03
1.215066882898277597e-03
1.208749387967125504e-03
1.202364316547632327e-03
1.195912075820993294e-03
1.189393126257806904e-03
1.182807975682004719e-03
1.176157181916546654e-03
1.169441362182315402e-03
1.162661189143883011e-03
1.155817402393709888e-03
1.148910802647742056e-03
1.141942240745723661e-03
1.134912624329805376e-03
1.127822931267024546e-03
1.120674207913010048e-03
1.113467565070199545e-03
1.106204176889148466e-03
1.098885285636305590e-03
1.091512207360215798e-03
1.084086331754998854e-03
1.076609132074661827e-03
1.069082146713406026e-03
1.061506977728910893e-03
1.053885307313323291e-03
1.046218895539332812e-03
1.038509581916713777e-03
1.030759277799893131e-03
1.022969971679623790e-03
1.015143737952325150e-03
1.007282729712814231e-03
9.993891943923737756e-04
9.914654548521283691e-04
9.835138994732772061e-04
9.755369935487124243e-04
9.675372878933008632e-04
9.595174141300077475e-04
9.514800801035318712e-04
9.434280653572896290e-04
9.353642267857456170e-04
9.272914980485246319e-04
9.192128892331481423e-04
9.111314860429394315e-04
9.030504296861368999e-04
8.949729166234336860e-04
8.869022036650178612e-04
8.788416020927857820e-04
8.707944755281120429e-04
8.627642322500680494e-04
8.547543320174039085e-04
8.467682858065453356e-04
8.388096533228248065e-04
8.308820490058794507e-04
8.229891252009742530e-04
8.151345741697977720e-04
8.073221351931414783e-04
7.995555952915573382e-04
7.918387818488391468e-04
7.841755612366674028e-04
7.765698282083698979e-04
7.690255010866390911e-04
7.615465129565684868e-04
7.541367961027040275e-04
7.468002809519558652e-04
7.395408773520421560e-04
7.323624483456432372e-04
7.252687919768404951e-04
7.182636403077098664e-04
7.113506323823314209e-04
7.045333192962027844e-04
6.978151649305122401e-04
6.911995495176018666e-04
6.846897776331488904e-04
6.782890698463800872e-04
6.720006136614122298e-04
6.658276097566798472e-04
6.597732805734547691e-04
6.538408784813254859e-04
6.480337375074481316e-04
6.423552879975800468e-04
6.368090606840126188e-04
6.313986708303668703e-04
6.261278361958265339e-04
6.210004175748984031e-04
6.160203981178197447e-04
6.111918932757937984e-04
6.065191666095519178e-04
6.020066293905986486e-04
5.976588401743350952e-04
5.934804810679807693e-04
5.894763667348596218e-04
5.856514740356230046e-04
5.820109770588502689e-04
5.785602525862698154e-04
5.753048472095602167e-04
5.722505623379223801e-04
5.694034497622674782e-04
5.667698092500668677e-04
5.643561800081096707e-04
5.621693545203829438e-04
5.602165102761753630e-04
5.585051948525079826e-04
5.570433391454697502e-04
5.558393528291029860e-04
5.549021524786719624e-04
5.542411582928538898e-04
5.538662333244677915e-04
5.537878366009751571e-04
5.540171301901554955e-04
5.545659404609157685e-04
5.554468191541143528e-04
5.566730606051771687e-04
5.582587385652717192e-04
5.602186039514602629e-04
5.625681309960003408e-04
5.653236359575489461e-04
5.685022450741526213e-04
5.721220596270424480e-04
5.762020208531988845e-04
5.807619541549695038e-04
5.858225272916322895e-04
5.914050538742174042e-04
5.975317675625054122e-04
6.042253796970050751e-04
6.115092612989840668e-04
6.194075212945890797e-04
6.279445647883533099e-04
6.371454354998373499e-04
6.470351582044924898e-04
6.576392856071626046e-04
6.689835426950005394e-04
6.810935168888779647e-04
6.939951853315506555e-04
7.077139769815539308e-04
7.222754393433848934e-04
7.377042222944711842e-04
7.540244548472938924e-04
7.712592171275038525e-04
7.894301446626955958e-04
8.085577159495040047e-04
8.286601351240649839e-04
8.497540367138702077e-04
8.718529907135335634e-04
8.949679173160345318e-04
9.191065472283686767e-04
9.442726258226375423e-04
9.704660949719485065e-04
9.976831982931328585e-04
1.025915666593644722e-03
1.055149996588125409e-03
1.085367419566180686e-03
1.116543502241622646e-03
1.148649007513115198e-03
1.181648887985789487e-03
1.215503342537828987e-03
1.250167401139218358e-03
1.285592109359398822e-03
1.321725873188157353e-03
1.358514923986482931e-03
1.395905428692183767e-03
1.433842399044375510e-03
1.472272443467258739e-03
1.511144529498215962e-03
1.550411248761015062e-03
1.590030737293293998e-03
1.629967613519788536e-03
1.670195092629114635e-03
1.710696420184284767e-03
1.751465789127977599e-03
1.792508727764749671e-03
1.833844399471477654e-03
1.875505659200530284e-03
1.917541486910918306e-03
1.960015228211240985e-03
2.003004008431990418e-03
2.046600584461948438e-03
2.090913091396389388e-03
2.136066069485381257e-03
2.182197231236342443e-03
2.229455335524087659e-03
2.278000844042063315e-03
2.328005221332981635e-03
2.379650170019234449e-03
2.433124779809295746e-03
2.488621398729791261e-03
2.546338249470642048e-03
2.606474033076272741e-03
2.669226956328413398e-03
2.734795718120935481e-03
2.803372450040727930e-03
2.875148048382565429e-03
2.950295334027580683e-03
3.028968458745298197e-03
3.111302528480728181e-03
3.197395142051433995e-03
3.287320697831820366e-03
3.381115568966267405e-03
3.478783611660866103e-03
3.580286887727385323e-03
3.685527794784895957e-03
3.794371181516579053e-03
3.906626767079536024e-03
4.022047728392630882e-03
4.140362955877548851e-03
4.261256119250014102e-03
4.384401395649950746e-03
4.509455714858796177e-03
4.636031738163842210e-03
4.763769788976748680e-03
4.892279344384535891e-03
5.021236951675638570e-03
5.150344590662734277e-03
5.279356060779871393e-03
5.408118721812214119e-03
5.536502633712885556e-03
5.664527455500533056e-03
5.792268406856085870e-03
5.919950863541851085e-03
6.047881432735852970e-03
6.176470557479566727e-03
6.306235076970465904e-03
6.437749219527354183e-03
6.571675434509949634e-03
6.708703251974625081e-03
6.849581167264019027e-03
6.995048722378025691e-03
7.145864282389287336e-03
7.302746055601724330e-03
7.466389120465949207e-03
7.637394407890106714e-03
7.816278368847606392e-03
8.003424976354730006e-03
8.199069112384280503e-03
8.403302873375978824e-03
8.616025198283316228e-03
8.836969133183708927e-03
9.065697140496476597e-03
9.301617296672415672e-03
9.543977529836437240e-03
9.791913010498426093e-03
1.004445090753888596e-02
1.030055632445372668e-02
1.055920059903276038e-02
1.081941602642498557e-02
1.108036438628954949e-02
1.134137202191400767e-02
1.160195862182012046e-02
1.186190405415616517e-02
1.212125227203546957e-02
1.238031512263450436e-02
1.263967051760358888e-02
1.290013130185504661e-02
1.316271614272480905e-02
1.342861606410182193e-02
1.369914647562411707e-02
1.397570380201117006e-02
1.425967547215786606e-02
1.455234935153712841e-02
1.485488921874521251e-02
1.516820995600761009e-02
1.549290872675956887e-02
1.582928380730584672e-02
1.617720263946342482e-02
1.653623132607053361e-02
1.690559226860660624e-02
1.728413521887153803e-02
1.767064429468101841e-02
1.806367832901349668e-02
1.846176458701008494e-02
1.886350978553236538e-02
1.926754365879677217e-02
1.967304350664529286e-02
2.007937071415416205e-02
2.048612667447834157e-02
2.089381947416166924e-02
2.130305864905750191e-02
2.171477008314189744e-02
2.213009777859541172e-02
2.254994950283263980e-02
2.297618135517743784e-02
2.341036922778919754e-02
2.385367617554978725e-02
2.430736428133899174e-02
2.477155492206669501e-02
2.524717010939688672e-02
2.573419922492969913e-02
2.623112933853220113e-02
2.673775355182176489e-02
2.725300149707664613e-02
2.777530899063091266e-02
2.830377148515116070e-02
2.883649939118484301e-02
2.937321521981282185e-02
2.991354349603686166e-02
3.045630907632280657e-02
3.100240976312336125e-02
3.155217256126379571e-02
3.210602369651580079e-02
3.266544712137728346e-02
3.323052914714100942e-02
3.380318413991209581e-02
3.438449472087107273e-02
3.497370810148089232e-02
3.557282391162115698e-02
3.618051742407359800e-02
3.679710851757918288e-02
3.742282360221129561e-02
3.805526599122435738e-02
3.869526213627170336e-02
3.934187535949623671e-02
3.999364107949140990e-02
4.065123908653491686e-02
4.131400188714764304e-02
4.198186948138668551e-02
4.265559873353918369e-02
4.333506133944142746e-02
4.402065050085161857e-02
4.471406441380548075e-02
4.541412359529124060e-02
4.612232462340246086e-02
4.683909011517984472e-02
4.756321307201380466e-02
4.829632573089779474e-02
4.903693566709375895e-02
4.978567289543219671e-02
5.054216708522008689e-02
5.130591902028187878e-02
5.207723081223329664e-02
5.285561460046300786e-02
5.364154042390542609e-02
5.443459634234703443e-02
5.523575567218087096e-02
5.604452861519640394e-02
5.686165964652750704e-02
5.768773002616656848e-02
5.852188230139816760e-02
5.936606268237009515e-02
6.021855196700003077e-02
6.108098512334321495e-02
6.195272306492004277e-02
6.283339049799004095e-02
6.372413410693900104e-02
6.462347383465588679e-02
6.553271795958109935e-02
6.645114913847652294e-02
6.737959401087695310e-02
6.831824104819632371e-02
6.926685143375387044e-02
7.022651984526299962e-02
7.119642368490476658e-02
7.217793564307863063e-02
7.316947652371569299e-02
7.417364503395854070e-02
7.518842514975883351e-02
7.621371825759025442e-02
7.725074374259682797e-02
7.829880447133320820e-02
7.935856081334663470e-02
8.043025933599201593e-02
8.151410650353671516e-02
8.260992748397363861e-02
8.371801349508274648e-02
8.483852446055392682e-02
8.597156210338936788e-02
8.711721919884551912e-02
8.827563537766648649e-02
8.944696171955421327e-02
9.063131709565946936e-02
9.182881227779525479e-02
9.303955768637671431e-02
9.426366320655621411e-02
9.550123811466912360e-02
9.675239045189291953e-02
9.801722619233695089e-02
9.929584877596608905e-02
1.005883595639651268e-01
1.018948569444224350e-01
1.032154372379501112e-01
1.045501937250687130e-01
1.058992183137777432e-01
1.072626021509474198e-01
1.086404329712237909e-01
1.100327917749590045e-01
1.114397478320735269e-01
1.128613649496914006e-01
1.142977041177746511e-01
1.157488224430573143e-01
1.172147739151729873e-01
1.186956094340659018e-01
1.201913773356578508e-01
1.217021250201751476e-01
1.232278994541050887e-01
1.247687468466733424e-01
1.263247114735700505e-01
1.278958350167188895e-01
1.294821563177196155e-01
1.310837109032210734e-01
1.327005296965478864e-01
1.343326380466555448e-01
1.359800550781661843e-01
1.376427935059176821e-01
1.393208592616539121e-01
1.410142518452922045e-01
1.427229658747640462e-01
1.444469904474179334e-01
1.461863097845627624e-01
1.479409046866079491e-01
1.497107530207870685e-01
1.514958299335046332e-01
1.532961069765614581e-01
1.551115528057151194e-01
1.569421339512512281e-01
1.587878152183822555e-01
1.606485604893059804e-01
1.625243332676978292e-01
1.644150962551079453e-01
1.663208104474546145e-01
1.682414344780077953e-01
1.701769242577568231e-01
1.721272320707105397e-01
1.740923053520113672e-01
1.760720861930399894e-01
1.780665108053710588e-01
1.800755094005940249e-01
1.820990064654173235e-01
1.841369217123114133e-01
1.861891702201816934e-01
1.882556619836314171e-01
1.903363013530990910e-01
1.924309876948988030e-01
1.945396172714395910e-01
1.966620831868878538e-01
1.987982749837748642e-01
2.009480794478000210e-01
2.031113811840213335e-01
2.052880633509143182e-01
2.074780084477464426e-01
2.096810985107524783e-01
2.118972144275917679e-01
2.141262351462651370e-01
2.163680368050860392e-01
2.186224926628535237e-01
2.208894720294085345e-01
2.231688394371775797e-01
2.254604544002913602e-01
2.277641707468146537e-01
2.300798373306925937e-01
2.324072982328403147e-01
2.347463932724147273e-01
2.370969583207953590e-01
2.394588256447235941e-01
2.418318237450532981e-01
2.442157778442492488e-01
2.466105111679768036e-01
2.490158447155579602e-01
2.514315971000159466e-01
2.538575852605225447e-01
2.562936250535425287e-01
2.587395316178333071e-01
2.611951197741622099e-01
2.636602039691251509e-01
2.661345977740660618e-01
2.686181135102453377e-01
2.711105616251160422e-01
2.736117508754192795e-01
2.761214876290521980e-01
2.786395758292942726e-01
2.811658168616710807e-01
2.837000094609910539e-01
2.862419502968919227e-01
2.887914339121349094e-01
2.913482528465315968e-01
2.939121981486853552e-01
2.964830596687623721e-01
2.990606256223175552e-01
3.016446831244509741e-01
3.042350190646415653e-01
3.068314199946921561e-01
3.094336719053761287e-01
3.120415606508522011e-01
3.146548720727049275e-01
3.172733919590045581e-01
3.198969060451981594e-01
3.225251999055713248e-01
3.251580589193788229e-01
3.277952682680249086e-01
3.304366128487609688e-01
3.330818776021564065e-01
3.357308478748916025e-01
3.383833096467568358e-01
3.410390497970414159e-01
3.436978562401360460e-01
3.463595177471122111e-01
3.490238236945156780e-01
3.516905641956161177e-01
3.543595305881825919e-01
3.570305152695500972e-01
3.597033114154908340e-01
3.623777133291603558e-01
3.650535169767424870e-01
3.677305199919265744e-01
3.704085212314776610e-01
3.730873206487684834e-01
3.757667187963126265e-01
3.784465165561055611e-01
3.811265149347617398e-01
3.838065151076980319e-01
3.864863188812176498e-01
3.891657289373746109e-01
3.918445492995571433e-01
3.945225857648193557e-01
3.971996471896063197e-01
3.998755454106076579e-01
4.025500960763214175e-01
4.052231182172401081e-01
4.078944338187788787e-01
4.105638675031759721e-01
4.132312467681121815e-01
4.158964019104104404e-01
4.185591656298554009e-01
4.212193732259311152e-01
4.238768624108925631e-01
4.265314736147000629e-01
4.291830499603412341e-01
4.318314367778390839e-01
4.344764807670480899e-01
4.371180293934462391e-01
4.397559305271431795e-01
4.423900322637384086e-01
4.450201831657862317e-01
4.476462329379271576e-01
4.502680327997315990e-01
4.528854362101132902e-01
4.554982995143027069e-01
4.581064832004987930e-01
4.607098519109832924e-01
4.633082750491933632e-01
4.659016261289478655e-01
4.684897824629867258e-01
4.710726247324796279e-01
4.736500373180197454e-01
4.762219076701803555e-01
4.787881260792400950e-01
4.813485862368810930e-01
4.839031845382332775e-01
4.864518200958081184e-01
4.889943947422752957e-01
4.915308124613834706e-01
4.940609783011460365e-01
4.965847979240183285e-01
4.991021773203898060e-01
5.016130227170549905e-01
5.041172409578844604e-01
5.066147401145015827e-01
5.091054298614513529e-01
5.115892222206389617e-01
5.140660322511908520e-01
5.165357787580920901e-01
5.189983844687158232e-01
5.214537760211356288e-01
5.239018837738906864e-01
5.263426415261429625e-01
5.287759861094023517e-01
5.312018575230593731e-01
5.336201982940723676e-01
5.360309535346217125e-01
5.384340714847892784e-01
5.408295026615992374e-01
5.432171995560137745e-01
5.455971167627394758e-01
5.479692102748798810e-01
5.503334367431115259e-01
5.526897531661003615e-01
5.550381167757909573e-01
5.573784850029938065e-01
5.597108158585242244e-01
5.620350683273460657e-01
5.643512026582999663e-01
5.666591810130157114e-01
5.689589678668346417e-01
5.712505303767850817e-01
5.735338384308819037e-01
5.758088645708899778e-01
5.780755841468837586e-01
5.803339749901240685e-01
5.825840171368622533e-01
5.848256928381995179e-01
5.870589861788676478e-01
5.892838832004761995e-01
5.915003722367996319e-01
5.937084431937570406e-01
5.959080871664406143e-01
5.980992965231115566e-01
6.002820643134622047e-01
6.024563839431955614e-01
6.046222489834184310e-01
6.067796531561554518e-01
6.089285903250771792e-01
6.110690547893695701e-01
6.132010414916684304e-01
6.153245462065130011e-01
6.174395660293111598e-01
6.195460994764426799e-01
6.216441467203605020e-01
6.237337095023623990e-01
6.258147911545096642e-01
6.278873968067317790e-01
6.299515331161358311e-01
6.320072080542501469e-01
6.340544308909106253e-01
6.360932120864003503e-01
6.381235633803155061e-01
6.401454979846296078e-01
6.421590300601194290e-01
6.441641744388953983e-01
6.461609465609957637e-01
6.481493621568447105e-01
6.501294371210246670e-01
6.521011874184823309e-01
6.540646290998207713e-01
6.560197783055140563e-01
6.579666514514938003e-01
6.599052653279313674e-01
6.618356372170829394e-01
6.637577851609176571e-01
6.656717278920265546e-01
6.675774848937686690e-01
6.694750764110023455e-01
6.713645235235259356e-01
6.732458482580746528e-01
6.751190733869090188e-01
6.769842223516525648e-01
6.788413192925679684e-01
6.806903890675470858e-01
6.825314573212871716e-01
6.843645505658959571e-01
6.861896958312451167e-01
6.880069204940683081e-01
6.898162521778465894e-01
6.916177185995491250e-01
6.934113475210907929e-01
6.951971667253614706e-01
6.969752040422683148e-01
6.987454873673755174e-01
7.005080447850419167e-01
7.022629045930870451e-01
7.040100953283042751e-01
7.057496458281801166e-01
7.074815851514955067e-01
7.092059425915466786e-01
7.109227477064954392e-01
7.126320304039122089e-01
7.143338209767737812e-01
7.160281500731496829e-01
7.177150486414443087e-01
7.193945479272930710e-01
7.210666795694662401e-01
7.227314756581516564e-01
7.243889687259361665e-01
7.260391915342770952e-01
7.276821770060858396e-01
7.293179581550593982e-01
7.309465680129956233e-01
7.325680395782275811e-01
7.341824058351723581e-01
7.357896997928375926e-01
7.373899545062307936e-01
7.389832031520141564e-01
7.405694789878470852e-01
7.421488153458905002e-01
7.437212456774680014e-01
7.452868034583286505e-01
7.468455221168368574e-01
7.483974351005155956e-01
7.499425759951704462e-01
7.514809785509294349e-01
7.530126767213027872e-01
7.545377045665536686e-01
7.560560962474511815e-01
7.575678860714083473e-01
7.590731085006348078e-01
7.605717980819675095e-01
7.620639893658830433e-01
7.635497169396004979e-01
7.650290153833181339e-01
7.665019192094093547e-01
7.679684629124906570e-01
7.694286809952574080e-01
7.708826079786771368e-01
7.723302783943567507e-01
7.737717267933500453e-01
7.752069876913942892e-01
7.766360955593871740e-01
7.780590847970895174e-01
7.794759895987855014e-01
7.808868440761167484e-01
7.822916823008274623e-01
7.836905383372311240e-01
7.850834462606505193e-01
7.864704400885216273e-01
7.878515537605114138e-01
7.892268211233737230e-01
7.905962759575043686e-01
7.919599519402319432e-01
7.933178826442403020e-01
7.946701015444973537e-01
7.960166420590034653e-01
7.973575375435486556e-01
7.986928212621399181e-01
8.000225264413620696e-01
8.013466863134955931e-01
8.026653341286857923e-01
8.039785031007821159e-01
8.052862264181162022e-01
8.065885371684722305e-01
8.078854681903975266e-01
8.091770520742556094e-01
8.104633212290753841e-01
8.117443079545297868e-01
8.130200443472612726e-01
8.142905623063668719e-01
8.155558936073835641e-01
8.168160698812175768e-01
8.180711226712922279e-01
8.193210834571037493e-01
8.205659836566592258e-01
8.218058546114451746e-01
8.230407276217468482e-01
8.242706338726761839e-01
8.254956044220065348e-01
8.267156702402657098e-01
8.279308622288822361e-01
8.291412112472551499e-01
8.303467481247031046e-01
8.315475036765156425e-01
8.327435086831879163e-01
8.339347938087305900e-01
8.351213895002079779e-01
8.363033259632206562e-01
8.374806331879359744e-01
8.386533409127550076e-01
8.398214786846525115e-01
8.409850759155418354e-01
8.421441619530959377e-01
8.432987662142906737e-01
8.444489181275782741e-01
8.455946471302475675e-01
8.467359826512972365e-01
8.478729540717511171e-01
8.490055906991371693e-01
8.501339218135167686e-01
8.512579765999903625e-01
8.523777841045814263e-01
8.534933733203310391e-01
8.546047732455296364e-01
8.557120128817610194e-01
8.568151212371997172e-01
8.579141273348446228e-01
8.590090601595506969e-01
8.600999485338060024e-01
8.611868211609402524e-01
8.622697065648911030e-01
8.633486330241612050e-01
8.644236287403649355e-01
8.654947219143547255e-01
8.665619407134025343e-01
8.676253131657225559e-01
8.686848670828031249e-01
8.697406301285891539e-01
8.707926298881234484e-01
8.718408938031544375e-01
8.728854491876322230e-01
8.739263232225492617e-01
8.749635430337663333e-01
8.759971356972600098e-01
8.770271282246976385e-01
8.780535475521575872e-01
8.790764205893090155e-01
8.800957742254327254e-01
8.811116353182570915e-01
8.821240306615162341e-01
8.831329869916271225e-01
8.841385310339715531e-01
8.851406893870905623e-01
8.861394884689032247e-01
8.871349545622835286e-01
8.881271137661197468e-01
8.891159920699002184e-01
8.901016153525909136e-01
8.910840093168808096e-01
8.920631995893966160e-01
8.930392117327050627e-01
8.940120712333454733e-01
8.949818034374541487e-01
8.959484335047305237e-01
8.969119865119468127e-01
8.978724875067666256e-01
8.988299613873834693e-01
8.997844328563341376e-01
9.007359265581232899e-01
9.016844671337710393e-01
9.026300792275425700e-01
9.035727874822525596e-01
9.045126164720369566e-01
9.054495905752192320e-01
9.063837339697801143e-01
9.073150705442765140e-01
9.082436239465890848e-01
9.091694175895521646e-01
9.100924746730290060e-01
9.110128181054214513e-01
9.119304705275701473e-01
9.128454542815884754e-01
9.137577912913572575e-01
9.146675031812350198e-01
9.155746113282944298e-01
9.164791368857724274e-01
9.173811007310567200e-01
9.182805233688895452e-01
9.191774249828070786e-01
9.200718256065469891e-01
9.209637452165507776e-01
9.218532037642644950e-01
9.227402212012187910e-01
9.236248174797232480e-01
9.245070125563356056e-01
9.253868264500478835e-01
9.262642793153607057e-01
9.271393915389143370e-01
9.280121838707040549e-01
9.288826775353004050e-01
9.297508943562680095e-01
9.306168567443323658e-01
9.314805878683637408e-01
9.323421115765715417e-01
9.332014526652492314e-01
9.340586370525031379e-01
9.349136915475055876e-01
9.357666438892667804e-01
9.366175226023956135e-01
9.374663570661379008e-01
9.383131776411655078e-01
9.391580154081764498e-01
9.400009017902591912e-01
9.408418683449143449e-01
9.416809466510911442e-01
9.425181682877056266e-01
9.433535648214799174e-01
9.441871677212343439e-01
9.450190081381261153e-01
9.458491165464987249e-01
9.466775223925604221e-01
9.475042536107370905e-01
9.483293359321419702e-01
9.491527926024798667e-01
9.499746443825982656e-01
9.507949089733184200e-01
9.516136010605491524e-01
9.524307314517428402e-01
9.532463065901687349e-01
9.540603294483700481e-01
9.548727990178771385e-01
9.556837104046792541e-01
9.564930546152889956e-01
9.573008183405278260e-01
9.581069841712506197e-01
9.589115317925401838e-01
9.597144395522316795e-01
9.605156856444686531e-01
9.613152482633522400e-01
9.621131054908999003e-01
9.629092336829890852e-01
9.637036047216127610e-01
9.644961855578819687e-01
9.652869387055719175e-01
9.660758227950738686e-01
9.668627927400795796e-01
9.676478003894003477e-01
