4.666064812556733853e-03
4.666064812790303960e-03
4.666064812872016375e-03
4.666064812799330594e-03
4.666064812576744755e-03
4.666064812276373916e-03
4.666064811975261482e-03
4.666064811702902090e-03
4.666064811471565439e-03
4.666064811288540837e-03
4.666064811159315213e-03
4.666064811087985119e-03
4.666064811076515995e-03
4.666064811126011992e-03
4.666064811239599083e-03
4.666064811415177385e-03
4.666064811639153605e-03
4.666064811882322805e-03
4.666064812107976502e-03
4.666064812288046870e-03
4.666064812402039887e-03
4.666064812434889478e-03
4.666064812378142336e-03
4.666064812229994349e-03
4.666064811985445177e-03
4.666064811622155049e-03
4.666064811099257352e-03
4.666064810434001307e-03
4.666064809753536942e-03
4.666064809171283946e-03
4.666064808773268992e-03
4.666064808622073096e-03
4.666064808757961792e-03
4.666064809194524904e-03
4.666064809937375997e-03
4.666064811041442488e-03
4.666064812652336198e-03
4.666064814930534661e-03
4.666064817752252347e-03
4.666064820964061638e-03
4.666064824514996358e-03
4.666064828449609410e-03
4.666064832892362867e-03
4.666064838064219733e-03
4.666064844261398788e-03
4.666064851684875552e-03
4.666064860226218532e-03
4.666064869446664119e-03
4.666064878980959348e-03
4.666064888513312553e-03
4.666064897371990233e-03
4.666064904513220549e-03
4.666064908574649693e-03
4.666064907865479124e-03
4.666064900339932965e-03
4.666064883988914336e-03
4.666064857728947912e-03
4.666064821822505163e-03
4.666064777549209196e-03
4.666064726871046141e-03
4.666064672955138812e-03
4.666064620390326934e-03
4.666064575166875214e-03
4.666064544598691813e-03
4.666064537386420234e-03
4.666064562957867971e-03
4.666064628504535024e-03
4.666064736364462610e-03
4.666064884196308334e-03
4.666065065947872653e-03
4.666065271353438473e-03
4.666065484898443937e-03
4.666065685805321876e-03
4.666065847722834260e-03
4.666065938977780568e-03
4.666065923506134035e-03
4.666065768370679205e-03
4.666065456250649730e-03
4.666064988664430854e-03
4.666064382070086655e-03
4.666063667931445204e-03
4.666062895871245578e-03
4.666062134560153285e-03
4.666061472716978402e-03
4.666061019682263625e-03
4.666060903401790527e-03
4.666061255900387679e-03
4.666062166627598339e-03
4.666063654201562522e-03
4.666065676119065739e-03
4.666068135143027623e-03
4.666070870376394682e-03
4.666073651756834015e-03
4.666076177721254284e-03
4.666078069070655164e-03
4.666078874023856481e-03
4.666078091967680586e-03
4.666075308689955105e-03
4.666070355748822354e-03
4.666063317798983118e-03
4.666054480961695158e-03
4.666044360797705348e-03
4.666033724350791140e-03
4.666023602654983254e-03
4.666015311197786210e-03
4.666010448337467795e-03
4.666010846580298001e-03
4.666018275360055145e-03
4.666033740482342096e-03
4.666057241057071370e-03
4.666087990911997607e-03
4.666124392419080530e-03
4.666163928203287750e-03
4.666203105469980683e-03
4.666237403519491421e-03
4.666261210701164522e-03
4.666267959470453593e-03
4.666250647640906440e-03
4.666204215887167703e-03
4.666127334503249700e-03
4.666021955114140786e-03
4.665892851028641264e-03
4.665748148301680776e-03
4.665599537999915759e-03
4.665462466103055018e-03
4.665356452070011477e-03
4.665304812955760327e-03
4.665333695894432163e-03
4.665466013100426183e-03
4.665712024249572647e-03
4.666068334021061456e-03
4.666521228662515869e-03
4.667045032723549439e-03
4.667601077769401550e-03
4.668136839369768816e-03
4.668585010775245549e-03
4.668863343331898161e-03
4.668877315270392354e-03
4.668531645170685175e-03
4.667768568733374722e-03
4.666583792936721681e-03
4.665014694486310787e-03
4.663139898224266840e-03
4.661085842593269170e-03
4.659029605407859556e-03
4.657201797419792226e-03
4.655890324573980742e-03
4.655432686733284101e-03
4.656196956403187148e-03
4.658465270355262138e-03
4.662325410934485374e-03
4.667688097520236376e-03
4.674320997609265199e-03
4.681817696890798117e-03
4.689587608530252499e-03
4.696843943001164159e-03
4.702587969454451872e-03
4.705621494305057065e-03
4.704588908543603197e-03
4.698134928446704578e-03
4.685236569824459060e-03
4.665260818166712398e-03
4.637862701569196375e-03
4.603024652917267825e-03
4.561090594696645510e-03
4.512788622836090210e-03
4.459257522111284219e-03
4.402057262035686570e-03
4.343088877748543276e-03
4.284493841118384473e-03
4.228241065808297817e-03
4.175908573280663269e-03
4.128760193462646493e-03
4.087766772068692454e-03
4.053550540036274762e-03
4.026366145200746365e-03
4.006078308981720140e-03
3.992130872583204461e-03
3.983604432743926595e-03
3.979285590185113394e-03
3.977866670666590880e-03
3.978207570207040536e-03
3.979341041636674098e-03
3.980433768641114534e-03
3.980815400909980088e-03
3.979989872207001685e-03
3.977645546340839895e-03
3.973671626308269804e-03
3.968148417800872359e-03
3.961306473618133803e-03
3.953486345225092416e-03
3.945011690022879984e-03
3.936156129617750243e-03
3.927155753323217924e-03
3.918206105624478380e-03
3.909456579856311793e-03
3.901008203010558530e-03
3.892909960826636522e-03
3.885156645398241647e-03
3.877699811411704396e-03
3.870454934116281456e-03
3.863330286403697956e-03
3.856247173351355986e-03
3.849138232482291009e-03
3.841946101198698890e-03
3.834625480373820942e-03
3.827143841666737906e-03
3.819482111576624154e-03
3.811635957962909802e-03
3.803613821017770655e-03
3.795434410322516289e-03
3.787122051826030851e-03
3.778698450203482606e-03
3.770181911888990586e-03
3.761588128524139419e-03
3.752929717828839672e-03
3.744215908869917651e-03
3.735452430282865544e-03
3.726641136800219311e-03
3.717780145144064692e-03
3.708864698679653280e-03
3.699887781575305571e-03
3.690842498012258770e-03
3.681722908322868429e-03
3.672523823685114493e-03
3.663240816655510476e-03
3.653870351201540974e-03
3.644409818262867116e-03
3.634857607421355854e-03
3.625213169354698627e-03
3.615476795441963445e-03
3.605649479671459937e-03
3.595732429357552471e-03
3.585726620335098411e-03
3.575632805747336503e-03
3.565451548157281148e-03
3.555183183100670864e-03
3.544827801768413340e-03
3.534385247192664906e-03
3.523855084152665088e-03
3.513236634026793617e-03
3.502529028201885591e-03
3.491731283003075056e-03
3.480842462499078582e-03
3.469861703977779582e-03
3.458788202401996172e-03
3.447621216294829809e-03
3.436360077078739507e-03
3.425004192997801056e-03
3.413553059948502486e-03
3.402006260373513502e-03
3.390363442718384492e-03
3.378624312481455852e-03
3.366788592827829694e-03
3.354856003225880744e-03
3.342826260206489732e-03
3.330699077726670919e-03
3.318474165739044093e-03
3.306151232590842648e-03
3.293729987471131788e-03
3.281210141031536826e-03
3.268591406738088900e-03
3.255873502532675903e-03
3.243056165018485225e-03
3.230139161038808951e-03
3.217122285256093697e-03
3.204005356708535326e-03
3.190788220584019758e-03
3.177470751808434898e-03
3.164052858325655006e-03
3.150534486470322765e-03
3.136915620109132982e-03
3.123196273200162104e-03
3.109376495927732107e-03
3.095456377503009223e-03
3.081436043201126601e-03
3.067315652004065033e-03
3.053095396385251039e-03
3.038775506128096968e-03
3.024356250626832401e-03
3.009837942885504498e-03
2.995220944327870935e-03
2.980505657151577559e-03
2.965692527289644914e-03
2.950782059167869273e-03
2.935774816833873913e-03
2.920671421066853377e-03
2.905472546607145053e-03
2.890178925783628769e-03
2.874791351883533401e-03
2.859310680403040657e-03
2.843737837756920954e-03
2.828073817717279698e-03
2.812319672594059197e-03
2.796476534965851996e-03
2.780545623638499934e-03
2.764528242929680316e-03
2.748425779582493265e-03
2.732239702077890638e-03
2.715971568448224439e-03
2.699623022351116571e-03
2.683195800540395890e-03
2.666691740346931877e-03
2.650112759843812910e-03
2.633460879215737769e-03
2.616738239951961909e-03
2.599947105605576389e-03
2.583089862487711243e-03
2.566169012619167952e-03
2.549187184372799647e-03
2.532147127881425718e-03
2.515051715534176099e-03
2.497903957775485326e-03
2.480706983817184026e-03
2.463464045807829596e-03
2.446178557688276443e-03
2.428854097699824181e-03
2.411494415583329172e-03
2.394103424589873533e-03
2.376685203874320113e-03
2.359244004453094935e-03
2.341784237715954526e-03
2.324310491809697572e-03
2.306827525449062308e-03
2.289340243503650354e-03
2.271853749045075858e-03
2.254373355177611334e-03
2.236904594741704732e-03
2.219453220025379564e-03
2.202025188311180701e-03
2.184626682578533034e-03
2.167264093855321861e-03
2.149944029573898439e-03
2.132673321021194730e-03
2.115458977508214745e-03
2.098308227087109217e-03
2.081228549129760831e-03
2.064227679080163271e-03
2.047313617757255330e-03
2.030494606440585124e-03
2.013779144474183748e-03
1.997175985606280523e-03
1.980694132924125557e-03
1.964342849978966115e-03
1.948131606466652370e-03
1.932070074823623784e-03
1.916168172638678955e-03
1.900436066861312849e-03
1.884884167460603409e-03
1.869523106944056797e-03
1.854363731883363091e-03
1.839417136659872746e-03
1.824694648013388794e-03
1.810207839637563128e-03
1.795968465771499061e-03
1.781988431576823732e-03
1.768279809242875823e-03
1.754854847890211737e-03
1.741725935207707673e-03
1.728905563171689820e-03
1.716406305558277430e-03
1.704240855473737300e-03
1.692422017271906411e-03
1.680962726525917590e-03
1.669875954775360905e-03
1.659174646593267449e-03
1.648871613921584680e-03
1.638979492565441386e-03
1.629510705352535740e-03
1.620477262699909510e-03
1.611890770740060687e-03
1.603762468735135888e-03
1.596103314370327705e-03
1.588923999849098379e-03
1.582234913633546276e-03
1.576046085348382659e-03
1.570367276778324465e-03
1.565207912957296884e-03
1.560577048898497722e-03
1.556483165941473451e-03
1.552934199914959325e-03
1.549937596007153282e-03
1.547500292709038478e-03
1.545628678185771493e-03
1.544328607005629114e-03
1.543605256869835709e-03
1.543463015756812214e-03
1.543904769629657336e-03
1.544932003328479148e-03
1.546544528238105775e-03
1.548739861638705195e-03
1.551513570203352224e-03
1.554859446487288997e-03
1.558769823293849974e-03
1.563235784547144973e-03
1.568247403643924535e-03
1.573794378811225114e-03
1.579866814165959343e-03
1.586455486043024474e-03
1.593551829831520899e-03
1.601148763951406847e-03
1.609240985661559379e-03
1.617825041877537281e-03
1.626899068992665974e-03
1.636463288856820084e-03
1.646520469754043882e-03
1.657075410356889135e-03
1.668134653868766576e-03
1.679706687010183545e-03
1.691802147620685920e-03
1.704433438630934732e-03
1.717614509804970277e-03
1.731360925657409811e-03
1.745689895165489398e-03
1.760620848285870434e-03
1.776175713185256574e-03
1.792378806968131493e-03
1.809258163190252330e-03
1.826845718992650691e-03
1.845177356659492233e-03
1.864292501878866406e-03
1.884234102011238254e-03
1.905050490706644301e-03
1.926795724888382202e-03
1.949529586401521717e-03
1.973318929101069031e-03
1.998237456303153612e-03
2.024365629059555940e-03
2.051789128731344638e-03
2.080600506688388886e-03
2.110900339424233267e-03
2.142796705761583487e-03
2.176406118312465381e-03
2.211852558470811959e-03
2.249267368059730370e-03
2.288788072048491672e-03
2.330558198450946149e-03
2.374726918787347166e-03
2.421449091769620112e-03
2.470885260685585019e-03
2.523200009228410753e-03
2.578561940174284393e-03
2.637143237393899022e-03
2.699118508468119522e-03
2.764663528426445933e-03
2.833954434186201823e-03
2.907167644661534222e-03
2.984478730955550906e-03
3.066062389703008186e-03
3.152091988690550531e-03
3.242739025987639682e-03
3.338172129163748201e-03
3.438557550622886767e-03
3.544058972806545926e-03
3.654837230305383461e-03
3.771050005499397128e-03
3.892849671910582170e-03
4.020380532643281525e-03
4.153777791204552386e-03
4.293164981360158422e-03
4.438652906533504909e-03
4.590336727607761784e-03
4.748289058069163349e-03
4.912560106825924686e-03
5.083168848029173681e-03
5.260101734485165062e-03
5.443308905166770531e-03
5.632690740018445920e-03
5.828096862901898864e-03
6.029327737182382969e-03
6.236129223780930396e-03
6.448185724356371266e-03
6.665119750054016891e-03
6.886490583573170142e-03
7.111802946731544256e-03
7.340511983649105829e-03
7.572025115987288807e-03
7.805707728320990593e-03
8.040903751521225745e-03
8.276953597108093960e-03
8.513202756747210997e-03
8.749020501958486642e-03
8.983809847232992682e-03
9.217020035317990967e-03
9.448180862218956422e-03
9.676906096069639099e-03
9.902908649741430994e-03
1.012600944742478998e-02
1.034614607656914043e-02
1.056339189631113826e-02
1.077794584627555889e-02
1.099013305428025306e-02
1.120041080057757564e-02
1.140936615737907570e-02
1.161772329710413637e-02
1.182631703295614588e-02
1.203608378551315576e-02
1.224805659360503861e-02
1.246335714435103763e-02
1.268318827568422000e-02
1.290880163976812316e-02
1.314148774036805883e-02
1.338256393760568763e-02
1.363336998378237262e-02
1.389524863106516954e-02
1.416952081238506168e-02
1.445748396662964452e-02
1.476040566260496470e-02
1.507950840185106993e-02
1.541594378804055088e-02
1.577078547352494739e-02
1.614502395265033849e-02
1.653953201055273839e-02
1.695500968283533347e-02
1.739197696622780953e-02
1.785075197937872546e-02
1.833139120360940955e-02
1.883361665633636814e-02
1.935682964391324118e-02
1.990007259070917384e-02
2.046198473033811541e-02
2.104081703348459689e-02
2.163447253017025673e-02
2.224049101682723170e-02
2.285611043106453716e-02
2.347835622981957887e-02
2.410410519686315145e-02
2.473017077898142721e-02
2.535339267342582789e-02
2.597070986053188341e-02
2.657927450213568715e-02
2.717657807791679786e-02
2.776051777947420238e-02
2.832948158962787094e-02
2.888249159499670440e-02
2.941926059018251660e-02
2.994026122526313380e-02
3.044677797561229013e-02
3.094087257609637667e-02
3.142536969543791719e-02
3.190379814535970748e-02
3.238024908473864649e-02
3.285924618732772445e-02
3.334560949635991672e-02
3.384430584928698610e-02
3.436029285138730155e-02
3.489838592329425754e-02
3.546315015073284171e-02
3.605875392817221164e-02
3.668886892774497754e-02
3.735655708773740619e-02
3.806409220303123842e-02
3.881287962506950462e-02
3.960332553652639448e-02
4.043468018492232807e-02
4.130506852836102888e-02
4.221145356052954239e-02
4.314964434599266596e-02
4.411452387916827561e-02
4.510014023841259906e-02
4.609991488602213638e-02
4.710694717634129891e-02
4.811422830666000489e-02
4.911496013701213692e-02
5.010293905784249380e-02
5.107284015897581297e-02
5.202063883057896770e-02
5.294391271391735848e-02
5.384194490567453806e-02
5.471600968356028771e-02
5.556908689081061642e-02
5.640585234123316610e-02
5.723232910190412942e-02
5.805555826756767651e-02
5.888332096990005204e-02
5.972371375853702952e-02
6.058488159984009441e-02
6.147458147513187865e-02
6.239981756889340092e-02
6.336642465166919536e-02
6.437862366908954359e-02
6.543874432556835707e-02
6.654692800651244855e-02
6.770117677784130705e-02
6.889736347354967483e-02
7.012960573801536868e-02
7.139060660323238994e-02
7.267207721394164377e-02
7.396538356947174320e-02
7.526187571807532728e-02
7.655373327602685296e-02
7.783427071334664271e-02
7.909871564200116056e-02
8.034442479115502800e-02
8.157124471089929885e-02
8.278140728507850377e-02
8.397932212860141632e-02
8.517113415146944366e-02
8.636412457657646757e-02
8.756616516690557406e-02
8.878509089281556854e-02
9.002818778751180140e-02
9.130172547883833034e-02
9.261041758157154136e-02
9.395706814012598496e-02
9.534222532456704258e-02
9.676407635985538602e-02
9.821866759218972343e-02
9.970034160388087374e-02
1.012024593648014059e-01
1.027180831036714759e-01
1.042407338979672443e-01
1.057648899068955872e-01
1.072864599443187628e-01
1.088031463298331225e-01
1.103145676555762900e-01
1.118222765536715235e-01
1.133294561085113616e-01
1.148404734509747560e-01
1.163602950200470221e-01
1.178939632491165512e-01
1.194460509033034301e-01
1.210201788077138602e-01
1.226186361285085957e-01
1.242421391327405006e-01
1.258898009202927548e-01
1.275594023621638151e-01
1.292477728304142204e-01
1.309513331437461847e-01
1.326665848009261350e-01
1.343905447815218202e-01
1.361210239909108610e-01
1.378568125634075381e-01
1.395976929171863778e-01
1.413444056465618937e-01
1.430984904532388025e-01
1.448619740493473917e-01
1.466369527827340036e-01
1.484252005130198560e-01
1.502279948673897747e-01
1.520460466446965642e-01
1.538794840741667669e-01
1.557277568883347618e-01
1.575897420706560692e-01
1.594641499850475430e-01
1.613499203177791996e-01
1.632462831220484467e-01
1.651525527097414126e-01
1.670681567854379046e-01
1.689928879342319501e-01
1.709269268338738379e-01
1.728705784160239067e-01
1.748240879440858542e-01
1.767877191830943551e-01
1.787617553827421102e-01
1.807462957932516878e-01
1.827412479896098341e-01
1.847465141056830185e-01
1.867620606764763824e-01
1.887878079234628081e-01
1.908235959129247761e-01
1.928690922292201904e-01
1.949238417583072924e-01
1.969875353508636906e-01
1.990600075676951519e-01
2.011410183827261056e-01
2.032302460580016346e-01
2.053274628881407160e-01
2.074325621843583212e-01
2.095456408555802508e-01
2.116670487310575444e-01
2.137967479364964174e-01
2.159346446114889795e-01
2.180805224644050411e-01
2.202339692884622002e-01
2.223945371892138700e-01
2.245617467756451657e-01
2.267351519918706648e-01
2.289144863718788614e-01
2.310997627845232105e-01
2.332913109791644457e-01
2.354892885477341546e-01
2.376937343050309348e-01
2.399045907610188044e-01
2.421217042296674171e-01
2.443449004495734378e-01
2.465739734909014880e-01
2.488086984350328379e-01
2.510488524947306899e-01
2.532942169126497500e-01
2.555445737299897879e-01
2.577997045246195884e-01
2.600593918278309991e-01
2.623234220800702010e-01
2.645915855446330789e-01
2.668636737021181093e-01
2.691394815034010568e-01
2.714188096832497732e-01
2.737014644267849461e-01
2.759872575027749741e-01
2.782760050046297340e-01
2.805675262454487284e-01
2.828616420215104288e-01
2.851581742542788067e-01
2.874569463806366243e-01
2.897577833905710665e-01
2.920605122859967206e-01
2.943649612257704939e-01
2.966709586924833331e-01
2.989783336082039722e-01
3.012869150352085468e-01
3.035965323038531394e-01
3.059070148132786438e-01
3.082181922067512292e-01
3.105298944617238543e-01
3.128419518100120644e-01
3.151541941191832730e-01
3.174664511282854207e-01
3.197785532521691954e-01
3.220903311780635714e-01
3.244016154068373736e-01
3.267122364258627787e-01
3.290220244524160731e-01
3.313308095360260608e-01
3.336384217887456427e-01
3.359446917839117863e-01
3.382494506234550724e-01
3.405525299223597924e-01
3.428537618190209413e-01
3.451529785903816316e-01
3.474500128055866832e-01
3.497446976535326102e-01
3.520368667496518444e-01
3.543263541667867056e-01
3.566129943090451948e-01
3.588966218195128732e-01
3.611770714250670533e-01
3.634541780826440194e-01
3.657277773250423580e-01
3.679977056929489843e-01
3.702638007554502897e-01
3.725259013264138885e-01
3.747838482441865349e-01
3.770374849085150193e-01
3.792866578154457935e-01
3.815312170146775150e-01
3.837710160650372182e-01
3.860059112663830616e-01
3.882357616118313204e-01
3.904604293916942304e-01
3.926797804833920269e-01
3.948936842034881933e-01
3.971020120060376746e-01
3.993046375440931217e-01
4.015014366127785395e-01
4.036922865667726956e-01
4.058770662278904373e-01
4.080556553290543564e-01
4.102279339488699716e-01
4.123937822823626198e-01
4.145530808981320869e-01
4.167057110161390687e-01
4.188515547468693034e-01
4.209904953322496923e-01
4.231224179523755957e-01
4.252472109140933432e-01
4.273647661066867220e-01
4.294749802360842694e-01
4.315777551274978530e-01
4.336729969267220652e-01
4.357606153768161517e-01
4.378405245310730276e-01
4.399126428482083018e-01
4.419768928407553088e-01
4.440332008928627450e-01
4.460814963659899268e-01
4.481217120085109196e-01
4.501537836768059186e-01
4.521776496558255198e-01
4.541932501542133571e-01
4.562005263774168151e-01
4.581994198414801600e-01
4.601898722055960955e-01
4.621718257456005063e-01
4.641452237224729105e-01
4.661100108665939268e-01
4.680661336277718299e-01
4.700135413541092766e-01
4.719521872171312804e-01
4.738820284757764290e-01
4.758030273777668628e-01
4.777151505929259634e-01
4.796183686087118203e-01
4.815126553541695942e-01
4.833979885181724501e-01
4.852743491524041941e-01
4.871417215065736994e-01
4.890000928573220440e-01
4.908494529533020678e-01
4.926897944861764467e-01
4.945211128174329951e-01
4.963434053348996233e-01
4.981566706232741226e-01
4.999609079201576267e-01
5.017561166805318829e-01
5.035422965871059198e-01
5.053194481037689423e-01
5.070875727955955758e-01
5.088466738638846021e-01
5.105967562441938723e-01
5.123378275593508668e-01
5.140698981459346228e-01
5.157929812672563674e-01
5.175070930443268491e-01
5.192122521635371690e-01
5.209084796604213086e-01
5.225957986257019350e-01
5.242742341109027926e-01
5.259438128492393005e-01
5.276045636946338213e-01
5.292565172618652891e-01
5.308997053306365732e-01
5.325341611292122579e-01
5.341599191712652628e-01
5.357770147077005607e-01
5.373854833609278403e-01
5.389853610195024514e-01
5.405766837243811684e-01
5.421594877900554055e-01
5.437338101770432530e-01
5.452996886478358451e-01
5.468571621817494011e-01
5.484062708565116129e-01
5.499470562108870197e-01
5.514795610832805561e-01
5.530038296605053194e-01
5.545199074886434376e-01
5.560278413220177685e-01
5.575276789873058192e-01
5.590194692554519840e-01
5.605032616984665372e-01
5.619791066460727569e-01
5.634470555743983367e-01
5.649071606158841963e-01
5.663594740397339677e-01
5.678040483786118697e-01
5.692409363582642268e-01
5.706701907338225244e-01
5.720918642888992434e-01
5.735060098989971378e-01
5.749126805225259762e-01
5.763119293026811585e-01
5.777038096968422076e-01
5.790883755330097360e-01
5.804656812004725941e-01
5.818357814267356432e-01
5.831987313493094405e-01
5.845545864281626036e-01
5.859034024532485674e-01
5.872452357691421154e-01
5.885801431037706033e-01
5.899081814572066929e-01
5.912294081212151609e-01
5.925438806936996761e-01
5.938516570262146743e-01
5.951527953605917354e-01
5.964473539963247584e-01
5.977353909314195857e-01
5.990169639182534311e-01
6.002921304797169677e-01
6.015609480028961675e-01
6.028234738150438643e-01
6.040797652672953433e-01
6.053298797341204462e-01
6.065738746508351209e-01
6.078118075264210551e-01
6.090437359428793052e-01
6.102697175887494829e-01
6.114898099910215379e-01
6.127040704777855229e-01
6.139125560685243510e-01
6.151153235950195253e-01
6.163124298901655473e-01
6.175039316865009731e-01
6.186898855472258152e-01
6.198703478957309221e-01
6.210453751190803118e-01
6.222150235154719766e-01
6.233793492804867720e-01
6.245384083469656122e-01
6.256922562267888122e-01
6.268409479936950524e-01
6.279845383846139883e-01
6.291230819645178274e-01
6.302566332279033734e-01
6.313852466694629406e-01
6.325089767837743793e-01
6.336278780474815520e-01
6.347420048649421442e-01
6.358514115320634819e-01
6.369561521551024841e-01
6.380562803780087666e-01
6.391518493153240943e-01
6.402429115100198853e-01
6.413295191233838732e-01
6.424117240029185716e-01
6.434895776252227417e-01
6.445631310853319196e-01
6.456324351836252307e-01
6.466975405246557784e-01
6.477584974181470612e-01
6.488153558333530357e-01
6.498681653503329825e-01
6.509169751258139236e-01
6.519618338315642525e-01
6.530027898311433487e-01
6.540398913230065503e-01
6.550731864545393801e-01
6.561027233561732563e-01
6.571285501370149884e-01
6.581507148285958841e-01
6.591692653079260777e-01
6.601842492469001122e-01
6.611957139483769508e-01
6.622037061472032526e-01
6.632082719328161735e-01
6.642094568203599225e-01
6.652073058577420150e-01
6.662018636211078926e-01
6.671931742176131497e-01
6.681812812997967033e-01
6.691662281441098648e-01
6.701480577328046140e-01
6.711268126693460401e-01
6.721025351185625496e-01
6.730752668484254464e-01
6.740450492415653860e-01
6.750119232669901104e-01
6.759759296535363671e-01
6.769371089969947741e-01
6.778955018567586199e-01
6.788511487632465924e-01
6.798040902101899485e-01
6.807543665705899638e-01
6.817020180205188851e-01
6.826470844785574865e-01
6.835896053849614962e-01
6.845296195933378014e-01
6.854671653396848807e-01
6.864022803446718779e-01
6.873350018459249977e-01
6.882653665704689949e-01
6.891934107655882658e-01
6.901191702460317545e-01
6.910426804863279981e-01
6.919639766365953681e-01
6.928830934382683715e-01
6.938000651614280034e-01
6.947149257130139643e-01
6.956277086672383314e-01
6.965384472865265852e-01
6.974471746529262717e-01
6.983539237546031453e-01
6.992587275492322396e-01
7.001616189596662210e-01
7.010626308612684099e-01
7.019617959857953338e-01
7.028591468606039117e-01
7.037547157260068964e-01
7.046485343261822409e-01
7.055406338637477681e-01
7.064310450394691854e-01
7.073197981106570387e-01
7.082069228887861723e-01
7.090924487004803822e-01
7.099764044430385557e-01
7.108588186383529850e-01
7.117397194980229491e-01
7.126191348965535965e-01
7.134970923091823458e-01
7.143736187782917524e-01
7.152487410357172282e-01
7.161224855471829409e-01
7.169948785681091730e-01
7.178659462269371128e-01
7.187357145957445903e-01
7.196042097186133857e-01
7.204714576036153062e-01
7.213374842029715017e-01
7.222023153169065957e-01
7.230659765574926068e-01
7.239284932496355962e-01
7.247898902660694365e-01
7.256501920423437113e-01
7.265094226318647985e-01
7.273676057098774628e-01
7.282247645672275116e-01
7.290809220686794712e-01
7.299361006972937549e-01
7.307903226331485813e-01
7.316436097903445956e-01
7.324959837749898117e-01
7.333474658261063261e-01
7.341980768067353225e-01
7.350478373222805173e-01
7.358967677786431016e-01
7.367448884437733936e-01
7.375922195005085724e-01
7.384387810989708756e-01
7.392845933618400478e-01
7.401296763764980691e-01
7.409740501725684547e-01
7.418177346366674474e-01
7.426607494914273522e-01
7.435031141924559606e-01
7.443448478083303232e-01
7.451859690754152332e-01
7.460264964369318630e-01
7.468664480356700386e-01
7.477058417027122594e-01
7.485446949277161366e-01
7.493830248879913558e-01
7.502208485301623542e-01
7.510581825774065301e-01
7.518950434858956422e-01
7.527314473963921948e-01
7.535674101426331761e-01
7.544029473571385314e-01
7.552380745267786022e-01
7.560728070496225417e-01
7.569071602743426830e-01
7.577411495311568990e-01
7.585747901266227666e-01
7.594080973358863229e-01
7.602410863756486892e-01
7.610737723356814088e-01
7.619061701676116405e-01
7.627382945987508656e-01
7.635701600630250274e-01
7.644017807620006044e-01
7.652331706755799434e-01
7.660643435540702706e-01
7.668953129082233255e-01
7.677260919772785908e-01
7.685566937557162248e-01
7.693871310638792371e-01
7.702174165401751704e-01
7.710475626083251877e-01
7.718775814348438624e-01
7.727074849425386027e-01
7.735372849021056041e-01
7.743669929823024933e-01
7.751966207961850097e-01
7.760261799315713027e-01
7.768556819655755286e-01
7.776851384560318214e-01
7.785145609332805305e-01
7.793439608745610370e-01
7.801733496573254323e-01
7.810027385485628360e-01
7.818321386384335936e-01
7.826615608073994590e-01
7.834910157783950835e-01
7.843205141110192180e-01
7.851500662048254142e-01
7.859796822888648338e-01
7.868093723909805881e-01
7.876391463649367042e-01
7.884690139394270325e-01
7.892989847054827646e-01
7.901290680969532687e-01
7.909592733507548878e-01
7.917896095206429230e-01
7.926200855504552667e-01
7.934507103161785313e-01
7.942814926588488422e-01
7.951124414094928872e-01
7.959435653932938060e-01
7.967748734210980954e-01
7.976063742812684598e-01
7.984380767155004888e-01
7.992699893907209141e-01
8.001021208940517493e-01
8.009344796932793553e-01
8.017670741203651863e-01
8.025999124050011702e-01
8.034330026630379651e-01
8.042663529065404715e-01
8.050999710309781898e-01
8.059338647922521526e-01
8.067680418313610824e-01
8.076025096997296870e-01
8.084372758508771017e-01
8.092723476290324403e-01
8.101077322375173084e-01
8.109434367519253728e-01
8.117794681694558978e-01
8.126158334444524289e-01
8.134525395114957647e-01
8.142895933020152244e-01
8.151270017460658934e-01
8.159647717680132972e-01
8.168029102810906439e-01
8.176414241747835820e-01
8.184803203068365951e-01
8.193196055026872315e-01
8.201592865407240085e-01
8.209993701433849767e-01
8.218398629912267994e-01
8.226807717135699027e-01
8.235221028986180469e-01
8.243638630829210889e-01
8.252060587397747060e-01
8.260486962945217115e-01
8.268917821288116476e-01
8.277353225793685487e-01
8.285793239317348347e-01
8.294237924008837082e-01
8.302687341359767936e-01
8.311141552463113813e-01
8.319600618226210553e-01
8.328064599487707831e-01
8.336533557081007295e-01
8.345007551825730507e-01
8.353486644480681012e-01
8.361970895672530268e-01
8.370460365778129574e-01
8.378955114867698839e-01
8.387455202674248822e-01
8.395960688505649250e-01
8.404471631183381142e-01
8.412988089149138204e-01
8.421510120397083243e-01
8.430037782563276627e-01
8.438571132825977150e-01
8.447110227831167162e-01
8.455655123843459631e-01
8.464205876733450484e-01
8.472762541985232598e-01
8.481325174641948239e-01
8.489893829166759165e-01
8.498468559463503436e-01
8.507049419065889628e-01
8.515636461341985486e-01
8.524229739609101575e-01
8.532829307183464884e-01
8.541435217447311823e-01
8.550047524179200664e-01
8.558666281993773106e-01
8.567291546942845670e-01
8.575923376782431662e-01
8.584561831067412108e-01
8.593206971482846290e-01
8.601858861802227363e-01
8.610517567400763905e-01
8.619183155505131255e-01
8.627855694958265209e-01
8.636535256392379178e-01
8.645221912557587984e-01
8.653915737720286883e-01
8.662616807756425841e-01
8.671325200017829804e-01
8.680040993358236756e-01
8.688764268325255280e-01
8.697495106899210127e-01
8.706233592028986834e-01
8.714979807131681966e-01
8.723733835718386898e-01
8.732495761301205528e-01
8.741265667300902598e-01
8.750043636243443057e-01
8.758829748307745966e-01
8.767624080292446553e-01
8.776426705400404149e-01
8.785237693122176506e-01
8.794057108665984668e-01
8.802885013060642860e-01
8.811721463886615924e-01
8.820566514868199981e-01
8.829420216354695317e-01
8.838282614841568297e-01
8.847153752593081011e-01
8.856033668666094538e-01
8.864922398621924993e-01
8.873819974743644146e-01
8.882726425899484246e-01
8.891641777308949557e-01
8.900566050719130873e-01
8.909499265475470109e-01
8.918441439871687137e-01
8.927392592078308153e-01
8.936352740265895989e-01
8.945321903068353953e-01
8.954300105380751384e-01
8.963287387825040753e-01
8.972283809900555296e-01
8.981289450143974396e-01
8.990304406597079412e-01
8.999328799309040949e-01
9.008362769260697123e-01
