4.707680914933032659e-03
4.707680913659725679e-03
4.707680912901629836e-03
4.707680912588229488e-03
4.707680912647555296e-03
4.707680913003105955e-03
4.707680913575494445e-03
4.707680914283558261e-03
4.707680915044398437e-03
4.707680915773383018e-03
4.707680916384505282e-03
4.707680916824159671e-03
4.707680917094587449e-03
4.707680917202248724e-03
4.707680917155643643e-03
4.707680916969029031e-03
4.707680916663477440e-03
4.707680916267110473e-03
4.707680915814338105e-03
4.707680915345906388e-03
4.707680914909372766e-03
4.707680914556168321e-03
4.707680914327815394e-03
4.707680914268214632e-03
4.707680914419259607e-03
4.707680914806924334e-03
4.707680915434113607e-03
4.707680916278558780e-03
4.707680917293202011e-03
4.707680918407976950e-03
4.707680919527939579e-03
4.707680920529600140e-03
4.707680921263372557e-03
4.707680921554589261e-03
4.707680921218071989e-03
4.707680920110339159e-03
4.707680918169590382e-03
4.707680915423138879e-03
4.707680911995722542e-03
4.707680908096614075e-03
4.707680904026201665e-03
4.707680900185665269e-03
4.707680897090902108e-03
4.707680895363809681e-03
4.707680895705326427e-03
4.707680898742683251e-03
4.707680904833064055e-03
4.707680914001626665e-03
4.707680925919581136e-03
4.707680939925652612e-03
4.707680955029650526e-03
4.707680969886156308e-03
4.707680982725853495e-03
4.707680991363778072e-03
4.707680993255003096e-03
4.707680985838788752e-03
4.707680967341018596e-03
4.707680937225107096e-03
4.707680896212002725e-03
4.707680846339012438e-03
4.707680790839906260e-03
4.707680734232447088e-03
4.707680682524981522e-03
4.707680643341031167e-03
4.707680625741702922e-03
4.707680639614312580e-03
4.707680693037502931e-03
4.707680789737215404e-03
4.707680928870089029e-03
4.707681105019151380e-03
4.707681308294354473e-03
4.707681524160523164e-03
4.707681732973805801e-03
4.707681909209765654e-03
4.707682021729420706e-03
4.707682034886449124e-03
4.707681915169319685e-03
4.707681642945934358e-03
4.707681216274371694e-03
4.707680648329671744e-03
4.707679968329252923e-03
4.707679222239382483e-03
4.707678474018942884e-03
4.707677807427288613e-03
4.707677327278240488e-03
4.707677156876516507e-03
4.707677424860968844e-03
4.707678221364840383e-03
4.707679569885812355e-03
4.707681435854009153e-03
4.707683730164074869e-03
4.707686302472954658e-03
4.707688937141562072e-03
4.707691349832241259e-03
4.707693180106775621e-03
4.707693996461643007e-03
4.707693319107834548e-03
4.707690748327726660e-03
4.707686117260826038e-03
4.707679499576393478e-03
4.707671161705484150e-03
4.707661590749329800e-03
4.707651513178489483e-03
4.707641907048728050e-03
4.707634023395384192e-03
4.707629385665582436e-03
4.707629743060485171e-03
4.707636785989757940e-03
4.707651477461854105e-03
4.707673821017115297e-03
4.707703072621114565e-03
4.707737713268818174e-03
4.707775347046019507e-03
4.707812647852054576e-03
4.707845308278720692e-03
4.707867978260581177e-03
4.707874393163942288e-03
4.707857872766172021e-03
4.707813592179804253e-03
4.707740284325445321e-03
4.707639808922373971e-03
4.707516714850787203e-03
4.707378747009066493e-03
4.707237049489019186e-03
4.707106350092829690e-03
4.707005264403657172e-03
4.706956032224561548e-03
4.706983594194882187e-03
4.707109798068188911e-03
4.707344415072081331e-03
4.707684197176970238e-03
4.708116065788184833e-03
4.708615541481876894e-03
4.709145761785280340e-03
4.709656642612239895e-03
4.710083993560380995e-03
4.710349368916634180e-03
4.710362615575932298e-03
4.710032866839609922e-03
4.709305079550768318e-03
4.708175213506859969e-03
4.706678936104491395e-03
4.704891220930280255e-03
4.702932603092022448e-03
4.700971916633635284e-03
4.699229081150443216e-03
4.697978680408630703e-03
4.697542602226449995e-03
4.698271889817044224e-03
4.700435502221398353e-03
4.704116943527916761e-03
4.709230921066021210e-03
4.715555859655249510e-03
4.722704288749208015e-03
4.730113168631832656e-03
4.737032237546218334e-03
4.742509012273066031e-03
4.745400736636738899e-03
4.744414500878325544e-03
4.738257810354642822e-03
4.725955374141112622e-03
4.706903834180996976e-03
4.680774234151967306e-03
4.647549638993623590e-03
4.607557615541151876e-03
4.561492229302420258e-03
4.510439419094196614e-03
4.455886965088005219e-03
4.399647953120681791e-03
4.343764846849466378e-03
4.290115280978747808e-03
4.240203927249121783e-03
4.195236028637003116e-03
4.156137669812561171e-03
4.123502700745153987e-03
4.097574434999464929e-03
4.078224130422655400e-03
4.064921448925119286e-03
4.056789572070473339e-03
4.052671187213043556e-03
4.051319099306849476e-03
4.051646059647421444e-03
4.052729643246311825e-03
4.053775002065929806e-03
4.054142610316641138e-03
4.053359083376797088e-03
4.051126990088476862e-03
4.047340541156002787e-03
4.042076264243047064e-03
4.035554009153032723e-03
4.028098579693062571e-03
4.020018631779908973e-03
4.011575086641097805e-03
4.002993110092928526e-03
3.994459229019334430e-03
3.986115981619495902e-03
3.978059774481057347e-03
3.970337358964546454e-03
3.962943774323166371e-03
3.955832819874919096e-03
3.948923867062384581e-03
3.942129421144011971e-03
3.935374424949512374e-03
3.928594622662213119e-03
3.921735284710023764e-03
3.914753179360434474e-03
3.907617251373913386e-03
3.900309280585831720e-03
3.892825113546033618e-03
3.885172779408069439e-03
3.877370103933748102e-03
3.869440270667543532e-03
3.861403959504544625e-03
3.853278608107034257e-03
3.845079163241857910e-03
3.836817641319670725e-03
3.828502827566042724e-03
3.820140167582489633e-03
3.811731408977334697e-03
3.803274731921883929e-03
3.794765575642420740e-03
3.786197223114240885e-03
3.777563071263376118e-03
3.768857428781691599e-03
3.760075319143807611e-03
3.751212490689352294e-03
3.742265540727251864e-03
3.733231949617851417e-03
3.724110150037990806e-03
3.714899586358166254e-03
3.705600503618017814e-03
3.696213816170640029e-03
3.686740640811068687e-03
3.677181872237158654e-03
3.667538192154139089e-03
3.657810100226771381e-03
3.647997878784225555e-03
3.638101576031007537e-03
3.628121001417098854e-03
3.618055696345455919e-03
3.607904969427467873e-03
3.597667947192787451e-03
3.587343645192806081e-03
3.576931122973788912e-03
3.566429508396728662e-03
3.555837983482071449e-03
3.545155789925898918e-03
3.534382237716162268e-03
3.523516708837671693e-03
3.512558667705334425e-03
3.501507658654517269e-03
3.490363287316934366e-03
3.479125212537599512e-03
3.467793108760722047e-03
3.456366646235145904e-03
3.444845491878103117e-03
3.433229309462237401e-03
3.421517757845268098e-03
3.409710492914829003e-03
3.397807169302039486e-03
3.385807441764504978e-03
3.373710967253017081e-03
3.361517405940297933e-03
3.349226434555188127e-03
3.336837756476656539e-03
3.324351100160444304e-03
3.311766216911236644e-03
3.299082882268330064e-03
3.286300899064594720e-03
3.273420100196733698e-03
3.260440352771706678e-03
3.247361557622066401e-03
3.234183643308872601e-03
3.220906572234452040e-03
3.207530343451545519e-03
3.194054990584293402e-03
3.180480579642841824e-03
3.166807208643093903e-03
3.153035010936058261e-03
3.139164156952732772e-03
3.125194857758240713e-03
3.111127370079033380e-03
3.096961989256766853e-03
3.082699052458978510e-03
3.068338952911398541e-03
3.053882140797716319e-03
3.039329121443263334e-03
3.024680452984687597e-03
3.009936749711940047e-03
2.995098684928165257e-03
2.980166991557377677e-03
2.965142470175518782e-03
2.950025986206744524e-03
2.934818462182030990e-03
2.919520899406570589e-03
2.904134383722630983e-03
2.888660085563387030e-03
2.873099257258044780e-03
2.857453232440828553e-03
2.841723433663197358e-03
2.825911367840100354e-03
2.810018633611211306e-03
2.794046928468258990e-03
2.777998029880312473e-03
2.761873817343916265e-03
2.745676291319098464e-03
2.729407574449504558e-03
2.713069912585858688e-03
2.696665668090009096e-03
2.680197330819298219e-03
2.663667513078440616e-03
2.647078950173995665e-03
2.630434515808329713e-03
2.613737202605817198e-03
2.596990127589421209e-03
2.580196571140705789e-03
2.563359979807412585e-03
2.546483973549544359e-03
2.529572337968129508e-03
2.512629027346165861e-03
2.495658170991572455e-03
2.478664061077393357e-03
2.461651169364225799e-03
2.444624139433901767e-03
2.427587763529192710e-03
2.410547035152172269e-03
2.393507161109110874e-03
2.376473571027642312e-03
2.359451916765953772e-03
2.342448058412200003e-03
2.325468086252131979e-03
2.308518302571199721e-03
2.291605231580003815e-03
2.274735625066165012e-03
2.257916415445755057e-03
2.241154756423624668e-03
2.224458055442929232e-03
2.207833978325772582e-03
2.191290457592503637e-03
2.174835667651682167e-03
2.158478042832628202e-03
2.142226273835467001e-03
2.126089301299494312e-03
2.110076325285401705e-03
2.094196750580667055e-03
2.078460182346771219e-03
2.062876466003703019e-03
2.047455690924750247e-03
2.032208183204604456e-03
2.017144484939165008e-03
2.002275344742863138e-03
1.987611751301027706e-03
1.973164918146370472e-03
1.958946294850898075e-03
1.944967501343127739e-03
1.931240296618240903e-03
1.917776587793002148e-03
1.904588438143780616e-03
1.891688028069454190e-03
1.879087619885301281e-03
1.866799533393265686e-03
1.854836176501569551e-03
1.843210038791613875e-03
1.831933700161325835e-03
1.821019735391852341e-03
1.810480656923227566e-03
1.800328795316614126e-03
1.790576242461655891e-03
1.781234814246190250e-03
1.772315854915986529e-03
1.763830246492658835e-03
1.755788438282304643e-03
1.748200528731261782e-03
1.741076283713140042e-03
1.734425084973018581e-03
1.728255896895747497e-03
1.722577354064550557e-03
1.717397681292342701e-03
1.712724662584221534e-03
1.708565439218026312e-03
1.704926539714404950e-03
1.701813921243636651e-03
1.699232934821909508e-03
1.697188281596877842e-03
1.695683991326164515e-03
1.694723303350917929e-03
1.694308553417702996e-03
1.694440426433915054e-03
1.695118018217718365e-03
1.696338579143862350e-03
1.698096891749344356e-03
1.700385613295362633e-03
1.703195419104780407e-03
1.706515331750524649e-03
1.710332925036670264e-03
1.714634532431839106e-03
1.719405964311364506e-03
1.724633309268023456e-03
1.730303206432292143e-03
1.736402837911143202e-03
1.742920781801538021e-03
1.749847339937140841e-03
1.757174618006041326e-03
1.764896240712586321e-03
1.773007863323994597e-03
1.781507681948408866e-03
1.790395932265050278e-03
1.799674659249176972e-03
1.809347926106817748e-03
1.819422027264539160e-03
1.829905122429557971e-03
1.840807003382825347e-03
1.852139175994452561e-03
1.863914942550331556e-03
1.876150020225850765e-03
1.888862793669452691e-03
1.902074172642159158e-03
1.915808947200550380e-03
1.930095967861129077e-03
1.944968194176652015e-03
1.960462291469002635e-03
1.976618653619177744e-03
1.993483381236710490e-03
2.011108585895939136e-03
2.029552414060599615e-03
2.048880454401062236e-03
2.069165586568828645e-03
2.090487927656168709e-03
2.112933243392264675e-03
2.136594746875154077e-03
2.161574411771267998e-03
2.187982367900023588e-03
2.215937875417527386e-03
2.245568471878592060e-03
2.277009877953464680e-03
2.310404774576727688e-03
2.345902611530959955e-03
2.383659497652779874e-03
2.423838228542618631e-03
2.466608215298124723e-03
2.512143890038607153e-03
2.560624687952187031e-03
2.612234425114915229e-03
2.667160065042178257e-03
2.725590477388655907e-03
2.787715540802124942e-03
2.853725986798878820e-03
2.923812249159801757e-03
2.998164135460204029e-03
3.076970054522174154e-03
3.160416372653306744e-03
3.248686266433868219e-03
3.341959990179541474e-03
3.440414322473535434e-03
3.544222114797116342e-03
3.653551837584494057e-03
3.768565151861509241e-03
3.889414228199786216e-03
4.016240441713924900e-03
4.149171267342170212e-03
4.288319288052684641e-03
4.433779091591362638e-03
4.585620508334021898e-03
4.743888903544751096e-03
4.908595930742607090e-03
5.079717977175008531e-03
5.257192475069728289e-03
5.440904589465164927e-03
5.630686702735857550e-03
5.826319845083812766e-03
6.027527998995368605e-03
6.233971290709710254e-03
6.445245424121678370e-03
6.660881159455528215e-03
6.880353022631850897e-03
7.103083934200876866e-03
7.328447174433368877e-03
7.555772430624423802e-03
7.784366055526998826e-03
8.013529410377424889e-03
8.242567878022405772e-03
8.470810017938311051e-03
8.697617676856535598e-03
8.922399265938659244e-03
9.144643943931642094e-03
9.363925573084956600e-03
9.579919450143505044e-03
9.792411768768114269e-03
1.000130878532399029e-02
1.020665727055341566e-02
1.040863395522745316e-02
1.060754727716703254e-02
1.080384500900868731e-02
1.099811210057731817e-02
1.119107927744167168e-02
1.138359589720128705e-02
1.157662047036188066e-02
1.177121680385100934e-02
1.196854635768995062e-02
1.216986091247552505e-02
1.237646889564199271e-02
1.258972387763358791e-02
1.281101258185573036e-02
1.304175030047445734e-02
1.328336008272675874e-02
1.353724596941463000e-02
1.380478958091120936e-02
1.408734298317417845e-02
1.438621179149307712e-02
1.470262757801060055e-02
1.503773937127464259e-02
1.539260730552577221e-02
1.576816516445404825e-02
1.616516476129754507e-02
1.658416802242504776e-02
1.702552567545149997e-02
1.748931347772211820e-02
1.797525986992982647e-02
1.848276046737628089e-02
1.901084173349357892e-02
1.955811329847319952e-02
2.012278305509099599e-02
2.070269914105534598e-02
2.129533736476829642e-02
2.189785988478566703e-02
2.250720473194329357e-02
2.312015215728041931e-02
2.373341286930806537e-02
2.434371684258520088e-02
2.494788838489229305e-02
2.554296268293351768e-02
2.612631608891519477e-02
2.669573380369189355e-02
2.724949640511795113e-02
2.778652777902980084e-02
2.830645768251078762e-02
2.880968924926180855e-02
2.929745202154267897e-02
2.977177662937646740e-02
3.023548117326425519e-02
3.069210847630854389e-02
3.114578900226517080e-02
3.160111376896324042e-02
3.206299270398389745e-02
3.253650286758533877e-02
3.302673101530229083e-02
3.353863643791540200e-02
3.407693623470812311e-02
3.464595498890356978e-02
3.524952171998537581e-02
3.589084904587434149e-02
3.657235254336804742e-02
3.729557115377157145e-02
3.806102630538304998e-02
3.886806396589467111e-02
3.971488662366350758e-02
4.059850639686057860e-02
4.151475317377383706e-02
4.245850271561887879e-02
4.342376340311947941e-02
4.440388685234834820e-02
4.539187657862481240e-02
4.638060516051371873e-02
4.736313741765237062e-02
4.833312268393412381e-02
4.928508025027827921e-02
5.021482699620501838e-02
5.111978603736953147e-02
5.199908966580406300e-02
5.285387503272635790e-02
5.368700390860142724e-02
5.450305755834176924e-02
5.530800004934088854e-02
5.610885077143987210e-02
5.691340870404457825e-02
5.772983041142679128e-02
5.856635614863194700e-02
5.943087151021287512e-02
6.033053241264910160e-02
6.127134262842417328e-02
6.225770150037011896e-02
6.329211941273424347e-02
6.437491355600047371e-02
6.550424759274485476e-02
6.667613379872128210e-02
6.788479671790419168e-02
6.912300773000877585e-02
7.038250118396485733e-02
7.165461992997043672e-02
7.293064679145122575e-02
7.420265544398625679e-02
7.546382686262503858e-02
7.670923477486979447e-02
7.793607433352986447e-02
7.914403025114209733e-02
8.033518252518799529e-02
8.151380772912043826e-02
8.268594634747604422e-02
8.385881040982252899e-02
8.504024720889477584e-02
8.623811474132399291e-02
8.745976854024262170e-02
8.871158656693819977e-02
8.999842205210006885e-02
9.132323777405680632e-02
9.268674413412579527e-02
9.408728135259009084e-02
9.552102757374041075e-02
9.698242714811723675e-02
9.846490411709728219e-02
9.996154181924471471e-02
1.014658385167996474e-01
1.029722129476112608e-01
1.044764838627133957e-01
1.059762385676545904e-01
1.074709709700984867e-01
1.089621136077604940e-01
1.104527474894007044e-01
1.119471659865178548e-01
1.134502956337838375e-01
1.149671794251845292e-01
1.165024277291124705e-01
1.180597277564047198e-01
1.196414581013308248e-01
1.212484351385054865e-01
1.228798734808422971e-01
1.245336426421480291e-01
1.262066374587317297e-01
1.278953177776770700e-01
1.295961944969734048e-01
1.313062644785465138e-01
1.330232923239301202e-01
1.347460089720636800e-01
1.364741304816489698e-01
1.382083331774809631e-01
1.399501097758462653e-01
1.417014577862538427e-01
1.434644678927786965e-01
1.452409320415015137e-01
1.470321643213820806e-01
1.488389203623665114e-01
1.506613786852424863e-01
1.524990375388406150e-01
1.543508097232140774e-01
1.562154269870967560e-01
1.580918336259904133e-01
1.599792469165512709e-01
1.618769633142135289e-01
1.637843834566933832e-01
1.657012727081497439e-01
1.676277897840482700e-01
1.695642250917544780e-01
1.715108272360901798e-01
1.734678706128756076e-01
1.754356524026378372e-01
1.774142929412346747e-01
1.794037213931331809e-01
1.814038563950605698e-01
1.834146729897568051e-01
1.854360974575447740e-01
1.874679635247281095e-01
1.895099315486347968e-01
1.915615364476080662e-01
1.936224635755403878e-01
1.956925427683085528e-01
1.977715330553952711e-01
1.998591162610856287e-01
2.019550697585070498e-01
2.040592967759611576e-01
2.061719007245540192e-01
2.082932401156353530e-01
2.104232789431511874e-01
2.125619246774588245e-01
2.147089595762392000e-01
2.168639703425317145e-01
2.190265082587782020e-01
2.211960931955017085e-01
2.233722799317530705e-01
2.255548015274358720e-01
2.277436729052523257e-01
2.299392269227258367e-01
2.321416249746829363e-01
2.343509075488167670e-01
2.365670195718928004e-01
2.387898095397273102e-01
2.410191051522693195e-01
2.432547024595644591e-01
2.454963783551705747e-01
2.477439120051884158e-01
2.499970867789016171e-01
2.522556868641050443e-01
2.545194959678344082e-01
2.567882987046220533e-01
2.590618835336719328e-01
2.613400426747360394e-01
2.636225694846535683e-01
2.659092607120011054e-01
2.681999188502546816e-01
2.704943517877420600e-01
2.727923730103150035e-01
2.750938003901255424e-01
2.773984550761537937e-01
2.797061597459845061e-01
2.820167382929504862e-01
2.843300162621549831e-01
2.866458208574248490e-01
2.889639813629585885e-01
2.912843282688526436e-01
2.936066924621945073e-01
2.959309053358905039e-01
2.982567984776558490e-01
3.005842037867580974e-01
3.029129532476444453e-01
3.052428790832008576e-01
3.075738138381207687e-01
3.099055902970203613e-01
3.122380408565401111e-01
3.145709977648935562e-01
3.169042939123016267e-01
3.192377624154075222e-01
3.215712361376240613e-01
3.239045478133218969e-01
3.262375297696267218e-01
3.285700140024535032e-01
3.309018324146162926e-01
3.332328172587771253e-01
3.355628011135001199e-01
3.378916167717095353e-01
3.402190972747273223e-01
3.425450756791019735e-01
3.448693852164669837e-01
3.471918596135722401e-01
3.495123329531218404e-01
3.518306396938947200e-01
3.541466145591943837e-01
3.564600924847431962e-01
3.587709084887190092e-01
3.610788978160447971e-01
3.633838962786271054e-01
3.656857406828209478e-01
3.679842688351493418e-01
3.702793197119512159e-01
3.725707341311631504e-01
3.748583551881518039e-01
3.771420286777420472e-01
3.794216033733487370e-01
3.816969310072961252e-01
3.839678656543979440e-01
3.862342636390810879e-01
3.884959840061252279e-01
3.907528887906454584e-01
3.930048429389831899e-01
3.952517132053083304e-01
3.974933681494315363e-01
3.997296780858759502e-01
4.019605145980543193e-01
4.041857504459894779e-01
4.064052591372230849e-01
4.086189144702296328e-01
4.108265903589282675e-01
4.130281610619723209e-01
4.152235014270684310e-01
4.174124871064295861e-01
4.195949947565156823e-01
4.217709027513343867e-01
4.239400922229987212e-01
4.261024474989412170e-01
4.282578572223077473e-01
4.304062146345581374e-01
4.325474168576288747e-01
4.346813642427814206e-01
4.368079610670479451e-01
4.389271156021719578e-01
4.410387398313059260e-01
4.431427493311664301e-01
4.452390624395167196e-01
4.473276005628982199e-01
4.494082878501982625e-01
4.514810505962878473e-01
4.535458168247586963e-01
4.556025154563481117e-01
4.576510756923986012e-01
4.596914268647376844e-01
4.617234988622904712e-01
4.637472224598589987e-01
4.657625297650506146e-01
4.677693544638088508e-01
4.697676329756582669e-01
4.717573054436855484e-01
4.737383160484991973e-01
4.757106140508601810e-01
4.776741532199494378e-01
4.796288911519361875e-01
4.815747889515782920e-01
4.835118116697905144e-01
4.854399278585940780e-01
4.873591093097027205e-01
4.892693309064867213e-01
4.911705701664147439e-01
4.930628076973955776e-01
4.949460268315955536e-01
4.968202130428028274e-01
4.986853530901462772e-01
5.005414344225534995e-01
5.023884447014256294e-01
5.042263717982033988e-01
5.060552043517116960e-01
5.078749320946251977e-01
5.096855463865845870e-01
5.114870403733463577e-01
5.132794100780347923e-01
5.150626545062457762e-01
5.168367759470691158e-01
5.186017799378144222e-01
5.203576749146729963e-01
5.221044719477657692e-01
5.238421844451756071e-01
5.255708281391283654e-01
5.272904207211227545e-01
5.290009822286055874e-01
5.307025347175402530e-01
5.323951017266114194e-01
5.340787086141368656e-01
5.357533823361478875e-01
5.374191508373115100e-01
5.390760425656686561e-01
5.407240862907017886e-01
5.423633109480073822e-01
5.439937457582513236e-01
5.456154206619007185e-01
5.472283665073414127e-01
5.488326155117880800e-01
5.504282011996665114e-01
5.520151588710983104e-01
5.535935254155057716e-01
5.551633394071242567e-01
5.567246410509238963e-01
5.582774720495981002e-01
5.598218754314934209e-01
5.613578953888719303e-01
5.628855771108355333e-01
5.644049667309191110e-01
5.659161117808699792e-01
5.674190606801107206e-01
5.689138621929480388e-01
5.704005655882783410e-01
5.718792205203576673e-01
5.733498767717410960e-01
5.748125842051790002e-01
5.762673928085580988e-01
5.777143526739455526e-01
5.791535141207020398e-01
5.805849278709193095e-01
5.820086451230696012e-01
5.834247178014009272e-01
5.848331983393998401e-01
5.862341398063923847e-01
5.876275958059968829e-01
5.890136204999582015e-01
5.903922688134529695e-01
5.917635962448439813e-01
5.931276587319658233e-01
5.944845126684744629e-01
5.958342148892160628e-01
5.971768226258976631e-01
5.985123937061874733e-01
5.998409861543864130e-01
6.011626577836125529e-01
6.024774662612769616e-01
6.037854690963436743e-01
6.050867236920909331e-01
6.063812874110282580e-01
6.076692176546708568e-01
6.089505718592903571e-01
6.102254075541710954e-01
6.114937823939075034e-01
6.127557541716508460e-01
6.140113808849522181e-01
6.152607204621741710e-01
6.165038307584334021e-01
6.177407694448127096e-01
6.189715941283487899e-01
6.201963625618719389e-01
6.214151325166181739e-01
6.226279616855733279e-01
6.238349077314433444e-01
6.250360283836271513e-01
6.262313813780937544e-01
6.274210244679094828e-01
6.286050152100942645e-01
6.297834107776951740e-01
6.309562679454514544e-01
6.321236431751598994e-01
6.332855927675518082e-01
6.344421729591666059e-01
6.355934399921651101e-01
6.367394501132181972e-01
6.378802595647055096e-01
6.390159245391690002e-01
6.401465011508860048e-01
6.412720453665154974e-01
6.423926127275507714e-01
6.435082582896276548e-01
6.446190365806987455e-01
6.457250018046437612e-01
6.468262079224332828e-01
6.479227085811513076e-01
6.490145570926766361e-01
6.501018065295363080e-01
6.511845098186516134e-01
6.522627196359066515e-01
6.533364883637500231e-01
6.544058680170340425e-01
6.554709101964448781e-01
6.565316660252527026e-01
6.575881863199423139e-01
6.586405217314826865e-01
6.596887228608501186e-01
6.607328402947918455e-01
6.617729246012052924e-01
6.628090262774741781e-01
6.638411956746493869e-01
6.648694829479854240e-01
6.658939378948128818e-01
6.669146097482131497e-01
6.679315470977331692e-01
6.689447979630692709e-01
6.699544099124754570e-01
6.709604300615680250e-01
6.719629050677459192e-01
6.729618811424650238e-01
6.739574041359071011e-01
6.749495196169991162e-01
6.759382727858828099e-01
6.769237084153983952e-01
6.779058708806257050e-01
6.788848041655479726e-01
6.798605518312348384e-01
6.808331571904243651e-01
6.818026634177869472e-01
6.827691136509883574e-01
6.837325509993747996e-01
6.846930185358877097e-01
6.856505592128623316e-01
6.866052157835937919e-01
6.875570307405877157e-01
6.885060460879927069e-01
6.894523032252029004e-01
6.903958429136904940e-01
6.913367053854274635e-01
6.922749303795064924e-01
6.932105571154941748e-01
6.941436243229474057e-01
6.950741702882657913e-01
6.960022329517090434e-01
6.969278499247496539e-01
6.978510584027229902e-01
6.987718951005370549e-01
6.996903963578722241e-01
7.006065981673690324e-01
7.015205361953953389e-01
7.024322459175214028e-01
7.033417627096076874e-01
7.042491219156459259e-01
7.051543588438893284e-01
7.060575087537164229e-01
7.069586067564960219e-01
7.078576877514529686e-01
7.087547863388319325e-01
7.096499365999022757e-01
7.105431720462577205e-01
7.114345256625352887e-01
7.123240299691556698e-01
7.132117170205433121e-01
7.140976183646743358e-01
7.149817651003981256e-01
7.158641879324492141e-01
7.167449172419483316e-01
7.176239830593231783e-01
7.185014149983576237e-01
7.193772422198918548e-01
7.202514935570534238e-01
7.211241975606073051e-01
7.219953825571822081e-01
7.228650767365529806e-01
7.237333082274165497e-01
7.246001051287521699e-01
7.254654955019644857e-01
7.263295073498787779e-01
7.271921685152118453e-01
7.280535066411580880e-01
7.289135490655305194e-01
7.297723226449555067e-01
7.306298537690376627e-01
7.314861684196911629e-01
7.323412921769135719e-01
7.331952502122349724e-01
7.340480672457795341e-01
7.348997675935464713e-01
7.357503752497919214e-01
7.365999139263275097e-01
7.374484070081090969e-01
7.382958774903581878e-01
7.391423479695814480e-01
7.399878407667407343e-01
7.408323779883569937e-01
7.416759815926781130e-01
7.425186734455730964e-01
7.433604753770456375e-01
7.442014091874865622e-01
7.450414966396072813e-01
7.458807594345503444e-01
7.467192191212770336e-01
7.475568970734858265e-01
7.483938143786833530e-01
7.492299917093082628e-01
7.500654493807740186e-01
7.509002073942261379e-01
7.517342854282280662e-01
7.525677028267188096e-01
7.534004785679117022e-01
7.542326312947621458e-01
7.550641794023126296e-01
7.558951410461929310e-01
7.567255340964033072e-01
7.575553760849044194e-01
7.583846842138080024e-01
7.592134754678926400e-01
7.600417666736989375e-01
7.608695745609002081e-01
7.616969158045957533e-01
7.625238070593528539e-01
7.633502649541772378e-01
7.641763060845910838e-01
7.650019469835932506e-01
7.658272040476632458e-01
7.666520935237450818e-01
7.674766314154465308e-01
7.683008334080426716e-01
7.691247149344540013e-01
7.699482911873972713e-01
7.707715771112689795e-01
7.715945873916898456e-01
7.724173364221065263e-01
7.732398383320722157e-01
7.740621070629929434e-01
7.748841563592684389e-01
7.757059997333374257e-01
7.765276504201809038e-01
7.773491213916581266e-01
7.781704254542474164e-01
7.789915753032162771e-01
7.798125835729794453e-01
7.806334628702211731e-01
7.814542257896218702e-01
7.822748849046677888e-01
7.830954527588920300e-01
7.839159418381780320e-01
7.847363645199209037e-01
7.855567330606306742e-01
7.863770595239047978e-01
7.871973557452364156e-01
7.880176333880655193e-01
7.888379039382122926e-01
7.896581787067308289e-01
7.904784688188254416e-01
7.912987851809838435e-01
7.921191385102180904e-01
7.929395393876313980e-01
7.937599982447443026e-01
7.945805253420036296e-01
7.954011307255864915e-01
7.962218242427401282e-01
7.970426156203564982e-01
7.978635145104024939e-01
7.986845305260099614e-01
7.995056732689946877e-01
8.003269523343622405e-01
8.011483773011259801e-01
8.019699577237068278e-01
8.027917031055786801e-01
8.036136228681427518e-01
8.044357263442640793e-01
8.052580227347579944e-01
8.060805210906343277e-01
8.069032303502595704e-01
8.077261593262011763e-01
8.085493167164146122e-01
8.093727110909892941e-01
8.101963508671036207e-01
8.110202443355801760e-01
8.118443996886314240e-01
8.126688250098831334e-01
8.134935282627191455e-01
8.143185172560858387e-01
8.151437996584305345e-01
8.159693830518812696e-01
8.167952749707155791e-01
8.176214829271458706e-01
8.184480144298110771e-01
8.192748769855043856e-01
8.201020780943530930e-01
8.209296252435632768e-01
8.217575258926921311e-01
8.225857874639957990e-01
8.234144173406111600e-01
8.242434228497051985e-01
8.250728112527899727e-01
8.259025897621746770e-01
8.267327655310865442e-01
8.275633456648394670e-01
8.283943372091812085e-01
8.292257471372406208e-01
8.300575823670386377e-01
8.308898497664968241e-01
8.317225561520865673e-01
8.325557082812165000e-01
8.333893128310683185e-01
8.342233764048700984e-01
8.350579055600729772e-01
8.358929068324458811e-01
8.367283867495177718e-01
8.375643518381724606e-01
8.384008086236197643e-01
8.392377636237472460e-01
8.400752233411702408e-01
8.409131942497306555e-01
8.417516827877932206e-01
8.425906953549270328e-01
8.434302383018902338e-01
8.442703179244372969e-01
8.451109404753678334e-01
8.459521121563566837e-01
8.467938391275512400e-01
8.476361274970410919e-01
8.484789833124917191e-01
8.493224125780828304e-01
8.501664212530184450e-01
8.510110152522091242e-01
8.518562004407348454e-01
8.527019826182425932e-01
8.535483675218037414e-01
8.543953608471603900e-01
8.552429682712100467e-01
8.560911954651099220e-01
8.569400480998986547e-01
8.577895318532385849e-01
8.586396524427949428e-01
8.594904156699452180e-01
8.603418274796333920e-01
8.611938939868679643e-01
8.620466214862341214e-01
8.629000164851217125e-01
8.637540856990433280e-01
8.646088360028013620e-01
8.654642744560127054e-01
8.663204082801333472e-01
8.671772448750424411e-01
8.680347918520550099e-01
8.688930569738047005e-01
8.697520481635042655e-01
8.706117734913165762e-01
8.714722411765981613e-01
8.723334596070846381e-01
8.731954373124214408e-01
8.740581829179351336e-01
8.749217050952451391e-01
8.757860125252240335e-01
8.766511138888524179e-01
8.775170178577113012e-01
8.783837330114814268e-01
8.792512676892962897e-01
8.801196298843926291e-01
8.809888272222710093e-01
8.818588669481418618e-01
8.827297558686220125e-01
8.836015003622776920e-01
8.844741064548401477e-01
8.853475797768779465e-01
8.862219256131524947e-01
8.870971488536943950e-01
8.879732539547171566e-01
8.888502450436733815e-01
8.897281258895105571e-01
8.906068999252901852e-01
8.914865702340166731e-01
8.923671395241641324e-01
8.932486101478005480e-01
8.941309842106848205e-01
8.950142637106780485e-01
8.958984506330166520e-01
8.967835469629338307e-01
8.976695547328396030e-01
8.985564766121295621e-01
8.994443168693324608e-01
9.003330816914858481e-01
9.012227792008319360e-01
9.021134195032076697e-01
9.030050149421687822e-01
9.038975799900239583e-01
