4.718245925456010688e-03
4.718245937632150125e-03
4.718245949682738950e-03
4.718245961290005314e-03
4.718245972475465858e-03
4.718245983955933476e-03
4.718245996521128020e-03
4.718246010438701711e-03
4.718246025240748452e-03
4.718246040402893429e-03
4.718246055399972529e-03
4.718246069706696737e-03
4.718246082796711052e-03
4.718246094142865971e-03
4.718246103163890350e-03
4.718246108992026067e-03
4.718246110674075532e-03
4.718246107533249391e-03
4.718246100075920366e-03
4.718246089127701472e-03
4.718246075515996826e-03
4.718246060069489906e-03
4.718246043619915564e-03
4.718246027002433868e-03
4.718246011055064575e-03
4.718245996627856882e-03
4.718245984517075754e-03
4.718245975460025506e-03
4.718245969496145942e-03
4.718245966093506660e-03
4.718245964697507025e-03
4.718245964747695177e-03
4.718245965676297858e-03
4.718245966901278045e-03
4.718245967833373591e-03
4.718245967953757329e-03
4.718245967137497943e-03
4.718245965443736492e-03
4.718245963066915530e-03
4.718245960568304836e-03
4.718245958588919431e-03
4.718245957792786306e-03
4.718245958864589543e-03
4.718245962535575801e-03
4.718245969585932627e-03
4.718245980728080595e-03
4.718245995895596276e-03
4.718246014160637665e-03
4.718246034555461516e-03
4.718246056043510703e-03
4.718246077419003225e-03
4.718246097390049743e-03
4.718246114585926410e-03
4.718246127503053847e-03
4.718246134431692933e-03
4.718246133649569435e-03
4.718246124340963465e-03
4.718246107579307166e-03
4.718246085058641279e-03
4.718246058451438726e-03
4.718246029870964801e-03
4.718246001795025658e-03
4.718245977023772034e-03
4.718245958711505400e-03
4.718245950743740931e-03
4.718245957538830596e-03
4.718245982174074961e-03
4.718246024349794475e-03
4.718246081123457503e-03
4.718246148424216219e-03
4.718246220766154214e-03
4.718246290778133935e-03
4.718246349398924448e-03
4.718246385867385512e-03
4.718246386888953758e-03
4.718246336399493923e-03
4.718246219784609508e-03
4.718246031096043000e-03
4.718245773694050051e-03
4.718245457561372723e-03
4.718245098683617085e-03
4.718244721013811933e-03
4.718244356654525268e-03
4.718244046334842123e-03
4.718243840551996499e-03
4.718243799971884311e-03
4.718243988502327305e-03
4.718244447495498900e-03
4.718245182987326931e-03
4.718246172267347681e-03
4.718247367541562355e-03
4.718248690708624384e-03
4.718250030390261709e-03
4.718251240101303985e-03
4.718252134793749115e-03
4.718252492376500719e-03
4.718252064524634803e-03
4.718250647559200928e-03
4.718248162354129679e-03
4.718244653719964356e-03
4.718240263778396108e-03
4.718235246939211577e-03
4.718229981783122681e-03
4.718224979501474750e-03
4.718220894740440992e-03
4.718218525235975090e-03
4.718218787031305296e-03
4.718222562235572549e-03
4.718230344726966063e-03
4.718242127064405100e-03
4.718257514767082265e-03
4.718275712656229241e-03
4.718295471319713247e-03
4.718315052043840427e-03
4.718332196523661488e-03
4.718344095015977041e-03
4.718347456876678322e-03
4.718338776883695268e-03
4.718315544154003810e-03
4.718277115634860949e-03
4.718224476442148783e-03
4.718160006435114483e-03
4.718087743905147700e-03
4.718013501302903770e-03
4.717944990691013557e-03
4.717891982817514970e-03
4.717866163622057123e-03
4.717880636847238823e-03
4.717946831520021880e-03
4.718069798609262136e-03
4.718247788126921430e-03
4.718473956149528414e-03
4.718735528508591869e-03
4.719013303810527284e-03
4.719281093045844117e-03
4.719505233217449400e-03
4.719644510932776392e-03
4.719651550151143446e-03
4.719478676370705145e-03
4.719097253061451357e-03
4.718505382937817315e-03
4.717721787852998359e-03
4.716785611085910421e-03
4.715759635899273265e-03
4.714732003805856796e-03
4.713817933808680909e-03
4.713161615318132817e-03
4.712932195525115601e-03
4.713314096194329110e-03
4.714447882318597606e-03
4.716376442020727734e-03
4.719054621912825362e-03
4.722366713944189769e-03
4.726110732409890061e-03
4.729993165200371656e-03
4.733621389302109135e-03
4.736495634065389891e-03
4.738015455213923782e-03
4.737501403869143722e-03
4.734274936534118607e-03
4.727825431647451893e-03
4.717837212851327608e-03
4.704136569226717232e-03
4.686712206536933385e-03
4.665731823630473070e-03
4.641556399860380724e-03
4.614754506519276600e-03
4.586107757929529759e-03
4.556569136267218760e-03
4.527212371334772036e-03
4.499023274170449796e-03
4.472791304757828615e-03
4.449150263419074554e-03
4.428589096676257414e-03
4.411423946207615118e-03
4.397787172516714679e-03
4.387614152961860810e-03
4.380627232813336970e-03
4.376365745593941738e-03
4.374221176840158154e-03
4.373537939282764672e-03
4.373745022083069811e-03
4.374357642730960193e-03
4.374956962757745212e-03
4.375205085060847321e-03
4.374850765362860334e-03
4.373735734074062076e-03
4.371803321479103381e-03
4.369093449538999016e-03
4.365721550182774698e-03
4.361858427030062060e-03
4.357666248946393504e-03
4.353282077382475412e-03
4.348824470572658363e-03
4.344391881252402179e-03
4.340059857764175071e-03
4.335879671040309205e-03
4.331876299474359503e-03
4.328047277648097019e-03
4.324368393115821455e-03
4.320797259231761410e-03
4.317287890451792544e-03
4.313800870681004304e-03
4.310302408690940695e-03
4.306763646754971538e-03
4.303161719950131421e-03
4.299480139727253694e-03
4.295709199086035837e-03
4.291846655753022398e-03
4.287896707065622440e-03
4.283868717448724266e-03
4.279774877640600897e-03
4.275626049506434795e-03
4.271431394663981196e-03
4.267198788934657878e-03
4.262934580334591488e-03
4.258643429501745258e-03
4.254328235979298531e-03
4.249989937502429878e-03
4.245627579000245400e-03
4.241238759548934638e-03
4.236819938003569957e-03
4.232367633937565536e-03
4.227878846902557650e-03
4.223350947258068706e-03
4.218781682165659470e-03
4.214169241361853495e-03
4.209512277196250651e-03
4.204809943211511823e-03
4.200061927813042266e-03
4.195268341057153266e-03
4.190429645587163444e-03
4.185546409575698068e-03
4.180619082097711443e-03
4.175648000954201682e-03
4.170633410301880124e-03
4.165575440386403913e-03
4.160474097783336926e-03
4.155329261477199408e-03
4.150140665482722827e-03
4.144907918494708868e-03
4.139630531754629091e-03
4.134307956446405842e-03
4.128939665362387455e-03
4.123525166397548798e-03
4.118063996314708618e-03
4.112555723008302910e-03
4.106999949268509351e-03
4.101396313775707882e-03
4.095744495257120157e-03
4.090044212505029343e-03
4.084295215539088253e-03
4.078497281427876167e-03
4.072650194169898617e-03
4.066753734470184532e-03
4.060807682447511308e-03
4.054811817797994433e-03
4.048765917824419074e-03
4.042669757438228061e-03
4.036523108784712335e-03
4.030325740695357012e-03
4.024077421429381012e-03
4.017777920426142575e-03
4.011427015876965242e-03
4.005024499582673231e-03
3.998570177934052811e-03
3.992063871868470337e-03
3.985505416894063839e-03
3.978894663898198750e-03
3.972231479187996253e-03
3.965515745656841146e-03
3.958747363357139823e-03
3.951926247450852914e-03
3.945052333015905757e-03
3.938125576281403459e-03
3.931145955112572837e-03
3.924113469119351778e-03
3.917028139293335029e-03
3.909890009622041945e-03
3.902699146372832183e-03
3.895455639174868340e-03
3.888159603034105263e-03
3.880811175383577956e-03
3.873410520863794677e-03
3.865957840038325519e-03
3.858453369782722641e-03
3.850897383166959793e-03
3.843290189568423099e-03
3.835632137535301567e-03
3.827923615563484736e-03
3.820165051068345665e-03
3.812356915150698529e-03
3.804499718995589877e-03
3.796594013198004245e-03
3.788640403276370000e-03
3.780639553711434477e-03
3.772592189974823158e-03
3.764499095555511998e-03
3.756361113277528578e-03
3.748179151715576654e-03
3.739954179472957524e-03
3.731687232630670394e-03
3.723379414066334357e-03
3.715031883639454292e-03
3.706645877381903841e-03
3.698222720304243476e-03
3.689763827317067268e-03
3.681270701473165520e-03
3.672744932760498102e-03
3.664188209963178001e-03
3.655602315353139852e-03
3.646989127985688240e-03
3.638350631466781473e-03
3.629688895797964290e-03
3.621006088824140715e-03
3.612304503975556809e-03
3.603586564218463385e-03
3.594854822669399375e-03
3.586111957252395305e-03
3.577360778729433716e-03
3.568604238539219153e-03
3.559845418856056459e-03
3.551087550747126804e-03
3.542333995268406692e-03
3.533588232847371859e-03
3.524853902391419935e-03
3.516134812342528500e-03
3.507434943380647284e-03
3.498758444046590546e-03
3.490109626106989091e-03
3.481492988289903133e-03
3.472913199864692720e-03
3.464375116272065767e-03
3.455883773221154944e-03
3.447444349810818362e-03
3.439062199257056276e-03
3.430742873718754977e-03
3.422492126757674738e-03
3.414315912220559739e-03
3.406220368290909656e-03
3.398211835342987430e-03
3.390296855833740790e-03
3.382482169488241607e-03
3.374774720837094098e-03
3.367181611782414565e-03
3.359710090090595701e-03
3.352367572279679134e-03
3.345161645000110321e-03
3.338100059145034451e-03
3.331190715787887661e-03
3.324441656139303508e-03
3.317861084025097718e-03
3.311457356636421205e-03
3.305238980907189081e-03
3.299214578941558288e-03
3.293392848296784400e-03
3.287782546766244637e-03
3.282392494728226997e-03
3.277231551151381719e-03
3.272308592556363166e-03
3.267632479269885846e-03
3.263212049213412135e-03
3.259056126524168505e-03
3.255173475931205998e-03
3.251572756785650088e-03
3.248262489392653163e-03
3.245250912539026852e-03
3.242545897611429518e-03
3.240154923354769245e-03
3.238084989165981777e-03
3.236342617000662492e-03
3.234933826456956422e-03
3.233864174122800736e-03
3.233138781563379971e-03
3.232762247398899245e-03
3.232738725454958450e-03
3.233071928537523468e-03
3.233765034738558374e-03
3.234820683287858815e-03
3.236240856814325689e-03
3.238026903335672509e-03
3.240179482198887306e-03
3.242698464879039798e-03
3.245582914726573460e-03
3.248830886182316625e-03
3.252439480393061900e-03
3.256404737191385262e-03
3.260721016282020282e-03
3.265380845868312478e-03
3.270374844369006509e-03
3.275691357565345668e-03
3.281316640773623231e-03
3.287234776116917251e-03
3.293427964130711278e-03
3.299876622494873988e-03
3.306559373958099443e-03
3.313453873188661625e-03
3.320537364263282873e-03
3.327786888079236564e-03
3.335179292934907849e-03
3.342691832386302311e-03
3.350302526462502380e-03
3.357990269967147095e-03
3.365734521615521609e-03
3.373515689248983082e-03
3.381315639650107809e-03
3.389117497621658807e-03
3.396905829035219791e-03
3.404666798088082803e-03
3.412388334090997628e-03
3.420060035369693226e-03
3.427672952259071606e-03
3.435219684498054798e-03
3.442694690118038286e-03
3.450094862012375013e-03
3.457419556664503759e-03
3.464670341273133874e-03
3.471851876289677296e-03
3.478972007268162515e-03
3.486041833031884411e-03
3.493075410885455433e-03
3.500089948843326890e-03
3.507107486047574343e-03
3.514154889143562398e-03
3.521263996534186504e-03
3.528472623807537688e-03
3.535824828738773698e-03
3.543371108908009368e-03
3.551167158197473389e-03
3.559275625278991977e-03
3.567767579659337791e-03
3.576721780881379677e-03
3.586225415840410460e-03
3.596374109597593859e-03
3.607271995735788963e-03
3.619030770481642539e-03
3.631769540071121041e-03
3.645615979129033114e-03
3.660706313074948027e-03
3.677185061820487013e-03
3.695204409836173789e-03
3.714924255750573154e-03
3.736511094211273417e-03
3.760137087818525223e-03
3.785979610793513937e-03
3.814220485614266791e-03
3.845045599409198551e-03
3.878644176964917648e-03
3.915207316512287275e-03
3.954926171118611569e-03
3.997991268042888451e-03
4.044591468236466252e-03
4.094912851098214505e-03
4.149136746590898796e-03
4.207438873847463984e-03
4.269988265025146529e-03
4.336944597929202373e-03
4.408457102735142616e-03
4.484662014685687932e-03
4.565678131505416897e-03
4.651606605923880484e-03
4.742527673402347627e-03
4.838497230923173575e-03
4.939547070721098977e-03
5.045676233192266519e-03
5.156848715072236133e-03
5.272991171732124491e-03
5.393984534323226394e-03
5.519665556800354943e-03
5.649825943363820900e-03
5.784207013166117045e-03
5.922494924155819948e-03
6.064318571282502172e-03
6.209252883444757627e-03
6.356824440126430595e-03
6.506512047957607389e-03
6.657748358854781619e-03
6.809925289957815230e-03
6.962405160356094358e-03
7.114534470984652803e-03
7.265652760276230908e-03
7.415107661788648830e-03
7.562262322992334418e-03
7.706508610101288001e-03
7.847288769044488688e-03
7.984101716081210345e-03
8.116523261675671203e-03
8.244215577403870426e-03
8.366936228353848148e-03
8.484558545790681430e-03
8.597062851436985953e-03
8.704544512812967261e-03
8.807227713513811340e-03
8.905464696590276868e-03
8.999748067033856019e-03
9.090689196990350135e-03
9.179010580439456515e-03
9.265549423088107611e-03
9.351253555104587639e-03
9.437177760603921578e-03
9.524455912978483860e-03
9.614286575698911819e-03
9.707925556951968113e-03
9.806682442774376784e-03
9.911901933196411510e-03
1.002493770886073512e-02
1.014714129906896765e-02
1.027985524225098583e-02
1.042439547689419550e-02
1.058202499498840828e-02
1.075393928718835872e-02
1.094125814520911094e-02
1.114498814961467632e-02
1.136598049233031142e-02
1.160491853273275080e-02
1.186230695885801163e-02
1.213840696828317328e-02
1.243318404902825705e-02
1.274631571440824201e-02
1.307717468601894001e-02
1.342477224713102199e-02
1.378776243107389735e-02
1.416447418580288158e-02
1.455291235726367122e-02
1.495077810014181462e-02
1.535552922026906832e-02
1.576443871229060364e-02
1.617466793503834210e-02
1.658332377272505806e-02
1.698752586871519338e-02
1.738450615060165017e-02
1.777172448059773091e-02
1.814692531435983455e-02
1.850821140235027126e-02
1.885417876131709886e-02
1.918399626663270033e-02
1.949744457201211395e-02
1.979496515736257553e-02
2.007770217373041483e-02
2.034749677483446359e-02
2.060682299424449956e-02
2.085872766843450618e-02
2.110676214130627337e-02
2.135485318065618449e-02
2.160718861691208331e-02
2.186810236167756674e-02
2.214195408955210720e-02
2.243301125167356316e-02
2.274532327594339792e-02
2.308263041074330377e-02
2.344822504925244896e-02
2.384481059866351907e-02
2.427444338625471543e-02
2.473835743897671163e-02
2.523684537125304647e-02
2.576927810345040759e-02
2.633398968630732556e-02
2.692827685795228312e-02
2.754855282117142298e-02
2.819036554567641573e-02
2.884856208769791611e-02
2.951753009862474741e-02
3.019136460695148391e-02
3.086413963123042087e-02
3.153024006532691853e-02
3.218458519536510076e-02
3.282299225593626746e-02
3.344244491466946689e-02
3.404118018244268323e-02
3.461898793995062118e-02
3.517704925104903763e-02
3.571797589196673561e-02
3.624565214527607909e-02
3.676501689926039290e-02
3.728188980672527547e-02
3.780268362547262867e-02
3.833415546061236939e-02
3.888307293934739617e-02
3.945586641189194332e-02
4.005827399200755784e-02
4.069494241730853973e-02
4.136915213087104248e-02
4.208253208316267702e-02
4.283500843203814218e-02
4.362473462886172493e-02
4.444827884729742745e-02
4.530081253307723099e-02
4.617636521178667547e-02
4.706829320105240105e-02
4.796954164232556522e-02
4.887332324032708092e-02
4.977343839223848099e-02
5.066493932520219068e-02
5.154439979169229968e-02
5.241027613498282223e-02
5.326291806042993821e-02
5.410449682346896855e-02
5.493875986092110197e-02
5.577065126631459979e-02
5.660597689991123116e-02
5.745095409483882976e-02
5.831182789864052668e-02
5.919444865882241003e-02
6.010377183433959075e-02
6.104346154104194067e-02
6.201548666086516282e-02
6.301992067956783961e-02
6.405497750260984169e-02
6.511726436882171731e-02
6.620225422056462417e-02
6.730478303079932834e-02
6.841962296947745603e-02
6.954191165618961445e-02
7.066757827708360085e-02
7.179372413663438757e-02
7.291884555303858317e-02
7.404298156658810359e-02
7.516761755276539503e-02
7.629546053622604518e-02
7.743005430421816271e-02
7.857540196928891607e-02
7.973551467609937826e-02
8.091397812098892472e-02
8.211356943500507100e-02
8.333595150348269143e-02
8.458152400279123073e-02
8.584950625921175527e-02
8.713812806046945802e-02
8.844499637006590642e-02
8.976745545740240362e-02
9.110294211876938941e-02
9.244924664854886620e-02
9.380474379096247206e-02
9.516852745721067486e-02
9.654049805284810326e-02
9.792135407479443665e-02
9.931241020255346386e-02
1.007152987504506686e-01
1.021316704046896229e-01
1.035630086181346249e-01
1.050104846836167893e-01
1.064748433728508886e-01
1.079562485968290492e-01
1.094542942469979019e-01
1.109682594032022213e-01
1.124973842340918351e-01
1.140409477708540509e-01
1.155981723384161552e-01
1.171682905652348672e-01
1.187507854570283850e-01
1.203454967200277420e-01
1.219525155312255610e-01
1.235720728671362012e-01
1.252045398812446364e-01
1.268503808255312393e-01
1.285099807127306759e-01
1.301835997523587973e-01
1.318714418418542034e-01
1.335736724509567486e-01
1.352903321974279205e-01
1.370212773552640928e-01
1.387661278795896125e-01
1.405243848096634496e-01
1.422956965785941164e-01
1.440798609068101588e-01
1.458766739491180464e-01
1.476859175265817781e-01
1.495075204106004751e-01
1.513415417356542281e-01
1.531882143316261324e-01
1.550479711634298041e-01
1.569208741426234843e-01
1.588068786125401977e-01
1.607058029162271862e-01
1.626172964567934309e-01
1.645409829161269821e-01
1.664764472391831451e-01
1.684232945083725119e-01
1.703812971485125782e-01
1.723505167653244519e-01
1.743313167791336882e-01
1.763239002508335540e-01
1.783283517547615271e-01
1.803446609660276367e-01
1.823727269836821208e-01
1.844124292571764634e-01
1.864636169675145116e-01
1.885261206047578186e-01
1.905997724708700103e-01
1.926844086203426121e-01
1.947798657236848863e-01
1.968859798218479118e-01
1.990025870065714464e-01
2.011295254843705749e-01
2.032666354347142657e-01
2.054137565943633392e-01
2.075707298526398570e-01
2.097373993079060250e-01
2.119136116566650296e-01
2.140992168995694833e-01
2.162940672892605665e-01
2.184980163561657251e-01
2.207109177719336623e-01
2.229326252518724072e-01
2.251629931452372169e-01
2.274018764228052936e-01
2.296491312471605206e-01
2.319046143468880550e-01
2.341681821611832637e-01
2.364396909652383694e-01
2.387189967310617555e-01
2.410059553069493488e-01
2.433004223373998465e-01
2.456022534486833886e-01
2.479113042052420446e-01
2.502274297175846041e-01
2.525504838590914014e-01
2.548803194157214791e-01
2.572167884992963005e-01
2.595597419490232038e-01
2.619090289283742545e-01
2.642644968116261150e-01
2.666259913425856887e-01
2.689933567992787156e-01
2.713664361504578570e-01
2.737450717125313737e-01
2.761291052223536768e-01
2.785183776510281040e-01
2.809127292657870867e-01
2.833119997823164704e-01
2.857160286733276267e-01
2.881246553566035873e-01
2.905377191756903787e-01
2.929550595653807599e-01
2.953765159995140333e-01
2.978019280292172888e-01
3.002311351723038757e-01
3.026639769571132788e-01
3.051002930835693405e-01
3.075399236309527273e-01
3.099827090833290333e-01
3.124284902670508290e-01
3.148771087032008476e-01
3.173284067557135546e-01
3.197822276867227642e-01
3.222384157722926745e-01
3.246968163004760877e-01
3.271572753173541681e-01
3.296196395900139464e-01
3.320837568403243178e-01
3.345494757390571894e-01
3.370166458633662709e-01
3.394851174551687945e-01
3.419547414755392811e-01
3.444253696619997140e-01
3.468968543428549434e-01
3.493690483467669083e-01
3.518418048485779659e-01
3.543149771661894820e-01
3.567884186756634657e-01
3.592619829405787057e-01
3.617355238653482963e-01
3.642088957955900708e-01
3.666819536319102513e-01
3.691545531086415366e-01
3.716265510682248974e-01
3.740978055393486823e-01
3.765681759784239580e-01
3.790375232502787295e-01
3.815057094820157868e-01
3.839725978681144403e-01
3.864380528449886665e-01
3.889019401235364048e-01
3.913641266788547846e-01
3.938244807039701922e-01
3.962828712879021831e-01
3.987391685544372510e-01
4.011932436321976603e-01
4.036449684064465360e-01
4.060942153299778035e-01
4.085408571877151007e-01
4.109847668994589531e-01
4.134258174836256128e-01
4.158638822740294838e-01
4.182988350890520235e-01
4.207305504827760778e-01
4.231589037893159766e-01
4.255837715526517018e-01
4.280050318078780780e-01
4.304225642060505730e-01
4.328362503599072486e-01
4.352459736127356482e-01
4.376516187923903956e-01
4.400530721184346405e-01
4.424502213679454843e-01
4.448429556720210898e-01
4.472311655569856659e-01
4.496147429652259664e-01
4.519935810392173847e-01
4.543675740883345027e-01
4.567366173680163510e-01
4.591006068668419537e-01
4.614594390178732852e-01
4.638130105246841550e-01
4.661612181946394040e-01
4.685039589615409006e-01
4.708411301271299698e-01
4.731726295044207387e-01
4.754983556983815030e-01
4.778182081590772734e-01
4.801320878612549414e-01
4.824398975621403962e-01
4.847415421954211490e-01
4.870369291365620468e-01
4.893259677555126808e-01
4.916085691282776615e-01
4.938846462056274977e-01
4.961541139364815112e-01
4.984168888003197573e-01
5.006728888250043807e-01
5.029220336414820247e-01
5.051642444779333996e-01
5.073994440474813850e-01
5.096275561388301512e-01
5.118485053650833061e-01
5.140622167542089338e-01
5.162686155728839488e-01
5.184676271752515220e-01
5.206591770827361243e-01
5.228431912620350452e-01
5.250195962732092658e-01
5.271883196113550385e-01
5.293492898987658402e-01
5.315024378760907497e-01
5.336476965541568918e-01
5.357850020311432093e-01
5.379142932194863613e-01
5.400355113269703633e-01
5.421485997298999271e-01
5.442535042389654576e-01
5.463501729459041556e-01
5.484385556843751619e-01
5.505186040820606586e-01
5.525902714111086134e-01
5.546535128250694724e-01
5.567082852016019823e-01
5.587545468431880380e-01
5.607922569614538499e-01
5.628213752527162494e-01
5.648418616267755210e-01
5.668536760911029315e-01
5.688567788867614494e-01
5.708511308393934280e-01
5.728366935858545395e-01
5.748134299527218882e-01
5.767813044384725307e-01
5.787402840994854136e-01
5.806903386905171160e-01
5.826314410901555219e-01
5.845635667867522534e-01
5.864866937225609034e-01
5.884008020338820089e-01
5.903058742892295374e-01
5.922018951210135107e-01
5.940888509115732630e-01
5.959667300671597223e-01
5.978355226839163761e-01
5.996952206264327678e-01
6.015458175149447362e-01
6.033873084302107115e-01
6.052196892374231973e-01
6.070429562438319770e-01
6.088571059379815908e-01
6.106621349301678547e-01
6.124580401638136662e-01
6.142448193423559744e-01
6.160224711741857373e-01
6.177909957741545277e-01
6.195503951658841713e-01
6.213006736274985231e-01
6.230418376163285865e-01
6.247738957403377036e-01
6.264968587422163893e-01
6.282107393723947997e-01
6.299155520458967761e-01
6.316113129270239934e-01
6.332980395573480914e-01
6.349757509919281562e-01
6.366444681519218829e-01
6.383042133400393947e-01
6.399550100486431914e-01
6.415968830694019909e-01
6.432298580453087444e-01
6.448539610220440643e-01
6.464692182677422849e-01
6.480756562241297702e-01
6.496733014820371688e-01
6.512621810262854138e-01
6.528423225420527665e-01
6.544137545586883320e-01
6.559765068335642324e-01
6.575306104577515187e-01
6.590760979031260458e-01
6.606130028667515086e-01
6.621413604274415388e-01
6.636612072065277701e-01
6.651725811112154663e-01
6.666755211328220243e-01
6.681700673397698020e-01
6.696562606636012882e-01
6.711341431233323052e-01
6.726037580836919938e-01
6.740651497128105074e-01
6.755183627044983874e-01
6.769634422898022086e-01
6.784004339121649796e-01
6.798293830856197983e-01
6.812503354033292435e-01
6.826633365949039689e-01
6.840684325102630581e-01
6.854656693290064329e-01
6.868550936366564219e-01
6.882367525013302068e-01
6.896106937175615625e-01
6.909769656054146614e-01
6.923356170455339242e-01
6.936866975323021656e-01
6.950302573043026788e-01
6.963663474740334758e-01
6.976950198192622965e-01
6.990163266155571264e-01
7.003303206793602964e-01
7.016370553675415067e-01
7.029365846691735253e-01
7.042289633930473025e-01
7.055142466710911942e-01
7.067924897084292279e-01
7.080637477079154696e-01
7.093280757859181662e-01
7.105855289946977349e-01
7.118361624039560853e-01
7.130800311403647784e-01
7.143171903804059752e-01
7.155476954399508926e-01
7.167716017346222879e-01
7.179889648272151925e-01
7.191998404097675879e-01
7.204042840695272787e-01
7.216023513422950009e-01
7.227940978585810639e-01
7.239795794206635993e-01
7.251588521026289813e-01
7.263319721619345692e-01
7.274989959102695636e-01
7.286599798548261120e-01
7.298149807834132252e-01
7.309640557159700069e-01
7.321072619266898451e-01
7.332446566458724613e-01
7.343762969201778068e-01
7.355022395766245280e-01
7.366225412615213797e-01
7.377372585174301056e-01
7.388464478706174843e-01
7.399501658456597575e-01
7.410484689549059478e-01
7.421414136673724071e-01
7.432290563398130656e-01
7.443114531780672394e-01
7.453886600583204958e-01
7.464607323723602139e-01
7.475277251112608656e-01
7.485896929843504077e-01
7.496466904780310081e-01
7.506987718999259540e-01
7.517459914114972275e-01
7.527884029692315515e-01
7.538260604459067205e-01
7.548590176934141249e-01
7.558873284435536632e-01
7.569110462357423463e-01
7.579302243479932866e-01
7.589449157686705139e-01
7.599551732355865896e-01
7.609610492945069193e-01
7.619625963963500004e-01
7.629598669588424364e-01
7.639529133689748619e-01
7.649417879596449588e-01
7.659265429084107790e-01
7.669072301700946559e-01
7.678839013450540207e-01
7.688566074572296127e-01
7.698253989177967771e-01
7.707903256347673482e-01
7.717514370547055025e-01
7.727087821895070041e-01
7.736624096222292080e-01
7.746123675487018856e-01
7.755587038334853522e-01
7.765014660821456527e-01
7.774407016463251718e-01
7.783764575054190615e-01
7.793087802207141479e-01
7.802377160003451939e-01
7.811633107447596425e-01
7.820856101299330509e-01
7.830046596666988545e-01
7.839205047937077842e-01
7.848331909038157583e-01
7.857427633408125001e-01
7.866492673642834221e-01
7.875527480186067519e-01
7.884532500767724716e-01
7.893508178573647172e-01
7.902454950203755546e-01
7.911373246370567713e-01
7.920263492848996778e-01
7.929126110438372566e-01
7.937961514866113122e-01
7.946770116748809176e-01
7.955552321929624249e-01
7.964308532611457103e-01
7.973039147557215989e-01
7.981744561731362042e-01
7.990425165291601406e-01
7.999081343534623079e-01
8.007713478172897581e-01
8.016321948098457106e-01
8.024907130414017375e-01
8.033469401071038352e-01
8.042009135520019614e-01
8.050526708716742030e-01
8.059022495044788625e-01
8.067496867819297091e-01
8.075950197963867039e-01
8.084382853551637105e-01
8.092795197973883248e-01
8.101187588570608611e-01
8.109560377782485396e-01
8.117913913584893226e-01
8.126248539304290475e-01
8.134564593484375772e-01
8.142862409556355097e-01
8.151142316269610610e-01
8.159404638980283231e-01
8.167649699480625802e-01
8.175877815537010429e-01
8.184089300043860815e-01
8.192284461156341679e-01
8.200463603831039672e-01
8.208627030692784432e-01
8.216775043035577930e-01
8.224907941487615837e-01
8.233026026332084246e-01
8.241129597376932736e-01
8.249218953828321155e-01
8.257294393720115977e-01
8.265356212818784076e-01
8.273404704179837532e-01
8.281440156588593116e-01
8.289462853870985803e-01
8.297473076034549422e-01
8.305471099283201486e-01
8.313457195995002103e-01
8.321431634583733583e-01
8.329394678958409459e-01
8.337346589073737491e-01
8.345287622036674513e-01
8.353218031749685135e-01
8.361138068542818269e-01
8.369047978367728513e-01
8.376948003035300516e-01
8.384838381698263010e-01
8.392719351730003607e-01
8.400591149555717285e-01
8.408454011296168096e-01
8.416308172846815872e-01
8.424153869688396634e-01
8.431991336718189789e-01
8.439820807636528865e-01
8.447642514142333914e-01
8.455456685598666811e-01
8.463263547978802093e-01
8.471063323529521849e-01
8.478856231668239207e-01
8.486642488734496004e-01
8.494422308192944859e-01
8.502195900405170592e-01
8.509963472108039717e-01
8.517725227002972410e-01
8.525481366439388031e-01
8.533232089128202080e-01
8.540977590883183090e-01
8.548718063889610974e-01
8.556453697027093241e-01
8.564184677039941018e-01
8.571911189392348307e-01
8.579633418932846034e-01
8.587351550399082711e-01
8.595065768409767548e-01
8.602776257295061679e-01
8.610483200910583612e-01
8.618186782124490630e-01
8.625887182375308049e-01
8.633584581455758800e-01
8.641279156971353181e-01
8.648971084141433563e-01
8.656660536392439820e-01
8.664347685062767646e-01
8.672032699696256008e-01
8.679715747765657241e-01
8.687396994297431618e-01
8.695076602417328715e-01
8.702754733555860822e-01
8.710431547348094217e-01
8.718107201442655274e-01
8.725781850956104702e-01
8.733455648734356203e-01
8.741128746119722903e-01
8.748801293653133415e-01
8.756473441552178327e-01
8.764145340006044282e-01
8.771817139133056829e-01
8.779488988790922210e-01
8.787161038334917462e-01
8.794833436142277527e-01
8.802506329332152601e-01
8.810179863625592356e-01
8.817854183018293268e-01
8.825529429635194933e-01
8.833205744165097961e-01
8.840883265624533971e-01
8.848562131628601168e-01
8.856242478116748140e-01
8.863924439062086380e-01
8.871608147004442779e-01
8.879293733012906253e-01
8.886981326710055029e-01
8.894671056108063301e-01
8.902363047209499447e-01
8.910057424181658803e-01
8.917754309938917823e-01
8.925453826784167655e-01
8.933156096831406101e-01
8.940861242188695712e-01
8.948569385009266242e-01
8.956280647730341382e-01
8.963995153355054368e-01
8.971713025854810564e-01
8.979434390354186224e-01
8.987159373191273559e-01
8.994888102144872333e-01
9.002620706349467872e-01
9.010357315939496736e-01
9.018098062222668077e-01
9.025843077560703476e-01
9.033592495431296276e-01
9.041346450656181366e-01
9.049105079004530205e-01
9.056868517212696146e-01
9.064636902872265090e-01
9.072410374385720955e-01
9.080189071027058301e-01
9.087973132716450353e-01
9.095762699803464635e-01
9.103557912855048118e-01
9.111358912481121175e-01
9.119165839292251441e-01
9.126978833785049927e-01
9.134798035341488154e-01
9.142623580417881257e-01
9.150455601266194172e-01
9.158294225664187493e-01
9.166139576763163710e-01
9.173991772360394759e-01
9.181850925009760189e-01
9.189717142947256834e-01
9.197590529564836359e-01
9.205471184021419839e-01
9.213359200619610778e-01
9.221254668317644398e-01
9.229157672016050640e-01
9.237068292188843621e-01
9.244986605156083614e-01
9.252912682899652186e-01
9.260846592741716066e-01
9.268788397540476121e-01
9.276738157073647351e-01
9.284695929776530798e-01
9.292661773927645141e-01
9.300635747805472420e-01
9.308617910197363177e-01
9.316608326727913170e-01
9.324607080092274236e-01
9.332614273444164166e-01
9.340630030573225939e-01
9.348654496456560992e-01
9.356687839958685027e-01
9.364730252655257825e-01
