3.159117244945451423e-03
3.159117238140306001e-03
3.159117233907916388e-03
3.159117232949669018e-03
3.159117235806008315e-03
3.159117242213755911e-03
3.159117251630056983e-03
3.159117263511557541e-03
3.159117277314108657e-03
3.159117292500020647e-03
3.159117308563539218e-03
3.159117324509602264e-03
3.159117339082377542e-03
3.159117351024034407e-03
3.159117359117673447e-03
3.159117362941673592e-03
3.159117362851130567e-03
3.159117359235795539e-03
3.159117352486853856e-03
3.159117342997375642e-03
3.159117331155648824e-03
3.159117317640002757e-03
3.159117303568772031e-03
3.159117290100790093e-03
3.159117278390510212e-03
3.159117269285386873e-03
3.159117262829919635e-03
3.159117258927967090e-03
3.159117257476952868e-03
3.159117258368121083e-03
3.159117261488135313e-03
3.159117266643943385e-03
3.159117273132254575e-03
3.159117279995511934e-03
3.159117286278162549e-03
3.159117291112869402e-03
3.159117293999438424e-03
3.159117294618628020e-03
3.159117292675501371e-03
3.159117287898497925e-03
3.159117280038858337e-03
3.159117268874920940e-03
3.159117254690348587e-03
3.159117238639442323e-03
3.159117221959842348e-03
3.159117205767887886e-03
3.159117190867442426e-03
3.159117177892646275e-03
3.159117167396982909e-03
3.159117159844770581e-03
3.159117155611968538e-03
3.159117154996273977e-03
3.159117158006017473e-03
3.159117163359459555e-03
3.159117169326182330e-03
3.159117174336032070e-03
3.159117177513457841e-03
3.159117178440196561e-03
3.159117176951260850e-03
3.159117173209081541e-03
3.159117167708709682e-03
3.159117161256191908e-03
3.159117154977922337e-03
3.159117150987245624e-03
3.159117152276476066e-03
3.159117161673309204e-03
3.159117180939595253e-03
3.159117210427974005e-03
3.159117249535313768e-03
3.159117296586635808e-03
3.159117348633761098e-03
3.159117401510971521e-03
3.159117449950517732e-03
3.159117487325861437e-03
3.159117505387597571e-03
3.159117495594873648e-03
3.159117450735905545e-03
3.159117367323922929e-03
3.159117245724302799e-03
3.159117089486720899e-03
3.159116906172895409e-03
3.159116707659003886e-03
3.159116510007675856e-03
3.159116333579048072e-03
3.159116203629629225e-03
3.159116148987175902e-03
3.159116198260986628e-03
3.159116370451223090e-03
3.159116669745194641e-03
3.159117087993533381e-03
3.159117605315479079e-03
3.159118187644382059e-03
3.159118785741368493e-03
3.159119334700267664e-03
3.159119752526662241e-03
3.159119941252210885e-03
3.159119793439930674e-03
3.159119221722730617e-03
3.159118191423045206e-03
3.159116720663022754e-03
3.159114868916673615e-03
3.159112743995082934e-03
3.159110507266774288e-03
3.159108377994472409e-03
3.159106637756780613e-03
3.159105630248979901e-03
3.159105749434427002e-03
3.159107372381935591e-03
3.159110708097182148e-03
3.159115752579608541e-03
3.159122337969055404e-03
3.159130126737057492e-03
3.159138588539089996e-03
3.159146982201633223e-03
3.159154340423773327e-03
3.159159456483573956e-03
3.159160915702065656e-03
3.159157213649892593e-03
3.159147283191407127e-03
3.159130856279004744e-03
3.159108354544112266e-03
3.159080787946737679e-03
3.159049869475647008e-03
3.159018068578071155e-03
3.158988679704973022e-03
3.158965891836077334e-03
3.158954724351738155e-03
3.158960805448832350e-03
3.158989016787345887e-03
3.159041486278423797e-03
3.159117451190801215e-03
3.159214005901135949e-03
3.159325730828619998e-03
3.159444483921539527e-03
3.159559104494790577e-03
3.159655186000747719e-03
3.159715041811109702e-03
3.159718331435991661e-03
3.159644628886860637e-03
3.159481793469766028e-03
3.159229108657379912e-03
3.158894554557041979e-03
3.158494740125536784e-03
3.158056281582857089e-03
3.157616663708635169e-03
3.157225120506684975e-03
3.156943477490009066e-03
3.156844339742040286e-03
3.157006836703864575e-03
3.157490888596140022e-03
3.158314412998380893e-03
3.159457979238637724e-03
3.160872497261861362e-03
3.162472287964209275e-03
3.164132741357315436e-03
3.165686348143620290e-03
3.166919059639148899e-03
3.167573182228445791e-03
3.167357071978424508e-03
3.165979843020521201e-03
3.163223305315870839e-03
3.158952504032930438e-03
3.153092116000036534e-03
3.145635672152433029e-03
3.136652587400245822e-03
3.126295544938039860e-03
3.114807313595425054e-03
3.102523266494595748e-03
3.089852586679570079e-03
3.077256357980506351e-03
3.065157288929551069e-03
3.053893742823857345e-03
3.043738307052302680e-03
3.034902459542489044e-03
3.027524347983730994e-03
3.021663454582187817e-03
3.017293916883551173e-03
3.014297211892801899e-03
3.012475690381417100e-03
3.011568058676985637e-03
3.011292858131967443e-03
3.011405166634415886e-03
3.011696790694915263e-03
3.011987215943550626e-03
3.012130317070355230e-03
3.012016859145368736e-03
3.011577769680927157e-03
3.010788125112607693e-03
3.009664930728627851e-03
3.008257692805540659e-03
3.006639803752387749e-03
3.004880894902060146e-03
3.003039829087088362e-03
3.001167693006838878e-03
2.999307057492624044e-03
2.997490761743892146e-03
2.995741210033623422e-03
2.994069407615346234e-03
2.992474422352485192e-03
2.990945947492640831e-03
2.989465839514913060e-03
2.988014408911507293e-03
2.986574802149760330e-03
2.985132550432270659e-03
2.983675263375983218e-03
2.982193100531451823e-03
2.980678950052051846e-03
2.979128633048242457e-03
2.977541220535076961e-03
2.975918571629751919e-03
2.974264772660687936e-03
2.972585132350327123e-03
2.970884385562620484e-03
2.969166542866632369e-03
2.967435077846109371e-03
2.965692817128690473e-03
2.963941870375834224e-03
2.962183590833162086e-03
2.960418481293229480e-03
2.958646223957063070e-03
2.956865880254111283e-03
2.955076021165947090e-03
2.953275246751994702e-03
2.951462366510615876e-03
2.949636348919577097e-03
2.947796324445282196e-03
2.945941614757879249e-03
2.944071742598476562e-03
2.942186450163486629e-03
2.940285715385987375e-03
2.938369700710312827e-03
2.936438722988969890e-03
2.934493147625261231e-03
2.932533291626937197e-03
2.930559428278827015e-03
2.928571794792331380e-03
2.926570583058751753e-03
2.924555935332096620e-03
2.922527941871995178e-03
2.920486632609828152e-03
2.918431986031014194e-03
2.916363941164784070e-03
2.914282414173933241e-03
2.912187333996123402e-03
2.910078647992963077e-03
2.907956319153139416e-03
2.905820327167321811e-03
2.903670670279850409e-03
2.901507365608638200e-03
2.899330450987301199e-03
2.897139984940686266e-03
2.894936042244694585e-03
2.892718712482341206e-03
2.890488091886703192e-03
2.888244279597255819e-03
2.885987379228070835e-03
2.883717497906429679e-03
2.881434745514943174e-03
2.879139234705723784e-03
2.876831080652123701e-03
2.874510400610528083e-03
2.872177314514630549e-03
2.869831945762094279e-03
2.867474425099984358e-03
2.865104892515662333e-03
2.862723496575325741e-03
2.860330394911896491e-03
2.857925754791810092e-03
2.855509753802101900e-03
2.853082579804554035e-03
2.850644431692063874e-03
2.848195518449813876e-03
2.845736058021447641e-03
2.843266279979109884e-03
2.840786426069559934e-03
2.838296750703858153e-03
2.835797520161119616e-03
2.833289012079873246e-03
2.830771516840356258e-03
2.828245337269327982e-03
2.825710789870045613e-03
2.823168204389285476e-03
2.820617921419805128e-03
2.818060295355078772e-03
2.815495697730653526e-03
2.812924517295546309e-03
2.810347158116544963e-03
2.807764039497522793e-03
2.805175598438559587e-03
2.802582290466433101e-03
2.799984589887198703e-03
2.797382992075016922e-03
2.794778008607451056e-03
2.792170168662976883e-03
2.789560024712818120e-03
2.786948154138970714e-03
2.784335157365706165e-03
2.781721655327298523e-03
2.779108292133377137e-03
2.776495739225057820e-03
2.773884693078882812e-03
2.771275881128609873e-03
2.768670056523908803e-03
2.766067995065645425e-03
2.763470503209271203e-03
2.760878422757685659e-03
2.758292629947783469e-03
2.755714030300274696e-03
2.753143560000592335e-03
2.750582193657527194e-03
2.748030942420996540e-03
2.745490858787537781e-03
2.742963037610268804e-03
2.740448605429173737e-03
2.737948727994763028e-03
2.735464619575324156e-03
2.732997544933574857e-03
2.730548813292177704e-03
2.728119776406651847e-03
2.725711836362311891e-03
2.723326450811883789e-03
2.720965130287549948e-03
2.718629449945416613e-03
2.716321034042316115e-03
2.714041555849600659e-03
2.711792752131932886e-03
2.709576429205049538e-03
2.707394459398005868e-03
2.705248775902224356e-03
2.703141375822092247e-03
2.701074334134372871e-03
2.699049796699054191e-03
2.697069994293847632e-03
2.695137235555464684e-03
2.693253891482867615e-03
2.691422410015798395e-03
2.689645328193626846e-03
2.687925272095304050e-03
2.686264952782778728e-03
2.684667162791050127e-03
2.683134788090544860e-03
2.681670809470855076e-03
2.680278304458911989e-03
2.678960455993452828e-03
2.677720528485325133e-03
2.676561865445221608e-03
2.675487906215429784e-03
2.674502186794553392e-03
2.673608341514603550e-03
2.672810099929108681e-03
2.672111283204121196e-03
2.671515815188834578e-03
2.671027719539283921e-03
2.670651126046063792e-03
2.670390262031323639e-03
2.670249425126231500e-03
2.670232991685696049e-03
2.670345420427764401e-03
2.670591252793474025e-03
2.670975116299446981e-03
2.671501701464157764e-03
2.672175757154150299e-03
2.673002097712897079e-03
2.673985578500631330e-03
2.675131101880433640e-03
2.676443589022111606e-03
2.677927940295280959e-03
2.679589013212275040e-03
2.681431615111680520e-03
2.683460521999163437e-03
2.685680466623200334e-03
2.688096109200794736e-03
2.690712043450867522e-03
2.693532810394069343e-03
2.696562865598725947e-03
2.699806620176936622e-03
2.703268395031507929e-03
2.706952401672253501e-03
2.710862751471699184e-03
2.715003443024334787e-03
2.719378357924670097e-03
2.723991200819293312e-03
2.728845456262398664e-03
2.733944390690404378e-03
2.739290936742549542e-03
2.744887768197092417e-03
2.750737238478130967e-03
2.756841239477207921e-03
2.763201076905308362e-03
2.769817500251861141e-03
2.776690699740558960e-03
2.783820290555377285e-03
2.791205200414570084e-03
2.798843775524913462e-03
2.806733777029845039e-03
2.814872308440597229e-03
2.823256093050044348e-03
2.831881535057938562e-03
2.840744786996285930e-03
2.849841762183893349e-03
2.859168199948775024e-03
2.868719793059869988e-03
2.878492258959957500e-03
2.888481229701236365e-03
2.898682348502966584e-03
2.909091433155420754e-03
2.919704524965835088e-03
2.930518098306860060e-03
2.941529106931538729e-03
2.952735050724590929e-03
2.964134039722040974e-03
2.975724734151439631e-03
2.987506367944683851e-03
2.999478952930558114e-03
3.011643460674158154e-03
3.024001728720123860e-03
3.036556319510284700e-03
3.049310606985842619e-03
3.062268792821121622e-03
3.075435927743278529e-03
3.088817803907815095e-03
3.102421046740698289e-03
3.116253545227796323e-03
3.130324317929386244e-03
3.144643577913626593e-03
3.159222767003542001e-03
3.174074805129585217e-03
3.189214275238030829e-03
3.204657070261203184e-03
3.220420905066172061e-03
3.236525819573716264e-03
3.252993886936026823e-03
3.269849253784998244e-03
3.287118431415496107e-03
3.304830475306165874e-03
3.323016760261874106e-03
3.341710957366454248e-03
3.360949934983964611e-03
3.380773737999216971e-03
3.401225551654398285e-03
3.422351946987607814e-03
3.444202978572761826e-03
3.466831774316048859e-03
3.490294541182311760e-03
3.514650928630241519e-03
3.539964097526235830e-03
3.566300664435021871e-03
3.593730651475149276e-03
3.622326827431180795e-03
3.652163966356748032e-03
3.683318816235436541e-03
3.715870240667108661e-03
3.749898255478752510e-03
3.785483002479869685e-03
3.822704538957113866e-03
3.861642192629333691e-03
3.902373823655250554e-03
3.944976154679790022e-03
3.989522955019389645e-03
4.036083203072965767e-03
4.084721336380209636e-03
4.135495651687844630e-03
4.188458269379686898e-03
4.243654386488982660e-03
4.301118502602048997e-03
4.360873310633152367e-03
4.422928880104749078e-03
4.487280518410512176e-03
4.553909365799346624e-03
4.622780224239952072e-03
4.693839177432136689e-03
4.767011784618463768e-03
4.842200577148434576e-03
4.919287114298807016e-03
4.998132835644405851e-03
5.078577214186005655e-03
5.160438016445834976e-03
5.243512895949463577e-03
5.327580337070695303e-03
5.412403788047479361e-03
5.497735840115727975e-03
5.583323141812975704e-03
5.668908950342325080e-03
5.754238828429922813e-03
5.839065393349395644e-03
5.923152640588138194e-03
6.006286486503201877e-03
6.088278906688061355e-03
6.168971881792147637e-03
6.248245949119900222e-03
6.326016963468468479e-03
6.402242438875171276e-03
6.476929385466545161e-03
6.550133518989943553e-03
6.621965285390839923e-03
6.692582122008103145e-03
6.762186557284038252e-03
6.831030181431093327e-03
6.899411700066145070e-03
6.967676313407301751e-03
7.036207457207125510e-03
7.105421276268222494e-03
7.175765124448079194e-03
7.247716096935979610e-03
7.321776687147500684e-03
7.398466974072989179e-03
7.478318208291214429e-03
7.561871808873380126e-03
7.649674804515048734e-03
7.742271900088412012e-03
7.840197026204892561e-03
7.943972615593822978e-03
8.054097524466438673e-03
8.171032483103751395e-03
8.295190164234102909e-03
8.426936591120133199e-03
8.566563258327468053e-03
8.714264283664006558e-03
8.870131221756246895e-03
9.034151103128121307e-03
9.206172214177356719e-03
9.385892969901029129e-03
9.572866621112835830e-03
9.766500945129345454e-03
9.966048076296528044e-03
1.017061794357898737e-02
1.037920008737882802e-02
1.059068790601976930e-02
1.080389388815426038e-02
1.101758118223566084e-02
1.123050635970599884e-02
1.144146908548223165e-02
1.164933684710781243e-02
1.185308030123218004e-02
1.205183659333650299e-02
1.224495423247885968e-02
1.243200093672953109e-02
1.261278971927346990e-02
1.278742920605327980e-02
1.295632303219556442e-02
1.312013967446993071e-02
1.327982121821044519e-02
1.343657723818368968e-02
1.359182804318767937e-02
1.374717091844732640e-02
1.390434748034263986e-02
1.406519371458291728e-02
1.423158476306910121e-02
1.440538844326112039e-02
1.458842768829443810e-02
1.478240512491202537e-02
1.498885447484465082e-02
1.520911795420708083e-02
1.544423646443760477e-02
1.569490697949764771e-02
1.596147599903727579e-02
1.624383602458656650e-02
1.654141701202991449e-02
1.685321980198038402e-02
1.717777641596369975e-02
1.751321389503671458e-02
1.785733743244303368e-02
1.820768261708139574e-02
1.856164107433947927e-02
1.891659708928478470e-02
1.927001974738213469e-02
1.961963471653501920e-02
1.996354828739796416e-02
2.030029424263228577e-02
2.062900959387705194e-02
2.094940392937250442e-02
2.126181690500275959e-02
2.156722774919174468e-02
2.186719514335726255e-02
2.216382530961903338e-02
2.245968635576585382e-02
2.275769112406307582e-02
2.306097374959590815e-02
2.337271324689769308e-02
2.369597420092004955e-02
2.403351266323933491e-02
2.438762045525058597e-02
2.475997245128283564e-02
2.515153689532970138e-02
2.556249154275856694e-02
2.599222469697893764e-02
2.643935297567732642e-02
2.690177417561793322e-02
2.737682880988252104e-02
2.786140624754740794e-02
2.835223575867503940e-02
2.884606672701884797e-02
2.933999155385913840e-02
2.983162218160706827e-02
3.031930871741020730e-02
3.080220775599067443e-02
3.128032616864242360e-02
3.175449075629389190e-02
3.222625693457933926e-02
3.269783543520086294e-02
3.317193377109514674e-02
3.365161110277099799e-02
3.414006210288311055e-02
3.464034778286073646e-02
3.515513629566227594e-02
3.568642623332024533e-02
3.623536834442304955e-02
3.680217188583242288e-02
3.738614331875902280e-02
3.798581583609092482e-02
3.859913569520486559e-02
3.922369344070943814e-02
3.985693555975012431e-02
4.049639264802260691e-02
4.113992213935780545e-02
4.178590025347950210e-02
4.243339751935816528e-02
4.308225203824304211e-02
4.373307368537845963e-02
4.438713980345068699e-02
4.504626339169894716e-02
4.571258471608307533e-02
4.638833143500820100e-02
4.707557901003765061e-02
4.777601867217870502e-02
4.849077523464875861e-02
4.922033902531836730e-02
4.996455430414983162e-02
5.072272187991391790e-02
5.149373390301017345e-02
5.227623818550575924e-02
5.306879521568849678e-02
5.387005828199622343e-02
5.467893810425628748e-02
5.549475083497505679e-02
5.631731972328658103e-02
5.714696299342892499e-02
5.798439872432772230e-02
5.883062081491519102e-02
5.968677084538021732e-02
6.055399267651043888e-02
6.143328085037138425e-02
6.232532842908995729e-02
6.323045643994426590e-02
6.414865720604460975e-02
6.507968776501012187e-02
6.602312365282016204e-02
6.697837657136260225e-02
6.794476548135093552e-02
6.892166866163910999e-02
6.990867344435541808e-02
7.090565292490876026e-02
7.191274802902709873e-02
7.293031262830577954e-02
7.395884246524335459e-02
7.499887597215293411e-02
7.605093280672198253e-02
7.711546967126128860e-02
7.819283408474295149e-02
7.928319678514204882e-02
8.038650059493301914e-02
8.150245113679581432e-02
8.263065944105708882e-02
8.377084114727453845e-02
8.492281887334553192e-02
8.608648620447312272e-02
8.726179767591567271e-02
8.844887391803311905e-02
8.964794723380459240e-02
9.085936674403988222e-02
9.208357455879320752e-02
9.332076085797096077e-02
9.457097672533448796e-02
9.583414982464333320e-02
9.711011370072293591e-02
9.839869466802454723e-02
9.969967595392476012e-02
1.010128346773991881e-01
1.023380643320391248e-01
1.036754990002546062e-01
1.050254974360129850e-01
1.063883042005008411e-01
1.077640772449783013e-01
1.091529008848638876e-01
1.105547974479838685e-01
1.119697753063531726e-01
1.133978202437896793e-01
1.148389035405282116e-01
1.162929972342124224e-01
1.177600757396869424e-01
1.192401139649925113e-01
1.207330865040795592e-01
1.222389676276107173e-01
1.237577321432660749e-01
1.252893552438445191e-01
1.268338112266284845e-01
1.283910740436981224e-01
1.299611182815751387e-01
1.315439186089259749e-01
1.331394501808836339e-01
1.347476875336799940e-01
1.363686040687742407e-01
1.380021719025142923e-01
1.396483613982528460e-01
1.413071412331698695e-01
1.429784786955410614e-01
1.446623405314000910e-01
1.463586928699526779e-01
1.480675002373885996e-01
1.497887258139576905e-01
1.515223315313684593e-01
1.532682782510191855e-01
1.550265261293721220e-01
1.567970350652099498e-01
1.585797645695768421e-01
1.603746730532107923e-01
1.621817171486319986e-01
1.640008515667808475e-01
1.658320290323581081e-01
1.676751993868298984e-01
1.695303090457465078e-01
1.713973007221950284e-01
1.732761135119736118e-01
1.751666829024667027e-01
1.770689411386045242e-01
1.789828180387315060e-01
1.809082406289411749e-01
1.828451329068038755e-01
1.847934161780609708e-01
1.867530098505516267e-01
1.887238318511986479e-01
1.907057983511724342e-01
1.926988240676575648e-01
1.947028226889715163e-01
1.967177070957072949e-01
1.987433898032967550e-01
2.007797830951435769e-01
2.028267988262263677e-01
2.048843480593060817e-01
2.069523408097367345e-01
2.090306859474692913e-01
2.111192907986975953e-01
2.132180608855316073e-01
2.153268998189268313e-01
2.174457090782502822e-01
2.195743882325497942e-01
2.217128349727823799e-01
2.238609452462951011e-01
2.260186134602887309e-01
2.281857325819905968e-01
2.303621940174754856e-01
2.325478878503595137e-01
2.347427033829236620e-01
2.369465291652096961e-01
2.391592528222853953e-01
2.413807612757766230e-01
2.436109409715682128e-01
2.458496780158183903e-01
2.480968583397121230e-01
2.503523677027222893e-01
2.526160914923593070e-01
2.548879145086196951e-01
2.571677206690102246e-01
2.594553930783586315e-01
2.617508137424188197e-01
2.640538634658425310e-01
2.663644218107338313e-01
2.686823669986243002e-01
2.710075762343111538e-01
2.733399256806409716e-01
2.756792904690611445e-01
2.780255449422471270e-01
2.803785628636076277e-01
2.827382172412600259e-01
2.851043805236239126e-01
2.874769249483065670e-01
2.898557225814731297e-01
2.922406452283572431e-01
2.946315645499138491e-01
2.970283521679757954e-01
2.994308796308604026e-01
3.018390184329087234e-01
3.042526399595855136e-01
3.066716153919765153e-01
3.090958156395672840e-01
3.115251112030901215e-01
3.139593722991270708e-01
3.163984687333900592e-01
3.188422699828269979e-01
3.212906451674039099e-01
3.237434631460531786e-01
3.262005926105643883e-01
3.286619019786645723e-01
3.311272593709798651e-01
3.335965328244060446e-01
3.360695904058290107e-01
3.385463000358264751e-01
3.410265296702169047e-01
3.435101475443751440e-01
3.459970221797409873e-01
3.484870222646809790e-01
3.509800167034174412e-01
3.534758745493429277e-01
3.559744649119345183e-01
3.584756568967895074e-01
3.609793195638383856e-01
3.634853219425949189e-01
3.659935330491941308e-01
3.685038218813165289e-01
3.710160575629550817e-01
3.735301095083453093e-01
3.760458474878143886e-01
3.785631417337152471e-01
3.810818629922830270e-01
3.836018824188605625e-01
3.861230714679188547e-01
3.886453019328063863e-01
3.911684461117838629e-01
3.936923767441030120e-01
3.962169669160250374e-01
3.987420901917579918e-01
4.012676208096842001e-01
4.037934337007226260e-01
4.063194043180275994e-01
4.088454085555420781e-01
4.113713225385421945e-01
4.138970225037120754e-01
4.164223847153089575e-01
4.189472854717656847e-01
4.214716012356790054e-01
4.239952086983125867e-01
4.265179848981529021e-01
4.290398073995519979e-01
4.315605546673982884e-01
4.340801060101579512e-01
4.365983418442201947e-01
4.391151435075117404e-01
4.416303931518114623e-01
4.441439736494273705e-01
4.466557686524590398e-01
4.491656625957576865e-01
4.516735405913337997e-01
4.541792884684494602e-01
4.566827927660795927e-01
4.591839409186387333e-01
4.616826212562497034e-01
4.641787228316889280e-01
4.666721351568061671e-01
4.691627479949129209e-01
4.716504512274372618e-01
4.741351347995355625e-01
4.766166887774812566e-01
4.790950035527876683e-01
4.815699699570099579e-01
4.840414794550425004e-01
4.865094244167484372e-01
4.889736985214772069e-01
4.914341967133729061e-01
4.938908153866862216e-01
4.963434521318665360e-01
4.987920056743774810e-01
5.012363757486718585e-01
5.036764632277163090e-01
5.061121699295582088e-01
5.085433985537965995e-01
5.109700528543735798e-01
5.133920374881942861e-01
5.158092581487283557e-01
5.182216215872900156e-01
5.206290353711090502e-01
5.230314074700070925e-01
5.254286460863015762e-01
5.278206595416973235e-01
5.302073562456784961e-01
5.325886448294505637e-01
5.349644344026616150e-01
5.373346346965136577e-01
5.396991563451078999e-01
5.420579112906884767e-01
5.444108130794005351e-01
5.467577769429712298e-01
5.490987197630632366e-01
5.514335598995682153e-01
5.537622171336576971e-01
5.560846125832871190e-01
5.584006687248371792e-01
5.607103090804907986e-01
5.630134582923893571e-01
5.653100423319407097e-01
5.675999882106496086e-01
5.698832240112092773e-01
5.721596790138674393e-01
5.744292833024442491e-01
5.766919673158696913e-01
5.789476616772577522e-01
5.811962971406368084e-01
5.834378045777798283e-01
5.856721151840126316e-01
5.878991607251378149e-01
5.901188737121685346e-01
5.923311878276332765e-01
5.945360384172581059e-01
5.967333627825893716e-01
5.989231003541529708e-01
6.011051924703821880e-01
6.032795823188640272e-01
6.054462148678372291e-01
6.076050367979913824e-01
6.097559963884595646e-01
6.118990431784393502e-01
6.140341280895634801e-01
6.161612035829892031e-01
6.182802233447367568e-01
6.203911420980670055e-01
6.224939158047478882e-01
6.245885011580604163e-01
6.266748552236535152e-01
6.287529352234414448e-01
6.308226985151190735e-01
6.328841025911173812e-01
6.349371053591525982e-01
6.369816653666111606e-01
6.390177420408496012e-01
6.410452963552074612e-01
6.430642912288773161e-01
6.450746919452372552e-01
6.470764660916635824e-01
6.490695832755919437e-01
6.510540152490890131e-01
6.530297357744112574e-01
6.549967204045289426e-01
6.569549463418189461e-01
6.589043922181002655e-01
6.608450382336011897e-01
6.627768663997383181e-01
6.646998601244693550e-01
6.666140039294121689e-01
6.685192834728971301e-01
6.704156850570643922e-01
6.723031953714356801e-01
6.741818012400740967e-01
6.760514896151634812e-01
6.779122476034764588e-01
6.797640628120312778e-01
6.816069235740209731e-01
6.834408192362144696e-01
6.852657408972153696e-01
6.870816815997992100e-01
6.888886365438160464e-01
6.906866028263164425e-01
6.924755794278063536e-01
6.942555673641278569e-01
6.960265694263852998e-01
6.977885900135275543e-01
6.995416349999924455e-01
7.012857117194559731e-01
7.030208291751324223e-01
7.047469982559845247e-01
7.064642311742161951e-01
7.081725412440555978e-01
7.098719426964250623e-01
7.115624502598482115e-01
7.132440789271988768e-01
7.149168437786768138e-01
7.165807600180835735e-01
7.182358430192978815e-01
7.198821086938598235e-01
7.215195736833925899e-01
7.231482555975279336e-01
7.247681735904271116e-01
7.263793483144789231e-01
7.279818017594714696e-01
7.295755572088556962e-01
7.311606394135031772e-01
7.327370746839028115e-01
7.343048907400451242e-01
7.358641164786071664e-01
7.374147818167312574e-01
7.389569179257553522e-01
7.404905574702709270e-01
7.420157345859793585e-01
7.435324843407206119e-01
7.450408426168318998e-01
7.465408458943432191e-01
7.480325308974038467e-01
7.495159344190764905e-01
7.509910933109337217e-01
7.524580445486086511e-01
7.539168252685325422e-01
7.553674730515296254e-01
7.568100259808047126e-01
7.582445227764051943e-01
7.596710031308782085e-01
7.610895075159531675e-01
7.625000770286999296e-01
7.639027535278150038e-01
7.652975797707191052e-01
7.666845995678661652e-01
7.680638576934216699e-01
7.694353995896985321e-01
7.707992713255160666e-01
7.721555198240638296e-01
7.735041929841457442e-01
7.748453395536175625e-01
7.761790087737859833e-01
7.775052502832445755e-01
7.788241139418861092e-01
7.801356496070513957e-01
7.814399070973027106e-01
7.827369362704973410e-01
7.840267870827578589e-01
7.853095096168520861e-01
7.865851541954655968e-01
7.878537712881652499e-01
7.891154115412953862e-01
7.903701258824612497e-01
7.916179653848622877e-01
7.928589813621002014e-01
7.940932254656105638e-01
7.953207496932201970e-01
7.965416066131817407e-01
7.977558492455584238e-01
7.989635308973005445e-01
8.001647051871095817e-01
8.013594261278299546e-01
8.025477481670921787e-01
8.037297262102426343e-01
8.049054153424453073e-01
8.060748706674621955e-01
8.072381472571477090e-01
8.083953000922745602e-01
8.095463840923327048e-01
8.106914541757359594e-01
8.118305652926403049e-01
8.129637724176973501e-01
8.140911305346836269e-01
8.152126945007828196e-01
8.163285189767143235e-01
8.174386584198051198e-01
8.185431670659754078e-01
8.196420991433818193e-01
8.207355088617859229e-01
8.218234503744719088e-01
8.229059779263090402e-01
8.239831457888745492e-01
8.250550082404278784e-01
8.261216195661239547e-01
8.271830340833551398e-01
8.282393061699917514e-01
8.292904903388442772e-01
8.303366410469731340e-01
8.313778125690535203e-01
8.324140590533527506e-01
8.334454345629673799e-01
8.344719931019984882e-01
8.354937886282034487e-01
8.365108750549707928e-01
8.375233061975673188e-01
8.385311356861280263e-01
8.395344168394649476e-01
8.405332025366935023e-01
8.415275452045629656e-01
8.425174968822517485e-01
8.435031093507183719e-01
8.444844340799951832e-01
8.454615222567077870e-01
8.464344248171612461e-01
8.474031924887706069e-01
8.483678758591558511e-01
8.493285252963790333e-01
8.502851909925075446e-01
8.512379229602625719e-01
8.521867710457594614e-01
8.531317848844011120e-01
8.540730138750786127e-01
8.550105072766231995e-01
8.559443142964672235e-01
8.568744840946138641e-01
8.578010657642372028e-01
8.587241083119014906e-01
8.596436605624840910e-01
8.605597710333057204e-01
8.614724878405894959e-01
8.623818585689795313e-01
8.632879302634774987e-01
8.641907495349444579e-01
8.650903625639523309e-01
8.659868150947451770e-01
8.668801524552598448e-01
8.677704195430664402e-01
8.686576609307516961e-01
8.695419209617888390e-01
8.704232436571999187e-01
8.713016727367736136e-01
8.721772515989790753e-01
8.730500233029562240e-01
8.739200306150268771e-01
8.747873160756314270e-01
8.756519221089499316e-01
8.765138911165341051e-01
8.773732654691488442e-01
8.782300874727162476e-01
8.790843993317102312e-01
8.799362430389966461e-01
8.807856602739118079e-01
8.816326923368031920e-01
8.824773800485726793e-01
8.833197637310188366e-01
8.841598833247052980e-01
8.849977783394159525e-01
8.858334878967984993e-01
8.866670506986263911e-01
8.874985050022570210e-01
8.883278887424779224e-01
8.891552395709308998e-01
8.899805948182439863e-01
8.908039914648171465e-01
8.916254661059066500e-01
8.924450549584186376e-01
8.932627939420986207e-01
8.940787187949158499e-01
8.948928651781565824e-01
8.957052687460459461e-01
8.965159651338774349e-01
8.973249899130317786e-01
8.981323785338709564e-01
8.989381662107366333e-01
8.997423878506910500e-01
9.005450780136503575e-01
9.013462708391259959e-01
9.021460000231129595e-01
9.029442989224688576e-01
9.037412005022902317e-01
9.045367373902080121e-01
9.053309418242679874e-01
9.061238456174802725e-01
9.069154802877966715e-01
9.077058770425487921e-01
9.084950667809114089e-01
9.092830800476607855e-01
9.100699469825360710e-01
9.108556973486408026e-01
9.116403606265062187e-01
9.124239661484098152e-01
9.132065432001037486e-01
9.139881210657274657e-01
9.147687290274507665e-01
9.155483963583186391e-01
9.163271523005103170e-01
9.171050260426880651e-01
9.178820467140034189e-01
9.186582433784947765e-01
9.194336450219683377e-01
9.202082805342548522e-01
9.209821787226636358e-01
9.217553683000443421e-01
9.225278779050892775e-01
9.232997360772197126e-01
9.240709712535896125e-01
9.248416117992839247e-01
9.256116859902160376e-01
9.263812220111127260e-01
9.271502479298014965e-01
9.279187916761654220e-01
9.286868810345064729e-01
9.294545436804377836e-01
9.302218072394751180e-01
9.309886993269078648e-01
9.317552475579587989e-01
9.325214795339094032e-01
9.332874227197150985e-01
9.340531042224575753e-01
9.348185506360583430e-01
9.355837880084161284e-01
9.363488418210151876e-01
9.371137368974029602e-01
9.378784974145520925e-01
9.386431470167214686e-01
9.394077087496293110e-01
9.401722051339926889e-01
9.409366580872432495e-01
9.417010888661853096e-01
9.424655182253404151e-01
9.432299663707212067e-01
9.439944529913415483e-01
9.447589972321100982e-01
9.455236176540945392e-01
9.462883322571825628e-01
9.470531586483923459e-01
9.478181142632764455e-01
9.485832165173937458e-01
9.493484828262975794e-01
9.501139306517878413e-01
9.508795780741924331e-01
9.516454447048739995e-01
9.524115519879114977e-01
9.531779232109854894e-01
9.539445835666099383e-01
9.547115603740334855e-01
9.554788829546525530e-01
