4.873835967619459357e-03
4.873835965325291897e-03
4.873835963905556908e-03
4.873835963784283257e-03
4.873835965263949473e-03
4.873835968395766327e-03
4.873835973202744060e-03
4.873835979714932418e-03
4.873835987962382883e-03
4.873835997902163653e-03
4.873836008862064174e-03
4.873836019856452734e-03
4.873836029898620352e-03
4.873836038001367992e-03
4.873836043262074792e-03
4.873836045389805943e-03
4.873836044365146419e-03
4.873836040143741943e-03
4.873836032670888010e-03
4.873836021904208796e-03
4.873836008288225455e-03
4.873835992965268142e-03
4.873835977122313590e-03
4.873835961948310910e-03
4.873835948618400818e-03
4.873835937779828591e-03
4.873835929352286073e-03
4.873835923259103690e-03
4.873835919509517112e-03
4.873835918103822107e-03
4.873835918919357246e-03
4.873835921397045440e-03
4.873835924913156453e-03
4.873835928835725320e-03
4.873835932533046415e-03
4.873835935543517628e-03
4.873835938110375812e-03
4.873835940622484389e-03
4.873835943077314131e-03
4.873835945400389023e-03
4.873835947587349705e-03
4.873835949665745321e-03
4.873835951554049070e-03
4.873835953197249403e-03
4.873835954561838400e-03
4.873835955539185943e-03
4.873835955606672758e-03
4.873835953861255579e-03
4.873835950011740255e-03
4.873835944301106900e-03
4.873835936758236058e-03
4.873835927235615519e-03
4.873835915610991512e-03
4.873835901619049359e-03
4.873835884857419080e-03
4.873835865001422026e-03
4.873835842363999707e-03
4.873835818276220193e-03
4.873835794276249779e-03
4.873835771156373106e-03
4.873835750300785016e-03
4.873835733976182756e-03
4.873835725180309005e-03
4.873835727694284144e-03
4.873835745968318339e-03
4.873835784581726817e-03
4.873835846649916814e-03
4.873835932058212701e-03
4.873836037905888811e-03
4.873836159972303947e-03
4.873836291817837570e-03
4.873836423632542554e-03
4.873836542479632709e-03
4.873836632253060117e-03
4.873836673891730059e-03
4.873836646491247135e-03
4.873836531431517162e-03
4.873836319682662600e-03
4.873836013349368800e-03
4.873835622813314783e-03
4.873835167157642735e-03
4.873834676977713970e-03
4.873834194667855252e-03
4.873833774308066608e-03
4.873833481877872832e-03
4.873833393466265804e-03
4.873833586685418287e-03
4.873834113587291114e-03
4.873834984897087996e-03
4.873836176641413616e-03
4.873837633247681510e-03
4.873839260606056302e-03
4.873840922329471421e-03
4.873842439431837030e-03
4.873843587171359376e-03
4.873844098423224871e-03
4.873843678078183111e-03
4.873842083036429920e-03
4.873839214735255221e-03
4.873835121037286937e-03
4.873829965834119808e-03
4.873824047405602572e-03
4.873817813453333245e-03
4.873811868401568131e-03
4.873806984762943557e-03
4.873804102591036171e-03
4.873804299571573954e-03
4.873808613950665787e-03
4.873817631565342465e-03
4.873831349761248086e-03
4.873849310556289428e-03
4.873870584318392915e-03
4.873893704856519307e-03
4.873916631063171176e-03
4.873936714135562905e-03
4.873950659908231516e-03
4.873954610801859398e-03
4.873944456624140255e-03
4.873917246258567537e-03
4.873872218317015087e-03
4.873810523576019467e-03
4.873734951373260779e-03
4.873650240783606799e-03
4.873563214495175988e-03
4.873482917279911043e-03
4.873420801567427720e-03
4.873390560501805573e-03
4.873407548891594242e-03
4.873485173595591344e-03
4.873629375725229557e-03
4.873838113576289995e-03
4.874103357469248068e-03
4.874410112478386875e-03
4.874735830486118075e-03
4.875049784434874051e-03
4.875312506617764802e-03
4.875475701340462042e-03
4.875483857254247523e-03
4.875281091412910633e-03
4.874833771549947486e-03
4.874139624607313342e-03
4.873220609732597901e-03
4.872122679396675635e-03
4.870919567245217408e-03
4.869714729710815891e-03
4.868643290212479671e-03
4.867874242571908205e-03
4.867605785369382917e-03
4.868054026532095228e-03
4.869383880724580636e-03
4.871645842978556719e-03
4.874787032580259888e-03
4.878671602006252363e-03
4.883062362757708934e-03
4.887614681869351975e-03
4.891867974969898482e-03
4.895236366252662605e-03
4.897016248595204013e-03
4.896411489108219023e-03
4.892626831298168937e-03
4.885063471253232870e-03
4.873351248214067080e-03
4.857286976270664726e-03
4.836858211314784550e-03
4.812262785055053393e-03
4.783924840404298398e-03
4.752511306765849763e-03
4.718938155506852833e-03
4.684321967248871246e-03
4.649920746666194246e-03
4.616889813800800074e-03
4.586154448332217110e-03
4.558457034731361150e-03
4.534369716059426930e-03
4.514261673266254694e-03
4.498286627914191774e-03
4.486367869196640663e-03
4.478179662997846394e-03
4.473182181115875795e-03
4.470662495350477897e-03
4.469852489627315108e-03
4.470083029071678787e-03
4.470786152295598039e-03
4.471471469649725659e-03
4.471743621014654009e-03
4.471308950914770763e-03
4.469982616147669292e-03
4.467698569697780252e-03
4.464503686145789366e-03
4.460533242043749659e-03
4.455987332985290178e-03
4.451055969308569810e-03
4.445899738901368595e-03
4.440657467888464716e-03
4.435444368653488137e-03
4.430348759931345901e-03
4.425430522739967794e-03
4.420718782506834199e-03
4.416210589671414402e-03
4.411877543316600724e-03
4.407669969753162664e-03
4.403533978347817963e-03
4.399423368730878692e-03
4.395298546414200085e-03
4.391125717137276709e-03
4.386878121115741873e-03
4.382536474579955439e-03
4.378089430124506264e-03
4.373534365606774124e-03
4.368876190353754296e-03
4.364125862037626993e-03
4.359297645742056873e-03
4.354404251655089216e-03
4.349456395757775318e-03
4.344463280631957573e-03
4.339432314984870490e-03
4.334368927597176922e-03
4.329276484844909838e-03
4.324156058756065991e-03
4.319006508633062985e-03
4.313825001016349629e-03
4.308607367868827302e-03
4.303349511786096725e-03
4.298047896940462159e-03
4.292699422797894432e-03
4.287301430919469684e-03
4.281851781549430788e-03
4.276348876472118969e-03
4.270791703648147905e-03
4.265179875852033280e-03
4.259513498841812837e-03
4.253793090639706315e-03
4.248019292235495799e-03
4.242192604787174866e-03
4.236313398067339739e-03
4.230381930853910517e-03
4.224398327561436177e-03
4.218362567054296554e-03
4.212274478406286167e-03
4.206133720991652586e-03
4.199939807246020652e-03
4.193692135153073361e-03
4.187390031925033833e-03
4.181032849514583136e-03
4.174619980284961784e-03
4.168150849688402777e-03
4.161624919183869696e-03
4.155041690449372098e-03
4.148400706639162987e-03
4.141701557382275987e-03
4.134943878766992632e-03
4.128127342971284718e-03
4.121251653197117309e-03
4.114316520042216561e-03
4.107321649432093755e-03
4.100266745399209350e-03
4.093151509821764400e-03
4.085975640408859126e-03
4.078738831201028300e-03
4.071440772336734452e-03
4.064081149564237501e-03
4.056659647410119224e-03
4.049175951047991572e-03
4.041629754914765824e-03
4.034020768456090568e-03
4.026348717112260972e-03
4.018613342549532015e-03
4.010814403025367986e-03
4.002951673623514860e-03
3.995024946446615322e-03
3.987034032038396653e-03
3.978978760313858949e-03
3.970858978016881743e-03
3.962674553815780792e-03
3.954425379721619727e-03
3.946111371130147857e-03
3.937732467057628895e-03
3.929288629346387035e-03
3.920779844750006161e-03
3.912206124587877878e-03
3.903567505887591080e-03
3.894864054146981655e-03
3.886095860146554677e-03
3.877263044854864331e-03
3.868365769534886679e-03
3.859404236601305261e-03
3.850378690103018354e-03
3.841289415002222592e-03
3.832136739909043199e-03
3.822921037771895379e-03
3.813642724718470031e-03
3.804302265399893759e-03
3.794900170046868002e-03
3.785436992622056695e-03
3.775913347868977647e-03
3.766329915833760509e-03
3.756687443524238477e-03
3.746986743075185911e-03
3.737228692895276302e-03
3.727414244408312673e-03
3.717544415955664153e-03
3.707620300169898065e-03
3.697643065107362233e-03
3.687613942664720330e-03
3.677534250068397945e-03
3.667405404573015164e-03
3.657228925043397565e-03
3.647006431114689900e-03
3.636739640228651722e-03
3.626430379750236396e-03
3.616080581171907289e-03
3.605692282670375573e-03
3.595267638689009313e-03
3.584808900917247146e-03
3.574318429416395611e-03
3.563798723737265396e-03
3.553252427262342059e-03
3.542682329713056459e-03
3.532091361436403600e-03
3.521482600778076850e-03
3.510859282047822019e-03
3.500224784301900899e-03
3.489582649965297049e-03
3.478936567001796824e-03
3.468290355425752806e-03
3.457648011480572367e-03
3.447013719457319315e-03
3.436391856238731404e-03
3.425786987465498368e-03
3.415203860496581877e-03
3.404647429228935610e-03
3.394122836232449890e-03
3.383635427601922475e-03
3.373190748387952173e-03
3.362794501892956128e-03
3.352452583650855633e-03
3.342171108540310971e-03
3.331956413829810764e-03
3.321815059743896126e-03
3.311753810758222890e-03
3.301779654093224808e-03
3.291899799180863888e-03
3.282121671741944444e-03
3.272452920718918121e-03
3.262901366769472775e-03
3.253474990539588843e-03
3.244181957878254207e-03
3.235030621782449163e-03
3.226029514981009708e-03
3.217187333152207902e-03
3.208512924024052321e-03
3.200015312691512504e-03
3.191703690762987336e-03
3.183587412449387453e-03
3.175675951826861885e-03
3.167978863700041288e-03
3.160505766580828414e-03
3.153266344495705455e-03
3.146270317411212821e-03
3.139527415258158184e-03
3.133047344351525942e-03
3.126839784503985826e-03
3.120914396412061836e-03
3.115280778970149888e-03
3.109948407834413776e-03
3.104926600434894553e-03
3.100224361883079441e-03
3.095850292448423802e-03
3.091812557793425804e-03
3.088118772754433299e-03
3.084776007349846003e-03
3.081790769286842178e-03
3.079169052408317793e-03
3.076916365502143594e-03
3.075037639934130509e-03
3.073537299994397697e-03
3.072419286779867059e-03
3.071686953991112790e-03
3.071343057811370958e-03
3.071389614013115416e-03
3.071827925852664998e-03
3.072658543264295342e-03
3.073881161565099503e-03
3.075494594326909532e-03
3.077496580376503678e-03
3.079883815543671931e-03
3.082651841183147064e-03
3.085794340192916582e-03
3.089303004854356775e-03
3.093167422099943505e-03
3.097374627222529517e-03
3.101909336909968156e-03
3.106753895673105420e-03
3.111888597877133806e-03
3.117291813746447728e-03
3.122940011727474291e-03
3.128808653941221336e-03
3.134872856466999237e-03
3.141107624203521957e-03
3.147487860942284072e-03
3.153989080624829567e-03
3.160587796829440830e-03
3.167261633756092518e-03
3.173988990522897194e-03
3.180749483268631352e-03
3.187524509756016651e-03
3.194296973793218052e-03
3.201051412288927287e-03
3.207774179861780459e-03
3.214453635368212398e-03
3.221079985738665562e-03
3.227645043898154549e-03
3.234142336716795251e-03
3.240567405188410788e-03
3.246918444100463982e-03
3.253196374127342687e-03
3.259404585253113801e-03
3.265549997629358867e-03
3.271643171050372511e-03
3.277698376347797874e-03
3.283733264292684143e-03
3.289769056020547255e-03
3.295832447282503411e-03
3.301955660191526094e-03
3.308176583875529000e-03
3.314539976240242752e-03
3.321097680772221866e-03
3.327908795516177753e-03
3.335038258937485407e-03
3.342558799267921193e-03
3.350552539162515112e-03
3.359110209743653656e-03
3.368332018733692472e-03
3.378327523226428309e-03
3.389215664977720133e-03
3.401123688240986157e-03
3.414186963095953726e-03
3.428550044536976364e-03
3.444366655691457647e-03
3.461799409298712757e-03
3.481018939360399148e-03
3.502203936277172285e-03
3.525539964561905451e-03
3.551218358470142975e-03
3.579435544937349754e-03
3.610392129969141814e-03
3.644292494214774070e-03
3.681343918956690373e-03
3.721755114476498795e-03
3.765734343158294931e-03
3.813488633765750677e-03
3.865222538690168616e-03
3.921137157315630027e-03
3.981428170709585754e-03
4.046284917240571509e-03
4.115889321204210111e-03
4.190412953935556545e-03
4.270015556547229578e-03
4.354842541273142888e-03
4.445020300655183956e-03
4.540655838267198922e-03
4.641833286021647929e-03
4.748609618692214637e-03
4.861015088696192532e-03
4.979043839769227951e-03
5.102651505265649347e-03
5.231752554183269691e-03
5.366210482733893387e-03
5.505839339571249810e-03
5.650403352087281228e-03
5.799611135710299424e-03
5.953110296468876531e-03
6.110485607739584921e-03
6.271262101258240178e-03
6.434911757486879401e-03
6.600854920221939197e-03
6.768462145162609626e-03
6.937060263962464834e-03
7.105946016478210427e-03
7.274401745516146864e-03
7.441704868767435969e-03
7.607144825919485293e-03
7.770031490493608563e-03
7.929709454173173092e-03
8.085583504138798769e-03
8.237124792116488903e-03
8.383891967752701846e-03
8.525541451578064200e-03
8.661837199641642115e-03
8.792672753496174817e-03
8.918061389217597085e-03
9.038143625875273701e-03
9.153201197636512756e-03
9.263656181869264761e-03
9.370083772713790060e-03
9.473188036330064399e-03
9.573793185108632128e-03
9.672846293185533711e-03
9.771412539519845619e-03
9.870670653042470585e-03
9.971881542166171480e-03
1.007637291077083039e-02
1.018553040743159360e-02
1.030079372920778870e-02
1.042363558461181609e-02
1.055553287359423803e-02
1.069795572194308028e-02
1.085235965858784637e-02
1.102016615261187070e-02
1.120273352646578707e-02
1.140134231006804597e-02
1.161718610980495316e-02
1.185133045910134741e-02
1.210466549959799548e-02
1.237789384088711087e-02
1.267151678707981524e-02
1.298576467608065534e-02
1.332053869773965234e-02
1.367542140902270817e-02
1.404965577864936838e-02
1.444208696736058554e-02
1.485117033294910266e-02
1.527500865141246007e-02
1.571135192939913244e-02
1.615762679905300911e-02
1.661100679604514754e-02
1.706847663301220772e-02
1.752691380183135639e-02
1.798315511872235206e-02
1.843406953806439597e-02
1.887666680021583138e-02
1.930822338892225140e-02
1.972634478269805897e-02
2.012904537861695542e-02
2.051489400076457817e-02
2.088309611866607379e-02
2.123354013307339125e-02
2.156684931507245676e-02
2.188441448481634119e-02
2.218838677881212681e-02
2.248160867718019054e-02
2.276753520396932948e-02
2.305015018001481397e-02
2.333382608156370566e-02
2.362319444554476094e-02
2.392301499028841663e-02
2.423804409735200865e-02
2.457290885748528164e-02
2.493196802099396925e-02
2.531921310741937561e-02
2.573812400268162340e-02
2.619151120268663896e-02
2.668145115471306714e-02
2.720910740795722330e-02
2.777459711039977075e-02
2.837701664699221124e-02
2.901433409164728625e-02
2.968339106793288842e-02
3.038008163426112254e-02
3.109938703549232353e-02
3.183555823577763344e-02
3.258238605739445515e-02
3.333338916193671203e-02
3.408210945907872574e-02
3.482247588540022393e-02
3.554905112348501206e-02
3.625742587721662163e-02
3.694451010838242094e-02
3.760862562331440673e-02
3.824981933340973472e-02
3.886966983657931529e-02
3.947131814568440034e-02
4.005926587277378048e-02
4.063912408116313046e-02
4.121740873800473770e-02
4.180121155037459096e-02
4.239793265079147555e-02
4.301490852042064161e-02
4.365904067855239101e-02
4.433640889633621435e-02
4.505184157184989602e-02
4.580862647233892998e-02
4.660820820142234228e-02
4.745015416072465020e-02
4.833209659343043474e-02
4.924996540583562177e-02
5.019821649129881797e-02
5.117013118659800852e-02
5.215834409991814552e-02
5.315513260126839001e-02
5.415316247872534183e-02
5.514582293884270903e-02
5.612794416340793208e-02
5.709607197839292048e-02
5.804884448125947199e-02
5.898698183631219394e-02
5.991318287614518651e-02
6.083183012279414631e-02
6.174854858010710157e-02
6.266981434815009633e-02
6.360244816432657211e-02
6.455318778648844180e-02
6.552823718425082600e-02
6.653273572551865467e-02
6.757034989082950915e-02
6.864286298874408554e-02
6.974998629670117745e-02
7.088943190922651627e-02
7.205721352428408333e-02
7.324819103620239247e-02
7.445662561201038532e-02
7.567681435173102822e-02
7.690355355410140314e-02
7.813259317530164838e-02
7.936102863607577551e-02
8.058751361067501007e-02
8.181238758406558786e-02
8.303753389815868302e-02
8.426610252144352275e-02
8.550206529585491211e-02
8.674979138002339440e-02
8.801356129599606504e-02
8.929710595478444757e-02
9.060320819058624575e-02
9.193339682564447002e-02
9.328781583155466850e-02
9.466535306673475036e-02
9.606387979860510351e-02
9.748066354736267813e-02
9.891277185721988885e-02
1.003574576239585348e-01
1.018124324614575332e-01
1.032761003677717671e-01
1.047476681916298114e-01
1.062272111971878236e-01
1.077156312012852030e-01
1.092144387939181782e-01
1.107254194464863256e-01
1.122503015745721366e-01
1.137905673753356189e-01
1.153473215702214144e-01
1.169211911880771865e-01
1.185121819280228750e-01
1.201197104584955655e-01
1.217428996523838014e-01
1.233808957137441237e-01
1.250329386593078684e-01
1.266982466955193787e-01
1.283760706014432651e-01
1.300659482394585231e-01
1.317677912715074506e-01
1.334817409793374876e-01
1.352080375144747992e-01
1.369470307125403297e-01
1.386991524245432261e-01
1.404647275274606422e-01
1.422439308440471006e-01
1.440368974387171985e-01
1.458437433430930796e-01
1.476644746203114034e-01
1.494989344922653951e-01
1.513467453191102152e-01
1.532074014681974183e-01
1.550805486469548355e-01
1.569659897610239663e-01
1.588635021752760057e-01
1.607728347480510966e-01
1.626938742980205133e-01
1.646266339440895510e-01
1.665713133426998116e-01
1.685283285540304654e-01
1.704977109745192954e-01
1.724794015836618732e-01
1.744732008882830254e-01
1.764787300005411785e-01
1.784955842826997374e-01
1.805233185190724676e-01
1.825615157335421790e-01
1.846099314069903352e-01
1.866686125475438274e-01
1.887379160453171167e-01
1.908180319047126927e-01
1.929090299053397295e-01
1.950108837140942797e-01
1.971234733889003499e-01
1.992466585226195519e-01
2.013802677985947198e-01
2.035241112002177388e-01
2.056780008100862478e-01
2.078417527240715990e-01
2.100151837295395896e-01
2.121981099954864669e-01
2.143903479535989587e-01
2.165917166147527106e-01
2.188020374531527701e-01
2.210211318807617509e-01
2.232488230641951343e-01
2.254849381452179169e-01
2.277293076950439032e-01
2.299817663692002856e-01
2.322421518682414310e-01
2.345103039053161309e-01
2.367860628364665543e-01
2.390692695962619851e-01
2.413597663484211564e-01
2.436573964078111720e-01
2.459620046944210325e-01
2.482734369863840718e-01
2.505915391192891084e-01
2.529161570813850957e-01
2.552471368058087386e-01
2.575843243279466455e-01
2.599275656085543451e-01
2.622767066691975013e-01
2.646315935825337973e-01
2.669920721846322231e-01
2.693579873313737827e-01
2.717291830933485919e-01
2.741055032906639655e-01
2.764867909748811581e-01
2.788728880324459203e-01
2.812636351316812888e-01
2.836588718065204406e-01
2.860584366118658628e-01
2.884621672680082738e-01
2.908699012501917980e-01
2.932814758570111424e-01
2.956967280183667168e-01
2.981154943095935539e-01
3.005376109902004877e-01
3.029629142729446389e-01
3.053912405866861524e-01
3.078224265165521722e-01
3.102563089032191468e-01
3.126927247492078399e-01
3.151315112022933240e-01
3.175725054216403942e-01
3.200155446654804337e-01
3.224604665374320445e-01
3.249071092809242001e-01
3.273553118069388312e-01
3.298049136989104069e-01
3.322557556383502475e-01
3.347076795668895155e-01
3.371605287860175992e-01
3.396141479985236855e-01
3.420683832964187543e-01
3.445230818891693580e-01
3.469780920007927705e-01
3.494332630629548020e-01
3.518884457427418067e-01
3.543434918709963410e-01
3.567982540969181771e-01
3.592525859174326430e-01
3.617063417651205093e-01
3.641593767848178009e-01
3.666115466953128732e-01
3.690627076195104883e-01
3.715127158525534656e-01
3.739614277801200370e-01
3.764087000414624851e-01
3.788543897166574137e-01
3.812983544711465167e-01
3.837404526567537721e-01
3.861805436511196454e-01
3.886184881637512745e-01
3.910541483423135567e-01
3.934873880487476105e-01
3.959180728082623002e-01
3.983460696468892892e-01
4.007712468751581936e-01
4.031934742613911271e-01
4.056126230205874261e-01
4.080285658486904610e-01
4.104411768963153184e-01
4.128503313690327081e-01
4.152559055980064029e-01
4.176577769856122391e-01
4.200558237317127408e-01
4.224499246311160805e-01
4.248399588259520465e-01
4.272258056005089899e-01
4.296073443534564884e-01
4.319844548266172368e-01
4.343570172802753704e-01
4.367249127676342546e-01
4.390880231726416172e-01
4.414462317016532578e-01
4.437994232810292816e-01
4.461474847465718985e-01
4.484903053415291163e-01
4.508277764452224279e-01
4.531597912195449718e-01
4.554862445385667313e-01
4.578070332408577525e-01
4.601220558244931702e-01
4.624312124443858973e-01
4.647344049847349501e-01
4.670315368437100156e-01
4.693225128270928082e-01
4.716072388160147955e-01
4.738856215620939616e-01
4.761575683458875163e-01
4.784229867565563676e-01
4.806817844889729741e-01
4.829338693682357353e-01
4.851791496071595766e-01
4.874175339579510102e-01
4.896489320173440518e-01
4.918732543289762171e-01
4.940904132508987523e-01
4.963003233553756610e-01
4.985029020014035139e-01
5.006980697063826424e-01
5.028857495238162612e-01
5.050658666944592978e-01
5.072383488536776897e-01
5.094031262452846098e-01
5.115601310809210212e-01
5.137092974619608121e-01
5.158505614044690546e-01
5.179838609133944338e-01
5.201091359143786841e-01
5.222263277633779621e-01
5.243353789634705997e-01
5.264362326041743811e-01
5.285288320852733479e-01
5.306131209009695704e-01
5.326890427229428182e-01
5.347565417523131304e-01
5.368155629107932425e-01
5.388660522288075683e-01
5.409079571391254282e-01
5.429412276393018599e-01
5.449658164087803902e-01
5.469816796700527339e-01
5.489887767938548269e-01
5.509870698472301154e-01
5.529765233953781722e-01
5.549571046633825500e-01
5.569287834550781247e-01
5.588915315541748141e-01
5.608453228579809435e-01
5.627901331338913682e-01
5.647259401990704086e-01
5.666527239171482710e-01
5.685704658809708212e-01
5.704791487901892388e-01
5.723787559415690618e-01
5.742692708920644762e-01
5.761506773222202504e-01
5.780229591793099031e-01
5.798861011273251931e-01
5.817400888040691331e-01
5.835849092288770690e-01
5.854205512578111170e-01
5.872470063500400128e-01
5.890642684879703328e-01
5.908723344635070651e-01
5.926712035185187633e-01
5.944608772802330021e-01
5.962413593971824799e-01
5.980126556480809263e-01
5.997747736281681119e-01
6.015277225808283168e-01
6.032715138243364139e-01
6.050061603009742051e-01
6.067316764413849262e-01
6.084480783002897963e-01
6.101553832025050639e-01
6.118536091134548771e-01
6.135427743642313247e-01
6.152228974866396083e-01
6.168939971590677862e-01
6.185560924171880082e-01
6.202092030584878124e-01
6.218533498277626359e-01
6.234885548292213864e-01
6.251148417377223598e-01
6.267322360277427507e-01
6.283407647708247890e-01
6.299404567131484667e-01
6.315313423533337467e-01
6.331134537874006929e-01
6.346868244193433206e-01
6.362514889380149752e-01
6.378074830453710486e-01
6.393548436489844278e-01
6.408936092326058542e-01
6.424238193035606281e-01
6.439455140614708251e-01
6.454587345046256530e-01
6.469635220746594584e-01
6.484599183834722780e-01
6.499479651660158286e-01
6.514277043134731882e-01
6.528991778497561516e-01
6.543624281440514334e-01
6.558174980783433305e-01
6.572644311367910053e-01
6.587032717119398750e-01
6.601340649452849263e-01
6.615568568150004269e-01
6.629716940675918213e-01
6.643786243757726639e-01
6.657776965016872772e-01
6.671689600575525514e-01
6.685524653210306312e-01
6.699282632900014356e-01
6.712964056083667863e-01
6.726569446490434645e-01
6.740099337590065298e-01
6.753554267283564672e-01
6.766934774764338245e-01
6.780241400176935107e-01
6.793474683371502065e-01
6.806635163796176391e-01
6.819723381155572417e-01
6.832739875930835538e-01
6.845685189260816150e-01
6.858559864168515263e-01
6.871364445604628557e-01
6.884099480995604647e-01
6.896765521036997137e-01
6.909363117043392233e-01
6.921892821319320932e-01
6.934355187930666409e-01
6.946750774025364228e-01
6.959080141185250978e-01
6.971343853911193822e-01
6.983542478073770932e-01
6.995676582196138638e-01
7.007746738305850043e-01
7.019753521576695965e-01
7.031697511087543484e-01
7.043579286123694549e-01
7.055399424407841069e-01
7.067158501438837170e-01
7.078857090942359820e-01
7.090495765576574350e-01
7.102075097880341525e-01
7.113595660521302433e-01
7.125058026217691021e-01
7.136462767762431492e-01
7.147810457479021329e-01
7.159101667236547062e-01
7.170336967024322217e-01
7.181516922998164576e-01
7.192642097462315087e-01
7.203713050251796535e-01
7.214730339860140340e-01
7.225694524094337101e-01
7.236606159706017172e-01
7.247465801786262540e-01
7.258274005254584660e-01
7.269031325574721869e-01
7.279738317653793311e-01
7.290395535157775386e-01
7.301003529387952717e-01
7.311562848727487518e-01
7.322074038524717388e-01
7.332537641997417532e-01
7.342954201185796226e-01
7.353324257858063762e-01
7.363648353584499873e-01
7.373927029604562255e-01
7.384160826090780949e-01
7.394350281390853485e-01
7.404495931221746208e-01
7.414598306371351644e-01
7.424657931546028156e-01
7.434675325987188943e-01
7.444651004567752750e-01
7.454585478296898993e-01
7.464479254332809788e-01
7.474332836326899043e-01
7.484146724570888143e-01
7.493921417089479675e-01
7.503657409748725193e-01
7.513355195202714443e-01
7.523015262245267287e-01
7.532638096219765877e-01
7.542224179158152353e-01
7.551773990327775854e-01
7.561288007045976478e-01
7.570766705697797860e-01
7.580210562300502275e-01
7.589620052484979951e-01
7.598995651243559690e-01
7.608337831773197557e-01
7.617647064835399995e-01
7.626923817336919154e-01
7.636168550004787114e-01
7.645381717244973396e-01
7.654563768146154246e-01
7.663715146763204755e-01
7.672836292169956662e-01
7.681927638219935295e-01
7.690989614035348421e-01
7.700022644822471785e-01
7.709027152527125892e-01
7.718003555552925832e-01
7.726952267726343582e-01
7.735873698063392423e-01
7.744768251870098874e-01
7.753636331358879641e-01
7.762478336528273459e-01
7.771294665828624160e-01
7.780085717055408301e-01
7.788851887559324894e-01
7.797593574189575216e-01
7.806311172950350930e-01
7.815005077705861058e-01
7.823675679698581797e-01
7.832323365803841586e-01
7.840948516559982373e-01
7.849551506907168630e-01
7.858132707005759388e-01
7.866692482165870137e-01
7.875231192676548364e-01
7.883749193578204473e-01
7.892246835056478949e-01
7.900724463621672244e-01
7.909182422280167657e-01
7.917621050027305873e-01
7.926040680990600329e-01
7.934441644470747734e-01
7.942824266338819328e-01
7.951188869836126605e-01
7.959535776555232145e-01
7.967865307065108427e-01
7.976177781504526498e-01
7.984473519564577737e-01
7.992752840402495007e-01
8.001016062181194322e-01
8.009263500853662787e-01
8.017495469795467011e-01
8.025712278156568180e-01
8.033914229607820312e-01
8.042101623409553257e-01
8.050274754754431772e-01
8.058433914605153126e-01
8.066579389550437851e-01
8.074711461415773339e-01
8.082830407671459660e-01
8.090936502652203988e-01
8.099030017402077952e-01
8.107111219184345297e-01
8.115180370714800695e-01
8.123237730326562378e-01
8.131283553456399860e-01
8.139318093475506055e-01
8.147341602588586973e-01
8.155354332428538244e-01
8.163356534343638726e-01
8.171348459270805220e-01
8.179330357616170222e-01
8.187302478756215418e-01
8.195265070084711834e-01
8.203218376655889710e-01
8.211162639827805920e-01
8.219098096646668683e-01
8.227024980849162450e-01
8.234943522848751085e-01
8.242853949734175734e-01
8.250756485129262519e-01
8.258651348682551907e-01
8.266538756554482337e-01
8.274418922395561093e-01
8.282292057046422018e-01
8.290158368190941873e-01
8.298018059625240639e-01
8.305871331492887810e-01
8.313718381626261644e-01
8.321559406336389575e-01
8.329394601130590825e-01
8.337224161262810629e-01
8.345048281804969825e-01
8.352867157484301641e-01
8.360680982534047789e-01
8.368489950168844782e-01
8.376294251912497213e-01
8.384094077347543639e-01
8.391889613222268673e-01
8.399681043155122762e-01
8.407468548392129648e-01
8.415252307580941560e-01
8.423032496957871818e-01
8.430809290139422707e-01
8.438582857658795122e-01
8.446353367476659990e-01
8.454120985556883294e-01
8.461885875630531517e-01
8.469648198969522701e-01
8.477408113753358565e-01
8.485165775354279738e-01
8.492921337348826594e-01
8.500674952252045280e-01
8.508426772071254751e-01
8.516176948723952478e-01
8.523925634040250277e-01
8.531672979625132269e-01
8.539419136709339719e-01
8.547164255745183237e-01
8.554908486062451356e-01
8.562651975710532382e-01
8.570394871025931449e-01
8.578137316454238492e-01
8.585879455022955575e-01
8.593621428105580051e-01
8.601363375660858734e-01
8.609105436001749379e-01
8.616847745485103349e-01
8.624590438949967242e-01
8.632333649883926485e-01
8.640077510346074741e-01
8.647822150808542885e-01
8.655567699695894124e-01
8.663314283588050557e-01
8.671062027856788479e-01
8.678811057242244997e-01
8.686561496231552937e-01
8.694313469289742802e-01
8.702067100825714441e-01
8.709822515043893487e-01
8.717579835749524886e-01
8.725339185973502998e-01
8.733100687753898583e-01
8.740864462027647663e-01
8.748630628373972318e-01
8.756399304894436630e-01
8.764170608548853547e-01
8.771944654964475285e-01
8.779721558659966396e-01
8.787501432819788683e-01
8.795284389067977715e-01
8.803070537890655967e-01
8.810859988600853177e-01
8.818652849357444534e-01
8.826449227033181799e-01
8.834249226890475981e-01
8.842052952715374614e-01
8.849860507290010503e-01
8.857671992907626413e-01
8.865487511710884450e-01
8.873307165837891475e-01
8.881131057480489144e-01
8.888959289160139887e-01
8.896791964066700364e-01
8.904629186532372342e-01
8.912471062251120513e-01
8.920317698347539626e-01
8.928169203642543073e-01
8.936025688583170146e-01
8.943887264837668827e-01
8.951754045497311019e-01
8.959626144916841284e-01
8.967503678811715728e-01
8.975386764522064187e-01
8.983275520546591952e-01
8.991170066587437226e-01
8.999070523428298607e-01
9.006977012909593849e-01
9.014889658034150877e-01
9.022808582723791382e-01
9.030733911514704504e-01
9.038665769247177240e-01
9.046604280821795019e-01
9.054549571139797193e-01
9.062501764992973996e-01
9.070460986101416268e-01
9.078427355373517305e-01
9.086400989673990569e-01
9.094382001564325080e-01
9.102370499162723005e-01
9.110366585448232968e-01
9.118370358368482753e-01
9.126381911726797469e-01
9.134401334681357953e-01
9.142428712328475315e-01
9.150464125113887404e-01
9.158507648365780129e-01
9.166559353525339793e-01
9.174619307794067424e-01
9.182687574394499119e-01
9.190764212401815181e-01
9.198849276440587142e-01
9.206942816877488056e-01
9.215044881138676480e-01
9.223155515367328361e-01
9.231274765556909401e-01
9.239402677700863098e-01
9.247539298299798372e-01
9.255684680677989107e-01
9.263838895223583947e-01
9.272002032784304459e-01
9.280174204841112884e-01
9.288355544046226209e-01
9.296546206933211653e-01
9.304746372750003491e-01
