8.886514683814277860e-04
8.886510503975590235e-04
8.886505589182751037e-04
8.886499935335622066e-04
8.886493536922701695e-04
8.886486377213389729e-04
8.886478435394956372e-04
8.886469690184771019e-04
8.886460117806027409e-04
8.886449692035407319e-04
8.886438385187810443e-04
8.886426166421389694e-04
8.886413001812282003e-04
8.886398856353634268e-04
8.886383691522403228e-04
8.886367469979711232e-04
8.886350157606560506e-04
8.886331719949170076e-04
8.886312124244343490e-04
8.886291342979765404e-04
8.886269350648241805e-04
8.886246126273218866e-04
8.886221655838065850e-04
8.886195926145433726e-04
8.886168928066879051e-04
8.886140658113724378e-04
8.886111108951789787e-04
8.886080271525789460e-04
8.886048135440206483e-04
8.886014682478989360e-04
8.885979888627222600e-04
8.885943721334181936e-04
8.885906135774885965e-04
8.885867082164258454e-04
8.885826507619926443e-04
8.885784347811907617e-04
8.885740539385328330e-04
8.885695022456660324e-04
8.885647736622022267e-04
8.885598623960562882e-04
8.885547631164226502e-04
8.885494711139323501e-04
8.885439827710926892e-04
8.885382949721510031e-04
8.885324045879685250e-04
8.885263090579693717e-04
8.885200059675258007e-04
8.885134922634023045e-04
8.885067647571027582e-04
8.884998201191128715e-04
8.884926546587724539e-04
8.884852643053782039e-04
8.884776440921329657e-04
8.884697885023778866e-04
8.884616918673725328e-04
8.884533482754386393e-04
8.884447513930963502e-04
8.884358945924881144e-04
8.884267709273928814e-04
8.884173733395795899e-04
8.884076947757443355e-04
8.883977281612797251e-04
8.883874665958395788e-04
8.883769033386878892e-04
8.883660315653112627e-04
8.883548443483124581e-04
8.883433347293681268e-04
8.883314961710770058e-04
8.883193230177220982e-04
8.883068096680558565e-04
8.882939502213352788e-04
8.882807383624011406e-04
8.882671675134472169e-04
8.882532306339706698e-04
8.882389204623830333e-04
8.882242295890712368e-04
8.882091504426562097e-04
8.881936750383569298e-04
8.881777940616277347e-04
8.881614974599066513e-04
8.881447749284614602e-04
8.881276165802053525e-04
8.881100125595433638e-04
8.880919533374245518e-04
8.880734294826118751e-04
8.880544313892745545e-04
8.880349492828821210e-04
8.880149732184536467e-04
8.879944934509061355e-04
8.879735006611730189e-04
8.879519858783336108e-04
8.879299400535797674e-04
8.879073534409876942e-04
8.878842156649032792e-04
8.878605154919736245e-04
8.878362414136579733e-04
8.878113817157697388e-04
8.877859244406020693e-04
8.877598572636356301e-04
8.877331673363222410e-04
8.877058412000462780e-04
8.876778638410473240e-04
8.876492201123796152e-04
8.876198947917801401e-04
8.875898729286298139e-04
8.875591394391036055e-04
8.875276789841488956e-04
8.874954759844616700e-04
8.874625146655018343e-04
8.874287790193685459e-04
8.873942528731964575e-04
8.873589207616253485e-04
8.873227675105986546e-04
8.872857775370644913e-04
8.872479347540505011e-04
8.872092225847714921e-04
8.871696241345299093e-04
8.871291222019165104e-04
8.870876988711918739e-04
8.870453354744697524e-04
8.870020129021889905e-04
8.869577114717553832e-04
8.869124106297808377e-04
8.868660894260203429e-04
8.868187265471220992e-04
8.867703003289339721e-04
8.867207887090292062e-04
8.866701692259112717e-04
8.866184194522505353e-04
8.865655175365203325e-04
8.865114415426427093e-04
8.864561692078018343e-04
8.863996779896922288e-04
8.863419449116616278e-04
8.862829465160099477e-04
8.862226588462286453e-04
8.861610574292743368e-04
8.860981174022983719e-04
8.860338134466371352e-04
8.859681182763488915e-04
8.859010027869381344e-04
8.858324371197718282e-04
8.857623908969352710e-04
8.856908331589652796e-04
8.856177323842523126e-04
8.855430564766538946e-04
8.854667727349344259e-04
8.853888478839207080e-04
8.853092478606256095e-04
8.852279385224520692e-04
8.851448864282510402e-04
8.850600582581527641e-04
8.849734201642904573e-04
8.848849376648821067e-04
8.847945755966439693e-04
8.847022981046913370e-04
8.846080686185775607e-04
8.845118498486179539e-04
8.844136040443032008e-04
8.843132929331094794e-04
8.842108768319089122e-04
8.841063143460032832e-04
8.839995632874003435e-04
8.838905807282830844e-04
8.837793229190532692e-04
8.836657452965255080e-04
8.835498024448709339e-04
8.834314480626012959e-04
8.833106350700815901e-04
8.831873154117136871e-04
8.830614398109317949e-04
8.829329581729239342e-04
8.828018196823776437e-04
8.826679726926378719e-04
8.825313646120219822e-04
8.823919418685854596e-04
8.822496498903876962e-04
8.821044330684345031e-04
8.819562348237879480e-04
8.818049978357885271e-04
8.816506644850717741e-04
8.814931764540053904e-04
8.813324742502587177e-04
8.811684974594026542e-04
8.810011846086218635e-04
8.808304730726647901e-04
8.806562991086570652e-04
8.804785977682373296e-04
8.802973028993159180e-04
8.801123473397234496e-04
8.799236619695741113e-04
8.797311749564928939e-04
8.795348128346928496e-04
8.793345009295888866e-04
8.791301633081337200e-04
8.789217226685625342e-04
8.787091003327121693e-04
8.784922161831648256e-04
8.782709886364434412e-04
8.780453348303016549e-04
8.778151710759526634e-04
8.775804137749713008e-04
8.773409781924340622e-04
8.770967782945911619e-04
8.768477268723849161e-04
8.765937352062159495e-04
8.763347129676024800e-04
8.760705682644040178e-04
8.758012075074973497e-04
8.755265355307952253e-04
8.752464559429530859e-04
8.749608697926321635e-04
8.746696752460099422e-04
8.743727683384703176e-04
8.740700430471761871e-04
8.737613915388770837e-04
8.734467041205292966e-04
8.731258692988816709e-04
8.727987736045961144e-04
8.724653016655460613e-04
8.721253364216638177e-04
8.717787587922507398e-04
8.714254481907429814e-04
8.710652819447375992e-04
8.706981361703688624e-04
8.703238855153372670e-04
8.699424026074036465e-04
8.695535580096439314e-04
8.691572202834366330e-04
8.687532558710278109e-04
8.683415293515830882e-04
8.679219039935303281e-04
8.674942409040758886e-04
8.670583989429221866e-04
8.666142348867584069e-04
8.661616031026158659e-04
8.657003556990254187e-04
8.652303424275584577e-04
8.647514107337261934e-04
8.642634052655764031e-04
8.637661683795598306e-04
8.632595404656717925e-04
8.627433594055060242e-04
8.622174601064459733e-04
8.616816734643364820e-04
8.611358280753490281e-04
8.605797502662485303e-04
8.600132638734778309e-04
8.594361903741777825e-04
8.588483494050955149e-04
8.582495585221564232e-04
8.576396332416379381e-04
8.570183870165006337e-04
8.563856306932894581e-04
8.557411739628868795e-04
8.550848251530595830e-04
8.544163902534171332e-04
8.537356727054794259e-04
8.530424733524085215e-04
8.523365901116101637e-04
8.516178172977225975e-04
8.508859469063729825e-04
8.501407688852185033e-04
8.493820706003668954e-04
8.486096360698272946e-04
8.478232453582082960e-04
8.470226761819223127e-04
8.462077037956754633e-04
8.453781009634032560e-04
8.445336382904304520e-04
8.436740846973634755e-04
8.427992071581959579e-04
8.419087708258353887e-04
8.410025388050354012e-04
8.400802717934323718e-04
8.391417286189136382e-04
8.381866658934893164e-04
8.372148380520108958e-04
8.362259974080594755e-04
8.352198942032018278e-04
8.341962767336050461e-04
8.331548911186900273e-04
8.320954819463643624e-04
8.310177922841529728e-04
8.299215633569953423e-04
8.288065346835890362e-04
8.276724443452298813e-04
8.265190292886101173e-04
8.253460248528565572e-04
8.241531650538095905e-04
8.229401828943774637e-04
8.217068104281336285e-04
8.204527789748025744e-04
8.191778191553173967e-04
8.178816610160493088e-04
8.165640339640521488e-04
8.152246662917220178e-04
8.138632849228411362e-04
8.124796162828911046e-04
8.110733868725762295e-04
8.096443232867641011e-04
8.081921530695326383e-04
8.067166043361137778e-04
8.052174057510823628e-04
8.036942868361669941e-04
8.021469781722806967e-04
8.005752118408095272e-04
7.989787212917928878e-04
7.973572412976207219e-04
7.957105082666718430e-04
7.940382606084002599e-04
7.923402396008524980e-04
7.906161894254396970e-04
7.888658568135460333e-04
7.870889910080971141e-04
7.852853450359721654e-04
7.834546758539823142e-04
7.815967434865395483e-04
7.797113112635923639e-04
7.777981465039050454e-04
7.758570217462419823e-04
7.738877146368467819e-04
7.718900098155408607e-04
7.698636974738281213e-04
7.678085728146702947e-04
7.657244376917908676e-04
7.636111011494005731e-04
7.614683795490235661e-04
7.592960955464635522e-04
7.570940787197011530e-04
7.548621673226754876e-04
7.526002080435515405e-04
7.503080584630917758e-04
7.479855860149460436e-04
7.456326663009196906e-04
7.432491841159627900e-04
7.408350360649551851e-04
7.383901302170519949e-04
7.359143850119145500e-04
7.334077294669650703e-04
7.308701046699631271e-04
7.283014649410912613e-04
7.257017783350008713e-04
7.230710289076415151e-04
7.204092131013630331e-04
7.177163396271530856e-04
7.149924329508275476e-04
7.122375332095475919e-04
7.094516962732775808e-04
7.066349922863558774e-04
7.037875070515652205e-04
7.009093444683900040e-04
6.980006256721100946e-04
6.950614932112981559e-04
6.920921070684634161e-04
6.890926423118199241e-04
6.860632920575448091e-04
6.830042700007713831e-04
6.799158090122760191e-04
6.767981600066095725e-04
6.736515918354807342e-04
6.704763939127509785e-04
6.672728756982416803e-04
6.640413685230577533e-04
6.607822259676033021e-04
6.574958185185381240e-04
6.541825348887966721e-04
6.508427848332737830e-04
6.474769979616865068e-04
6.440856245838753663e-04
6.406691335664055093e-04
6.372280149643191633e-04
6.337627814177275703e-04
6.302739680732498059e-04
6.267621358872920876e-04
6.232278655005017405e-04
6.196717568502301899e-04
6.160944336147658115e-04
6.124965444028169061e-04
6.088787612724539094e-04
6.052417790396187993e-04
6.015863137479167356e-04
5.979131036717806255e-04
5.942229065346185755e-04
5.905165008411056987e-04
5.867946837366684858e-04
5.830582653842672014e-04
5.793080696216546368e-04
5.755449315132258117e-04
5.717696977038459446e-04
5.679832247366687140e-04
5.641863774914219597e-04
5.603800324654205139e-04
5.565650776553362307e-04
5.527424143340155032e-04
5.489129558896822195e-04
5.450776307618115284e-04
5.412373904065194722e-04
5.373932112462072091e-04
5.335460970886633661e-04
5.296970858658441462e-04
5.258472498143356355e-04
5.219976962781356896e-04
5.181495648788308605e-04
5.143040322453120393e-04
5.104623186221429309e-04
5.066256831420840479e-04
5.027954242527896914e-04
4.989728834687574398e-04
4.951594482724588735e-04
4.913565485436365964e-04
4.875656530319948784e-04
4.837882687058414556e-04
4.800259453786872525e-04
4.762802828018162940e-04
4.725529256574417000e-04
4.688455568380092025e-04
4.651599084035410651e-04
4.614977609783904393e-04
4.578609404823991364e-04
4.542513135878772077e-04
4.506707907790902332e-04
4.471213464500567707e-04
4.436050149379782825e-04
4.401238894862615565e-04
4.366801358385727578e-04
4.332759927997676362e-04
4.299137707989164766e-04
4.265958418558406175e-04
4.233246571225180626e-04
4.201027579411692426e-04
4.169327682158231610e-04
4.138174008218958280e-04
4.107594595350344438e-04
4.077618418353456020e-04
4.048275261993167229e-04
4.019595774214411378e-04
3.991611622354235907e-04
3.964355460837504252e-04
3.937861065561190448e-04
3.912163170615868407e-04
3.887297545543059573e-04
3.863300883667074477e-04
3.840210540459670983e-04
3.818064857686046453e-04
3.796902559771290521e-04
3.776763001745754838e-04
3.757686174698979774e-04
3.739712129047866973e-04
3.722881399244244477e-04
3.707234102471571491e-04
3.692810681870329552e-04
3.679651420175702211e-04
3.667796029917931816e-04
3.657284293946500508e-04
3.648154859148202583e-04
3.640446157976444841e-04
3.634195052650919977e-04
3.629437268598146443e-04
3.626206633904886139e-04
3.624534575398747965e-04
3.624450535031016108e-04
3.625980658860416313e-04
3.629148875592016327e-04
3.633974966776334328e-04
3.640475124030267398e-04
3.648661351903726086e-04
3.658540584449974150e-04
3.670115132791639499e-04
3.683382671828869899e-04
3.698335333989660766e-04
3.714958846594723662e-04
3.733232584224357433e-04
3.753129295660830576e-04
3.774616001695980981e-04
3.797652639218962261e-04
3.822193323544798688e-04
3.848185919012021383e-04
3.875573112831325875e-04
3.904294016610543772e-04
3.934284762526095349e-04
3.965480982537386806e-04
3.997816507402069319e-04
4.031226746254069774e-04
4.065649081930864284e-04
4.101024378654608200e-04
4.137299427979955935e-04
4.174427996271655537e-04
4.212373436886622524e-04
4.251110388421964299e-04
4.290625933746104259e-04
4.330920206384143646e-04
4.372009517768095485e-04
4.413926449673506096e-04
4.456722607902322214e-04
4.500466692805764964e-04
4.545243644771568845e-04
4.591157163618478365e-04
4.638329448213797303e-04
4.686902527599733927e-04
4.737034444959166510e-04
4.788896650013850964e-04
4.842675025618416195e-04
4.898568909985634434e-04
4.956789993303008495e-04
5.017558803791210545e-04
5.081099809725705052e-04
5.147644053959773329e-04
5.217423369204405009e-04
5.290669554329436100e-04
5.367614994272915888e-04
5.448485328208954896e-04
5.533504634374480100e-04
5.622877203441288205e-04
5.716787388354510960e-04
5.815398538760039237e-04
5.918833349982453688e-04
6.027190296917177672e-04
6.140525437331671287e-04
6.258860849394611492e-04
6.382171260634939046e-04
6.510366108937602932e-04
6.643315895925573861e-04
6.780829902134121248e-04
6.922656995454408478e-04
7.068515313219332673e-04
7.218070062036234264e-04
7.370974998193584619e-04
7.526857794396170235e-04
7.685296364490296550e-04
7.845891663007559681e-04
8.008202863717634812e-04
8.171855351231361274e-04
8.336497280162238031e-04
8.501836510558995284e-04
8.667686856765188927e-04
8.833881254095074650e-04
9.000411352646496034e-04
9.167324454971037973e-04
9.334837375985685203e-04
9.503263881857160287e-04
9.673042047644405316e-04
9.844744865627717834e-04
1.001901319802050647e-03
1.019660164121488242e-03
1.037830365565761259e-03
1.056499325584490598e-03
1.075754553090693634e-03
1.095687364038137662e-03
1.116386457382829772e-03
1.137939480909926169e-03
1.160425240325359958e-03
1.183914142698129675e-03
1.208462576923621063e-03
1.234111111139429015e-03
1.260885673740956255e-03
1.288791048250900956e-03
1.317814052203662451e-03
1.347921981514850487e-03
1.379064044567456220e-03
1.411170544289833476e-03
1.444157581634276065e-03
1.477926818268315802e-03
1.512370073708376719e-03
1.547377110452353814e-03
1.582841558051790087e-03
1.618668766760383891e-03
1.654779297849356609e-03
1.691112573288751147e-03
1.727635273146095303e-03
1.764342985878240063e-03
1.801261481962621687e-03
1.838448295480330213e-03
1.875990255949777120e-03
1.914001875836888935e-03
1.952622594283205107e-03
1.992011351717282597e-03
2.032342978676915032e-03
2.073797244782866339e-03
2.116548333641729909e-03
2.160761031538254839e-03
2.206577283326601260e-03
2.254108437756922184e-03
2.303433347166253340e-03
2.354583463560198844e-03
2.407554797888125046e-03
2.462298580101674513e-03
2.518719015935959576e-03
2.576704589617453793e-03
2.636110876892666655e-03
2.696783485291667868e-03
2.758565295637968682e-03
2.821296156896224358e-03
2.884873279468726411e-03
2.949210023212538948e-03
3.014251199192914243e-03
3.080040494384176861e-03
3.146637106457827668e-03
3.214148722249508035e-03
3.282711907063291020e-03
3.352461703205617590e-03
3.423648362991366621e-03
3.496489760768671778e-03
3.571189946203948314e-03
3.647963659778489815e-03
3.726896467905335079e-03
3.808178302701996452e-03
3.891860874827336898e-03
3.977839779843937197e-03
4.066149593838073138e-03
4.156687110779427353e-03
4.249313334859856212e-03
4.343919635905451465e-03
4.440280849152896010e-03
4.538378462490686403e-03
4.638122656659077539e-03
4.739368938146444089e-03
4.842229648695661401e-03
4.946718471840042854e-03
5.052931657579289720e-03
5.161051861437568680e-03
5.271130875044259881e-03
5.383508970330614860e-03
5.498340209352747809e-03
5.615629817197164558e-03
5.735736017804455786e-03
5.858498755071335495e-03
5.984101813774877696e-03
6.112601687144668915e-03
6.243679075713893731e-03
6.377553546487541199e-03
6.514044441520126100e-03
6.652962338218191413e-03
6.794429221134041900e-03
6.938294064628910095e-03
7.084577589471496677e-03
7.233398407767532672e-03
7.384697819273418166e-03
7.538636682985848901e-03
7.695462460249049945e-03
7.855036728603385227e-03
8.017700266712095986e-03
8.183515821981051513e-03
8.352362174520830407e-03
8.524586924109402511e-03
8.699900534333357069e-03
8.878491866389216086e-03
9.060287669248885678e-03
9.245176127132681901e-03
9.433243636361348175e-03
9.624381543676370845e-03
9.818634399951507372e-03
1.001599142980077496e-02
1.021659004734284774e-02
1.042037056707192239e-02
1.062750578507308877e-02
1.083809502890737547e-02
1.105201228184501776e-02
1.126965272043081549e-02
1.149066878532777058e-02
1.171538778415985929e-02
1.194368455322318903e-02
1.217544886426260436e-02
1.241087924611773696e-02
1.264972165522355516e-02
1.289221043099834062e-02
1.313814450824975222e-02
1.338773401816273530e-02
1.364089438122186200e-02
1.389768052635683218e-02
1.415834302479939202e-02
1.442254130648373128e-02
1.469074549449672813e-02
1.496259412959804157e-02
1.523826788821380958e-02
1.551774628237500078e-02
1.580090165908364097e-02
1.608785855757901770e-02
1.637852598407488203e-02
1.667297377492333102e-02
1.697120105647285243e-02
1.727326131972702419e-02
1.757919095846621760e-02
1.788900578958473389e-02
1.820272025117250503e-02
1.852034365378262687e-02
1.884188439700701378e-02
1.916734854824011375e-02
1.949674186823204675e-02
1.983007119627238843e-02
2.016734359394569548e-02
2.050856616697832938e-02
2.085374632303249598e-02
2.120289190657954903e-02
2.155601132086860591e-02
2.191311359452242924e-02
2.227420897743115705e-02
2.263930952506078287e-02
2.300842932050157705e-02
2.338158497348421377e-02
2.375879590094290283e-02
2.414008428781239460e-02
2.452547436255538352e-02
2.491499308296223417e-02
2.530867088701633377e-02
2.570654101773118053e-02
2.610863865528693234e-02
2.651500029005167403e-02
2.692566442777515404e-02
2.734067124439107030e-02
2.776006231253937834e-02
2.818388054579488988e-02
2.861216970598729967e-02
2.904497389925418671e-02
2.948233768594672732e-02
2.992430680289250022e-02
3.037092856296978727e-02
3.082225220247326522e-02
3.127832934356120087e-02
3.173921487126565855e-02
3.220496741047869371e-02
3.267564959304702227e-02
3.315132823418406871e-02
3.363207450768262996e-02
3.411796332484106492e-02
3.460907261368628002e-02
3.510548371181219235e-02
3.560728158094211143e-02
3.611455431531958304e-02
3.662739219305552463e-02
3.714588730947188111e-02
3.767013406698951905e-02
3.820022894128143054e-02
3.873626999269780963e-02
3.927835633866536003e-02
3.982658743273371355e-02
4.038106286234244280e-02
4.094188250591350442e-02
4.150914681588987326e-02
4.208295701646497244e-02
4.266341508948266054e-02
4.325062386419790961e-02
4.384468706140017685e-02
4.444570929079143945e-02
4.505379609662897578e-02
4.566905355834913194e-02
4.629158829961366878e-02
4.692150761375507573e-02
4.755891920707885911e-02
4.820393091963330601e-02
4.885665071511618301e-02
4.951718659395099031e-02
5.018564654703853295e-02
5.086213857813216832e-02
5.154677086118600315e-02
5.223965159393565566e-02
5.294088877506536450e-02
5.365059040024434955e-02
5.436886450764273626e-02
5.509581920206706174e-02
5.583156259119872317e-02
5.657620272781944959e-02
5.732984761456309808e-02
5.809260514733047970e-02
5.886458293128451341e-02
5.964588775644575486e-02
6.043662544755002558e-02
6.123690042646722648e-02
6.204681544232148321e-02
6.286647190644328864e-02
6.369597021199609188e-02
6.453540921974255939e-02
6.538488617155123472e-02
6.624449690697820081e-02
6.711433592100926604e-02
6.799449664289328177e-02
6.888507113979794316e-02
6.978615035830353086e-02
7.069782440451452543e-02
7.162018263713498811e-02
7.255331392853892059e-02
7.349730700029043218e-02
7.445225051802359384e-02
7.541823294823454815e-02
7.639534243865919727e-02
7.738366664567213060e-02
7.838329255354307967e-02
7.939430603490590932e-02
8.041679134688621555e-02
8.145083095927238559e-02
8.249650502719095557e-02
8.355389164021680137e-02
8.462306719296666668e-02
8.570410654201630896e-02
8.679708274162184489e-02
8.790206724915189396e-02
8.901913011652305696e-02
9.014833978211901633e-02
9.128976311686450018e-02
9.244346540483037999e-02
9.360951065716560660e-02
9.478796180261754578e-02
9.597888114113983793e-02
9.718233070107001881e-02
9.839837244267467253e-02
9.962706829024163546e-02
1.008684798436217250e-01
1.021226682218955850e-01
1.033896938338256521e-01
1.046696161031281519e-01
1.059624925234728815e-01
1.072683782674956482e-01
1.085873256814883780e-01
1.099193840132245414e-01
1.112645999121946033e-01
1.126230178363261530e-01
1.139946799322767157e-01
1.153796256451350838e-01
1.167778922671169062e-01
1.181895150526798416e-01
1.196145271849876623e-01
1.210529595131333430e-01
1.225048404567404825e-01
1.239701965584641685e-01
1.254490528155621232e-01
1.269414333884179014e-01
1.284473619747525663e-01
1.299668621080666553e-01
1.314999570799141870e-01
1.330466693623608421e-01
1.346070202984744058e-01
1.361810295312078922e-01
1.377687145250195422e-01
1.393700890729641373e-01
1.409851633810361438e-01
1.426139430679750630e-01
1.442564297718951227e-01
1.459126215602302157e-01
1.475825132962151620e-01
1.492660964933349155e-01
1.509633594042989191e-01
1.526742875857762527e-01
1.543988635722395864e-01
1.561370672151784766e-01
1.578888754625735191e-01
1.596542623102708003e-01
1.614331992769811597e-01
1.632256563352511847e-01
1.650316026134484304e-01
1.668510068147043834e-01
1.686838374148871833e-01
1.705300624132045084e-01
1.723896485923271382e-01
1.742625611285806286e-01
1.761487628568554342e-01
1.780482135931182319e-01
1.799608689444291143e-01
1.818866805143735388e-01
1.838255954070760478e-01
1.857775568288604628e-01
1.877425042379801123e-01
1.897203738726639111e-01
1.917110985943986379e-01
1.937146083752142867e-01
1.957308304262688481e-01
1.977596885387563896e-01
1.998011038308042664e-01
2.018549949225914020e-01
2.039212777816667710e-01
2.059998662802878799e-01
2.080906732216432908e-01
2.101936107763180961e-01
2.123085907536741979e-01
2.144355246952749650e-01
2.165743234834963948e-01
2.187248966757612822e-01
2.208871521588094133e-01
2.230609953858999350e-01
2.252463289588251816e-01
2.274430521374219416e-01
2.296510610601138758e-01
2.318702487183078587e-01
2.341005048044509929e-01
2.363417160385141436e-01
2.385937667450439559e-01
2.408565387150934656e-01
2.431299116774505997e-01
2.454137630191714770e-01
2.477079671303545616e-01
2.500123963565579754e-01
2.523269216196947773e-01
2.546514122554094928e-01
2.569857366272357280e-01
2.593297626478366924e-01
2.616833579381698804e-01
2.640463898431237300e-01
2.664187254740340016e-01
2.688002313229126417e-01
2.711907728963847686e-01
2.735902145393023788e-01
2.759984188950438400e-01
2.784152472197098382e-01
2.808405593030814384e-01
2.832742137528701520e-01
2.857160676846879355e-01
2.881659762355071042e-01
2.906237930614710141e-01
2.930893708124701069e-01
2.955625609357303563e-01
2.980432137694277173e-01
3.005311782762554729e-01
3.030263015831592410e-01
3.055284300139785580e-01
3.080374096540544060e-01
3.105530864876004937e-01
3.130753066413555774e-01
3.156039163763124100e-01
3.181387619210929163e-01
3.206796893539138327e-01
3.232265446284915966e-01
3.257791733942028145e-01
3.283374210286939543e-01
3.309011326247513485e-01
3.334701530610351683e-01
3.360443277997653966e-01
3.386235030713164451e-01
3.412075256450706195e-01
3.437962423134178769e-01
3.463894996051353758e-01
3.489871441102112004e-01
3.515890227330065176e-01
3.541949823592511759e-01
3.568048696471632919e-01
3.594185311112055303e-01
3.620358129631644495e-01
3.646565618614256987e-01
3.672806252387255110e-01
3.699078515468200989e-01
3.725380900147722829e-01
3.751711903480843269e-01
3.778070023345596606e-01
3.804453757629701616e-01
3.830861604537730836e-01
3.857292063913091429e-01
3.883743640460197155e-01
3.910214845069364120e-01
3.936704202534085928e-01
3.963210258945092379e-01
3.989731581695630247e-01
4.016266753424745928e-01
4.042814369365091420e-01
4.069373036465309679e-01
4.095941373147949371e-01
4.122518010217355866e-01
4.149101586050112922e-01
4.175690744865808157e-01
4.202284140187135253e-01
4.228880435968577212e-01
4.255478308439462065e-01
4.282076447698688892e-01
4.308673557571350288e-01
4.335268351006787424e-01
4.361859545894609669e-01
4.388445861466149234e-01
4.415026018247775741e-01
4.441598738706835081e-01
4.468162751325837623e-01
4.494716794256913284e-01
4.521259618581925377e-01
4.547789998756717189e-01
4.574306737190895755e-01
4.600808660280848450e-01
4.627294614328147371e-01
4.653763464983275422e-01
4.680214097423195940e-01
4.706645413924532839e-01
4.733056332677929023e-01
4.759445783114074624e-01
4.785812705969776926e-01
4.812156058193809982e-01
4.838474814631193444e-01
4.864767965512266090e-01
4.891034516036490420e-01
4.917273483430288916e-01
4.943483892558504511e-01
4.969664771714216167e-01
4.995815150785781200e-01
5.021934061652458814e-01
5.048020539241075966e-01
5.074073626864632480e-01
5.100092378617034905e-01
5.126075864514300084e-01
5.152023179915538043e-01
5.177933445605414908e-01
5.203805803250588502e-01
5.229639414857111257e-01
5.255433462664621524e-01
5.281187149569047667e-01
5.306899697004920924e-01
5.332570341518918511e-01
5.358198332165201583e-01
5.383782932018534861e-01
5.409323422806163739e-01
5.434819105855210886e-01
5.460269297300669455e-01
5.485673325826149194e-01
5.511030528776199588e-01
5.536340248554143528e-01
5.561601829356263016e-01
5.586814616935690259e-01
5.611977959182056219e-01
5.637091207507938240e-01
5.662153721966667330e-01
5.687164872152794537e-01
5.712124042724479045e-01
5.737030640241195245e-01
5.761884089900708439e-01
5.786683833359035356e-01
5.811429329632680219e-01
5.836120055130471496e-01
5.860755504928857329e-01
5.885335191219169815e-01
5.909858638609788439e-01
5.934325383527085940e-01
5.958734976283769358e-01
5.983086984596731606e-01
6.007380993927626811e-01
6.031616601821394585e-01
6.055793414863573920e-01
6.079911045059844810e-01
6.103969107109661341e-01
6.127967216541215789e-01
6.151904990231000792e-01
6.175782046984654716e-01
6.199598008975789609e-01
6.223352505666245316e-01
6.247045173889436143e-01
6.270675662724797261e-01
6.294243637695452476e-01
6.317748776745371053e-01
6.341190770302471691e-01
6.364569321914782529e-01
6.387884148308291543e-01
6.411134981300867786e-01
6.434321566299797679e-01
6.457443658346619930e-01
6.480501022414325574e-01
6.503493435174467763e-01
6.526420687672905840e-01
6.549282585279084801e-01
6.572078942307668648e-01
6.594809578842248943e-01
6.617474318096192576e-01
6.640072984508212928e-01
6.662605402942997079e-01
6.685071399351311117e-01
6.707470801267310101e-01
6.729803439157109324e-01
6.752069148900264883e-01
6.774267771921678172e-01
6.796399158606554192e-01
6.818463170442977672e-01
6.840459677155310558e-01
6.862388557587241200e-01
6.884249699544120471e-01
6.906043000113899488e-01
6.927768367850261066e-01
6.949425721168696057e-01
6.971014985654742091e-01
6.992536094655367185e-01
7.013988990314353744e-01
7.035373625709563372e-01
7.056689964396153369e-01
7.077937976031591916e-01
7.099117633472344924e-01
7.120228911137467254e-01
7.141271783897579217e-01
7.162246226912476477e-01
7.183152216204179430e-01
7.203989729079003368e-01
7.224758745235299040e-01
7.245459248014144427e-01
7.266091224337379861e-01
7.286654667031443600e-01
7.307149575711746614e-01
7.327575954893099652e-01
7.347933815133768087e-01
7.368223172395783616e-01
7.388444048806518394e-01
7.408596474266618825e-01
7.428680485214776974e-01
7.448696123351093989e-01
7.468643435815183196e-01
7.488522475735051032e-01
7.508333304276081366e-01
7.528075990118988647e-01
7.547750606126715223e-01
7.567357227145456999e-01
7.586895928803653044e-01
7.606366786855899287e-01
7.625769877288804954e-01
7.645105276689549978e-01
7.664373062591005592e-01
7.683573314459352099e-01
7.702706114486450595e-01
7.721771547522924273e-01
7.740769702791806539e-01
7.759700674310074930e-01
7.778564559783599508e-01
7.797361462010953259e-01
7.816091488121087449e-01
7.834754750532527678e-01
7.853351368368796104e-01
7.871881466520760373e-01
7.890345174773238934e-01
7.908742627724517638e-01
7.927073965224029628e-01
7.945339334439235346e-01
7.963538888879678757e-01
7.981672785584850160e-01
7.999741183199664540e-01
8.017744240850774862e-01
8.035682117699863847e-01
8.053554973046784804e-01
8.071362966690006635e-01
8.089106259193218351e-01
8.106785012868972240e-01
8.124399392405630138e-01
8.141949564401553818e-01
8.159435697669321641e-01
8.176857963353414416e-01
8.194216534167224619e-01
8.211511584944506392e-01
8.228743291888700462e-01
8.245911832719176049e-01
8.263017386964817135e-01
8.280060135794884424e-01
8.297040261913756209e-01
8.313957949213501841e-01
8.330813383055039045e-01
8.347606751662659530e-01
8.364338246220707207e-01
8.381008059360012252e-01
8.397616384089553465e-01
8.414163413549486936e-01
8.430649340885242315e-01
8.447074359320559944e-01
8.463438662503756094e-01
8.479742445147759877e-01
8.495985904458482896e-01
8.512169241662528307e-01
8.528292663174726895e-01
8.544356383714665215e-01
8.560360627845744474e-01
8.576305628605898068e-01
8.592191630372006950e-01
8.608018887761776927e-01
8.623787668005102880e-01
8.639498253848693077e-01
8.655150939379643305e-01
8.670746030812288563e-01
8.686283845074669330e-01
8.701764709911707918e-01
8.717188964432019960e-01
8.732556957205547254e-01
8.747869042221158020e-01
8.763125575274780532e-01
8.778326912435424623e-01
8.793473409774528182e-01
8.808565423494933988e-01
8.823603310824200685e-01
8.838587431385634963e-01
8.853518145924497151e-01
8.868395812578362403e-01
8.883220782749471356e-01
8.897993394421138680e-01
8.912713968644063733e-01
8.927382807320721758e-01
8.942000186524226013e-01
8.956566355655621869e-01
8.971081529740045912e-01
8.985545884223802293e-01
8.999959562788870659e-01
9.014322672493200184e-01
9.028635284802148941e-01
9.042897432570273786e-01
9.057109108289251864e-01
9.071270265659062693e-01
9.085380831038228910e-01
9.099440718926709026e-01
9.113449842439781401e-01
9.127408114692177055e-01
9.141315447001359118e-01
9.155171723637536285e-01
9.168976757558077173e-01
9.182730281486560786e-01
9.196431951819128425e-01
9.210081352242699415e-01
9.223677992344090359e-01
9.237221316394298443e-01
