1.444597413337511725e-03
1.444595850753895190e-03
1.444594069947018012e-03
1.444592065331496474e-03
1.444589831204810305e-03
1.444587361935420434e-03
1.444584652778726965e-03
1.444581699121471339e-03
1.444578496163831556e-03
1.444575038889774673e-03
1.444571322097328806e-03
1.444567340372498532e-03
1.444563088092705710e-03
1.444558559443208205e-03
1.444553748431167415e-03
1.444548648843023073e-03
1.444543253679380843e-03
1.444537555278562575e-03
1.444531545825321122e-03
1.444525217352133576e-03
1.444518561750279860e-03
1.444511570738409760e-03
1.444504235887746069e-03
1.444496548617444634e-03
1.444488500203779720e-03
1.444480081748957803e-03
1.444471284292856740e-03
1.444462099021591797e-03
1.444452516999189052e-03
1.444442529105325083e-03
1.444432126036142945e-03
1.444421298397415921e-03
1.444410036635317965e-03
1.444398330993222797e-03
1.444386171525929071e-03
1.444373548079040366e-03
1.444360450257816059e-03
1.444346867365240393e-03
1.444332788469834773e-03
1.444318202419444261e-03
1.444303097812115475e-03
1.444287462794149835e-03
1.444271284938838159e-03
1.444254551550066537e-03
1.444237249671560244e-03
1.444219366100560082e-03
1.444200887310812583e-03
1.444181799485889277e-03
1.444162088559525952e-03
1.444141740218633481e-03
1.444120739886448892e-03
1.444099072939046199e-03
1.444076725400143466e-03
1.444053683219600299e-03
1.444029932135370512e-03
1.444005457640262433e-03
1.443980245027366542e-03
1.443954279293712187e-03
1.443927545198582258e-03
1.443900027223088715e-03
1.443871709440172407e-03
1.443842575464365481e-03
1.443812607552854644e-03
1.443781786893370226e-03
1.443750094095415859e-03
1.443717509208088633e-03
1.443684011563044775e-03
1.443649579644086826e-03
1.443614191324925702e-03
1.443577823867828918e-03
1.443540454369001943e-03
1.443502059694535058e-03
1.443462616744940448e-03
1.443422102641619357e-03
1.443380494040288680e-03
1.443337767829503586e-03
1.443293900822318438e-03
1.443248870505310904e-03
1.443202654035361009e-03
1.443155228855673130e-03
1.443106571474275443e-03
1.443056656975559744e-03
1.443005459600271061e-03
1.442952952898901228e-03
1.442899110770083735e-03
1.442843906328530315e-03
1.442787312156052154e-03
1.442729298951485979e-03
1.442669836354874618e-03
1.442608893021956901e-03
1.442546437435466384e-03
1.442482439814752248e-03
1.442416870913316908e-03
1.442349700976070697e-03
1.442280898469110520e-03
1.442210429966717588e-03
1.442138260902029942e-03
1.442064356201242176e-03
1.441988680970558972e-03
1.441911198963445910e-03
1.441831873056428556e-03
1.441750662650693104e-03
1.441667524137991247e-03
1.441582412627613781e-03
1.441495282773017127e-03
1.441406089874244442e-03
1.441314790300394968e-03
1.441221340297909118e-03
1.441125694200410179e-03
1.441027805478206809e-03
1.440927627837381526e-03
1.440825115793526422e-03
1.440720225041747975e-03
1.440612911149066104e-03
1.440503129005193776e-03
1.440390832378664636e-03
1.440275971950333560e-03
1.440158496434468596e-03
1.440038354099133951e-03
1.439915493069394503e-03
1.439789859336772877e-03
1.439661396994821848e-03
1.439530047966711612e-03
1.439395752512762604e-03
1.439258449527104026e-03
1.439118076034671912e-03
1.438974569049077589e-03
1.438827865886870179e-03
1.438677902158125516e-03
1.438524610752986432e-03
1.438367923142364274e-03
1.438207770740660470e-03
1.438044084400475842e-03
1.437876794060311469e-03
1.437705828388700143e-03
1.437531115042801379e-03
1.437352579733576280e-03
1.437170145907673514e-03
1.436983736316707009e-03
1.436793273926516247e-03
1.436598680861530435e-03
1.436399877225326980e-03
1.436196781230514351e-03
1.435989308944221913e-03
1.435777374769790999e-03
1.435560891631837378e-03
1.435339771650519843e-03
1.435113926313387770e-03
1.434883265467518272e-03
1.434647695043186682e-03
1.434407117445234484e-03
1.434161432960089425e-03
1.433910540559541402e-03
1.433654337857595334e-03
1.433392720676047180e-03
1.433125582600529389e-03
1.432852813544824256e-03
1.432574299958090745e-03
1.432289926474658494e-03
1.431999576851878970e-03
1.431703134001014160e-03
1.431400479414596336e-03
1.431091492857194079e-03
1.430776051875581661e-03
1.430454031603254576e-03
1.430125305079174352e-03
1.429789744674291301e-03
1.429447222327803009e-03
1.429097608197696899e-03
1.428740770084122947e-03
1.428376572467470644e-03
1.428004876046849074e-03
1.427625538472397171e-03
1.427238415116516843e-03
1.426843358813596144e-03
1.426440219680679420e-03
1.426028844069763060e-03
1.425609073614444826e-03
1.425180746696331135e-03
1.424743699531624483e-03
1.424297765635315930e-03
1.423842775502639569e-03
1.423378557194558388e-03
1.422904936360703176e-03
1.422421735762304049e-03
1.421928775010882981e-03
1.421425871056601446e-03
1.420912838658216744e-03
1.420389490169970351e-03
1.419855635182043496e-03
1.419311079895534773e-03
1.418755626797333280e-03
1.418189074167645371e-03
1.417611217058078153e-03
1.417021847225034565e-03
1.416420752794687963e-03
1.415807718210235471e-03
1.415182523767281788e-03
1.414544945241553216e-03
1.413894754975377529e-03
1.413231722956502425e-03
1.412555615199324009e-03
1.411866193283652657e-03
1.411163215065248597e-03
1.410446434888466480e-03
1.409715603175602317e-03
1.408970466175747368e-03
1.408210766190142165e-03
1.407436241435196895e-03
1.406646626374946163e-03
1.405841651122018187e-03
1.405021041046106622e-03
1.404184516714470417e-03
1.403331793854254751e-03
1.402462584372736985e-03
1.401576595897913776e-03
1.400673531397342211e-03
1.399753089411133770e-03
1.398814963616346399e-03
1.397858842928921194e-03
1.396884412834847834e-03
1.395891355013141946e-03
1.394879346041307715e-03
1.393848057048219713e-03
1.392797154829963175e-03
1.391726301718402030e-03
1.390635155287197038e-03
1.389523368241467414e-03
1.388390588529407697e-03
1.387236459073305436e-03
1.386060618449743180e-03
1.384862701832113635e-03
1.383642339397564988e-03
1.382399156188850783e-03
1.381132772330419213e-03
1.379842803519907776e-03
1.378528860510188671e-03
1.377190548793624618e-03
1.375827469154097338e-03
1.374439217190745292e-03
1.373025383853518355e-03
1.371585555284010865e-03
1.370119312101391543e-03
1.368626229056374086e-03
1.367105874471785318e-03
1.365557812082074211e-03
1.363981600824146949e-03
1.362376794752337503e-03
1.360742943215738875e-03
1.359079590679658197e-03
1.357386276652621307e-03
1.355662537152741657e-03
1.353907905325185592e-03
1.352121909705061896e-03
1.350304075422864656e-03
1.348453923914342927e-03
1.346570972444749133e-03
1.344654734054293943e-03
1.342704717515994873e-03
1.340720428301606744e-03
1.338701368480965442e-03
1.336647037046048789e-03
1.334556929711165889e-03
1.332430538414937533e-03
1.330267351072405299e-03
1.328066850873367349e-03
1.325828518389191631e-03
1.323551831324050465e-03
1.321236264826896678e-03
1.318881291962156971e-03
1.316486383676824211e-03
1.314051009254578982e-03
1.311574636782500674e-03
1.309056733992639086e-03
1.306496767740512963e-03
1.303894204571812718e-03
1.301248509924408762e-03
1.298559147919073602e-03
1.295825582890797927e-03
1.293047279303437226e-03
1.290223703710495756e-03
1.287354324240327832e-03
1.284438610234967318e-03
1.281476032459196064e-03
1.278466063455591280e-03
1.275408179058888170e-03
1.272301856927272835e-03
1.269146578035953380e-03
1.265941826686736889e-03
1.262687091805586321e-03
1.259381867898960988e-03
1.256025656076193613e-03
1.252617963626480400e-03
1.249158303276626681e-03
1.245646196428937778e-03
1.242081173383121576e-03
1.238462772720949146e-03
1.234790540450245036e-03
1.231064030961905595e-03
1.227282810355328742e-03
1.223446455576363738e-03
1.219554558857640584e-03
1.215606725721545510e-03
1.211602572537174996e-03
1.207541729400988303e-03
1.203423842497099768e-03
1.199248575498513842e-03
1.195015606452956873e-03
1.190724628898398628e-03
1.186375354835197179e-03
1.181967515540219152e-03
1.177500865080886210e-03
1.172975180856872159e-03
1.168390259816710734e-03
1.163745918595981933e-03
1.159042000864999797e-03
1.154278377890903583e-03
1.149454946051520383e-03
1.144571626820194100e-03
1.139628368778726041e-03
1.134625152874661714e-03
1.129561990770358614e-03
1.124438933100266498e-03
1.119256062586667950e-03
1.114013490141799829e-03
1.108711363551321064e-03
1.103349869676275652e-03
1.097929235337952994e-03
1.092449722646235280e-03
1.086911630873514320e-03
1.081315303664046176e-03
1.075661126658251487e-03
1.069949536491542324e-03
1.064181015958244256e-03
1.058356086001172210e-03
1.052475310792481793e-03
1.046539308115437003e-03
1.040548747876400212e-03
1.034504348900359885e-03
1.028406878563265696e-03
1.022257157305908907e-03
1.016056062525133499e-03
1.009804528702677555e-03
1.003503555612263653e-03
9.971541938384941798e-04
9.907575436102710430e-04
9.843147681023671058e-04
9.778270920551479159e-04
9.712958028502574701e-04
9.647222441919351158e-04
9.581078203114851144e-04
9.514540032306140335e-04
9.447623277236526099e-04
9.380344039343803267e-04
9.312719024127648565e-04
9.244765460953315288e-04
9.176501192984536006e-04
9.107944745384889424e-04
9.039115283456769685e-04
8.970032581220706508e-04
8.900716982504200316e-04
8.831189459039946819e-04
8.761471605098629682e-04
8.691585647244048007e-04
8.621554439785396708e-04
8.551401302018665426e-04
8.481150025100047708e-04
8.410824925332027486e-04
8.340450801207439707e-04
8.270052919173018690e-04
8.199656960924746503e-04
8.129289087796437484e-04
8.058975928794120946e-04
7.988744561638739085e-04
7.918622572201987559e-04
7.848637908248508191e-04
7.778818890919974140e-04
7.709194285064687076e-04
7.639793306380115697e-04
7.570645566565637266e-04
7.501781057229195675e-04
7.433230052528591808e-04
7.365023102132553555e-04
7.297190962975272279e-04
7.229764496046953365e-04
7.162774649415199358e-04
7.096252300060583310e-04
7.030228081312143778e-04
6.964732248124676575e-04
6.899794674016870855e-04
6.835444663851220504e-04
6.771710989116408799e-04
6.708621898544207471e-04
6.646205127691680445e-04
6.584487966844125139e-04
6.523497196563779856e-04
6.463259450860504374e-04
6.403801573604424573e-04
6.345150682115571631e-04
6.287334239469817131e-04
6.230380429283325673e-04
6.174318247718747028e-04
6.119177545174994941e-04
6.064988909087052271e-04
6.011783793490797735e-04
5.959594817007106415e-04
5.908455596562760736e-04
5.858400813334816316e-04
5.809466324580813941e-04
5.761689189455132748e-04
5.715107655232346548e-04
5.669760966830365368e-04
5.625689418476423559e-04
5.582934576080898379e-04
5.541539550340140487e-04
5.501549022269029612e-04
5.463009002546545664e-04
5.425967444810779212e-04
5.390474189923241980e-04
5.356580929197982122e-04
5.324341137658096306e-04
5.293810178036332343e-04
5.265046280538247803e-04
5.238110397655800464e-04
5.213066265530510047e-04
5.189981093457130467e-04
5.168925781295363470e-04
5.149974900654069859e-04
5.133206246422610365e-04
5.118701920948105343e-04
5.106549089994867185e-04
5.096839726881864305e-04
5.089671046800450490e-04
5.085145673921473214e-04
5.083371868474038501e-04
5.084462767550560099e-04
5.088536729199105236e-04
5.095718184770195620e-04
5.106137375033377359e-04
5.119931514213481999e-04
5.137243761454272136e-04
5.158223548129762907e-04
5.183026290272894562e-04
5.211811949189888368e-04
5.244747029444965904e-04
5.282001316230704527e-04
5.323749236621041136e-04
5.370170423871170216e-04
5.421446446280743818e-04
5.477763283557117967e-04
5.539306478661047348e-04
5.606265148411233423e-04
5.678829343257360508e-04
5.757187763006730696e-04
5.841531616916974820e-04
5.932047744173484525e-04
6.028923525038527680e-04
6.132339456230335734e-04
6.242471912442664915e-04
6.359489239816356731e-04
6.483548873030406867e-04
6.614799562627445267e-04
6.753373254969778161e-04
6.899390358981198536e-04
7.052948847761215901e-04
7.214127303769078767e-04
7.382981033042451202e-04
7.559536400693434108e-04
7.743792325196639575e-04
7.935720974457956657e-04
8.135261995455580998e-04
8.342317289405348345e-04
8.556750939097869249e-04
8.778386489295760160e-04
9.007013060117537596e-04
9.242377978522215267e-04
9.484194407570036359e-04
9.732138439960616319e-04
9.985857394375851313e-04
1.024497947659715105e-03
1.050911718103745597e-03
1.077788262191257734e-03
1.105087957726405817e-03
1.132772342575075501e-03
1.160804639083381140e-03
1.189150659646913844e-03
1.217780192198529348e-03
1.246667675627983161e-03
1.275793741073449243e-03
1.305146224601504796e-03
1.334720835623661155e-03
1.364521464967824492e-03
1.394561873479632265e-03
1.424865719964727362e-03
1.455468330564944034e-03
1.486415432552202869e-03
1.517762699231130219e-03
1.549577125515474215e-03
1.581936865824461755e-03
1.614931970119529419e-03
1.648662068601452167e-03
1.683234834898064127e-03
1.718766469703688097e-03
1.755381189962887953e-03
1.793210667918230866e-03
1.832391958503911929e-03
1.873064527624892801e-03
1.915372115704765035e-03
1.959458912247350870e-03
2.005468858618134325e-03
2.053546306075083958e-03
2.103831015278711473e-03
2.156461895812987299e-03
2.211565009948244891e-03
2.269253203871984988e-03
2.329625746507395494e-03
2.392755230629583021e-03
2.458697857196051259e-03
2.527482663702997241e-03
2.599115680951723326e-03
2.673573025055864336e-03
2.750788242209727206e-03
2.830668275154877341e-03
2.913080593161325362e-03
2.997852386687836334e-03
3.084793218712952433e-03
3.173680067895676832e-03
3.264283047604689056e-03
3.356359345435044883e-03
3.449634295288261758e-03
3.543852429570527700e-03
3.638735453221214177e-03
3.734052359423248833e-03
3.829589821172079550e-03
3.925171766535188490e-03
4.020689365097064594e-03
4.116049537594090868e-03
4.211265977992207678e-03
4.306391766745268530e-03
4.401587956026796131e-03
4.497074584684518025e-03
4.593147168350161617e-03
4.690179325713386867e-03
4.788586686451440019e-03
4.888850084936248279e-03
4.991471030296802322e-03
5.096995051143894673e-03
5.205962618922851080e-03
5.318929778160342604e-03
5.436425891197169818e-03
5.558965611098828571e-03
5.686997824957843416e-03
5.820911907262439448e-03
5.961002889147394568e-03
6.107459393635296212e-03
6.260368517619558856e-03
6.419678607897165608e-03
6.585218954717662887e-03
6.756695254351125293e-03
6.933700799961470436e-03
7.115712044648363731e-03
7.302122085856311944e-03
7.492243241967428725e-03
7.685339805337481831e-03
7.880677332504854374e-03
8.077562001556272409e-03
8.275390421575849406e-03
8.473674762908908406e-03
8.672064293383120043e-03
8.870394704811077752e-03
9.068692287388595286e-03
9.267177782413217255e-03
9.466266984513216701e-03
9.666549428692451304e-03
9.868769075382852196e-03
1.007380107339942224e-02
1.028261694413935487e-02
1.049625439572812909e-02
1.071575118054939046e-02
1.094207895258348870e-02
1.117612438472184548e-02
1.141859829397136664e-02
1.166998512521951782e-02
1.193055253338770431e-02
1.220025451313765802e-02
1.247882366365261030e-02
1.276573540232022255e-02
1.306018702691871466e-02
1.336131867334865511e-02
1.366809713561916752e-02
1.397945852744344498e-02
1.429438454014869686e-02
1.461186693681746154e-02
1.493129366573073963e-02
1.525218179417566627e-02
1.557422701611864933e-02
1.589778788227139139e-02
1.622330128337170357e-02
1.655144846918110701e-02
1.688307493318678271e-02
1.721887491202199125e-02
1.756024935831197384e-02
1.790839236825273253e-02
1.826422398465322311e-02
1.862873812920854549e-02
1.900208546301375076e-02
1.938501863568449154e-02
1.977757162097780116e-02
2.017867957910608398e-02
2.058823485760533090e-02
2.100545168488383851e-02
2.142919235247485801e-02
2.185877115477216290e-02
2.229276426660072724e-02
2.273095933246285089e-02
2.317302068217289360e-02
2.361804819298585212e-02
2.406669748662264990e-02
2.451917266140224427e-02
2.497580962706908922e-02
2.543770356785819697e-02
2.590493060589133673e-02
2.637899714567723541e-02
2.686071283520705122e-02
2.734956439315943885e-02
2.784712640375755846e-02
2.835237393740068848e-02
2.886563607989568736e-02
2.938707538693823701e-02
2.991482903832650905e-02
3.044958223534048949e-02
3.099053742824507338e-02
3.153654353630724883e-02
3.208810624950463736e-02
3.264462760054612223e-02
3.320604383967094148e-02
3.377290875684658272e-02
3.434505257636830816e-02
3.492281604879546308e-02
3.550747902059767092e-02
3.609810822547752235e-02
3.669591669176990034e-02
3.730119176073203036e-02
3.791299253940384750e-02
3.853262801528389153e-02
3.915883931043060567e-02
3.979214599968238647e-02
4.043220239343952443e-02
4.107854985202372827e-02
4.173141227195070746e-02
4.239034151744742324e-02
4.305564883098082773e-02
4.372700931189405643e-02
4.440514253611946988e-02
4.508963961256271663e-02
4.578109309773509272e-02
4.647993515953795923e-02
4.718546586171726981e-02
4.789925321772887934e-02
4.861986330342078083e-02
4.934860755580612601e-02
5.008495327505309985e-02
5.082850952448642046e-02
5.158012511598700223e-02
5.233875724580051153e-02
5.310547832673278429e-02
5.387940219445067763e-02
5.466147372529262666e-02
5.545135625593751449e-02
5.624926819680309970e-02
5.705625962997894207e-02
5.787102331686844181e-02
5.869544109797130566e-02
5.952819326397341959e-02
6.037013865829732318e-02
6.122121864912541400e-02
6.208106547723877405e-02
6.295011516575908794e-02
6.382833971183649036e-02
6.471606156474840610e-02
6.561366106342776672e-02
6.652098945506344785e-02
6.743837622380856323e-02
6.836601281201068470e-02
6.930407721214694450e-02
7.025273568274183200e-02
7.121213598746582718e-02
7.218235931295446939e-02
7.316350138438180994e-02
7.415568702941074952e-02
7.515904183932096971e-02
7.617369127071244028e-02
7.719976082333626644e-02
7.823737621567122824e-02
7.928666321692719177e-02
8.034774731284534399e-02
8.142075363084541606e-02
8.250580746010915956e-02
8.360303335658049451e-02
8.471255507861878697e-02
8.583449464062206657e-02
8.696897076241930091e-02
8.811609962648199457e-02
8.927599546722200796e-02
9.044877020090130726e-02
9.163453333841109494e-02
9.283339277537655532e-02
9.404545505493208668e-02
9.527082456412033773e-02
9.650960411667869332e-02
9.776189482072704384e-02
9.902779541513455352e-02
1.003074034921739577e-01
1.016008163196827352e-01
1.029081306482738656e-01
1.042294416116484046e-01
1.055648422337901599e-01
1.069144230659843237e-01
1.082782716705627257e-01
1.096564712833254102e-01
1.110490997914906491e-01
1.124562294610435137e-01
1.138779263070230918e-01
1.153142500969018824e-01
1.167652554541462884e-01
1.182309927583244519e-01
1.197115069090970013e-01
1.212068368290376286e-01
1.227170163743466491e-01
1.242420759518592516e-01
1.257820431064819722e-01
1.273369415488949941e-01
1.289067918336686269e-01
1.304916122444011450e-01
1.320914194441561162e-01
1.337062293036598015e-01
1.353360573781754450e-01
1.369809185484383851e-01
1.386408262970036664e-01
1.403157921803076802e-01
1.420058255336614783e-01
1.437109327454590690e-01
1.454311162022901560e-01
1.471663737664881122e-01
1.489166982204445100e-01
1.506820770620259375e-01
1.524624925428205158e-01
1.542579225167676760e-01
1.560683406589283839e-01
1.578937160199152534e-01
1.597340128819478566e-01
1.615891912152180865e-01
1.634592082056051943e-01
1.653440180391938241e-01
1.672435716063364053e-01
1.691578172771178723e-01
1.710867012814858423e-01
1.730301684251578098e-01
1.749881628498257125e-01
1.769606283077290176e-01
1.789475074781569086e-01
1.809487411484428376e-01
1.829642673845959522e-01
1.849940213351409513e-01
1.870379340809466551e-01
1.890959315269457874e-01
1.911679341441080981e-01
1.932538561349347317e-01
1.953536059407835201e-01
1.974670866689202942e-01
1.995941967899764191e-01
2.017348301067329874e-01
2.038888758774146936e-01
2.060562186920232297e-01
2.082367389875936781e-01
2.104303144645932044e-01
2.126368197187683273e-01
2.148561261487968166e-01
2.170881028240590205e-01
2.193326171912307054e-01
2.215895356620105894e-01
2.238587242009317801e-01
2.261400483270019912e-01
2.284333723881490363e-01
2.307385590044690737e-01
2.330554682044108650e-01
2.353839575010650553e-01
2.377238807298798218e-01
2.400750877069575129e-01
2.424374239899703964e-01
2.448107304623561853e-01
2.471948441265529872e-01
2.495895982771947907e-01
2.519948227645299466e-01
2.544103442784336755e-01
2.568359867765922511e-01
2.592715710575050903e-01
2.617169153704758111e-01
2.641718365361248044e-01
2.666361496371230655e-01
2.691096679817812642e-01
2.715922037880096895e-01
2.740835686703607665e-01
2.765835738061376281e-01
2.790920301587264674e-01
2.816087483392941682e-01
2.841335381933888238e-01
2.866662085749114852e-01
2.892065668338513751e-01
2.917544191001191223e-01
2.943095698923605674e-01
2.968718222876357560e-01
2.994409778855049442e-01
3.020168368373318812e-01
3.045991980471096650e-01
3.071878591274882497e-01
3.097826165762935791e-01
3.123832662128478432e-01
3.149896033004889739e-01
3.176014220299363533e-01
3.202185161718060780e-01
3.228406799485632472e-01
3.254677078680092706e-01
3.280993944958436326e-01
3.307355347134183776e-01
3.333759235793810061e-01
3.360203561981102705e-01
3.386686276575893717e-01
3.413205329636190277e-01
3.439758671496545572e-01
3.466344253474979986e-01
3.492960028420579177e-01
3.519603955277055274e-01
3.546274006005444290e-01
3.572968165563483733e-01
3.599684437376077795e-01
3.626420839489684633e-01
3.653175402773767844e-01
3.679946169387268151e-01
3.706731195111991894e-01
3.733528549937485397e-01
3.760336316296692405e-01
3.787152587707000584e-01
3.813975471236257242e-01
3.840803094166893583e-01
3.867633602610224819e-01
3.894465158252917725e-01
3.921295933218139074e-01
3.948124105453553190e-01
3.974947855628094273e-01
4.001765365812717246e-01
4.028574820811673396e-01
4.055374413139249956e-01
4.082162345886167221e-01
4.108936837654957874e-01
4.135696130067591514e-01
4.162438498228222539e-01
4.189162251062401032e-01
4.215865736539508024e-01
4.242547334203498610e-01
4.269205453538810757e-01
4.295838530721870496e-01
4.322445031814246552e-01
4.349023447458064129e-01
4.375572291545727910e-01
4.402090104820641225e-01
4.428575451295007626e-01
4.455026921517927785e-01
4.481443131949368608e-01
4.507822720064887378e-01
4.534164334064892388e-01
4.560466628301817482e-01
4.586728260156395787e-01
4.612947889171275517e-01
4.639124180503851336e-01
4.665255811057591462e-01
4.691341473271218310e-01
4.717379882235087640e-01
4.743369784785834153e-01
4.769309966445590132e-01
4.795199253497422487e-01
4.821036512006430796e-01
4.846820644601735339e-01
4.872550588480634715e-01
4.898225311501477330e-01
4.923843813412676629e-01
4.949405119052769919e-01
4.974908279783620269e-01
5.000352378676654608e-01
5.025736523318251603e-01
5.051059844271165167e-01
5.076321496590135984e-01
5.101520652060199668e-01
5.126656490455260284e-01
5.151728195728346726e-01
5.176734954481136963e-01
5.201675955583189292e-01
5.226550394519101639e-01
5.251357478262573819e-01
5.276096428690046913e-01
5.300766490240472750e-01
5.325366936123661077e-01
5.349897072327176595e-01
5.374356238131501318e-01
5.398743804246076694e-01
5.423059174134778893e-01
5.447301780632844981e-01
5.471471082846860456e-01
5.495566565843508222e-01
5.519587735836788411e-01
5.543534122751752058e-01
5.567405284135529264e-01
5.591200797304211045e-01
5.614920255542945604e-01
5.638563269687796309e-01
5.662129460296435601e-01
5.685618452875957907e-01
5.709029875170269497e-01
5.732363356950433975e-01
5.755618529905230929e-01
5.778795031589252229e-01
5.801892508409047799e-01
5.824910618089572667e-01
5.847849036584507054e-01
5.870707460244931619e-01
5.893485608730291148e-01
5.916183223653677103e-01
5.938800068235702279e-01
5.961335929851266924e-01
5.983790617048541094e-01
6.006163956647587732e-01
6.028455792909993560e-01
6.050665985858492135e-01
6.072794413368405309e-01
6.094840973544579654e-01
6.116805577672941308e-01
6.138688146951793989e-01
6.160488612510500728e-01
6.182206910118348553e-01
6.203842977973859085e-01
6.225396755352058387e-01
6.246868182863258845e-01
6.268257202514281312e-01
6.289563760533029013e-01
6.310787808824483980e-01
6.331929306799327639e-01
6.352988226432632057e-01
6.373964552246621507e-01
6.394858282317836817e-01
6.415669427826503624e-01
6.436398013483319858e-01
6.457044079616539589e-01
6.477607680080120778e-01
6.498088880019932123e-01
6.518487755451652932e-01
6.538804393415199590e-01
6.559038892892075090e-01
6.579191366077929981e-01
6.599261932971737243e-01
6.619250719166694941e-01
6.639157854659771818e-01
6.658983471263942855e-01
6.678727701710722719e-01
6.698390679303207751e-01
6.717972538147125583e-01
6.737473413353474161e-01
6.756893442876403810e-01
6.776232768034564646e-01
6.795491534830822022e-01
6.814669896725533693e-01
6.833768014354144604e-01
6.852786055560503575e-01
6.871724195741444330e-01
6.890582618196349207e-01
6.909361515103236151e-01
6.928061086524327505e-01
6.946681538695219649e-01
6.965223083852225550e-01
6.983685940893161748e-01
7.002070336306814857e-01
7.020376504693676134e-01
7.038604685244211900e-01
7.056755120190045805e-01
7.074828053678595685e-01
7.092823730478166055e-01
7.110742395707752017e-01
7.128584294748019357e-01
7.146349673404412961e-01
7.164038778129474538e-01
7.181651857131240435e-01
7.199189160586980663e-01
7.216650941326776536e-01
7.234037455538888661e-01
7.251348962315841140e-01
7.268585723874556592e-01
7.285748005746001121e-01
7.302836076820686806e-01
7.319850209205980285e-01
7.336790678746729633e-01
7.353657764310618239e-01
7.370451747689545918e-01
7.387172914816738656e-01
7.403821555869961601e-01
7.420397965454561540e-01
7.436902440645620782e-01
7.453335280051334166e-01
7.469696783276260632e-01
7.485987250286807448e-01
7.502206980701124905e-01
7.518356273920872024e-01
7.534435429507326809e-01
7.550444747506572796e-01
7.566384529037801787e-01
7.582255076025610219e-01
7.598056690767142074e-01
7.613789675765262333e-01
7.629454333482076356e-01
7.645050966299047346e-01
7.660579877087869693e-01
7.676041369673618497e-01
7.691435749334825100e-01
7.706763323061472937e-01
7.722024399052952459e-01
7.737219287003744839e-01
7.752348298617303124e-01
7.767411747322877646e-01
7.782409948307343894e-01
7.797343217795063008e-01
7.812211872691143810e-01
7.827016230211755188e-01
7.841756607448531202e-01
7.856433321182411111e-01
7.871046688021158255e-01
7.885597024666881616e-01
7.900084648230796258e-01
7.914509876280112488e-01
7.928873026006451052e-01
7.943174414554340368e-01
7.957414359333750964e-01
7.971593176481784893e-01
7.985711181423852389e-01
7.999768689723165682e-01
8.013766017730437063e-01
8.027703483151473751e-01
8.041581404517507137e-01
8.055400100543167463e-01
8.069159889909007788e-01
8.082861092214593812e-01
8.096504028180452339e-01
8.110089018463573218e-01
8.123616383929678220e-01
8.137086445599746032e-01
8.150499524384935413e-01
8.163855940821075352e-01
8.177156015148092649e-01
8.190400067805131412e-01
8.203588419457408243e-01
8.216721390809605952e-01
8.229799302207259082e-01
8.242822472959941971e-01
8.255791221218150566e-01
8.268705863980536641e-01
8.281566717394500676e-01
8.294374097129409984e-01
8.307128318143781609e-01
8.319829694657991936e-01
8.332478540662643374e-01
8.345075169550351113e-01
8.357619893970839042e-01
8.370113025877989887e-01
8.382554877101121571e-01
8.394945759313284794e-01
8.407285983680801156e-01
8.419575861286469065e-01
8.431815703524481176e-01
8.444005821326356909e-01
8.456146525191745589e-01
8.468238125463755095e-01
8.480280932215351619e-01
8.492275255265410161e-01
8.504221404088389002e-01
8.516119688093105600e-01
8.527970415040746488e-01
8.539773890729601691e-01
8.551530419923366599e-01
8.563240306104085153e-01
8.574903851502040375e-01
8.586521357239503827e-01
8.598093123476481248e-01
8.609619449929207802e-01
8.621100636277357898e-01
8.632536982046552509e-01
8.643928786128524111e-01
8.655276346058697889e-01
8.666579958727435029e-01
8.677839920720974431e-01
8.689056527558498555e-01
8.700230073544065190e-01
8.711360852425613643e-01
8.722449157855528545e-01
8.733495283261473174e-01
8.744499522149957738e-01
8.755462168107840393e-01
8.766383513927251681e-01
8.777263851249879067e-01
8.788103470539967432e-01
8.798902661876372155e-01
8.809661714212464467e-01
8.820380916255011750e-01
8.831060556763428160e-01
8.841700924005287954e-01
8.852302307182493557e-01
8.862864996753497815e-01
8.873389283735396704e-01
8.883875459471795022e-01
8.894323815470969175e-01
8.904734642632664565e-01
8.915108230863928451e-01
8.925444869836245410e-01
8.935744847758307907e-01
8.946008451389279026e-01
8.956235967214978277e-01
8.966427681728181831e-01
8.976583881466073667e-01
8.986704853004878757e-01
8.996790882972973691e-01
9.006842257013558672e-01
9.016859258869420746e-01
9.026842169463917820e-01
9.036791266222349295e-01
9.046706823478243287e-01
9.056589113000755864e-01
9.066438404215321212e-01
9.076254963559066136e-01
9.086039053244922004e-01
9.095790930173335287e-01
9.105510848179539929e-01
9.115199058160974310e-01
9.124855808373623089e-01
9.134481344380492862e-01
9.144075909696363080e-01
9.153639746916113484e-01
9.163173098299184360e-01
9.172676205625482915e-01
9.182149310015605970e-01
9.191592652549316345e-01
9.201006474263300206e-01
9.210391016204084735e-01
9.219746519392103545e-01
9.229073225859835139e-01
9.238371380100489638e-01
9.247641229334102597e-01
9.256883025025530731e-01
9.266097024036966667e-01
9.275283488253381892e-01
9.284442688195275739e-01
9.293574902299512885e-01
9.302680418753742630e-01
9.311759538329554831e-01
9.320812570179636269e-01
9.329839832149099399e-01
9.338841649769600295e-01
9.347818356308620347e-01
9.356770294346310468e-01
9.365697813371771652e-01
9.374601266127980947e-01
9.383481006189258178e-01
9.392337387397049486e-01
9.401170763596482516e-01
9.409981488566405705e-01
9.418769915376857815e-01
9.427536393817481652e-01
9.436281266824664282e-01
9.445004866630773988e-01
9.453707511085327475e-01
9.462389497424722462e-01
9.471051099806482299e-01
9.479692568945562448e-01
9.488314125355802320e-01
9.496915959410665575e-01
9.505498222869031011e-01
9.514061023579541976e-01
9.522604434917925076e-01
9.531128491142893955e-01
9.539633187539773296e-01
9.548118477520154412e-01
9.556584269850562086e-01
9.565030431314676118e-01
9.573456799218892366e-01
9.581863197502378249e-01
9.590249448490075768e-01
9.598615374506365150e-01
9.606960796686391246e-01
9.615285518039676793e-01
9.623589295244482367e-01
9.631871833522188675e-01
9.640132791676282453e-01
9.648371786890915791e-01
9.656588395401236591e-01
9.664782158968084902e-01
