3.140129585461585212e-03
3.140082163829802792e-03
3.140033480130893784e-03
3.139983507674765778e-03
3.139932219202957661e-03
3.139879586777952116e-03
3.139825581767276014e-03
3.139770174807606819e-03
3.139713335804243492e-03
3.139655033844545098e-03
3.139595237321880696e-03
3.139533914034386280e-03
3.139471031702205112e-03
3.139406557883997646e-03
3.139340459503512943e-03
3.139272702670775107e-03
3.139203252713419334e-03
3.139132074305745358e-03
3.139059131479879534e-03
3.138984387518780131e-03
3.138907804967117510e-03
3.138829345426330866e-03
3.138748969436609346e-03
3.138666636045811965e-03
3.138582303234688231e-03
3.138495928135237763e-03
3.138407466968301442e-03
3.138316875153845595e-03
3.138224107317562610e-03
3.138129117201846237e-03
3.138031857671581652e-03
3.137932281071045739e-03
3.137830338983233283e-03
3.137725982373029774e-03
3.137619161705381635e-03
3.137509826443164469e-03
3.137397924906669584e-03
3.137283404365341817e-03
3.137166211137295407e-03
3.137046290532118434e-03
3.136923586713461897e-03
3.136798042456725305e-03
3.136669598861223113e-03
3.136538195728624627e-03
3.136403771492011616e-03
3.136266263430137913e-03
3.136125607525558530e-03
3.135981738414568131e-03
3.135834589609299856e-03
3.135684093430241969e-03
3.135530180825506566e-03
3.135372781505989682e-03
3.135211824215120360e-03
3.135047236387357786e-03
3.134878944170823786e-03
3.134706872394256785e-03
3.134530944087851254e-03
3.134351080462692996e-03
3.134167201173712440e-03
3.133979224412796350e-03
3.133787066894106865e-03
3.133590643720640060e-03
3.133389868235754872e-03
3.133184651791571032e-03
3.132974903775304770e-03
3.132760531801159157e-03
3.132541442011257428e-03
3.132317538914366605e-03
3.132088725406095755e-03
3.131854903075827114e-03
3.131615971579230183e-03
3.131371828168031529e-03
3.131122368022395616e-03
3.130867484464625386e-03
3.130607069108280391e-03
3.130341012189590943e-03
3.130069201851984426e-03
3.129791523272703203e-03
3.129507858193669029e-03
3.129218085182878129e-03
3.128922080319907970e-03
3.128619718294126453e-03
3.128310871942351253e-03
3.127995411260370111e-03
3.127673202906915313e-03
3.127344110211809514e-03
3.127007994111011616e-03
3.126664712917891307e-03
3.126314123028652199e-03
3.125956080775094559e-03
3.125590441399865149e-03
3.125217056618296869e-03
3.124835773966255954e-03
3.124446438215854136e-03
3.124048892332365480e-03
3.123642976974356274e-03
3.123228529942835303e-03
3.122805385653422156e-03
3.122373374458451561e-03
3.121932320214560602e-03
3.121482041509649526e-03
3.121022353560051667e-03
3.120553069197689981e-03
3.120073997967597133e-03
3.119584944090026974e-03
3.119085707162539203e-03
3.118576083761417581e-03
3.118055867989910634e-03
3.117524849759528791e-03
3.116982815769768055e-03
3.116429551956305301e-03
3.115864841227375392e-03
3.115288461987669819e-03
3.114700188040183011e-03
3.114099789899842530e-03
3.113487034664907515e-03
3.112861684478134949e-03
3.112223496117538443e-03
3.111572221113113445e-03
3.110907605660030804e-03
3.110229389393511738e-03
3.109537306886285372e-03
3.108831087966691491e-03
3.108110457626858149e-03
3.107375135372318718e-03
3.106624834043562183e-03
3.105859262106628379e-03
3.105078125400157537e-03
3.104281125256716858e-03
3.103467956365168860e-03
3.102638307937047400e-03
3.101791865326592075e-03
3.100928308331819903e-03
3.100047310521136888e-03
3.099148539197472615e-03
3.098231656068867104e-03
3.097296316253456833e-03
3.096342166600373879e-03
3.095368847063240114e-03
3.094375991241705807e-03
3.093363225171244079e-03
3.092330167971408389e-03
3.091276432934199781e-03
3.090201627078334023e-03
3.089105350985202249e-03
3.087987198000669183e-03
3.086846753295348269e-03
3.085683596911607037e-03
3.084497304516248435e-03
3.083287443417378430e-03
3.082053570776435627e-03
3.080795235915212600e-03
3.079511981199468517e-03
3.078203339833252526e-03
3.076868835339737884e-03
3.075507982068763444e-03
3.074120285549777464e-03
3.072705241915831779e-03
3.071262338143411659e-03
3.069791052358333914e-03
3.068290854007051267e-03
3.066761202918185172e-03
3.065201550998028924e-03
3.063611342719892335e-03
3.061990014936721675e-03
3.060336995966231668e-03
3.058651704619662001e-03
3.056933549526151105e-03
3.055181931499428502e-03
3.053396242675253044e-03
3.051575863770111807e-03
3.049720162172331675e-03
3.047828495283351046e-03
3.045900210495689278e-03
3.043934642578534095e-03
3.041931113815183729e-03
3.039888934443939466e-03
3.037807402565361262e-03
3.035685805095085423e-03
3.033523419899018976e-03
3.031319513246062605e-03
3.029073338756173468e-03
3.026784137982822028e-03
3.024451142430490194e-03
3.022073572971511069e-03
3.019650639106207651e-03
3.017181538645837859e-03
3.014665456901898400e-03
3.012101566513301215e-03
3.009489029629891163e-03
3.006826996134376144e-03
3.004114601619254418e-03
3.001350966169618988e-03
2.998535198123975648e-03
2.995666393108368901e-03
2.992743632427502694e-03
2.989765983525064039e-03
2.986732499455431195e-03
2.983642218736799398e-03
2.980494167459798397e-03
2.977287360278969754e-03
2.974020797036197421e-03
2.970693461508881836e-03
2.967304323773966006e-03
2.963852341290010468e-03
2.960336457809450983e-03
2.956755602513027464e-03
2.953108690600247423e-03
2.949394622672874347e-03
2.945612285888876605e-03
2.941760555947920807e-03
2.937838293946498126e-03
2.933844345015532325e-03
2.929777538234625868e-03
2.925636690091503161e-03
2.921420602880675163e-03
2.917128063386295513e-03
2.912757844496046203e-03
2.908308704006813857e-03
2.903779385035330871e-03
2.899168619183377024e-03
2.894475126044761520e-03
2.889697610549608799e-03
2.884834762125859133e-03
2.879885257698859644e-03
2.874847761481749003e-03
2.869720925205502138e-03
2.864503387715923183e-03
2.859193775792590649e-03
2.853790704308940742e-03
2.848292777273182547e-03
2.842698589243393501e-03
2.837006722175278335e-03
2.831215745673659745e-03
2.825324217303479182e-03
2.819330684423944702e-03
2.813233683319296598e-03
2.807031738894173473e-03
2.800723367596234890e-03
2.794307076572665957e-03
2.787781365130314465e-03
2.781144726272319779e-03
2.774395646107377048e-03
2.767532603674522761e-03
2.760554069843604991e-03
2.753458509330094020e-03
2.746244380625167784e-03
2.738910137893811169e-03
2.731454231948255221e-03
2.723875112283218915e-03
2.716171227935797270e-03
2.708341026663993022e-03
2.700382957298738847e-03
2.692295468988325970e-03
2.684077013494973359e-03
2.675726043439860882e-03
2.667241012959686158e-03
2.658620380429108782e-03
2.649862609366557872e-03
2.640966173305095768e-03
2.631929556333034194e-03
2.622751251700732728e-03
2.613429761948950995e-03
2.603963602918512796e-03
2.594351307558800425e-03
2.584591421630233563e-03
2.574682504393533897e-03
2.564623130828984614e-03
2.554411897082785148e-03
2.544047422320176461e-03
2.533528354512138998e-03
2.522853369701108951e-03
2.512021165918031183e-03
2.501030471888174376e-03
2.489880051243874466e-03
2.478568704064455178e-03
2.467095260780227586e-03
2.455458583940803904e-03
2.443657578783787945e-03
2.431691192268829477e-03
2.419558424998885949e-03
2.407258330408533660e-03
2.394790003872350730e-03
2.382152588088936717e-03
2.369345285808828559e-03
2.356367366664977731e-03
2.343218155918273295e-03
2.329897035903025389e-03
2.316403453900877252e-03
2.302736930640646683e-03
2.288897064322129027e-03
2.274883541519783989e-03
2.260696125938711689e-03
2.246334649182853745e-03
2.231799035970183018e-03
2.217089311802311613e-03
2.202205598651562832e-03
2.187148107123462314e-03
2.171917141702084733e-03
2.156513121774760507e-03
2.140936574276853036e-03
2.125188159748735584e-03
2.109268660327766939e-03
2.093178955939729510e-03
2.076920048229270298e-03
2.060493080139373049e-03
2.043899341969542590e-03
2.027140253364230829e-03
2.010217365166273428e-03
1.993132381133727767e-03
1.975887158492942251e-03
1.958483724577317862e-03
1.940924282833236337e-03
1.923211180873528152e-03
1.905346911941429525e-03
1.887334161039684903e-03
1.869175808487324661e-03
1.850874918972242886e-03
1.832434737431963773e-03
1.813858698254930228e-03
1.795150451566579182e-03
1.776313849461448949e-03
1.757352985915451929e-03
1.738272157997206371e-03
1.719075840147900065e-03
1.699768737138419037e-03
1.680355794631682416e-03
1.660842206427236463e-03
1.641233391486034100e-03
1.621534996775772595e-03
1.601752932736094865e-03
1.581893354150818495e-03
1.561962698268275739e-03
1.541967662350802234e-03
1.521915155142496709e-03
1.501812326025667990e-03
1.481666614038551748e-03
1.461485743053229838e-03
1.441277711576775724e-03
1.421050784829143605e-03
1.400813508633814205e-03
1.380574723805815061e-03
1.360343555492987948e-03
1.340129444407469391e-03
1.319942081271955042e-03
1.299791398016941248e-03
1.279687628678919092e-03
1.259641294691293215e-03
1.239663218621439751e-03
1.219764492529702704e-03
1.199956485932267150e-03
1.180250870477482289e-03
1.160659588788852826e-03
1.141194896197667832e-03
1.121869294887850848e-03
1.102695500257432158e-03
1.083686472342631959e-03
1.064855437099021442e-03
1.046215874342599052e-03
1.027781501013436865e-03
1.009566250041651165e-03
9.915842709044334329e-04
9.738499283641215186e-04
9.563777781150512415e-04
9.391825554810620752e-04
9.222791216847025944e-04
9.056824416414263309e-04
8.894075804372715338e-04
8.734696761666313480e-04
8.578839224449679975e-04
8.426655398467465530e-04
8.278297848214838210e-04
8.133919427641089729e-04
7.993673143326918661e-04
7.857712076175729773e-04
7.726189088867696465e-04
7.599256967481772193e-04
7.477068274856577944e-04
7.359775349192747458e-04
7.247529836631045859e-04
7.140482650500047353e-04
7.038783561216482420e-04
6.942580705229829674e-04
6.852020332633337006e-04
6.767245783507873673e-04
6.688397608884889996e-04
6.615613132029596246e-04
6.549024495090385650e-04
6.488757794290096531e-04
6.434932800167118307e-04
6.387661290206621311e-04
6.347047659506290266e-04
6.313188690044375983e-04
6.286173990127061654e-04
6.266086221956710311e-04
6.253000792496461995e-04
6.246988868778542790e-04
6.248119398615400132e-04
6.256459614334211345e-04
6.272075199703510242e-04
6.295032866669450717e-04
6.325401568516194869e-04
6.363252673159910423e-04
6.408659349235116664e-04
6.461697550535687538e-04
6.522448192070614105e-04
6.590996287805007698e-04
6.667431546975170807e-04
6.751849229234608597e-04
6.844349971737631990e-04
6.945040177594528474e-04
7.054031169207069032e-04
7.171439830836408074e-04
7.297390148532341761e-04
7.432015052027333545e-04
7.575457209308175243e-04
7.727867746173141096e-04
7.889410995031863241e-04
8.060264436335698186e-04
8.240618976408996092e-04
8.430678614198487252e-04
8.630661257370899090e-04
8.840806361110957424e-04
9.061374544613727241e-04
9.292648512227611813e-04
9.534938771967400774e-04
9.788585263291954899e-04
1.005395733851603473e-03
1.033145013123981139e-03
1.062149349428198044e-03
1.092455852764637322e-03
1.124115578630256740e-03
1.157183913258876722e-03
1.191720628248614218e-03
1.227790126049275055e-03
1.265460843324940415e-03
1.304805564782452821e-03
1.345902094922239939e-03
1.388833126333532302e-03
1.433687258711216841e-03
1.480558171163352246e-03
1.529544873147382173e-03
1.580751505652045223e-03
1.634286235087497848e-03
1.690262851431307287e-03
1.748798330215134943e-03
1.810013802555943650e-03
1.874034990603044371e-03
1.940989806178081058e-03
2.011010287233357032e-03
2.084228868352123749e-03
2.160781447132090107e-03
2.240805419718197491e-03
2.324437833159145785e-03
2.411818321262264656e-03
2.503083814966038795e-03
2.598372185867077640e-03
2.697816411034870653e-03
2.801546566086497367e-03
2.909686768519476226e-03
3.022352875167044154e-03
3.139653642432978405e-03
3.261684065530540133e-03
3.388529242253230430e-03
3.520255524193569539e-03
3.656912575977373011e-03
3.798530017480904360e-03
3.945112124452391719e-03
4.096638447984827722e-03
4.253064647163924857e-03
4.414317215595034080e-03
4.580288888898575474e-03
4.750837877338949695e-03
4.925785261955000459e-03
5.104920820333818006e-03
5.287997155101900951e-03
5.474735777693696438e-03
5.664824842981162900e-03
5.857927223746034473e-03
6.053688918409801979e-03
6.251742106633911139e-03
6.451717730042535147e-03
6.653239136570319318e-03
6.855938751585047460e-03
7.059464316905961212e-03
7.263486609169094929e-03
7.467710134938132516e-03
7.671879194434980641e-03
7.875790741642223897e-03
8.079303116878820343e-03
8.282341030898848072e-03
8.484896543947574934e-03
8.687041469966494053e-03
8.888927280648535253e-03
9.090798867620418847e-03
9.292982865454985433e-03
9.495883126613898287e-03
9.699990153032543583e-03
9.905879025888703754e-03
1.011421348102185813e-02
1.032572610495825771e-02
1.054120518767767342e-02
1.076149663913778844e-02
1.098749843099213613e-02
1.122015471581015028e-02
1.146043985212009085e-02
1.170933473096310955e-02
1.196784103354420897e-02
1.223694727553572593e-02
1.251762258236325913e-02
1.281082477346032027e-02
1.311745660441249357e-02
1.343839622933337349e-02
1.377439977178255073e-02
1.412609843832618971e-02
1.449400027023607825e-02
1.487837910024876129e-02
1.527935858126563615e-02
1.569683402480500506e-02
1.613050052858829367e-02
1.657981066915937760e-02
1.704387056453583738e-02
1.752156761139194580e-02
1.801148203769231335e-02
1.851188499350481589e-02
1.902093575021594762e-02
1.953656672555887513e-02
2.005668546429678276e-02
2.057914652075629180e-02
2.110159396916677643e-02
2.162187455625378188e-02
2.213772700454587697e-02
2.264732243598673728e-02
2.314901981913689011e-02
2.364148232285699994e-02
2.412389946887810374e-02
2.459562435607660913e-02
2.505684796267059963e-02
2.550807768818398949e-02
2.595061612019533212e-02
2.638616122243050283e-02
2.681690578176000941e-02
2.724551834921360577e-02
2.767490572911784213e-02
2.810833573639998431e-02
2.854912925285781403e-02
2.900081188607903787e-02
2.946676887018517821e-02
2.995036308141792863e-02
3.045463540268934788e-02
3.098240777684950487e-02
3.153593373699040137e-02
3.211698168688153360e-02
3.272661955704374293e-02
3.336514935913201252e-02
3.403213995925420676e-02
3.472624000703922187e-02
3.544531852690709084e-02
3.618649300408458003e-02
3.694624909262291673e-02
3.772042164151616361e-02
3.850445847986951747e-02
3.929348360278611674e-02
4.008251837021708369e-02
4.086681116892593862e-02
4.164208439192942923e-02
4.240482118835987163e-02
4.315242596173933520e-02
4.388330729387764084e-02
4.459712871088775121e-02
4.529476347705042177e-02
4.597825589273002445e-02
4.665073434165997734e-02
4.731622377677210944e-02
4.797945853958739820e-02
4.864569456124792635e-02
4.932049559362483571e-02
5.000950619577664014e-02
5.071810536078276421e-02
5.145104687478520983e-02
5.221239083044577206e-02
5.300500720835969043e-02
5.383031744075698899e-02
5.468850004683613319e-02
5.557800037655933473e-02
5.649616044554901795e-02
5.743919992049804218e-02
5.840199857588464216e-02
5.937937239295133784e-02
6.036559435910793942e-02
6.135525442781581545e-02
6.234361499022703784e-02
6.332606144068017584e-02
6.430028064709610025e-02
6.526492247984755357e-02
6.621925999210084846e-02
6.716590887040965741e-02
6.810840775065980790e-02
6.905155256264777774e-02
6.999972061803561019e-02
7.095553354510643340e-02
7.192626404499885551e-02
7.291795965587406780e-02
7.393316519923039121e-02
7.497601808287306102e-02
7.604711522705825955e-02
7.714774056316278661e-02
7.827684832788048275e-02
7.942873982995177218e-02
8.060231747067350683e-02
8.179438670195293692e-02
8.299951135018869552e-02
8.421458394214363652e-02
8.543362452732913837e-02
8.665717881213436113e-02
8.788541356534537718e-02
8.911368253395268724e-02
9.034632361403181766e-02
9.158620770870465333e-02
9.283399539541857537e-02
9.409546763774204181e-02
9.537074878786556964e-02
9.666494711999241984e-02
9.798238055383023948e-02
9.931936543460759270e-02
1.006814206121121186e-01
1.020650759901896992e-01
1.034690937779542408e-01
1.048944136272982469e-01
1.063344978561312493e-01
1.077910124604514741e-01
1.092618530872552229e-01
1.107427543404091858e-01
1.122362442476657618e-01
1.137412654988896182e-01
1.152575039291090786e-01
1.167874820512784378e-01
1.183315284946653279e-01
1.198898065405409469e-01
1.214674353463956469e-01
1.230607402003692508e-01
1.246727987748474931e-01
1.263049377757657077e-01
1.279531128157561093e-01
1.296208869345591153e-01
1.313048293052776205e-01
1.330056554177083405e-01
1.347225600897315190e-01
1.364544818180301322e-01
1.382017446502733782e-01
1.399632920747902465e-01
1.417405303775111924e-01
1.435316251356627826e-01
1.453391999162812198e-01
1.471614974570142065e-01
1.489997258784900858e-01
1.508551162321715433e-01
1.527249197493650013e-01
1.546132568070376634e-01
1.565158369719897302e-01
1.584360523392784048e-01
1.603720514472428693e-01
1.623226016527640481e-01
1.642898742787233246e-01
1.662705092801130824e-01
1.682674329528689172e-01
1.702774875713006231e-01
1.723030787932813279e-01
1.743427199561138896e-01
1.763964623260353137e-01
1.784667964673740392e-01
1.805495786773753386e-01
1.826494629634702049e-01
1.847624659876719311e-01
1.868901108837316971e-01
1.890319399008018597e-01
1.911864460394755716e-01
1.933546142072369023e-01
1.955353625255042693e-01
1.977290656025611493e-01
1.999355139223173705e-01
2.021548952950146805e-01
2.043872631503271253e-01
2.066325096936115491e-01
2.088904988653590145e-01
2.111610428125421379e-01
2.134439388891901102e-01
2.157389600871985058e-01
2.180458726505058176e-01
2.203644484834167971e-01
2.226944599268423641e-01
2.250356782225389485e-01
2.273878732145427073e-01
2.297508137790180982e-01
2.321242676414442541e-01
2.345079994343072238e-01
2.369017713571839601e-01
2.393053451689909072e-01
2.417184811130257405e-01
2.441409395199992949e-01
2.465724802395392878e-01
2.490128617236867237e-01
2.514618407583450455e-01
2.539191725604233452e-01
2.563846110950581125e-01
2.588579094049682783e-01
2.613388204210734256e-01
2.638270968867717503e-01
2.663224906968172934e-01
2.688247529481194720e-01
2.713336340637012012e-01
2.738488839661764040e-01
2.763702522614059909e-01
2.788974884408056965e-01
2.814303418123334510e-01
2.839685610986935616e-01
2.865118939069368209e-01
2.890600868451872474e-01
2.916128857683359943e-01
2.941700354989887356e-01
2.967312795766753886e-01
2.992963602537792589e-01
3.018650189734383149e-01
3.044369967607686300e-01
3.070120342211465903e-01
3.095898720283507544e-01
3.121702516361195001e-01
3.147529153173057037e-01
3.173376060958333911e-01
3.199240674168786769e-01
3.225120433660461639e-01
3.251012790595770308e-01
3.276915203817393762e-01
3.302825141268513898e-01
3.328740078320828188e-01
3.354657494575309928e-01
3.380574870545939858e-01
3.406489689891777362e-01
3.432399444679768985e-01
3.458301639319383280e-01
3.484193792958125147e-01
3.510073443954635497e-01
3.535938161452619743e-01
3.561785551030182129e-01
3.587613259472663407e-01
3.613418980323794272e-01
3.639200452347178816e-01
3.664955451055230129e-01
3.690681788456430246e-01
3.716377320544116958e-01
3.742039948327646748e-01
3.767667613992976561e-01
3.793258287224203773e-01
3.818809967315312526e-01
3.844320686328902559e-01
3.869788500983692980e-01
3.895211489163621921e-01
3.920587743015442328e-01
3.945915361161560497e-01
3.971192445778596869e-01
3.996417109313521454e-01
4.021587482293106919e-01
4.046701720980444006e-01
4.071758010183097465e-01
4.096754576295442152e-01
4.121689701084243485e-01
4.146561725888996408e-01
4.171369061817293278e-01
4.196110187271259728e-01
4.220783641663999886e-01
4.245388017295933514e-01
4.269921962391341475e-01
4.294384179887885122e-01
4.318773428419989679e-01
4.343088517220583533e-01
4.367328290577101035e-01
4.391491632236914633e-01
4.415577465011639169e-01
4.439584740900998083e-01
4.463512433152014847e-01
4.487359528193253788e-01
4.511125017989253694e-01
4.534807899292211952e-01
4.558407182962374571e-01
4.581921901195961100e-01
4.605351117966482444e-01
4.628693929573226562e-01
4.651949481881933468e-01
4.675116978589441419e-01
4.698195684976845254e-01
4.721184936471480298e-01
4.744084129071166056e-01
4.766892713463771192e-01
4.789610190423576608e-01
4.812236112087818207e-01
4.834770074506341553e-01
4.857211721008811156e-01
4.879560736300629920e-01
4.901816834068227213e-01
4.923979760851222576e-01
4.946049292830622113e-01
4.968025227592703374e-01
4.989907375251165234e-01
5.011695553997385089e-01
5.033389585515505305e-01
5.054989296154818179e-01
5.076494524910192263e-01
5.097905127871191766e-01
5.119220986931672934e-01
5.140442008537242646e-01
5.161568136815382069e-01
5.182599353888266425e-01
5.203535684137652328e-01
5.224377195236193927e-01
5.245123991414816222e-01
5.265776210596444518e-01
5.286334022222385354e-01
5.306797625480640379e-01
5.327167243130694896e-01
5.347443126880035980e-01
5.367625551341147494e-01
5.387714805147930663e-01
5.407711193022728402e-01
5.427615033331497640e-01
5.447426652021993831e-01
5.467146378805364249e-01
5.486774546336139480e-01
5.506311489085968791e-01
5.525757544822547107e-01
5.545113058525190652e-01
5.564378384064453398e-01
5.583553888801777720e-01
5.602639951277563757e-01
5.621636965088107063e-01
5.640545338128665209e-01
5.659365494338658431e-01
5.678097874968169867e-01
5.696742935386076567e-01
5.715301144090207952e-01
5.733772981911503530e-01
5.752158939410112470e-01
5.770459515301733511e-01
5.788675219099789215e-01
5.806806566259107294e-01
5.824854073096425999e-01
5.842818257370101520e-01
5.860699637771543680e-01
5.878498732371576496e-01
5.896216059047550972e-01
5.913852136316951613e-01
5.931407483308777095e-01
5.948882620432942581e-01
5.966278069314535637e-01
5.983594352628640589e-01
6.000831995602797786e-01
6.017991523395342934e-01
6.035073460854418759e-01
6.052078333996785409e-01
6.069006670682099980e-01
6.085859001670840263e-01
6.102635859156034792e-01
6.119337776444253585e-01
6.135965288236276960e-01
6.152518930656316609e-01
6.168999240345757196e-01
6.185406754372020366e-01
6.201742008814793428e-01
6.218005536277657619e-01
6.234197865613448908e-01
6.250319522943511563e-01
6.266371033156787895e-01
6.282352920674300067e-01
6.298265709588151129e-01
6.314109923656480161e-01
6.329886086384632904e-01
6.345594719652982718e-01
6.361236343300911145e-01
6.376811474308113903e-01
6.392320624660129402e-01
6.407764301131824158e-01
6.423143004687336122e-01
6.438457229894671840e-01
6.453707466680286275e-01
6.468894200171252384e-01
6.484017910119617145e-01
6.499079072251404687e-01
6.514078160023385466e-01
6.529015643730120555e-01
6.543891990838112127e-01
6.558707664886480604e-01
6.573463125162277709e-01
6.588158826549733726e-01
6.602795220941632959e-01
6.617372758902653196e-01
6.631891890040857440e-01
6.646353063242648185e-01
6.660756726785120874e-01
6.675103327604533510e-01
6.689393310731313047e-01
6.703627118959931686e-01
6.717805190407755145e-01
6.731927956703991356e-01
6.745995842380518859e-01
6.760009263355746256e-01
6.773968629297583144e-01
6.787874343735416094e-01
6.801726804765168000e-01
6.815526405429551682e-01
6.829273533259582196e-01
6.842968572215982759e-01
6.856611901227958050e-01
6.870203892684958458e-01
6.883744913657511288e-01
6.897235326842314773e-01
6.910675490623289230e-01
6.924065760484545695e-01
6.937406490163007255e-01
6.950698032646986935e-01
6.963940740513464567e-01
6.977134965873463823e-01
6.990281058818826887e-01
7.003379367151100210e-01
7.016430235927024750e-01
7.029434005674103370e-01
7.042391010953729102e-01
7.055301579927560907e-01
7.068166035417582371e-01
7.080984695567983378e-01
7.093757873737888131e-01
7.106485878960920877e-01
7.119169016853790222e-01
7.131807589758285548e-01
7.144401896909486904e-01
7.156952233167040989e-01
7.169458887442600181e-01
7.181922145598838014e-01
7.194342291298767567e-01
7.206719605487321711e-01
7.219054367681724260e-01
7.231346856946038182e-01
7.243597352259406597e-01
7.255806132267186292e-01
7.267973475466855682e-01
7.280099659479054575e-01
7.292184959331227123e-01
7.304229646719093694e-01
7.316233989460743103e-01
7.328198251256669016e-01
7.340122691266660615e-01
7.352007564585973931e-01
7.363853121652508271e-01
7.375659608068193540e-01
7.387427264477675060e-01
7.399156328221059287e-01
7.410847033881138302e-01
7.422499612069249908e-01
7.434114289706557077e-01
7.445691291216340879e-01
7.457230838873638579e-01
7.468733152759721161e-01
7.480198451292420225e-01
7.491626952272811835e-01
7.503018872975012465e-01
7.514374430320023279e-01
7.525693840804060786e-01
7.536977320154349957e-01
7.548225083036405048e-01
7.559437343726616021e-01
7.570614315052545118e-01
7.581756206363675643e-01
7.592863224264704280e-01
7.603935572832106748e-01
7.614973453965998562e-01
7.625977066822356987e-01
7.636946606507233337e-01
7.647882264838716804e-01
7.658784230412467586e-01
7.669652688843825450e-01
7.680487823169037664e-01
7.691289813023962640e-01
7.702058833802399862e-01
7.712795058802633941e-01
7.723498660302184904e-01
7.734169809746367363e-01
7.744808678051796624e-01
7.755415436010153485e-01
7.765990254211447841e-01
7.776533302856065699e-01
7.787044751847331803e-01
7.797524769394479360e-01
7.807973521750598556e-01
7.818391173496359592e-01
7.828777886507667372e-01
7.839133820546680953e-01
7.849459132424263519e-01
7.859753975616954325e-01
7.870018501238109643e-01
7.880252858016295603e-01
7.890457193265565383e-01
7.900631653302926383e-01
7.910776383098415687e-01
7.920891526290401163e-01
7.930977225308436518e-01
7.941033620964849105e-01
7.951060853056324262e-01
7.961059060524136033e-01
7.971028381741370739e-01
7.980968954859261055e-01
7.990880917939329198e-01
8.000764409044278658e-01
8.010619566294429061e-01
8.020446527691394989e-01
8.030245431286933133e-01
8.040016415078337086e-01
8.049759616250281580e-01
8.059475171081377232e-01
8.069163214939262252e-01
8.078823882775700849e-01
8.088457309149184038e-01
8.098063627259880493e-01
8.107642968952840645e-01
8.117195464202413557e-01
8.126721241303332954e-01
8.136220427794230714e-01
8.145693149630958141e-01
8.155139531199553371e-01
8.164559695160104047e-01
8.173953763111587723e-01
8.183321856375065373e-01
8.192664096099525617e-01
8.201980603277452264e-01
8.211271498856657081e-01
8.220536903639091841e-01
8.229776938182297163e-01
8.238991722888018288e-01
8.248181378000549735e-01
8.257346023454359418e-01
8.266485778787985295e-01
8.275600763024079098e-01
8.284691094802515421e-01
8.293756892295811589e-01
8.302798272956667391e-01
8.311815354197525929e-01
8.320808252662100779e-01
8.329777084241265506e-01
8.338721964481020654e-01
8.347643007573689600e-01
8.356540326378292249e-01
8.365414032154185886e-01
8.374264235385270316e-01
8.383091046457450402e-01
8.391894575400319356e-01
8.400674932103042725e-01
8.409432226426473145e-01
8.418166568227712920e-01
8.426878067349181656e-01
8.435566833625276484e-01
8.444232976651621092e-01
8.452876605417020128e-01
8.461497828621276085e-01
8.470096754195679534e-01
8.478673489210650782e-01
8.487228140085172345e-01
8.495760812472029633e-01
8.504271611414657706e-01
8.512760640257092115e-01
8.521228000595165719e-01
8.529673793010117411e-01
8.538098117527631592e-01
8.546501073908184809e-01
8.554882761212971864e-01
8.563243277930456809e-01
8.571582721801127569e-01
8.579901190063057292e-01
8.588198779818898565e-01
8.596475588113237087e-01
8.604731711978977904e-01
8.612967248448226698e-01
8.621182294557051540e-01
8.629376947338343040e-01
8.637551303894358545e-01
8.645705461414544546e-01
8.653839517140611282e-01
8.661953568138399673e-01
8.670047711281441138e-01
8.678122043476911296e-01
8.686176661393705256e-01
8.694211661584546613e-01
8.702227141095225660e-01
8.710223197230978487e-01
8.718199926835508151e-01
8.726157426163880793e-01
8.734095791094812489e-01
8.742015117143197012e-01
8.749915499011237108e-01
8.757797030994466381e-01
8.765659807176636731e-01
8.773503921456066168e-01
8.781329467612534190e-01
8.789136539386622760e-01
8.796925230350288727e-01
8.804695633986626691e-01
8.812447843822911464e-01
8.820181953487582494e-01
8.827898056482359479e-01
8.835596246449712865e-01
8.843276617751498758e-01
8.850939265013455515e-01
8.858584283159102180e-01
8.866211767599229132e-01
8.873821814316551482e-01
8.881414520061764462e-01
8.888989982475500318e-01
8.896548300118922725e-01
8.904089572361840732e-01
8.911613899529416960e-01
8.919121383008001835e-01
8.926612125520718699e-01
8.934086230644885385e-01
8.941543802448310707e-01
8.948984945379104827e-01
8.956409763995309969e-01
8.963818362866227130e-01
8.971210846515522697e-01
8.978587319276689627e-01
8.985947885179471628e-01
8.993292648288343516e-01
9.000621713077592290e-01
9.007935183663298151e-01
9.015233163601760191e-01
9.022515755753249822e-01
9.029783062507275027e-01
9.037035185477236832e-01
9.044272225472548277e-01
9.051494281766943040e-01
9.058701451429876927e-01
9.065893830036272361e-01
9.073071512081669621e-01
9.080234590614933987e-01
9.087383156825875608e-01
9.094517299877282746e-01
9.101637107733866472e-01
9.108742667748309652e-01
9.115834066962408277e-01
9.122911392361869876e-01
9.129974730935798144e-01
9.137024170072142182e-01
9.144059798944194073e-01
9.151081708556703109e-01
9.158089992496906140e-01
9.165084747950035249e-01
9.172066076565734694e-01
9.179034086747880350e-01
9.185988895123992082e-01
9.192930624673251172e-01
9.199859406343633417e-01
9.206775378629089568e-01
9.213678689139790379e-01
9.220569497403917625e-01
9.227447971317781494e-01
9.234314287086311523e-01
9.241168628156940512e-01
9.248011185575302218e-01
9.254842158126176388e-01
9.261661751217589167e-01
9.268470173609089091e-01
9.275267635039640135e-01
9.282054345409562757e-01
9.288830514620372014e-01
9.295596352415723684e-01
9.302352067170369665e-01
9.309097865723201526e-01
9.315833949361210786e-01
9.322560508504069698e-01
9.329277719545499004e-01
9.335985739221183133e-01
9.342684700569282574e-01
9.349374713005914606e-01
9.356055858003599068e-01
9.362728188126119289e-01
9.369391720671234047e-01
9.376046433738413066e-01
9.382692274377408825e-01
9.389329153798553484e-01
9.395956949026023075e-01
9.402575501072358843e-01
9.409184613138773523e-01
9.415784050676566652e-01
9.422373553984946248e-01
9.428952852247346472e-01
9.435521673235122142e-01
9.442079744719024115e-01
9.448626793349674813e-01
9.455162529489422596e-01
9.461686620876477161e-01
9.468198689998978956e-01
9.474698323379393550e-01
9.481185074586064854e-01
9.487658465757857762e-01
9.494117994130769622e-01
