4.107748812803580993e-03
4.107666948313686527e-03
4.107583150758458389e-03
4.107497381284009458e-03
4.107409600224583811e-03
4.107319766955952640e-03
4.107227839933731695e-03
4.107133776673040776e-03
4.107037533664518840e-03
4.106939066277137847e-03
4.106838328872621652e-03
4.106735274655702074e-03
4.106629855695079559e-03
4.106522022973399695e-03
4.106411726421005728e-03
4.106298914813106757e-03
4.106183535812353048e-03
4.106065536153131329e-03
4.105944861784279615e-03
4.105821457598421778e-03
4.105695267486165513e-03
4.105566234214560670e-03
4.105434299417316281e-03
4.105299403594096265e-03
4.105161486170352640e-03
4.105020485324145478e-03
4.104876337911308667e-03
4.104728979610335754e-03
4.104578344666335622e-03
4.104424365809279315e-03
4.104266974425776690e-03
4.104106100574184124e-03
4.103941672842647756e-03
4.103773618377136619e-03
4.103601862983421826e-03
4.103426330985055631e-03
4.103246945061314425e-03
4.103063626383283459e-03
4.102876294959911622e-03
4.102684869803051304e-03
4.102489268326786100e-03
4.102289406388547228e-03
4.102085198076596897e-03
4.101876555762066535e-03
4.101663390158801284e-03
4.101445610308823014e-03
4.101223123298527833e-03
4.100995834257755400e-03
4.100763646619223768e-03
4.100526461766154131e-03
4.100284178986691834e-03
4.100036695643034107e-03
4.099783907048061733e-03
4.099525706344365507e-03
4.099261984597950791e-03
4.098992630936963352e-03
4.098717532184582846e-03
4.098436572675203705e-03
4.098149634600636512e-03
4.097856598191919157e-03
4.097557341475402577e-03
4.097251740040682919e-03
4.096939667073056478e-03
4.096620993220885347e-03
4.096295586705558066e-03
4.095963313424694392e-03
4.095624036695653426e-03
4.095277616958873344e-03
4.094923912042143510e-03
4.094562777529273112e-03
4.094194066586870351e-03
4.093817629583580177e-03
4.093433314131491273e-03
4.093040964541442422e-03
4.092640421572222263e-03
4.092231523035817775e-03
4.091814103800221931e-03
4.091387994972260113e-03
4.090953023477994326e-03
4.090509012753083297e-03
4.090055782426078347e-03
4.089593147999903873e-03
4.089120921186578314e-03
4.088638909951017655e-03
4.088146919608111850e-03
4.087644752216804123e-03
4.087132206537617135e-03
4.086609077593358549e-03
4.086075157018395458e-03
4.085530234137414729e-03
4.084974096170145529e-03
4.084406528454241798e-03
4.083827312667477789e-03
4.083236226986085814e-03
4.082633043652979243e-03
4.082017529591770895e-03
4.081389447506867871e-03
4.080748555340642757e-03
4.080094604872429309e-03
4.079427341284604797e-03
4.078746504029357595e-03
4.078051825511482160e-03
4.077343031767723634e-03
4.076619843150220725e-03
4.075881975019041148e-03
4.075129138867286845e-03
4.074361041796706155e-03
4.073577386461152243e-03
4.072777869932794718e-03
4.071962183234910902e-03
4.071130013278790455e-03
4.070281042988906084e-03
4.069414950818694109e-03
4.068531409243465735e-03
4.067630084575612169e-03
4.066710634897390160e-03
4.065772711344642527e-03
4.064815958575307940e-03
4.063840013723362711e-03
4.062844506502620578e-03
4.061829060197015215e-03
4.060793291877641889e-03
4.059736811388529702e-03
4.058659220884092318e-03
4.057560115300992698e-03
4.056439082299090511e-03
4.055295702953863081e-03
4.054129552472708273e-03
4.052940199341718147e-03
4.051727203427616525e-03
4.050490115318774835e-03
4.049228478842383482e-03
4.047941829886022962e-03
4.046629696102843274e-03
4.045291596172396510e-03
4.043927039518707862e-03
4.042535525749488962e-03
4.041116545655676004e-03
4.039669581245798093e-03
4.038194103580495034e-03
4.036689572398381720e-03
4.035155438196715363e-03
4.033591143179426214e-03
4.031996120227073453e-03
4.030369792368312248e-03
4.028711572704918135e-03
4.027020863128309355e-03
4.025297056630171635e-03
4.023539538113656520e-03
4.021747682018506770e-03
4.019920851173634790e-03
4.018058398456522684e-03
4.016159667609572707e-03
4.014223990468739935e-03
4.012250686745977984e-03
4.010239063597916508e-03
4.008188416405258567e-03
4.006098027792230794e-03
4.003967168495330305e-03
4.001795096993871099e-03
3.999581056999132293e-03
3.997324276466761826e-03
3.995023971201740014e-03
3.992679345224091347e-03
3.990289589484717278e-03
3.987853881643130434e-03
3.985371384389146954e-03
3.982841245015381233e-03
3.980262599797119993e-03
3.977634573094678341e-03
3.974956274312591714e-03
3.972226796737404059e-03
3.969445221066753710e-03
3.966610615387848073e-03
3.963722032801360838e-03
3.960778511089359938e-03
3.957779072756621719e-03
3.954722725054186754e-03
3.951608459987306608e-03
3.948435256226155883e-03
3.945202076352532020e-03
3.941907864444985782e-03
3.938551547201485717e-03
3.935132036915972055e-03
3.931648230070953001e-03
3.928099006029407876e-03
3.924483227414905795e-03
3.920799738623883396e-03
3.917047366576352496e-03
3.913224924840088929e-03
3.909331210829604039e-03
3.905365002949416804e-03
3.901325059403897358e-03
3.897210123360224723e-03
3.893018921680260151e-03
3.888750162863788273e-03
3.884402537273170739e-03
3.879974716606490737e-03
3.875465353742694238e-03
3.870873084677349703e-03
3.866196529664337259e-03
3.861434289957571368e-03
3.856584945599398837e-03
3.851647058227090827e-03
3.846619172293975868e-03
3.841499813962710990e-03
3.836287490270692824e-03
3.830980690117922766e-03
3.825577883087383311e-03
3.820077521373284237e-03
3.814478043321070308e-03
3.808777868464160565e-03
3.802975396001306505e-03
3.797069005167256085e-03
3.791057060014210202e-03
3.784937907429216774e-03
3.778709875645676515e-03
3.772371275982764911e-03
3.765920401917457073e-03
3.759355530001054144e-03
3.752674922503965692e-03
3.745876827562922250e-03
3.738959476639848716e-03
3.731921083068344327e-03
3.724759845237538610e-03
3.717473946278508461e-03
3.710061554272463605e-03
3.702520822676276437e-03
3.694849891946716189e-03
3.687046889728818212e-03
3.679109933083138384e-03
3.671037129813016931e-03
3.662826574689286279e-03
3.654476350308284802e-03
3.645984527133916495e-03
3.637349165778378662e-03
3.628568316870906668e-03
3.619640021020431413e-03
3.610562312595483239e-03
3.601333219642122163e-03
3.591950764104534857e-03
3.582412962964594012e-03
3.572717829753903167e-03
3.562863375405616630e-03
3.552847606553224350e-03
3.542668526582844288e-03
3.532324136087233810e-03
3.521812436580814068e-03
3.511131432486715945e-03
3.500279135006411670e-03
3.489253563761238099e-03
3.478052744564060720e-03
3.466674712198867907e-03
3.455117511479762794e-03
3.443379200707561566e-03
3.431457847765145147e-03
3.419351531047352087e-03
3.407058344582702351e-03
3.394576399930251953e-03
3.381903833496374256e-03
3.369038808619210200e-03
3.355979510965263844e-03
3.342724148758182030e-03
3.329270960829945180e-03
3.315618222861050138e-03
3.301764240363527260e-03
3.287707347767754654e-03
3.273445913058412125e-03
3.258978346871244450e-03
3.244303105374693377e-03
3.229418700394120698e-03
3.214323696881374922e-03
3.199016701259950121e-03
3.183496375630227946e-03
3.167761446871703978e-03
3.151810708252444221e-03
3.135643008737474743e-03
3.119257255878206056e-03
3.102652433229030789e-03
3.085827598986917112e-03
3.068781903866926210e-03
3.051514590543104397e-03
3.034024974348090240e-03
3.016312452034253071e-03
2.998376522508493149e-03
2.980216796758262173e-03
2.961832980356143667e-03
2.943224874014925899e-03
2.924392386346318269e-03
2.905335546664332066e-03
2.886054511522121845e-03
2.866549581957042805e-03
2.846821183845269117e-03
2.826869852788656181e-03
2.806696272901920263e-03
2.786301289412494980e-03
2.765685901358471300e-03
2.744851249015538199e-03
2.723798622036193752e-03
2.702529492142097430e-03
2.681045500936599449e-03
2.659348497403693501e-03
2.637440519745208687e-03
2.615323757646592293e-03
2.593000588222879512e-03
2.570473605706697241e-03
2.547745630022746344e-03
2.524819680347841194e-03
2.501698976055252797e-03
2.478386968431078776e-03
2.454887340929156649e-03
2.431204032657445068e-03
2.407341246832597672e-03
2.383303402015276348e-03
2.359095133929124156e-03
2.334721362022352739e-03
2.310187294226337743e-03
2.285498411661228066e-03
2.260660462158189596e-03
2.235679472755083743e-03
2.210561786874946921e-03
2.185314042845649604e-03
2.159943228359432164e-03
2.134456624994909846e-03
2.108861770033511416e-03
2.083166532049500821e-03
2.057379124911228301e-03
2.031508119334540091e-03
2.005562410771894160e-03
1.979551221187026561e-03
1.953484147606019544e-03
1.927371133821100891e-03
1.901222520063117942e-03
1.875049011666374841e-03
1.848861611011529170e-03
1.822671657264994700e-03
1.796490892810726804e-03
1.770331457645507849e-03
1.744205877318221517e-03
1.718127050059148949e-03
1.692108262302310408e-03
1.666163207848337735e-03
1.640305968906770242e-03
1.614551055690983386e-03
1.588913317460682699e-03
1.563407930101223201e-03
1.538050478294089021e-03
1.512856932874865603e-03
1.487843672839081954e-03
1.463027441439717019e-03
1.438425354227444372e-03
1.414054929526878087e-03
1.389934044068258595e-03
1.366080983659373558e-03
1.342514356967919363e-03
1.319253050883629173e-03
1.296316266598675259e-03
1.273723546133424334e-03
1.251494757615733951e-03
1.229650071571202407e-03
1.208209929960953099e-03
1.187195038311523055e-03
1.166626366418981996e-03
1.146525105140502225e-03
1.126912647169913675e-03
1.107810520949210290e-03
1.089240350911628097e-03
1.071223843114367438e-03
1.053782745610140972e-03
1.036938819344379722e-03
1.020713799335853066e-03
1.005129401356282199e-03
9.902073102281876496e-04
9.759691599270656562e-04
9.624365114314749683e-04
9.496308258900675167e-04
9.375734853586960814e-04
9.262857542364139919e-04
9.157887793837824007e-04
9.061035146201690781e-04
8.972507149714819110e-04
8.892508785745390333e-04
8.821241649545733020e-04
8.758903619647067339e-04
8.705687225944186034e-04
8.661779881720910136e-04
8.627363380263494393e-04
8.602610742268416554e-04
8.587684879975053488e-04
8.582738090543544363e-04
8.587909421202535648e-04
8.603325694136392887e-04
8.629101011683952115e-04
8.665337477601074744e-04
8.712125442734272238e-04
8.769543016065666462e-04
8.837660806218133923e-04
8.916544841737861042e-04
9.006257312733212525e-04
9.106856722675216523e-04
9.218401797176447882e-04
9.340953532515941212e-04
9.474575443713438658e-04
9.619332668564790738e-04
9.775293467921787258e-04
9.942532629460536665e-04
1.012113030043818376e-03
1.031117300941362339e-03
1.051275495436374821e-03
1.072597770969584401e-03
1.095095099267099237e-03
1.118779146965721795e-03
1.143662375269061853e-03
1.169758272549996586e-03
1.197081628453273809e-03
1.225648666777240815e-03
1.255476859718892592e-03
1.286585650452655742e-03
1.318996446848916607e-03
1.352732671687362567e-03
1.387819723603393989e-03
1.424285092703933466e-03
1.462159521520202225e-03
1.501476959898496912e-03
1.542274713772246982e-03
1.584594318343229315e-03
1.628481786610574402e-03
1.673987615968249324e-03
1.721166231163328382e-03
1.770077339796938092e-03
1.820786929019231138e-03
1.873367001155011547e-03
1.927896152400427904e-03
1.984459624831353373e-03
2.043149699988925944e-03
2.104064778586340473e-03
2.167309845760348984e-03
2.232997465567278760e-03
2.301247586226480742e-03
2.372189077592973955e-03
2.445958396935037169e-03
2.522699985140471144e-03
2.602565945104788527e-03
2.685714301006187493e-03
2.772311428683128451e-03
2.862528251541346380e-03
2.956541709934919909e-03
3.054535309163520888e-03
3.156695407237921497e-03
3.263214187126901606e-03
3.374283794925663112e-03
3.490101047505441215e-03
3.610864357310259593e-03
3.736770740014010075e-03
3.868020284848078076e-03
4.004807961352645045e-03
4.147329173108785065e-03
4.295770711230282105e-03
4.450313783926462818e-03
4.611129044313355338e-03
4.778372996127864571e-03
4.952189735689727958e-03
5.132700534823811563e-03
5.320009992482250573e-03
5.514192165860914638e-03
5.715293644011073398e-03
5.923328285107895032e-03
6.138268907069388894e-03
6.360048537545381561e-03
6.588561815984495841e-03
6.823656792610004532e-03
7.065127769294082469e-03
7.312714226784989766e-03
7.566097219006940114e-03
7.824908768523371888e-03
8.088723112770692877e-03
8.357066041391310318e-03
8.629411947788332218e-03
8.905196882868077896e-03
9.183832010162165660e-03
9.464708454972036236e-03
9.747217037026205746e-03
1.003073880000022143e-02
1.031467114535733649e-02
1.059843795279161345e-02
1.088150119530674129e-02
1.116337699596471611e-02
1.144364534518446143e-02
1.172196988089306904e-02
1.199811094177405911e-02
1.227193227731462194e-02
1.254340109245631434e-02
1.281260661591863276e-02
1.307975954304839428e-02
1.334521171397015128e-02
1.360943702565922328e-02
1.387302292458404696e-02
1.413668384818277980e-02
1.440125719411752478e-02
1.466770734032049779e-02
1.493709497652722339e-02
1.521055659886964839e-02
1.548930600845289073e-02
1.577462479925277258e-02
1.606785206337387611e-02
1.637036119707304185e-02
1.668352543801501775e-02
1.700873743609862543e-02
1.734735808359087403e-02
1.770070755780697030e-02
1.807007890092706889e-02
1.845667354172666336e-02
1.886164479549807746e-02
1.928595868924819559e-02
1.973039159653490471e-02
2.019553536853872788e-02
2.068163706742793401e-02
2.118872385583282433e-02
2.171649413198712200e-02
2.226435974580431507e-02
2.283139176396479023e-02
2.341617310128583929e-02
2.401698571048404771e-02
2.463168894664521241e-02
2.525772804387278400e-02
2.589241703718199103e-02
2.653277729532405385e-02
2.717582737267121296e-02
2.781854571054706224e-02
2.845765065191559889e-02
2.909018057667484350e-02
2.971306446541618906e-02
3.032387658189659302e-02
3.092048441940237896e-02
3.150119845801068602e-02
3.206507470840418844e-02
3.261141530285456558e-02
3.314069338007174376e-02
3.365382049055869879e-02
3.415279782409631065e-02
3.464015052210626250e-02
3.511905307669869331e-02
3.559329086440160550e-02
3.606693764467364116e-02
3.654451469506889844e-02
3.703057278256787627e-02
3.752989784098390708e-02
3.804704586411365025e-02
3.858649590801908197e-02
3.915224909392986397e-02
3.974797818363509649e-02
4.037656722049353525e-02
4.104023649284277431e-02
4.174026793789121365e-02
4.247692721063141275e-02
4.324951108934214222e-02
4.405612163987521895e-02
4.489385373130778262e-02
4.575884078270241878e-02
4.664643423301531588e-02
4.755119329917581461e-02
4.846724635707081591e-02
4.938834975075140354e-02
5.030812468415096078e-02
5.122052385359530946e-02
5.212021831960253482e-02
5.300296965313203851e-02
5.386573050350274700e-02
5.470674739077369120e-02
5.552591161287739885e-02
5.632464459062150319e-02
5.710575874687684461e-02
5.787337815660920787e-02
5.863283791955233026e-02
5.939049538181757903e-02
6.015330957500270026e-02
6.092827586329414846e-02
6.172225352214082139e-02
6.254205043575362943e-02
6.339390885060834646e-02
6.428287432818313718e-02
6.521220289064784403e-02
6.618366030872829819e-02
6.719766209659386313e-02
6.825177845733386428e-02
6.934168844986643432e-02
7.046215384925731684e-02
7.160707988483133724e-02
7.277066722879983740e-02
7.394594852088376413e-02
7.512571625281454224e-02
7.630371513992585675e-02
7.747410772209863128e-02
7.863406017530938374e-02
7.978219302799453849e-02
8.091771561891994424e-02
8.204384173130127578e-02
8.316501859930576501e-02
8.428720560419708518e-02
8.541632689489800367e-02
8.655560191396323433e-02
8.771276207798896218e-02
8.889540670720172399e-02
9.010810711191005740e-02
9.135480557768602128e-02
9.263452001146969816e-02
9.395012896177261374e-02
9.530090895520972050e-02
9.667908517029623339e-02
9.808320808738218988e-02
9.950874670193748939e-02
1.009485630512176324e-01
1.023996730610423483e-01
1.038548217005310498e-01
1.053134413785077883e-01
1.067758424914422161e-01
1.082379352391729666e-01
1.097042227145318127e-01
1.111772925127273715e-01
1.126586734573079146e-01
1.141551209244538456e-01
1.156667879629369594e-01
1.171998287991052323e-01
1.187587826833640253e-01
1.203393230456443891e-01
1.219477987301634814e-01
1.235794134569229985e-01
1.252332928756960673e-01
1.269103856066338132e-01
1.286021591862626934e-01
1.303102445807355070e-01
1.320327519933374716e-01
1.337644507437721342e-01
1.355078882932308770e-01
1.372620267910142910e-01
1.390265252228555237e-01
1.408042330359229599e-01
1.425955645007273564e-01
1.444005419044207539e-01
1.462251887489424418e-01
1.480650437482341764e-01
1.499235185018326366e-01
1.518021354320877314e-01
1.536959556444635888e-01
1.556089788648707672e-01
1.575372098360142414e-01
1.594812739459914308e-01
1.614402140241159300e-01
1.634127686218774800e-01
1.653991977814006364e-01
1.673982752564681931e-01
1.694115991124369724e-01
1.714369142406274582e-01
1.734772179999479469e-01
1.755303838943403916e-01
1.775976688769987932e-01
1.796804241708215011e-01
1.817753749634828664e-01
1.838871048687948651e-01
1.860106813441365081e-01
1.881498538346219052e-01
1.903024502461532486e-01
1.924670230360444600e-01
1.946459631145342206e-01
1.968354076122322827e-01
1.990385932660866664e-01
2.012518840897578876e-01
2.034779153464064960e-01
2.057149381744001471e-01
2.079629333549226633e-01
2.102246111694399122e-01
2.124952675343698139e-01
2.147800221979516422e-01
2.170743797993542057e-01
2.193799677455098296e-01
2.216962152442903677e-01
2.240213948027487967e-01
2.263565430695657910e-01
2.287004152488412989e-01
2.310533716387925540e-01
2.334151341211410657e-01
2.357858582466577368e-01
2.381655557717642924e-01
2.405540627893103522e-01
2.429511855509157991e-01
2.453566756015496675e-01
2.477702712723221512e-01
2.501916873717611178e-01
2.526206335322253582e-01
2.550568269135842780e-01
2.574999856129290277e-01
2.599498268490533226e-01
2.624060673267678556e-01
2.648684241974663678e-01
2.673366150979912814e-01
2.698103563058131260e-01
2.722893642239492262e-01
2.747733580471169446e-01
2.772620591282491942e-01
2.797551925581934218e-01
2.822524868808619636e-01
2.847536730817536443e-01
2.872584832781626685e-01
2.897666512062587185e-01
2.922779130904439304e-01
2.947920075076278512e-01
2.973086753109545066e-01
2.998276588587568403e-01
3.023487019278669474e-01
3.048715495335613257e-01
3.073959476251870160e-01
3.099216430115100951e-01
3.124483829455647621e-01
3.149759149205661468e-01
3.175039867430750062e-01
3.200323467414064038e-01
3.225607436136294637e-01
3.250889267490431611e-01
3.276166470004090447e-01
3.301436570533686221e-01
3.326697114738207950e-01
3.351945671081670297e-01
3.377179834435072303e-01
3.402397230546276297e-01
3.427595513456620502e-01
3.452772363965053715e-01
3.477925498943736926e-01
3.503052673956751906e-01
3.528151678858963414e-01
3.553220325088656262e-01
3.578256444991631535e-01
3.603257900053725149e-01
3.628222574947191359e-01
3.653148375071971765e-01
3.678033221938087349e-01
3.702875045433456913e-01
3.727671778627490995e-01
3.752421362303653973e-01
3.777121754602101311e-01
3.801770938614359441e-01
3.826366925484007697e-01
3.850907762926604749e-01
3.875391551287115099e-01
3.899816450492197273e-01
3.924180687250784505e-01
3.948482558080851912e-01
3.972720426982488950e-01
3.996892714801082991e-01
4.020997895685575196e-01
4.045034503183062013e-01
4.069001132764947237e-01
4.092896435840296943e-01
4.116719100338989690e-01
4.140467851692461454e-01
4.164141457427160686e-01
4.187738716754901835e-01
4.211258454308108856e-01
4.234699511887560219e-01
4.258060739113712079e-01
4.281340990483910591e-01
4.304539133670119977e-01
4.327654059076107007e-01
4.350684689317179665e-01
4.373629981429350000e-01
4.396488941372062587e-01
4.419260637252224733e-01
4.441944203187958573e-01
4.464538848726460341e-01
4.487043853977550345e-01
4.509458563819440102e-01
4.531782379540555405e-01
4.554014759174082605e-01
4.576155214349088007e-01
4.598203312679427501e-01
4.620158671955557073e-01
4.642020942933228200e-01
4.663789811585847822e-01
4.685464999145360632e-01
4.707046252254661889e-01
4.728533335061028131e-01
4.749926022899087497e-01
4.771224096180903262e-01
4.792427340314256434e-01
4.813535554129695360e-01
4.834548556382045614e-01
4.855466195309696142e-01
4.876288347559876168e-01
4.897014931297207774e-01
4.917645911062386022e-01
4.938181300982695809e-01
4.958621170919728649e-01
4.978965637821907153e-01
4.999214861196300541e-01
5.019369039507840524e-01
5.039428408686631444e-01
5.059393235556413071e-01
5.079263820985401301e-01
5.099040493767904580e-01
5.118723599789983814e-01
5.138313503148863592e-01
5.157810584251839581e-01
5.177215234258389920e-01
5.196527850231383860e-01
5.215748833620977853e-01
5.234878588135252198e-01
5.253917521035763594e-01
5.272866047117501509e-01
5.291724590769840697e-01
5.310493591369084276e-01
5.329173500812178776e-01
5.347764789154006992e-01
5.366267944979955518e-01
5.384683478224637776e-01
5.403011921624317759e-01
5.421253824656868670e-01
5.439409752901570583e-01
5.457480287041218681e-01
5.475466020606957196e-01
5.493367556564419107e-01
5.511185509150073880e-01
5.528920499066933836e-01
5.546573148364219996e-01
5.564144081090873772e-01
5.581633923276961839e-01
5.599043301596429156e-01
5.616372843114989521e-01
5.633623175353803525e-01
5.650794926018778419e-01
5.667888723890814884e-01
5.684905198352762090e-01
5.701844979122864254e-01
5.718708696990959517e-01
5.735496981754628631e-01
5.752210461608538994e-01
5.768849764270789215e-01
5.785415514518360558e-01
5.801908335858333432e-01
5.818328849835519012e-01
5.834677676202756347e-01
5.850955432367067610e-01
5.867162733856359225e-01
5.883300193660171429e-01
5.899368422511050980e-01
5.915368027419966035e-01
5.931299609072406831e-01
5.947163762948911581e-01
5.962961080450002171e-01
5.978692150595006360e-01
5.994357561027848780e-01
6.009957898298862178e-01
6.025493748287242823e-01
6.040965695810952552e-01
6.056374323549272853e-01
6.071720211684694668e-01
6.087003935515621356e-01
6.102226063845087589e-01
6.117387155616945682e-01
6.132487759454656739e-01
6.147528411646423496e-01
6.162509639339066592e-01
6.177431961388056836e-01
6.192295888626709877e-01
6.207101923561765267e-01
6.221850561686802505e-01
6.236542291708736530e-01
6.251177593990011605e-01
6.265756941673906733e-01
6.280280800757739312e-01
6.294749630373849270e-01
6.309163884070763118e-01
6.323524012107485381e-01
6.337830462622942029e-01
6.352083682881157767e-01
6.366284119616536508e-01
6.380432217665661376e-01
6.394528419389555740e-01
6.408573163570117082e-01
6.422566883339009269e-01
6.436510004237285809e-01
6.450402941203779994e-01
6.464246098259438522e-01
6.478039870833259828e-01
6.491784645347827842e-01
6.505480800765935934e-01
6.519128709761915497e-01
6.532728737309679845e-01
6.546281241810441021e-01
6.559786574792512148e-01
6.573245078971045041e-01
6.586657091412930765e-01
6.600022944536197977e-01
6.613342965483117730e-01
6.626617477708411919e-01
6.639846803083844229e-01
6.653031262980571015e-01
6.666171178448442314e-01
6.679266870212038354e-01
6.692318657708020702e-01
6.705326856930843293e-01
6.718291779355761717e-01
6.731213731307948978e-01
6.744093012931338116e-01
6.756929917872396274e-01
6.769724733224093960e-01
6.782477738921273147e-01
6.795189207133374154e-01
6.807859402757746592e-01
6.820488585411110805e-01
6.833077009659591639e-01
6.845624924915313381e-01
6.858132575622353233e-01
6.870600202418489788e-01
6.883028042889597353e-01
6.895416331502591811e-01
6.907765299448902496e-01
6.920075176407008977e-01
6.932346191386139500e-01
6.944578572858329801e-01
6.956772548705775217e-01
6.968928346238217886e-01
6.981046191811072221e-01
6.993126310433561699e-01
7.005168925389354539e-01
7.017174256163104529e-01
7.029142517996999073e-01
7.041073922541286612e-01
7.052968677821901400e-01
7.064826987844914363e-01
7.076649051575638616e-01
7.088435063664846325e-01
7.100185214230495534e-01
7.111899688576994727e-01
7.123578669148173947e-01
7.135222334988189363e-01
7.146830860238463368e-01
7.158404416039426676e-01
7.169943172152686284e-01
7.181447297172794952e-01
7.192916958837330954e-01
7.204352324435114863e-01
7.215753560944375700e-01
7.227120834857779785e-01
7.238454312244949618e-01
7.249754157669751065e-01
7.261020534117471614e-01
7.272253602950151663e-01
7.283453523272394037e-01
7.294620452052541504e-01
7.305754542635756188e-01
7.316855944872682205e-01
7.327924805687101584e-01
7.338961269720881697e-01
7.349965479930713474e-01
7.360937578267287007e-01
7.371877705474320086e-01
7.382786000559602435e-01
7.393662600856651945e-01
7.404507641672692930e-01
7.415321257470495198e-01
7.426103581775008733e-01
7.436854747221791628e-01
7.447574886223496948e-01
7.458264131045865275e-01
7.468922614009290140e-01
7.479550467511186795e-01
7.490147823938810845e-01
7.500714815466374974e-01
7.511251573972888007e-01
7.521758230151155411e-01
7.532234913084225880e-01
7.542681750621547110e-01
7.553098869813007488e-01
7.563486396955703128e-01
7.573844456313042484e-01
7.584173169451906560e-01
7.594472655216395474e-01
7.604743030369308654e-01
7.614984410061134135e-01
7.625196906956638321e-01
7.635380631192988377e-01
7.645535690744512669e-01
7.655662192482544093e-01
7.665760242898153054e-01
7.675829948203299891e-01
7.685871414497974508e-01
7.695884747859531583e-01
7.705870054189399854e-01
7.715827439082388883e-01
7.725757007859604952e-01
7.735658865275050200e-01
7.745533115407320368e-01
7.755379861723248336e-01
7.765199206468971216e-01
7.774991251268158488e-01
7.784756096734298803e-01
7.794493842385411542e-01
7.804204587436115448e-01
7.813888430052337020e-01
7.823545467654335894e-01
7.833175797220370828e-01
7.842779514782048933e-01
7.852356715574067003e-01
7.861907494006010744e-01
7.871431944106727085e-01
7.880930159735364260e-01
7.890402234522899683e-01
7.899848261934799831e-01
7.909268335384161963e-01
7.918662548276332869e-01
7.928030994049397595e-01
7.937373766205344516e-01
7.946690958193157739e-01
7.955982663230714014e-01
7.965248974467635801e-01
7.974489984908033069e-01
7.983705787162407308e-01
7.992896473458006579e-01
8.002062135749788974e-01
8.011202865495044012e-01
8.020318752896835601e-01
8.029409887086572661e-01
8.038476356663225575e-01
8.047518249646361532e-01
8.056535653929676188e-01
8.065528657335218066e-01
8.074497347613224241e-01
8.083441811938230082e-01
8.092362137052010462e-01
8.101258409593894427e-01
8.110130716146894958e-01
8.118979143237736729e-01
8.127803777379841721e-01
8.136604705068645194e-01
8.145382012794251114e-01
8.154135787106802091e-01
8.162866114830227282e-01
8.171573082792175091e-01
8.180256777915337896e-01
8.188917287728526562e-01
8.197554699872575679e-01
8.206169102226443801e-01
8.214760583044039555e-01
8.223329231679165074e-01
8.231875138498981892e-01
8.240398393922813147e-01
8.248899088416589143e-01
8.257377312176557016e-01
8.265833154897229695e-01
8.274266705918019715e-01
8.282678054561555259e-01
8.291067290281407542e-01
8.299434502466660479e-01
8.307779780544037873e-01
8.316103213963726981e-01
8.324404892255437005e-01
8.332684905048829416e-01
8.340943341991673421e-01
8.349180292807096837e-01
8.357395847342238282e-01
8.365590095738834053e-01
8.373763128384515975e-01
8.381915035880399545e-01
8.390045909005511282e-01
8.398155838629577374e-01
8.406244915670925133e-01
8.414313230311586400e-01
8.422360872012804034e-01
8.430387929930861501e-01
8.438394493017932207e-01
8.446380649968681098e-01
8.454346489327387859e-01
8.462292099477458640e-01
8.470217568635347583e-01
8.478122984937800366e-01
8.486008436380666486e-01
8.493874010909330252e-01
8.501719796384243910e-01
8.509545880196667245e-01
8.517352349388097599e-01
8.525139290848662288e-01
8.532906791345475916e-01
8.540654937277986081e-01
8.548383814896949318e-01
8.556093509943759612e-01
8.563784107672465229e-01
8.571455693224596661e-01
8.579108351517197306e-01
8.586742167463075059e-01
8.594357225933336730e-01
8.601953611790217336e-01
8.609531410075645930e-01
8.617090705973796672e-01
8.624631584893076575e-01
8.632154132085616549e-01
8.639658432777261865e-01
8.647144572177747346e-01
8.654612635492300310e-01
8.662062707789347504e-01
8.669494874049797906e-01
8.676909219337010093e-01
8.684305829446195002e-01
8.691684790789294679e-01
8.699046190102908138e-01
8.706390114638097311e-01
8.713716652597622847e-01
8.721025892758279552e-01
8.728317924935947714e-01
8.735592840017344374e-01
8.742850729612569038e-01
8.750091685709474598e-01
8.757315801011972267e-01
8.764523169821372139e-01
8.771713887772666363e-01
8.778888051807766102e-01
8.786045760367880986e-01
8.793187113472178407e-01
8.800312212346732554e-01
8.807421159219718243e-01
8.814514056987632351e-01
8.821591009136429129e-01
8.828652119423604505e-01
8.835697491500933420e-01
8.842727228995306277e-01
8.849741435593508898e-01
8.856740215736048638e-01
8.863723675082968434e-01
8.870691919562229133e-01
8.877645054146746650e-01
8.884583182673260193e-01
8.891506407818852153e-01
8.898414831537310166e-01
8.905308554449621328e-01
8.912187675953238131e-01
8.919052293601075210e-01
8.925902501954317003e-01
8.932738393033936575e-01
8.939560057205021559e-01
8.946367582011235386e-01
8.953161052166648259e-01
8.959940550564600148e-01
8.966706158871395882e-01
8.973457957793562478e-01
8.980196027631770495e-01
8.986920448888645607e-01
8.993631301969755576e-01
9.000328667259830384e-01
9.007012624258728950e-01
9.013683248850108409e-01
9.020340614279572788e-01
9.026984793408975305e-01
9.033615861305822614e-01
9.040233897707795618e-01
9.046838988888802335e-01
9.053431227398991421e-01
9.060010712549623202e-01
9.066577552751888813e-01
9.073131863178331979e-01
9.079673768784343180e-01
9.086203405536599220e-01
9.092720916738324943e-01
9.099226452976632018e-01
9.105720171750542047e-01
9.112202238538341659e-01
9.118672827870021314e-01
9.125132120249851431e-01
9.131580298722298261e-01
9.138017547588649370e-01
9.144444051734454959e-01
9.150859996054055978e-01
9.157265566008778723e-01
9.163660951798843213e-01
9.170046344992636156e-01
9.176421935666456697e-01
9.182787908682564781e-01
9.189144438624768929e-01
9.195491680312193328e-01
9.201829768096565498e-01
9.208158817730247581e-01
9.214478918864172918e-01
9.220790138785980306e-01
9.227092516283267321e-01
9.233386053547155692e-01
9.239670723357028548e-01
9.245946468974161059e-01
9.252213204935695323e-01
9.258470811363729291e-01
9.264719130108812761e-01
9.270957969063645665e-01
9.277187113136550201e-01
9.283406336835539063e-01
9.289615413384620934e-01
9.295814116007450334e-01
9.302002217035828524e-01
9.308179473635331824e-01
9.314345607408821559e-01
9.320500301257006459e-01
9.326643199318432886e-01
9.332773910675534745e-01
9.338892018224784763e-01
9.344997083367029278e-01
