2.222914297614916965e-03
2.222899023947246932e-03
2.222883157324489090e-03
2.222866684295992257e-03
2.222849591222288406e-03
2.222831864622345274e-03
2.222813490813274704e-03
2.222794455927086608e-03
2.222774746231282340e-03
2.222754347614736004e-03
2.222733245549841051e-03
2.222711425029460890e-03
2.222688870569826305e-03
2.222665566250462289e-03
2.222641495739403981e-03
2.222616642164528325e-03
2.222590988177590085e-03
2.222564516050801273e-03
2.222537207044083390e-03
2.222509041660242646e-03
2.222480000063156713e-03
2.222450062045174500e-03
2.222419207031994196e-03
2.222387414070186706e-03
2.222354661844723293e-03
2.222320928624851345e-03
2.222286192169767912e-03
2.222250429600531197e-03
2.222213617886393319e-03
2.222175734034226042e-03
2.222136754617830019e-03
2.222096655750730853e-03
2.222055413035694746e-03
2.222013001567811532e-03
2.221969395970744762e-03
2.221924570343998713e-03
2.221878498239444107e-03
2.221831153164052688e-03
2.221782508403850540e-03
2.221732536491293365e-03
2.221681209297105344e-03
2.221628498156129859e-03
2.221574373787693537e-03
2.221518806318160694e-03
2.221461765291905463e-03
2.221403219670176413e-03
2.221343137716043185e-03
2.221281486602093985e-03
2.221218232203299187e-03
2.221153339737401856e-03
2.221086773775692112e-03
2.221018498187625652e-03
2.220948476136026806e-03
2.220876670039752514e-03
2.220803041578409479e-03
2.220727551751019036e-03
2.220650160741062182e-03
2.220570827940300355e-03
2.220489512538209760e-03
2.220406173255806258e-03
2.220320767968643125e-03
2.220233253754698086e-03
2.220143586895135732e-03
2.220051722741005294e-03
2.219957615801473015e-03
2.219861219774348950e-03
2.219762487440695136e-03
2.219661370509723539e-03
2.219557819567259584e-03
2.219451784000910522e-03
2.219343212214711439e-03
2.219232051462998595e-03
2.219118247726782189e-03
2.219001745931578184e-03
2.218882489835102747e-03
2.218760422049635000e-03
2.218635484147468261e-03
2.218507616433558916e-03
2.218376757795749964e-03
2.218242846102156263e-03
2.218105818320220777e-03
2.217965609924456120e-03
2.217822155879668050e-03
2.217675389926019973e-03
2.217525244384861011e-03
2.217371650584883808e-03
2.217214538736779917e-03
2.217053837608323925e-03
2.216889474371380384e-03
2.216721375279113396e-03
2.216549465183966384e-03
2.216373668664419622e-03
2.216193908082314621e-03
2.216010103812233144e-03
2.215822175063734446e-03
2.215630039317758801e-03
2.215433612312194163e-03
2.215232808146578875e-03
2.215027539257295557e-03
2.214817716253329218e-03
2.214603247938789175e-03
2.214384039884362103e-03
2.214159995641772419e-03
2.213931017835129786e-03
2.213697006627645195e-03
2.213457860093866626e-03
2.213213475118307010e-03
2.212963746964414884e-03
2.212708568457680096e-03
2.212447828668702866e-03
2.212181414732808556e-03
2.211909212703823055e-03
2.211631107252023162e-03
2.211346979845961631e-03
2.211056709557718009e-03
2.210760173187631752e-03
2.210457244584442416e-03
2.210147795042285025e-03
2.209831693062977876e-03
2.209508805961359068e-03
2.209178999863497129e-03
2.208842138492065829e-03
2.208498082490758727e-03
2.208146690477230320e-03
2.207787819188844914e-03
2.207421322979340531e-03
2.207047053990692301e-03
2.206664862493779630e-03
2.206274596789951047e-03
2.205876101694359808e-03
2.205469216831644919e-03
2.205053779203388232e-03
2.204629623073194218e-03
2.204196579391032394e-03
2.203754475199187768e-03
2.203303133147984597e-03
2.202842372107331054e-03
2.202372007677386254e-03
2.201891851824251851e-03
2.201401711446937352e-03
2.200901390544698476e-03
2.200390690125174006e-03
2.199869407876916833e-03
2.199337337742900481e-03
2.198794270087638027e-03
2.198239992268487698e-03
2.197674287979377479e-03
2.197096937282054432e-03
2.196507716972318641e-03
2.195906400643058299e-03
2.195292756838016900e-03
2.194666549040484582e-03
2.194027537109920645e-03
2.193375476690608439e-03
2.192710118929483941e-03
2.192031210142831189e-03
2.191338491475289425e-03
2.190631699113039337e-03
2.189910565280738224e-03
2.189174817468832104e-03
2.188424177786473055e-03
2.187658363483719563e-03
2.186877087517673929e-03
2.186080058074658765e-03
2.185266978005790447e-03
2.184437544912444171e-03
2.183591451213205172e-03
2.182728384316644146e-03
2.181848026958390502e-03
2.180950056936459963e-03
2.180034145727451772e-03
2.179099957647523660e-03
2.178147151454064203e-03
2.177175380746159804e-03
2.176184293253774407e-03
2.175173530691651511e-03
2.174142728503376549e-03
2.173091514872409289e-03
2.172019511491145739e-03
2.170926334846653982e-03
2.169811595201690674e-03
2.168674895637544373e-03
2.167515832407545737e-03
2.166333996007629558e-03
2.165128970444441057e-03
2.163900332552574739e-03
2.162647652098319100e-03
2.161370491918101003e-03
2.160068408242250132e-03
2.158740951717294954e-03
2.157387665839166982e-03
2.156008085797059617e-03
2.154601737954656062e-03
2.153168141942419633e-03
2.151706810201747463e-03
2.150217247308314726e-03
2.148698950538146992e-03
2.147151409144890197e-03
2.145574103553665127e-03
2.143966506537732953e-03
2.142328084365900751e-03
2.140658295099514413e-03
2.138956587293976055e-03
2.137222401406150326e-03
2.135455170368646786e-03
2.133654318767117322e-03
2.131819261831861823e-03
2.129949405686172061e-03
2.128044147858692246e-03
2.126102878036587387e-03
2.124124978780747661e-03
2.122109822726291235e-03
2.120056772507717888e-03
2.117965180816348304e-03
2.115834392544956640e-03
2.113663743896623988e-03
2.111452561804629067e-03
2.109200165005083259e-03
2.106905862444857346e-03
2.104568953141620121e-03
2.102188728584533477e-03
2.099764473087117281e-03
2.097295461466122581e-03
2.094780958198626426e-03
2.092220219447926948e-03
2.089612492770135700e-03
2.086957016713236659e-03
2.084253020478727975e-03
2.081499724512881223e-03
2.078696340814261898e-03
2.075842073586630331e-03
2.072936119615448238e-03
2.069977665897203018e-03
2.066965889881867448e-03
2.063899959919584040e-03
2.060779036586875453e-03
2.057602271975356688e-03
2.054368809262917088e-03
2.051077784082830889e-03
2.047728323375100964e-03
2.044319546536402243e-03
2.040850567016251962e-03
2.037320491617759105e-03
2.033728419366823224e-03
2.030073440840600863e-03
2.026354640039999475e-03
2.022571093904116605e-03
2.018721872784584419e-03
2.014806040919719932e-03
2.010822657093773707e-03
2.006770775064127630e-03
2.002649443958415178e-03
1.998457708675994982e-03
1.994194608515838327e-03
1.989859178551278869e-03
1.985450449491700520e-03
1.980967448177027752e-03
1.976409198253791140e-03
1.971774720309767050e-03
1.967063034251822096e-03
1.962273158805128825e-03
1.957404111989097511e-03
1.952454911793143977e-03
1.947424576904497598e-03
1.942312127732614491e-03
1.937116584523697251e-03
1.931836968691630308e-03
1.926472303117614162e-03
1.921021614309695313e-03
1.915483933452815854e-03
1.909858298389586432e-03
1.904143753958802794e-03
1.898339350206436522e-03
1.892444145497905244e-03
1.886457207320392212e-03
1.880377613376255303e-03
1.874204449516456801e-03
1.867936810548987466e-03
1.861573804690430439e-03
1.855114552986343287e-03
1.848558194974352564e-03
1.841903887904193732e-03
1.835150803179731510e-03
1.828298128611109512e-03
1.821345073001001983e-03
1.814290869450784025e-03
1.807134770217732863e-03
1.799876048237742309e-03
1.792513999713164817e-03
1.785047948196444648e-03
1.777477246988508385e-03
1.769801283416058734e-03
1.762019474951838360e-03
1.754131265749099295e-03
1.746136137705377395e-03
1.738033613344581443e-03
1.729823254009066075e-03
1.721504656854956064e-03
1.713077457672513085e-03
1.704541340848689289e-03
1.695896035803729678e-03
1.687141329928580407e-03
1.678277063040112781e-03
1.669303117157432646e-03
1.660219427093016439e-03
1.651025989061235015e-03
1.641722864189847694e-03
1.632310169442488350e-03
1.622788078893160893e-03
1.613156833899661051e-03
1.603416744412753314e-03
1.593568198169230876e-03
1.583611663460211209e-03
1.573547675100325479e-03
1.563376835087172375e-03
1.553099835514430704e-03
1.542717459865336656e-03
1.532230576845181524e-03
1.521640139606131661e-03
1.510947191052205204e-03
1.500152877131505271e-03
1.489258440619917537e-03
1.478265242311238006e-03
1.467174740893340294e-03
1.455988481419124908e-03
1.444708121023313176e-03
1.433335434987016883e-03
1.421872320173731300e-03
1.410320782642255103e-03
1.398682940175399823e-03
1.386961041784514357e-03
1.375157459188626691e-03
1.363274709013951105e-03
1.351315441440063174e-03
1.339282415480707363e-03
1.327178513763943536e-03
1.315006769426446459e-03
1.302770362828635812e-03
1.290472614764153403e-03
1.278116983547715425e-03
1.265707074376096024e-03
1.253246647832512205e-03
1.240739616630414733e-03
1.228190063771305608e-03
1.215602205784163453e-03
1.202980389418925036e-03
1.190329125231974700e-03
1.177653081165705527e-03
1.164957087417419759e-03
1.152246120254660396e-03
1.139525308800377152e-03
1.126799950777425266e-03
1.114075497088818853e-03
1.101357579127136077e-03
1.088651972189629740e-03
1.075964575880376155e-03
1.063301433549682052e-03
1.050668746173973132e-03
1.038072865036694745e-03
1.025520282659050063e-03
1.013017622542005964e-03
1.000571644879771991e-03
9.881892450636748596e-04
9.758774460208777778e-04
9.636433937119322267e-04
9.514943230389934442e-04
9.394375522592454935e-04
9.274804871858481452e-04
9.156306075651449638e-04
9.038954603652517164e-04
8.922826443359921063e-04
8.807998187232583863e-04
8.694547009075444342e-04
8.582550603757637840e-04
8.472087229152529524e-04
8.363235455725053944e-04
8.256074222139396035e-04
8.150682862115805416e-04
8.047141109265047373e-04
7.945528903141258273e-04
7.845926364490478410e-04
7.748413577069912690e-04
7.653070400297641270e-04
7.559976313197168873e-04
7.469209962558781253e-04
7.380849196573204202e-04
7.294970774486844679e-04
7.211649580109143545e-04
7.130958205554724892e-04
7.052966872672817179e-04
6.977742728497281265e-04
6.905350059557255381e-04
6.835850236394861021e-04
6.769301870687684198e-04
6.705760967475263160e-04
6.645280757067076717e-04
6.587913011706650552e-04
6.533709048283744582e-04
6.482719951022281176e-04
6.434996704130151006e-04
6.390591386088940919e-04
6.349557628748846638e-04
6.311950696069889861e-04
6.277827156606591123e-04
6.247245319966150592e-04
6.220266206534421846e-04
6.196953103980248510e-04
6.177371819166939870e-04
6.161591052228428296e-04
6.149682348634945631e-04
6.141720201203774380e-04
6.137781588965236963e-04
6.137946238507631207e-04
6.142297322402751319e-04
6.150922296059218664e-04
6.163913189372743646e-04
6.181365942867305362e-04
6.203382510259691177e-04
6.230070792026147020e-04
6.261544688344354353e-04
6.297923949185269205e-04
6.339334536106327155e-04
6.385911959857777220e-04
6.437801019656726057e-04
6.495156188011483745e-04
6.558144098648756607e-04
6.626944286037875741e-04
6.701749138988176771e-04
6.782762300839128688e-04
6.870202615768009015e-04
6.964306947454096917e-04
7.065329313314664328e-04
7.173542533457286357e-04
7.289238563211525778e-04
7.412729492974082192e-04
7.544344992364730241e-04
7.684433614534694245e-04
7.833365795341393559e-04
7.991533177309738389e-04
8.159353020790858666e-04
8.337264747822437051e-04
8.525731027304860347e-04
8.725236851981869749e-04
8.936284703008135280e-04
9.159401543769213642e-04
9.395128033814896832e-04
9.644022926217966397e-04
9.906665167322158995e-04
1.018364318737485091e-03
1.047556344752514565e-03
1.078303418916199330e-03
1.110667901815391538e-03
1.144712827530681119e-03
1.180501125614290487e-03
1.218096928789641009e-03
1.257563254055933579e-03
1.298963632752143634e-03
1.342359558304539752e-03
1.387811395734255557e-03
1.435377092254627165e-03
1.485111180378690179e-03
1.537065367509186714e-03
1.591285694788614454e-03
1.647814237664135166e-03
1.706685315033818146e-03
1.767926456710946798e-03
1.831557002028479965e-03
1.897585921268963487e-03
1.966012104095345246e-03
2.036824686522908847e-03
2.110000870896369240e-03
2.185504009400875483e-03
2.263283370334481445e-03
2.343273000054826687e-03
2.425394082525668578e-03
2.509552380474473505e-03
2.595640910374815216e-03
2.683538871232083508e-03
2.773114918214917429e-03
2.864230660105909331e-03
2.956741905581282848e-03
3.050504076866482252e-03
3.145369408377554719e-03
3.241194023371866701e-03
3.337840308777005171e-03
3.435180226853792179e-03
3.533100105454138433e-03
3.631503141508092905e-03
3.730314893591330904e-03
3.829487050477099405e-03
3.928999753561173390e-03
4.028862431522920069e-03
4.129119418387864823e-03
4.229850005655946474e-03
4.331174692404012733e-03
4.433250461450117391e-03
4.536269208661854180e-03
4.640462206713219170e-03
4.746099446971083560e-03
4.853492040205485691e-03
4.962983814061973885e-03
5.074945804263259266e-03
5.189777597479065807e-03
5.307905310495361975e-03
5.429779504216194867e-03
5.555867967576997614e-03
5.686645097687238228e-03
5.822598707507759853e-03
5.964215581164247076e-03
6.111978795422134958e-03
6.266370740175429901e-03
6.427854116092213306e-03
6.596885972838438528e-03
6.773873606554505974e-03
6.959172845528315346e-03
7.153087865576493107e-03
7.355821970835464338e-03
7.567514626512191964e-03
7.788204454919463171e-03
8.017842072632536121e-03
8.256268403212130985e-03
8.503167316443261195e-03
8.758122471894698793e-03
9.020574380368497069e-03
9.289816309232635377e-03
9.565082065022710231e-03
9.845492132858790768e-03
1.013014534555103756e-02
1.041810318818802220e-02
1.070831697205742311e-02
1.099981764007298621e-02
1.129156740669112931e-02
1.158271198822385245e-02
1.187247065212107197e-02
1.216019708413456496e-02
1.244548566778223148e-02
1.272799648282502659e-02
1.300777809715903885e-02
1.328502525704079902e-02
1.356031257467065800e-02
1.383441258331223438e-02
1.410834922552258244e-02
1.438339653967038619e-02
1.466096167295213512e-02
1.494265230971760124e-02
1.523012611412649479e-02
1.552516663357803202e-02
1.582951408874847671e-02
1.614492885036775127e-02
1.647304329645302851e-02
1.681540753083907158e-02
1.717331257710565801e-02
1.754782248038865358e-02
1.793965936931147045e-02
1.834916510740472462e-02
1.877631598632729937e-02
1.922061129314714401e-02
1.968114134333507487e-02
2.015658894160566803e-02
2.064527793208290746e-02
2.114516213249879178e-02
2.165395091539110833e-02
2.216913121192786926e-02
2.268808284452982979e-02
2.320824726805547841e-02
2.372725991877108059e-02
2.424311022209913249e-02
2.475422760508117284e-02
2.525953979087870727e-02
2.575862104427971422e-02
2.625168575670093485e-02
2.673958305829273255e-02
2.722377066843557902e-02
2.770622702455823733e-02
2.818936510117806687e-02
2.867594119277539280e-02
2.916893928020991913e-02
2.967145604911081494e-02
3.018650074745556425e-02
3.071678971260410201e-02
3.126469884960342283e-02
3.183197865270541438e-02
3.241960299814143631e-02
3.302785423299663126e-02
3.365603171346785022e-02
3.430276989626691170e-02
3.496599103895615263e-02
3.564283805544433276e-02
3.633040120296271436e-02
3.702535595449853861e-02
3.772439042320702152e-02
3.842449367460570864e-02
3.912277717560404267e-02
3.981763293721539421e-02
4.050792466165142186e-02
4.119303404377201716e-02
4.187437571714035245e-02
4.255356130895781436e-02
4.323279462324303851e-02
4.391471672037301766e-02
4.460127653791925995e-02
4.529643131154308111e-02
4.600352087759309455e-02
4.672474071882207897e-02
4.746249542487612771e-02
4.821674043352084521e-02
4.898908738004013191e-02
4.977937132158664901e-02
5.058411577837655659e-02
5.140271193574722647e-02
5.223300656901651295e-02
5.307171375150740444e-02
5.391721161141949797e-02
5.476583828252024055e-02
5.561725840454913999e-02
5.647128466813407244e-02
5.732581357419859469e-02
5.818300639206367558e-02
5.904399354260465166e-02
5.990969948118953642e-02
6.078346219797329392e-02
6.166552190578065279e-02
6.255945915375624167e-02
6.346764880096786299e-02
6.438828523413957228e-02
6.532518301945039463e-02
6.627600046458542726e-02
6.724063092493476335e-02
6.821981410083900743e-02
6.920926544762553978e-02
7.021023200337186965e-02
7.122170989205157954e-02
7.224094769456065879e-02
7.326946254271819725e-02
7.430631659660753841e-02
7.535148602447870603e-02
7.640735658898507865e-02
7.747293130528352945e-02
7.854858875464895696e-02
7.963843625582907315e-02
8.074075117576130778e-02
8.185745496438910640e-02
8.298947181578922305e-02
8.413341659454794119e-02
8.529241412668381317e-02
8.646556784146300356e-02
8.765256862876627530e-02
8.885319233583439946e-02
9.006624119981504473e-02
9.129085482144085051e-02
9.252803109570362228e-02
9.377856832254100050e-02
9.504233881578945387e-02
9.632037827490982917e-02
9.761056543181700906e-02
9.891558633101758813e-02
1.002362817416544705e-01
1.015697847326126751e-01
1.029203779215130538e-01
1.042849366527056482e-01
1.056652468738663586e-01
1.070614846362215045e-01
1.084720042260203798e-01
1.098985511685100502e-01
1.113388070701108873e-01
1.127951030905383345e-01
1.142653131644237319e-01
1.157513710765288584e-01
1.172523241791771365e-01
1.187683790014824742e-01
1.203014699986918873e-01
1.218487681533707706e-01
1.234137750904427122e-01
1.249937199112418490e-01
1.265898355989718282e-01
1.282019086485689519e-01
1.298289541522785473e-01
1.314718117990417434e-01
1.331298012536549780e-01
1.348033253575202373e-01
1.364923453787364183e-01
1.381971283292953434e-01
1.399178376208690955e-01
1.416545141446818590e-01
1.434071785279352473e-01
1.451758118894501681e-01
1.469603824605175413e-01
1.487608380914627326e-01
1.505771200032006152e-01
1.524091726738008301e-01
1.542569406504317731e-01
1.561203675472634667e-01
1.579993952633121923e-01
1.598939639857021311e-01
1.618040118171379660e-01
1.637294732647287254e-01
1.656702789525598962e-01
1.676263564622670899e-01
1.695976291154187299e-01
1.715840169556246131e-01
1.735854357913657608e-01
1.756017965776106582e-01
1.776330061522438108e-01
1.796789665118067592e-01
1.817395743497213501e-01
1.838147219468926619e-01
1.859042987817170201e-01
1.880081922496827096e-01
1.901262863126774172e-01
1.922584618741004225e-01
1.944045973015096351e-01
1.965645687460163549e-01
1.987382510375645117e-01
2.009255184531201222e-01
2.031262444625928643e-01
2.053403004505306717e-01
2.075675547316710445e-01
2.098078722540934749e-01
2.120611140949300588e-01
2.143271360423390781e-01
2.166057877121017605e-01
2.188969120026707238e-01
2.212003452862926489e-01
2.235159174750804556e-01
2.258434526149742660e-01
2.281827702739810393e-01
2.305336852506250922e-01
2.328960071726220715e-01
2.352695411756453581e-01
2.376540893899643236e-01
2.400494515704580667e-01
2.424554245441496725e-01
2.448718027063588876e-01
2.472983787591291338e-01
2.497349441137623194e-01
2.521812895916272224e-01
2.546372056039263310e-01
2.571024818256084643e-01
2.595769066345284259e-01
2.620602666190594565e-01
2.645523465313001088e-01
2.670529286963603810e-01
2.695617927273480374e-01
2.720787154661189478e-01
2.746034706997928510e-01
2.771358298154172339e-01
2.796755618572641655e-01
2.822224335890048397e-01
2.847762100032364407e-01
2.873366548466311232e-01
2.899035304204922725e-01
2.924765979101954794e-01
2.950556179283280733e-01
2.976403506998783199e-01
3.002305558985491896e-01
3.028259927550327468e-01
3.054264204074637057e-01
3.080315979340554344e-01
3.106412843968770487e-01
3.132552387385197368e-01
3.158732197707669886e-01
3.184949861903348389e-01
3.211202965036121793e-01
3.237489092502411347e-01
3.263805831418294945e-01
3.290150775425014218e-01
3.316521526310829970e-01
3.342915697152805676e-01
3.369330916530074438e-01
3.395764825517262331e-01
3.422215074336898422e-01
3.448679328661192756e-01
3.475155272877973323e-01
3.501640608267785337e-01
3.528133053563820010e-01
3.554630342636847518e-01
3.581130227062619409e-01
3.607630474324614589e-01
3.634128864799069381e-01
3.660623189705328184e-01
3.687111246913292728e-01
3.713590837110117282e-01
3.740059762668124232e-01
3.766515832541428854e-01
3.792956866254966752e-01
3.819380699323467465e-01
3.845785185396154437e-01
3.872168207463397294e-01
3.898527685765622586e-01
3.924861580936920280e-01
3.951167902833441214e-01
3.977444705286597437e-01
4.003690079751332509e-01
4.029902152664878723e-01
4.056079091606243914e-01
4.082219100990636673e-01
4.108320421890745977e-01
4.134381329978953357e-01
4.160400129954202053e-01
4.186375159037972193e-01
4.212304781727091441e-01
4.238187384524897405e-01
4.264021367541959706e-01
4.289805139425640346e-01
4.315537112212941007e-01
4.341215701958681672e-01
4.366839336989564169e-01
4.392406462689282254e-01
4.417915550700105554e-01
4.443365100345221808e-01
4.468753657241683053e-01
4.494079816712945319e-01
4.519342232283373173e-01
4.544539619218525006e-01
4.569670744264716089e-01
4.594734420543668540e-01
4.619729506984798784e-01
4.644654910451057606e-01
4.669509576775268123e-01
4.694292494412868333e-01
4.719002689055683541e-01
4.743639218102886912e-01
4.768201173940952442e-01
4.792687677440604643e-01
4.817097869688237166e-01
4.841430902496239863e-01
4.865685934280430391e-01
4.889862126383129337e-01
4.913958645320398722e-01
4.937974671037654306e-01
4.961909400988775976e-01
4.985762059290839709e-01
5.009531898236787573e-01
5.033218214861849837e-01
5.056820349975164053e-01
5.080337697171813938e-01
5.103769699713059937e-01
5.127115844110522458e-01
5.150375656222524468e-01
5.173548701650543258e-01
5.196634582830932381e-01
5.219632932674656001e-01
5.242543420567254975e-01
5.265365744027610262e-01
5.288099624180592206e-01
5.310744807746369256e-01
5.333301062379571800e-01
5.355768167586586470e-01
5.378145909490200660e-01
5.400434077973629288e-01
5.422632465079874065e-01
5.444740867619851654e-01
5.466759092859823088e-01
5.488686961451727520e-01
5.510524313779314731e-01
5.532271011789390291e-01
5.553926947084605326e-01
5.575492040430303220e-01
5.596966245144007202e-01
5.618349545142021784e-01
5.639641952378999790e-01
5.660843502773827973e-01
5.681954257423510457e-01
5.702974298879776027e-01
5.723903728892727472e-01
5.744742673645337749e-01
5.765491276274062882e-01
5.786149692618192120e-01
5.806718092589647773e-01
5.827196656605195813e-01
5.847585570031796909e-01
5.867885021206792340e-01
5.888095200260485829e-01
5.908216298619369811e-01
5.928248511197355963e-01
5.948192039460808989e-01
5.968047093094590583e-01
5.987813893358236994e-01
6.007492673245143910e-01
6.027083679687120776e-01
6.046587171863906374e-01
6.066003422235390907e-01
6.085332718068101610e-01
6.104575359695348924e-01
6.123731657743285428e-01
6.142801933996873132e-01
6.161786519728364997e-01
6.180685755850978680e-01
6.199499996273880598e-01
6.218229601821065877e-01
6.236874937399297103e-01
6.255436372886382657e-01
6.273914280554730993e-01
6.292309033492965442e-01
6.310621005366156000e-01
6.328850570704208645e-01
6.346998104777477057e-01
6.365063984816727860e-01
6.383048591099103053e-01
6.400952307285969756e-01
6.418775521580653010e-01
6.436518625093416990e-01
6.454182012082195774e-01
6.471766078299256986e-01
6.489271223633314989e-01
6.506697853289667988e-01
6.524046376728185326e-01
6.541317207063387373e-01
6.558510760775111414e-01
6.575627457412187571e-01
6.592667719651639224e-01
6.609631974342885519e-01
6.626520648815039660e-01
6.643334169242204323e-01
6.660072961071448194e-01
6.676737448439253875e-01
6.693328054428516749e-01
6.709845201939583781e-01
6.726289314314388701e-01
6.742660815203594948e-01
6.758960128674388335e-01
6.775187679104996974e-01
6.791343890965246821e-01
6.807429188926902297e-01
6.823443995879852064e-01
6.839388733130528086e-01
6.855263821215185072e-01
6.871069681097793369e-01
6.886806734454588019e-01
6.902475403123122799e-01
6.918076108453357076e-01
6.933609271284453257e-01
6.949075312613577360e-01
6.964474652315552072e-01
6.979807709577829922e-01
6.995074902270481676e-01
7.010276645723199085e-01
7.025413352438100167e-01
7.040485432946335109e-01
7.055493296665118486e-01
7.070437352896321581e-01
7.085318011008601147e-01
7.100135680325532217e-01
7.114890769504623735e-01
7.129583685660803027e-01
7.144214834363497024e-01
7.158784618383114973e-01
7.173293435430454501e-01
7.187741679457694266e-01
7.202129742216949460e-01
7.216458012850516246e-01
7.230726878133100222e-01
7.244936721687222914e-01
7.259087925062059909e-01
7.273180869245288171e-01
7.287215934715119969e-01
7.301193500249876234e-01
7.315113942980738804e-01
7.328977638862324007e-01
7.342784961523135534e-01
7.356536281953985901e-01
7.370231969783042070e-01
7.383872393942125800e-01
7.397457923059933549e-01
7.410988925456553078e-01
7.424465769316759278e-01
7.437888822064793182e-01
7.451258449137267981e-01
7.464575013293290873e-01
7.477838873043439749e-01
7.491050382569780508e-01
7.504209892000914817e-01
7.517317748220869733e-01
7.530374294714525796e-01
7.543379872236531947e-01
7.556334819245474899e-01
7.569239471809008357e-01
7.582094164459785013e-01
7.594899230094138698e-01
7.607655000118110911e-01
7.620361804270331385e-01
7.633019969590916221e-01
7.645629820830663892e-01
7.658191680823164260e-01
7.670705871512200069e-01
7.683172714535677628e-01
7.695592531371658884e-01
7.707965643096748032e-01
7.720292370090808820e-01
7.732573031692028254e-01
7.744807946038829716e-01
7.756997429437763047e-01
7.769141794677905111e-01
7.781241350557968062e-01
7.793296403279998952e-01
7.805307256874995936e-01
7.817274212597464800e-01
7.829197568007043584e-01
7.841077617750451534e-01
7.852914652958691288e-01
7.864708962187113572e-01
7.876460831650564653e-01
7.888170545084607355e-01
7.899838383280430865e-01
7.911464624368467202e-01
7.923049544679110490e-01
7.934593419208546550e-01
7.946096521676353497e-01
7.957559125228068631e-01
7.968981502615445356e-01
7.980363926207338920e-01
7.991706667403439823e-01
8.003009996047483199e-01
8.014274180531595348e-01
8.025499487199085902e-01
8.036686179666758800e-01
8.047834519521633867e-01
8.058944765635225327e-01
8.070017173722326964e-01
8.081051997593039493e-01
8.092049489285940700e-01
8.103009899989166431e-01
8.113933480412787169e-01
8.124820480079008034e-01
8.135671147527506752e-01
8.146485728151534600e-01
8.157264464218301203e-01
8.168007595880051319e-01
8.178715361388261273e-01
8.189387997972810140e-01
8.200025742695052910e-01
8.210628832637614227e-01
8.221197504767213671e-01
8.231731995792006540e-01
8.242232542344462010e-01
8.252699378915739903e-01
8.263132737897135316e-01
8.273532849223486085e-01
8.283899938456529277e-01
8.294234227651725577e-01
8.304535936103850657e-01
8.314805279980176378e-01
8.325042472003727489e-01
8.335247721165376378e-01
8.345421232999825634e-01
8.355563211252911016e-01
8.365673857704392091e-01
8.375753371655656476e-01
8.385801950116821279e-01
8.395819787993845651e-01
8.405807078817101319e-01
8.415764014793244430e-01
8.425690787603076215e-01
8.435587588575279572e-01
8.445454608885638592e-01
8.455292039434706419e-01
8.465100070751170325e-01
8.474878892384097862e-01
8.484628693656491860e-01
8.494349663452628318e-01
8.504041988119945827e-01
8.513705852433381960e-01
8.523341439585212509e-01
8.532948931412067672e-01
8.542528508710764967e-01
8.552080350254683827e-01
8.561604632885072563e-01
8.571101531617454361e-01
8.580571219742957334e-01
8.590013869813905023e-01
8.599429653093558779e-01
8.608818738875563259e-01
8.618181293805398102e-01
8.627517483298161594e-01
8.636827472194461564e-01
8.646111424792186639e-01
8.655369505331544921e-01
8.664601878022736292e-01
8.673808706892986997e-01
8.682990155502282592e-01
8.692146386935898361e-01
8.701277562771224661e-01
8.710383843592898190e-01
8.719465389485614448e-01
8.728522358668684422e-01
8.737554908662095166e-01
8.746563194991846535e-01
8.755547371300754778e-01
8.764507590751706712e-01
8.773444005018812275e-01
8.782356764399399385e-01
8.791246018127667483e-01
8.800111913446138079e-01
8.808954596431568529e-01
8.817774211362813253e-01
8.826570900580713586e-01
8.835344805379081734e-01
8.844096066991545824e-01
8.852824826649587919e-01
8.861531225551806390e-01
8.870215404880922305e-01
8.878877505710955909e-01
8.887517669264413112e-01
8.896136036706063788e-01
8.904732748954006238e-01
8.913307946550225180e-01
8.921861769407205545e-01
8.930394357311856046e-01
8.938905849549684257e-01
8.947396385224379856e-01
8.955866103556411328e-01
8.964315142934712322e-01
8.972743642077702919e-01
8.981151740435895370e-01
8.989539577790420788e-01
8.997907294605949069e-01
9.006255031435940195e-01
9.014582929089081098e-01
9.022891128435672758e-01
9.031179770173527466e-01
9.039448994861115638e-01
9.047698943000687111e-01
9.055929755095817324e-01
9.064141571669687147e-01
9.072334533282523372e-01
9.080508780151304027e-01
9.088664452390000648e-01
9.096801690458871104e-01
9.104920634731205054e-01
9.113021424919761637e-01
9.121104199204735918e-01
9.129169094529120398e-01
9.137216245744019805e-01
9.145245785650517600e-01
9.153257844354116823e-01
9.161252547611564712e-01
9.169230017714761205e-01
9.177190373576539217e-01
9.185133730848940026e-01
9.193060202238075851e-01
9.200969896472789289e-01
9.208862919252520651e-01
9.216739374300680909e-01
9.224599364364166609e-01
9.232442992039167073e-01
9.240270359916974430e-01
9.248081570634173465e-01
9.255876727182049679e-01
9.263655933718006885e-01
9.271419295991321086e-01
9.279166921865268369e-01
9.286898922669238887e-01
9.294615415166752603e-01
9.302316522712605895e-01
9.310002374695828253e-01
9.317673108720968544e-01
9.325328870136982973e-01
9.332969814381779639e-01
9.340596108921153107e-01
9.348207929662593063e-01
9.355805462189459298e-01
9.363388900958423688e-01
9.370958448432046284e-01
9.378514314859774936e-01
9.386056716504499464e-01
9.393585873884032766e-01
9.401102009394043391e-01
9.408605345715792545e-01
9.416096105533162675e-01
9.423574511411701993e-01
9.431040784901340013e-01
9.438495144743589416e-01
9.445937804048294417e-01
9.453368967399181644e-01
9.460788826399615381e-01
9.468197553205932593e-01
9.475595298505732345e-01
9.482982190743375339e-01
9.490358329444273933e-01
9.497723786271395907e-01
9.505078596962927007e-01
9.512422756004800251e-01
9.519756224602060612e-01
9.527078925565281020e-01
9.534390744864249534e-01
9.541691530313737291e-01
9.548981089918957554e-01
9.556259194207795682e-01
9.563525587506286341e-01
9.570780002491510174e-01
9.578022170478850406e-01
9.585251822783201758e-01
9.592468689690878403e-01
9.599672485698961255e-01
9.606862883698721323e-01
9.614039510761311913e-01
9.621201953312428223e-01
9.628349762418146884e-01
9.635482455304963390e-01
9.642599521930597106e-01
