1.696115731450310252e-03
1.696111614839472884e-03
1.696107189382632706e-03
1.696102448820256030e-03
1.696097386736765585e-03
1.696091996527472785e-03
1.696086271381057678e-03
1.696080204257070876e-03
1.696073787864922373e-03
1.696067014625520300e-03
1.696059876681885702e-03
1.696052365583456713e-03
1.696044472374113850e-03
1.696036187819125428e-03
1.696027502442194095e-03
1.696018406451434667e-03
1.696008889730649767e-03
1.695998941960064847e-03
1.695988552632342501e-03
1.695977711030150544e-03
1.695966406254175189e-03
1.695954627249361343e-03
1.695942362851466734e-03
1.695929601703599588e-03
1.695916332251583020e-03
1.695902542800559925e-03
1.695888221770829778e-03
1.695873357445994763e-03
1.695857937878495402e-03
1.695841950866214341e-03
1.695825383939237587e-03
1.695808224369386172e-03
1.695790459118272885e-03
1.695772074850549274e-03
1.695753057966404393e-03
1.695733394517637575e-03
1.695713069483562084e-03
1.695692066992269533e-03
1.695670370882317295e-03
1.695647964696261238e-03
1.695624831645230288e-03
1.695600954633462790e-03
1.695576316216209104e-03
1.695550898629655592e-03
1.695524683785739522e-03
1.695497653275259428e-03
1.695469788855027754e-03
1.695441073005098716e-03
1.695411488014145554e-03
1.695381015826972690e-03
1.695349638001367523e-03
1.695317335723310918e-03
1.695284089830292103e-03
1.695249880740456712e-03
1.695214688437213495e-03
1.695178492528291898e-03
1.695141272012031875e-03
1.695103004507518595e-03
1.695063666849912437e-03
1.695023235432591754e-03
1.694981686186920571e-03
1.694938994549237670e-03
1.694895135356330176e-03
1.694850082840219192e-03
1.694803810859780947e-03
1.694756292814799054e-03
1.694707501612397393e-03
1.694657409896508900e-03
1.694605990042294310e-03
1.694553214064578681e-03
1.694499053499675095e-03
1.694443479292120436e-03
1.694386461997913216e-03
1.694327971939454079e-03
1.694267978535713348e-03
1.694206450382605743e-03
1.694143355572670000e-03
1.694078661182426204e-03
1.694012333326769997e-03
1.693944337225070313e-03
1.693874637094915613e-03
1.693803196456650229e-03
1.693729978063398438e-03
1.693654943437774034e-03
1.693578053502091483e-03
1.693499269603308864e-03
1.693418552257627352e-03
1.693335861316458066e-03
1.693251156300814306e-03
1.693164396274677609e-03
1.693075540622247755e-03
1.692984548176112818e-03
1.692891376742079127e-03
1.692795983527850502e-03
1.692698324985951637e-03
1.692598354958962849e-03
1.692496025662852850e-03
1.692391288809775912e-03
1.692284094520898983e-03
1.692174391586630158e-03
1.692062126746457550e-03
1.691947244879158686e-03
1.691829690220972337e-03
1.691709406080806359e-03
1.691586334582268272e-03
1.691460417793554626e-03
1.691331599187604826e-03
1.691199821200773182e-03
1.691065024632816896e-03
1.690927149113143979e-03
1.690786133780809242e-03
1.690641917703372601e-03
1.690494438512028623e-03
1.690343632104230904e-03
1.690189433025767731e-03
1.690031774014717813e-03
1.689870584200919845e-03
1.689705790443224442e-03
1.689537318584096674e-03
1.689365093322809080e-03
1.689189037602458268e-03
1.689009072580054376e-03
1.688825117740521678e-03
1.688637091501959432e-03
1.688444910918797089e-03
1.688248491926259325e-03
1.688047750079145308e-03
1.687842600882889831e-03
1.687632958253319250e-03
1.687418733324181101e-03
1.687199835819031078e-03
1.686976174363054347e-03
1.686747656214623381e-03
1.686514186709876144e-03
1.686275669211423139e-03
1.686032004753298084e-03
1.685783091707219452e-03
1.685528826067459384e-03
1.685269101943610761e-03
1.685003811924700237e-03
1.684732845986222681e-03
1.684456091497360010e-03
1.684173433988467089e-03
1.683884757079287357e-03
1.683589942288860096e-03
1.683288869086019095e-03
1.682981415195458370e-03
1.682667456479412533e-03
1.682346866931932420e-03
1.682019517961399991e-03
1.681685278105698447e-03
1.681344014077519947e-03
1.680995590357310145e-03
1.680639868158634222e-03
1.680276705929025600e-03
1.679905959443777014e-03
1.679527481235302796e-03
1.679141120646655740e-03
1.678746724697311550e-03
1.678344137740834813e-03
1.677933201026000042e-03
1.677513752307467024e-03
1.677085626720497798e-03
1.676648657388925181e-03
1.676202674708772910e-03
1.675747506020365801e-03
1.675282975986819084e-03
1.674808907057740402e-03
1.674325119014378159e-03
1.673831428770423653e-03
1.673327649730196138e-03
1.672813591356338021e-03
1.672289059989217350e-03
1.671753858690183626e-03
1.671207786762747474e-03
1.670650639920832122e-03
1.670082209932552712e-03
1.669502283283429492e-03
1.668910642401589834e-03
1.668307066704258820e-03
1.667691331746860243e-03
1.667063208670541662e-03
1.666422464507347169e-03
1.665768862843581503e-03
1.665102163492583089e-03
1.664422122074087854e-03
1.663728490221366057e-03
1.663021016110529998e-03
1.662299444299144245e-03
1.661563515824545853e-03
1.660812967549488888e-03
1.660047531490333513e-03
1.659266934360228247e-03
1.658470898942457361e-03
1.657659143826506389e-03
1.656831382798144630e-03
1.655987324852589530e-03
1.655126673746748316e-03
1.654249127763044933e-03
1.653354380730353602e-03
1.652442122366628826e-03
1.651512037014655392e-03
1.650563803151139852e-03
1.649597094132037277e-03
1.648611578099591982e-03
1.647606917879253750e-03
1.646582770817818812e-03
1.645538789040586983e-03
1.644474619121620226e-03
1.643389902370759586e-03
1.642284275673957551e-03
1.641157370235520269e-03
1.640008811007193350e-03
1.638838216689918713e-03
1.637645201809459191e-03
1.636429376130582418e-03
1.635190343438898755e-03
1.633927701829383317e-03
1.632641043128261159e-03
1.631329953220509409e-03
1.629994013207823351e-03
1.628632798991664363e-03
1.627245880034308700e-03
1.625832818981727719e-03
1.624393172579991548e-03
1.622926490390195261e-03
1.621432315518357443e-03
1.619910184917878982e-03
1.618359629646536285e-03
1.616780174770526346e-03
1.615171339650175271e-03
1.613532638624944580e-03
1.611863579432203878e-03
1.610163663020396574e-03
1.608432383991424729e-03
1.606669232651724080e-03
1.604873694362659101e-03
1.603045248063383410e-03
1.601183366950436346e-03
1.599287517215873880e-03
1.597357159312451673e-03
1.595391749401332913e-03
1.593390738012297842e-03
1.591353569389565657e-03
1.589279681248519050e-03
1.587168505687622765e-03
1.585019467984319277e-03
1.582831987539946557e-03
1.580605478347374415e-03
1.578339349469357099e-03
1.576033005626886014e-03
1.573685846530173665e-03
1.571297267712037362e-03
1.568866659140709168e-03
1.566393405465789108e-03
1.563876886494116247e-03
1.561316478053761600e-03
1.558711551849931371e-03
1.556061475174330948e-03
1.553365612107236553e-03
1.550623322340681162e-03
1.547833962721901959e-03
1.544996887774596544e-03
1.542111449056585626e-03
1.539176995871398322e-03
1.536192874510146399e-03
1.533158428999356832e-03
1.530073000827708411e-03
1.526935929932290124e-03
1.523746555342478685e-03
1.520504215959644911e-03
1.517208251053125045e-03
1.513857999620477068e-03
1.510452801664622074e-03
1.506991997754590596e-03
1.503474929431081230e-03
1.499900938841820233e-03
1.496269369228379800e-03
1.492579566783462349e-03
1.488830880415448459e-03
1.485022664595900786e-03
1.481154278519374598e-03
1.477225085332299149e-03
1.473234453074355726e-03
1.469181756174950306e-03
1.465066377223763405e-03
1.460887704463475741e-03
1.456645132922891779e-03
1.452338065222414341e-03
1.447965913636497896e-03
1.443528101356273113e-03
1.439024064420366296e-03
1.434453250585329426e-03
1.429815117780082641e-03
1.425109138921876748e-03
1.420334802948566236e-03
1.415491614014919913e-03
1.410579090287588950e-03
1.405596765324078259e-03
1.400544193031155824e-03
1.395420946394456373e-03
1.390226624122628193e-03
1.384960847417814273e-03
1.379623255778656462e-03
1.374213511897459748e-03
1.368731305504099216e-03
1.363176355207607049e-03
1.357548403831737886e-03
1.351847219762314888e-03
1.346072601641696773e-03
1.340224379061863381e-03
1.334302416953201884e-03
1.328306617243546440e-03
1.322236912737137027e-03
1.316093267475089987e-03
1.309875687914469587e-03
1.303584223831546389e-03
1.297218964854379925e-03
1.290780040199943687e-03
1.284267621528812969e-03
1.277681930586490374e-03
1.271023237396005012e-03
1.264291871753534229e-03
1.257488212724268938e-03
1.250612682437480345e-03
1.243665759110805383e-03
1.236647980169627977e-03
1.229559943597370673e-03
1.222402301274905451e-03
1.215175761293130294e-03
1.207881098319071693e-03
1.200519149254503006e-03
1.193090825545802891e-03
1.185597106778977410e-03
1.178039028472178474e-03
1.170417690073419182e-03
1.162734269783770097e-03
1.154990022850766688e-03
1.147186277211733512e-03
1.139324432488002161e-03
1.131405965966648724e-03
1.123432437975377266e-03
1.115405491569390530e-03
1.107326863380821971e-03
1.099198363405416885e-03
1.091021872895884441e-03
1.082799363092199060e-03
1.074532892311098929e-03
1.066224607554409291e-03
1.057876735874971547e-03
1.049491589402463954e-03
1.041071575207862645e-03
1.032619187522005547e-03
1.024137024954721933e-03
1.015627769485174430e-03
1.007094175326035202e-03
9.985390810467063491e-04
9.899654186299958886e-04
9.813762089718629841e-04
9.727745569500624925e-04
9.641636465268366022e-04
9.555467464972504507e-04
9.469272095457082275e-04
9.383084712023195698e-04
9.296940483513044121e-04
9.210875176926319394e-04
9.124925152074658732e-04
9.039127417323232277e-04
8.953519559079353403e-04
8.868139713577444239e-04
8.783026477192775947e-04
8.698218980623232972e-04
8.613756886573102666e-04
8.529680360872240932e-04
8.446030134294795107e-04
8.362847323366929880e-04
8.280173451999103340e-04
8.198050518981276702e-04
8.116521005122997101e-04
8.035627790070015534e-04
7.955414141742251678e-04
7.875923597676318545e-04
7.797199898441942471e-04
7.719286891120480908e-04
7.642228344806266914e-04
7.566067941772600331e-04
7.490849077124099153e-04
7.416614546450375593e-04
7.343406338540461745e-04
7.271265617746763962e-04
7.200232410877170381e-04
7.130345668627537624e-04
7.061643271875846532e-04
6.994162080804707275e-04
6.927938020982703227e-04
6.863005991288357753e-04
6.799400458611841794e-04
6.737155975339126183e-04
6.676307281012941030e-04
6.616889394741225314e-04
6.558938197956551376e-04
6.502490616237456989e-04
6.447584659063480567e-04
6.394259237303197719e-04
6.342554367303580593e-04
6.292511633018400916e-04
6.244173948256446669e-04
6.197585674167476865e-04
6.152792791099333421e-04
6.109842899225406904e-04
6.068785210806653101e-04
6.029670292699893614e-04
5.992550184445101687e-04
5.957478735268015519e-04
5.924512015570717292e-04
5.893708396516165494e-04
5.865128180611189250e-04
5.838834573519324691e-04
5.814893646025265849e-04
5.793374322387942086e-04
5.774348264415502191e-04
5.757890032709776177e-04
5.744078599262498683e-04
5.732997156155809947e-04
5.724733290800818617e-04
5.719380095585297743e-04
5.717036473233559537e-04
5.717807120803515292e-04
5.721801840152803765e-04
5.729137306192457488e-04
5.739938312285152366e-04
5.754337352948235952e-04
5.772475325071978669e-04
5.794501733398212465e-04
5.820575113001963830e-04
5.850861835047570323e-04
5.885536649796476415e-04
5.924784056207117299e-04
5.968797937060597815e-04
6.017783474732298467e-04
6.071955588724007669e-04
6.131539447482732812e-04
6.196770008532092233e-04
6.267889764868453525e-04
6.345151909934380711e-04
6.428815273641742345e-04
6.519146409023689019e-04
6.616420509273798723e-04
6.720916351083617213e-04
6.832920232591516065e-04
6.952718429532081220e-04
7.080603473342640458e-04
7.216870086511497197e-04
7.361811629081312439e-04
7.515726151973421178e-04
7.678905627209517805e-04
7.851643592431153777e-04
8.034223467313317225e-04
8.226922846891960217e-04
8.430007468071340363e-04
8.643726677261844276e-04
8.868316664901104230e-04
9.103987570608525724e-04
9.350931553662528628e-04
9.609305614049670329e-04
9.879236265601170838e-04
1.016081325720581642e-03
1.045408030900889110e-03
1.075903706002227832e-03
1.107564027236338303e-03
1.140379444204369860e-03
1.174334346699266486e-03
1.209407018802994335e-03
1.245569167122343498e-03
1.282786926317580319e-03
1.321019706173127669e-03
1.360221408143071423e-03
1.400339939478531005e-03
1.441318593440103941e-03
1.483097604262370020e-03
1.525614683752267485e-03
1.568807455426617613e-03
1.612612194906562274e-03
1.656967008000724073e-03
1.701812747985851889e-03
1.747094479380849504e-03
1.792763686906638509e-03
1.838779359933011802e-03
1.885110442744196511e-03
1.931737489427599788e-03
1.978653722506733183e-03
2.025865482645612670e-03
2.073394871088480099e-03
2.121279797701670997e-03
2.169576793972790608e-03
2.218358963338545788e-03
2.267715297717040265e-03
2.317752796651321046e-03
2.368596188921599874e-03
2.420389118414633788e-03
2.473290419559454837e-03
2.527471663602044293e-03
2.583117890716175521e-03
2.640426785997324055e-03
2.699607787379309023e-03
2.760878793293026785e-03
2.824461393382684399e-03
2.890583914285778117e-03
2.959475150246163207e-03
3.031363230254977004e-03
3.106476787832611591e-03
3.185036736923246847e-03
3.267262478764748276e-03
3.353352346807792102e-03
3.443482896922484080e-03
3.537808527077804938e-03
3.636439997175259890e-03
3.739460982860257163e-03
3.846910989064819021e-03
3.958791610250400259e-03
4.075055944821963025e-03
4.195587788046911334e-03
4.320227185963751611e-03
4.448750240567614020e-03
4.580867366189282641e-03
4.716261010072352912e-03
4.854561403229826558e-03
4.995387869727515272e-03
5.138340171937222194e-03
5.282966877592422394e-03
5.428849058949795914e-03
5.575532599074693729e-03
5.722641682418181525e-03
5.869830387624177907e-03
6.016812796621281816e-03
6.163411335389382649e-03
6.309475181315455858e-03
6.455027146735735875e-03
6.600154682560433958e-03
6.745118840840818447e-03
6.890274120215227581e-03
7.036094413984423680e-03
7.183175487483154514e-03
7.332178922219581042e-03
7.483867088772069506e-03
7.639032707357750092e-03
7.798535295354402930e-03
7.963222711212514932e-03
8.133962899831190252e-03
8.311575763032203260e-03
8.496853077378642080e-03
8.690476354697128369e-03
8.893028437803658648e-03
9.104938256054136148e-03
9.326461759322944231e-03
9.557689062093100915e-03
9.798487061912979773e-03
1.004853088029199551e-02
1.030729926306510336e-02
1.057409371053372529e-02
1.084803208003635652e-02
1.112810382122272554e-02
1.141317608145173308e-02
1.170204696902592961e-02
1.199352443997286216e-02
1.228648946804164130e-02
1.257997473137842555e-02
1.287320510848797422e-02
1.316563018152112560e-02
1.345700051279144667e-02
1.374737120767021391e-02
1.403710538786030228e-02
1.432687053682595371e-02
1.461760176966992765e-02
1.491046722511603015e-02
1.520682881457874509e-02
1.550818684191524605e-02
1.581612903019504607e-02
1.613222786915596146e-02
1.645793722107084800e-02
1.679456485484559156e-02
1.714312906892503929e-02
1.750428012069606479e-02
1.787832499513061432e-02
1.826507677280901978e-02
1.866400459565453751e-02
1.907418871938737492e-02
1.949428719681672861e-02
1.992288980309380245e-02
2.035833515782411660e-02
2.079893146461292072e-02
2.124308678354256893e-02
2.168924067444558124e-02
2.213646257332738815e-02
2.258403674396725416e-02
2.303151989408273870e-02
2.347950577899849192e-02
2.392870182506456542e-02
2.438016814888253891e-02
2.483521057370065982e-02
2.529485079461270963e-02
2.576118570530512228e-02
2.623599276080668466e-02
2.672055891942510392e-02
2.721628338156486734e-02
2.772326808474716645e-02
2.824251948663387968e-02
2.877400289657974786e-02
2.931596760926506035e-02
2.986815399889879499e-02
3.042934717979010190e-02
3.099776332173663843e-02
3.157239237576131563e-02
3.215111052084582144e-02
3.273361423420927813e-02
3.331952281067676602e-02
3.390752909506502405e-02
3.449866626181714857e-02
3.509333760157879595e-02
3.569202205478068379e-02
3.629641533664564046e-02
3.690661523828264040e-02
3.752474531198342345e-02
3.815203750913138958e-02
3.878761657697606113e-02
3.943370026559577662e-02
4.008882026357256378e-02
4.075328822910694038e-02
4.142737180109949680e-02
4.210841401076580170e-02
4.279731385984208297e-02
4.349308087084271385e-02
4.419410094525780958e-02
4.490115114676215824e-02
4.561354464267932535e-02
4.633123068473157802e-02
4.705507772574937797e-02
4.778499085149773284e-02
4.852138904015999843e-02
4.926618956685125533e-02
5.001809301299844912e-02
5.077873527214267491e-02
5.154861317280386157e-02
5.232638734835265426e-02
5.311384948145658064e-02
5.390940024372427308e-02
5.471371957119174761e-02
5.552643103989316625e-02
5.634702058967572258e-02
5.717582637281562463e-02
5.801234508487846525e-02
5.885712647912783035e-02
5.970971070141348203e-02
6.057119644245780726e-02
6.144104735527813888e-02
6.232008017296809810e-02
6.320893031841079424e-02
6.410670544312861707e-02
6.501565938070658079e-02
6.593358194878050360e-02
6.686251481660103468e-02
6.780149423293395372e-02
6.875088650431993020e-02
6.971113136778767094e-02
7.068085654146159802e-02
7.166183556943915567e-02
7.265286427656621193e-02
7.365463242007926070e-02
7.466796561817014288e-02
7.569241387840168478e-02
7.672812273017720619e-02
7.777467548118015273e-02
7.883438976054671365e-02
7.990588452922230134e-02
8.098981217712668268e-02
8.208595083237321677e-02
8.319278610551422704e-02
8.431252400170460848e-02
8.544451561293894826e-02
8.658855608256339764e-02
8.774452084529663076e-02
8.891305472509719587e-02
9.009482846037938919e-02
9.129010546314464403e-02
9.249890197523229218e-02
9.372127724469407617e-02
9.495723125782774832e-02
9.620685132232964509e-02
9.747024999329272077e-02
9.874752470218711720e-02
1.000387693076163903e-01
1.013440770971206217e-01
1.026635396649955845e-01
1.039972473003046849e-01
1.053452888209898686e-01
1.067077506454348484e-01
1.080847155679215826e-01
1.094762619412064514e-01
1.108824648266917012e-01
1.123033969761076806e-01
1.137391268380143622e-01
1.151897178746925099e-01
1.166552288885740890e-01
1.181357124963669653e-01
1.196312161140687808e-01
1.211417831186879651e-01
1.226674538419934846e-01
1.242082665359515448e-01
1.257642562588807689e-01
1.273354537037094114e-01
1.289218852426911865e-01
1.305235747982738670e-01
1.321405454828208370e-01
1.337728200146982016e-01
1.354204204554754487e-01
1.370833671597703751e-01
1.387616779115551369e-01
1.404553675767428178e-01
1.421644476305659044e-01
1.438889250466299508e-01
1.456288014950252452e-01
1.473840722449080987e-01
1.491547259909455081e-01
1.509407449082612318e-01
1.527421054885749196e-01
1.545587798663619061e-01
1.563907350066198187e-01
1.582379317842508015e-01
1.601003257582891137e-01
1.619778690348627204e-01
1.638705106933274480e-01
1.657781960387980646e-01
1.677008679120850221e-01
1.696384671440226422e-01
1.715909327060201328e-01
1.735582025509425363e-01
1.755402141813997563e-01
1.775369041647225921e-01
1.795482071504642119e-01
1.815740551916885659e-01
1.836143774236405346e-01
1.856690991097541821e-01
1.877381403720819464e-01
1.898214156964700972e-01
1.919188334724467038e-01
1.940302960309097935e-01
1.961556997230428645e-01
1.982949357492145293e-01
2.004478905101230168e-01
2.026144453593010375e-01
2.047944764793735439e-01
2.069878555069618042e-01
2.091944511559903630e-01
2.114141291880883566e-01
2.136467519066353182e-01
2.158921788197447345e-01
2.181502673824254890e-01
2.204208737239568561e-01
2.227038533722260627e-01
2.249990614030830116e-01
2.273063518121405391e-01
2.296255767905363010e-01
2.319565858914071355e-01
2.342992260097622736e-01
2.366533404211755287e-01
2.390187681283677534e-01
2.413953436628265559e-01
2.437828965037323603e-01
2.461812518300276753e-01
2.485902307033433511e-01
2.510096504583294030e-01
2.534393250888338223e-01
2.558790656077824521e-01
2.583286797479906749e-01
2.607879724864555770e-01
2.632567472249758289e-01
2.657348056533612723e-01
2.682219476072182363e-01
2.707179716676156866e-01
2.732226756364418696e-01
2.757358567789573445e-01
2.782573121212811307e-01
2.807868383727244455e-01
2.833242315581973036e-01
2.858692867539631699e-01
2.884217976206501777e-01
2.909815566215747662e-01
2.935483545857351384e-01
2.961219808129306741e-01
2.987022229977940868e-01
3.012888673057473321e-01
3.038816988087750803e-01
3.064805013016963509e-01
3.090850573677443869e-01
3.116951489758949534e-01
3.143105577072505818e-01
3.169310643721659493e-01
3.195564494422187818e-01
3.221864937450222843e-01
3.248209784324654903e-01
3.274596846753049517e-01
3.301023939454976186e-01
3.327488879731301252e-01
3.353989486140263043e-01
3.380523577486943543e-01
3.407088971973560865e-01
3.433683488611920520e-01
3.460304948193494434e-01
3.486951174430900080e-01
3.513619997161900876e-01
3.540309259249515006e-01
3.567016819081441636e-01
3.593740554537764309e-01
3.620478364826874573e-01
3.647228166992894094e-01
3.673987892659533183e-01
3.700755489082748761e-01
3.727528923891493817e-01
3.754306181990667568e-01
3.781085263942147168e-01
3.807864187959589808e-01
3.834640993402538833e-01
3.861413741537837452e-01
3.888180510338659079e-01
3.914939391583605044e-01
3.941688484542361648e-01
3.968425892816037637e-01
3.995149721775693719e-01
4.021858079461118618e-01
4.048549082453904990e-01
4.075220858940838964e-01
4.101871554867992931e-01
4.128499337931744173e-01
4.155102412411846857e-01
4.181679018199840892e-01
4.208227440011267917e-01
4.234746003111093948e-01
4.261233068096265120e-01
4.287687027220608571e-01
4.314106306722721440e-01
4.340489365473586547e-01
4.366834690160021903e-01
4.393140798469205022e-01
4.419406235520599302e-01
4.445629575311181858e-01
4.471809420867193796e-01
4.497944398947024136e-01
4.524033150732440500e-01
4.550074325458703384e-01
4.576066576734489910e-01
4.602008560641789314e-01
4.627898938457445932e-01
4.653736383772998919e-01
4.679519586378581564e-01
4.705247260052443092e-01
4.730918148386970001e-01
4.756531037664195605e-01
4.782084756988497776e-01
4.807578184477151462e-01
4.833010241304567800e-01
4.858379888146979186e-01
4.883686120716682622e-01
4.908927972980715038e-01
4.934104510679075961e-01
4.959214828658381480e-01
4.984258056947599158e-01
5.009233352854463028e-01
5.034139899979086508e-01
5.058976908387466942e-01
5.083743608944056858e-01
5.108439242695802518e-01
5.133063056568555327e-01
5.157614300693058595e-01
5.182092227512672400e-01
5.206496095533602597e-01
5.230825175135095373e-01
5.255078752150050825e-01
5.279256135075892642e-01
5.303356660986218163e-01
5.327379702366311642e-01
5.351324668771579862e-01
5.375191006975584829e-01
5.398978199524656629e-01
5.422685761827814588e-01
5.446313238179975036e-01
5.469860203097898221e-01
5.493326255322991125e-01
5.516711018035228564e-01
5.540014144058149625e-01
5.563235307405333119e-01
5.586374199854334810e-01
5.609430532047295914e-01
5.632404027089308318e-01
5.655294413952518529e-01
5.678101424721044843e-01
5.700824793587999650e-01
5.723464256542463158e-01
5.746019554830913423e-01
5.768490438415282417e-01
5.790876668586100173e-01
5.813178023755747326e-01
5.835394302587456616e-01
5.857525327360231238e-01
5.879570944390171139e-01
5.901531023621700012e-01
5.923405460225016350e-01
5.945194171416688933e-01
5.966897093880156877e-01
5.988514184092850190e-01
6.010045415051085138e-01
6.031490776985772850e-01
6.052850280443170528e-01
6.074123949778346132e-01
6.095311819466422421e-01
6.116413934536705233e-01
6.137430345725934933e-01
6.158361106798454498e-01
6.179206272934419930e-01
6.199965900587410816e-01
6.220640047406117423e-01
6.241228774748454056e-01
6.261732149423755445e-01
6.282150245312757564e-01
6.302483147266834118e-01
6.322730951529430543e-01
6.342893767548443140e-01
6.362971717283617545e-01
6.382964935715215171e-01
6.402873572735865437e-01
6.422697790339664259e-01
6.442437760971464478e-01
6.462093667787202067e-01
6.481665703864397665e-01
6.501154072837828091e-01
6.520558990631158958e-01
6.539880681072856028e-01
6.559119373518749185e-01
6.578275302060890839e-01
6.597348703073047105e-01
6.616339814218211712e-01
6.635248873693206928e-01
6.654076120378791259e-01
6.672821793879576413e-01
6.691486136056904455e-01
6.710069391849295961e-01
6.728571810060206548e-01
6.746993644967353987e-01
6.765335155177665261e-01
6.783596603790721380e-01
6.801778258708216507e-01
6.819880393542588903e-01
6.837903288595943430e-01
6.855847229045579638e-01
6.873712504814903923e-01
6.891499411009792686e-01
6.909208248310043654e-01
6.926839323659192971e-01
6.944392950518100127e-01
6.961869446073737366e-01
6.979269130029563950e-01
6.996592323863488616e-01
7.013839349536838963e-01
7.031010529018191235e-01
7.048106184324263168e-01
7.065126637856298242e-01
7.082072212552843471e-01
7.098943232896952615e-01
7.115740024903592920e-01
7.132462915930486425e-01
7.149112234913453934e-01
7.165688311651203790e-01
7.182191476233339422e-01
7.198622059563904996e-01
7.214980394472709779e-01
7.231266816587756940e-01
7.247481664201732565e-01
7.263625277463254815e-01
7.279697998294447636e-01
7.295700171205526940e-01
7.311632143724995370e-01
7.327494265843434995e-01
7.343286888216498109e-01
7.359010362264970517e-01
7.374665039561035806e-01
7.390251271268678535e-01
7.405769408169389223e-01
7.421219801021591289e-01
7.436602800835270255e-01
7.451918758918680830e-01
7.467168027405400865e-01
7.482350958636919680e-01
7.497467905102276342e-01
7.512519220088502703e-01
7.527505256305692116e-01
7.542426365474550476e-01
7.557282899399571097e-01
7.572075210760178532e-01
7.586803653446611007e-01
7.601468582398294149e-01
7.616070352429877843e-01
7.630609318318135603e-01
7.645085834817532122e-01
7.659500257065965378e-01
7.673852939870003942e-01
7.688144236958166511e-01
7.702374501571449539e-01
7.716544086395978885e-01
7.730653342947114703e-01
7.744702622442298789e-01
7.758692276320634518e-01
7.772622656238803440e-01
7.786494113629842673e-01
7.800306999635395755e-01
7.814061664818510167e-01
7.827758458418412335e-01
7.841397727203535117e-01
7.854979815462007631e-01
7.868505066584147167e-01
7.881973822741988878e-01
7.895386424312621498e-01
7.908743210192740181e-01
7.922044517589840185e-01
7.935290682394557926e-01
7.948482039409693334e-01
7.961618922343948190e-01
7.974701662844795313e-01
7.987730591676529546e-01
8.000706038264447928e-01
8.013628330667595945e-01
8.026497795892999498e-01
8.039314759996224469e-01
8.052079548522235175e-01
8.064792486676607419e-01
8.077453899638452617e-01
8.090064112213170011e-01
8.102623448466053091e-01
8.115132231002583074e-01
8.127590779350758465e-01
8.139999410036762306e-01
8.152358437131538293e-01
8.164668172623928966e-01
8.176928926389668284e-01
8.189141006776767817e-01
8.201304721527185038e-01
8.213420377621447610e-01
8.225488281962884951e-01
8.237508741367025600e-01
8.249482061865611726e-01
8.261408548184451250e-01
8.273288504822349232e-01
8.285122235234374521e-01
8.296910040841293243e-01
8.308652222124921494e-01
8.320349079322280073e-01
8.332000912479099464e-01
8.343608021668671437e-01
8.355170706977894657e-01
8.366689268383882272e-01
8.378164003981217745e-01
8.389595209775129181e-01
8.400983180079582002e-01
8.412328206647997630e-01
8.423630578993577256e-01
8.434890585682031094e-01
8.446108514318134697e-01
8.457284651421024257e-01
8.468419282872069465e-01
8.479512693170421223e-01
8.490565165927352886e-01
8.501576983783989405e-01
8.512548429028055086e-01
8.523479783148616429e-01
8.534371326596894569e-01
8.545223338928389367e-01
8.556036098786212740e-01
8.566809884200631275e-01
8.577544972914314947e-01
8.588241642576269763e-01
8.598900170505896501e-01
8.609520833629079606e-01
8.620103908229214129e-01
8.630649669944534530e-01
8.641158392920484932e-01
8.651630348033875206e-01
8.662065803410605724e-01
8.672465024914538523e-01
8.682828277020491203e-01
8.693155823143098315e-01
8.703447923834874977e-01
8.713704836705947754e-01
8.723926817434428660e-01
8.734114120465394926e-01
8.744266998076866138e-01
8.754385700152644834e-01
8.764470475327220678e-01
8.774521571810097731e-01
8.784539237168880188e-01
8.794523718060220929e-01
8.804475260275982373e-01
8.814394109387382326e-01
8.824280510882535067e-01
8.834134710130964185e-01
8.843956951780209685e-01
8.853747479048206248e-01
8.863506534652837443e-01
8.873234360092816519e-01
8.882931196645627026e-01
8.892597285424480580e-01
8.902232867212822587e-01
8.911838182219470328e-01
8.921413469995564949e-01
8.930958970140305819e-01
8.940474922585519568e-01
8.949961567648859750e-01
8.959419145580190813e-01
8.968847896288639765e-01
8.978248058782288821e-01
8.987619870607705952e-01
8.996963567528782901e-01
9.006279383521550441e-01
9.015567550930075891e-01
9.024828301862711788e-01
9.034061868464362544e-01
9.043268482868944691e-01
9.052448377051567352e-01
9.061601782829518115e-01
9.070728930987644878e-01
9.079830050078446790e-01
9.088905366695664290e-01
9.097955104595645270e-01
9.106979484287951454e-01
9.115978723876395629e-01
9.124953037693317448e-01
9.133902636012553033e-01
9.142827725465905164e-01
9.151728507230291187e-01
9.160605179346066329e-01
9.169457937327634145e-01
9.178286973569659279e-01
9.187092477686639169e-01
9.195874636328046359e-01
9.204633633818837257e-01
9.213369652391601994e-01
9.222082873613598464e-01
9.230773478718999892e-01
9.239441648915774907e-01
9.248087565429891077e-01
9.256711409604395646e-01
9.265313363107516853e-01
9.273893608653529519e-01
9.282452331417495595e-01
9.290989719039902672e-01
9.299505963236195383e-01
9.308001261170592011e-01
9.316475814667690702e-01
9.324929833482257235e-01
9.333363534729194333e-01
9.341777144145382294e-01
9.350170899165967109e-01
9.358545045576446286e-01
9.366899837994481226e-01
9.375235539486291847e-01
9.383552421672928245e-01
9.391850765769227394e-01
9.400130860138267153e-01
9.408392997485411913e-01
9.416637471625324274e-01
9.424864576574748520e-01
9.433074606354822089e-01
9.441267854916910451e-01
9.449444615372073475e-01
9.457605177981333044e-01
9.465749827123947080e-01
9.473878837592694113e-01
9.481992470819363694e-01
9.490090967856300574e-01
9.498174546439734911e-01
9.506243400808820354e-01
9.514297694455473575e-01
9.522337561382259175e-01
9.530363097534185757e-01
9.538374354566810931e-01
9.546371349133130346e-01
9.554354058822386309e-01
9.562322422976738956e-01
9.570276339533824173e-01
9.578215661857961694e-01
9.586140201350107359e-01
9.594049739615129191e-01
9.601944045773477265e-01
9.609822887506619393e-01
9.617686032495601500e-01
9.625533247240559698e-01
9.633364281206725499e-01
9.641178839903418174e-01
9.648976579908148388e-01
9.656757113836588191e-01
9.664520014832472805e-01
9.672264819272434755e-01
9.679991034051017573e-01
