5.291306013024394241e-04
5.291305976227797655e-04
5.291305918368902029e-04
5.291305836921560753e-04
5.291305734268974886e-04
5.291305618018816515e-04
5.291305494720891910e-04
5.291305369651312651e-04
5.291305248077433215e-04
5.291305135265523879e-04
5.291305036481556761e-04
5.291304957013116469e-04
5.291304903886692853e-04
5.291304886486570712e-04
5.291304908657642114e-04
5.291304966562773542e-04
5.291305053293868937e-04
5.291305165322718676e-04
5.291305299300537749e-04
5.291305451888278369e-04
5.291305619747607237e-04
5.291305799548129581e-04
5.291305986607291144e-04
5.291306168562301014e-04
5.291306333162378289e-04
5.291306475799959722e-04
5.291306597578261141e-04
5.291306696840751729e-04
5.291306770678199387e-04
5.291306816139263770e-04
5.291306830246579346e-04
5.291306810012800501e-04
5.291306752692502904e-04
5.291306662704050017e-04
5.291306551994182095e-04
5.291306428278861338e-04
5.291306293826305912e-04
5.291306151956107597e-04
5.291306010254046271e-04
5.291305876907103842e-04
5.291305760208216960e-04
5.291305668499457233e-04
5.291305610162827435e-04
5.291305591428736551e-04
5.291305610685994015e-04
5.291305665768681558e-04
5.291305758653909062e-04
5.291305891731812143e-04
5.291306058797908343e-04
5.291306249548045383e-04
5.291306453291715539e-04
5.291306659075612406e-04
5.291306855804175750e-04
5.291307032449145019e-04
5.291307180627200131e-04
5.291307294039315117e-04
5.291307364612914165e-04
5.291307380985096637e-04
5.291307339099504421e-04
5.291307244931544316e-04
5.291307106147816967e-04
5.291306931705552948e-04
5.291306731114402270e-04
5.291306514400475735e-04
5.291306291474194351e-04
5.291306071234523666e-04
5.291305860406638568e-04
5.291305670881873329e-04
5.291305514101903463e-04
5.291305391437380609e-04
5.291305299565380151e-04
5.291305229717350881e-04
5.291305170575937326e-04
5.291305108835214115e-04
5.291305029894169875e-04
5.291304919013172566e-04
5.291304767323815961e-04
5.291304570429320895e-04
5.291304320387330744e-04
5.291304016395291954e-04
5.291303665499991725e-04
5.291303287813072442e-04
5.291302913447417863e-04
5.291302579721017399e-04
5.291302330361271223e-04
5.291302211392354474e-04
5.291302263765452736e-04
5.291302502451009516e-04
5.291302930833716427e-04
5.291303536296454750e-04
5.291304288455823610e-04
5.291305131730102140e-04
5.291305983526916647e-04
5.291306735531269533e-04
5.291307252021487098e-04
5.291307379929668106e-04
5.291306959594810691e-04
5.291305880975124718e-04
5.291304113499514404e-04
5.291301697464528397e-04
5.291298733183249191e-04
5.291295392420812538e-04
5.291291924583712159e-04
5.291288669711614401e-04
5.291286070697677393e-04
5.291284663972857212e-04
5.291285052312163671e-04
5.291287790705679521e-04
5.291293157111541957e-04
5.291301120881456745e-04
5.291311417461962282e-04
5.291323538783162736e-04
5.291336701771304695e-04
5.291349801986565144e-04
5.291361364371858058e-04
5.291369525197212303e-04
5.291372103164280636e-04
5.291366797244025609e-04
5.291352043284329931e-04
5.291327482098137419e-04
5.291293755011726180e-04
5.291252332255399820e-04
5.291205697268287593e-04
5.291157455688602629e-04
5.291112550475299400e-04
5.291077389414211964e-04
5.291059703553843523e-04
5.291068155517927646e-04
5.291110099736262779e-04
5.291188600301194658e-04
5.291302452530361388e-04
5.291447446457945170e-04
5.291615742896639985e-04
5.291795555290096853e-04
5.291970312292212713e-04
5.292118128814288615e-04
5.292211803841133204e-04
5.292220004900644601e-04
5.292111523804262285e-04
5.291868464715489533e-04
5.291490089714087110e-04
5.290988096309543831e-04
5.290386454328995219e-04
5.289723588457360612e-04
5.289054581227953201e-04
5.288453652018968365e-04
5.288015591064218262e-04
5.287852190705339978e-04
5.288085114840354335e-04
5.288804358828802640e-04
5.290035456318834288e-04
5.291749108393943449e-04
5.293874665040527051e-04
5.296288388127844008e-04
5.298808874465090087e-04
5.301185774656856165e-04
5.303092571767096912e-04
5.304132789871105185e-04
5.303857290868393753e-04
5.301820359110844634e-04
5.297690704623121217e-04
5.291262196083557946e-04
5.282412172100058815e-04
5.271117584632760466e-04
5.257465957422315919e-04
5.241675688794484016e-04
5.224112254298247330e-04
5.205291792907260811e-04
5.185845899398580259e-04
5.166486470431423499e-04
5.147863025376879769e-04
5.130495721134604612e-04
5.114809740658414700e-04
5.101143636621558244e-04
5.089728926641553814e-04
5.080677104108143353e-04
5.073961481724325673e-04
5.069403465915514606e-04
5.066698952427617147e-04
5.065444416254924085e-04
5.065205766427429909e-04
5.065606023488142479e-04
5.066323029558145391e-04
5.067073165177378132e-04
5.067623181658611814e-04
5.067794688109294836e-04
5.067473370023031169e-04
5.066617264107737021e-04
5.065252061612742157e-04
5.063454285856939033e-04
5.061337824744187829e-04
5.059010530308781983e-04
5.056563803923862623e-04
5.054078113731138048e-04
5.051621643730750191e-04
5.049248282276200782e-04
5.046995665136890961e-04
5.044882909018450238e-04
5.042909655667181723e-04
5.041060830191251450e-04
5.039309081313860439e-04
5.037624702120927249e-04
5.035982427518697789e-04
5.034360493351130441e-04
5.032740076443646942e-04
5.031106126924038370e-04
5.029447762071588383e-04
5.027758826181849289e-04
5.026038519070058887e-04
5.024290503088662142e-04
5.022521952234423534e-04
5.020741980374816274e-04
5.018958825414123782e-04
5.017179662596455867e-04
5.015410951969072025e-04
5.013658240734870019e-04
5.011926042366150833e-04
5.010217705517267407e-04
5.008535217582154057e-04
5.006879271688652148e-04
5.005249615888342956e-04
5.003645265441860690e-04
5.002065333020042298e-04
5.000509296411092489e-04
4.998976892958608559e-04
4.997468126867708749e-04
4.995983317756171483e-04
4.994523123613810655e-04
4.993088592272981003e-04
4.991681195124182202e-04
4.990302730213129392e-04
4.988955269113760351e-04
4.987640989154139021e-04
4.986362035845084105e-04
4.985120534201363703e-04
4.983918602317983842e-04
4.982758339103629183e-04
4.981641819183075083e-04
4.980571068814130002e-04
4.979548057006238362e-04
4.978574717303995215e-04
4.977652961129246014e-04
4.976784724246931029e-04
4.975972026446793704e-04
4.975216971142966361e-04
4.974521732831416404e-04
4.973888562499978547e-04
4.973319790482772906e-04
4.972817828448082090e-04
4.972385179842143304e-04
4.972024436763918236e-04
4.971738261818609396e-04
4.971529391349453200e-04
4.971400634555158803e-04
4.971354866171374303e-04
4.971395020700854423e-04
4.971524091441100303e-04
4.971745130942005573e-04
4.972061247939449629e-04
4.972475599501486720e-04
4.972991401902553295e-04
4.973611926303456859e-04
4.974340495567642316e-04
4.975180499768162672e-04
4.976135404702326358e-04
4.977208747718078318e-04
4.978404131372959028e-04
4.979725232614770711e-04
4.981175803873214968e-04
4.982759666723199452e-04
4.984480718229323355e-04
4.986342922783792032e-04
4.988350299770467683e-04
4.990506940707856685e-04
4.992817013265021548e-04
4.995284753731178825e-04
4.997914459046214671e-04
5.000710481074680316e-04
5.003677227776858350e-04
5.006819167403515989e-04
5.010140833406586313e-04
5.013646819169277841e-04
5.017341762551082640e-04
5.021230351914320609e-04
5.025317331996048340e-04
5.029607502724840013e-04
5.034105705931090366e-04
5.038816816036976055e-04
5.043745757287429249e-04
5.048897505447981970e-04
5.054277087468412970e-04
5.059889583087800622e-04
5.065740102540318684e-04
5.071833784638132663e-04
5.078175796607369789e-04
5.084771332911827962e-04
5.091625606295439432e-04
5.098743847059578494e-04
5.106131298056685317e-04
5.113793218590287522e-04
5.121734890715129874e-04
5.129961623663845983e-04
5.138478719809049097e-04
5.147291476258918823e-04
5.156405181181108500e-04
5.165825107663564236e-04
5.175556506707119182e-04
5.185604585747489699e-04
5.195974500666191787e-04
5.206671378546470167e-04
5.217700332064148993e-04
5.229066468661499028e-04
5.240774870014063957e-04
5.252830578068131339e-04
5.265238595036896702e-04
5.278003862477554948e-04
5.291131262752859100e-04
5.304625604923070715e-04
5.318491629422931587e-04
5.332734011481140906e-04
5.347357373296261155e-04
5.362366299810993444e-04
5.377765335558250736e-04
5.393558956042779568e-04
5.409751585463253368e-04
5.426347575560410731e-04
5.443351209324129129e-04
5.460766690894851456e-04
5.478598138740087015e-04
5.496849597049095542e-04
5.515525050680223111e-04
5.534628443835154813e-04
5.554163700502453118e-04
5.574134717161840016e-04
5.594545369606663881e-04
5.615399518007651615e-04
5.636701017811273111e-04
5.658453721505187764e-04
5.680661480212306812e-04
5.703328166533878181e-04
5.726457695978487633e-04
5.750054029325408090e-04
5.774121201202545841e-04
5.798663370612787979e-04
5.823684820518607681e-04
5.849189983978244018e-04
5.875183523135409525e-04
5.901670330174926598e-04
5.928655559131782663e-04
5.956144642707853973e-04
5.984143315987543350e-04
6.012657610018982404e-04
6.041693844724875875e-04
6.071258749074991221e-04
6.101359521198134774e-04
6.132003772450845061e-04
6.163199710676492979e-04
6.194956167977767707e-04
6.227282649400079934e-04
6.260189365925020091e-04
6.293687263952106332e-04
6.327788068514565972e-04
6.362504215989604837e-04
6.397848992461303711e-04
6.433836744852129913e-04
6.470482771151816071e-04
6.507803638312005187e-04
6.545817406915223303e-04
6.584543612594143591e-04
6.624003452941881536e-04
6.664219720853675451e-04
6.705216835221973785e-04
6.747020666858122599e-04
6.789658510594474318e-04
6.833159359561661803e-04
6.877553783132173051e-04
6.922873701777982258e-04
6.969152628209301578e-04
7.016425678198194181e-04
7.064729661820362680e-04
7.114102875622914639e-04
7.164585226144544287e-04
7.216218354786437146e-04
7.269045609849861169e-04
7.323112515278654058e-04
7.378466884075563382e-04
7.435158921595259830e-04
7.493242631440756455e-04
7.552775802704151048e-04
7.613820109360723695e-04
7.676441897893789262e-04
7.740711819937775608e-04
7.806704710986105524e-04
7.874498903769776206e-04
7.944176121265578367e-04
8.015821600111701231e-04
8.089522793234905961e-04
8.165368005498151085e-04
8.243446157236660301e-04
8.323846876382815256e-04
8.406659213761407366e-04
8.491970864280492821e-04
8.579868403382320862e-04
8.670438014890135712e-04
8.763764741407777462e-04
8.859931564484906227e-04
8.959019918477552401e-04
9.061109736208482332e-04
9.166279357025712430e-04
9.274605734383013604e-04
9.386164628816285075e-04
9.501030823817921368e-04
9.619277803544084866e-04
9.740977786698539051e-04
9.866200553314695594e-04
9.995012786797336651e-04
1.012747817457346428e-03
1.026365542405030615e-03
1.040359821807719564e-03
1.054735442027027398e-03
1.069496673262578142e-03
1.084647224975014094e-03
1.100189813041469117e-03
1.116126051882469728e-03
1.132456397027106938e-03
1.149179882399129198e-03
1.166294054930847209e-03
1.183794953038559694e-03
1.201677477458939309e-03
1.219934876468743712e-03
1.238558359892457045e-03
1.257537138232741854e-03
1.276858209668494011e-03
1.296506425210141623e-03
1.316464501167467598e-03
1.336713413397654874e-03
1.357232393468193457e-03
1.377998833445162347e-03
1.398988237709038965e-03
1.420174343137412540e-03
1.441529451212733614e-03
1.463024479237545966e-03
1.484629306904331272e-03
1.506313236096365775e-03
1.528045385768963009e-03
1.549795043282637969e-03
1.571531861151280636e-03
1.593226202469943693e-03
1.614849356550509618e-03
1.636374032073704922e-03
1.657774791719494097e-03
1.679028756169298779e-03
1.700115582865477327e-03
1.721017832734925753e-03
1.741721196583837210e-03
1.762214554896371702e-03
1.782490653446270907e-03
1.802546560722286884e-03
1.822383692266001370e-03
1.842008560052650320e-03
1.861432718778188115e-03
1.880673013656638777e-03
1.899752381224435694e-03
1.918699279513346552e-03
1.937548596796366323e-03
1.956341584861671576e-03
1.975125826352319789e-03
1.993955989270740792e-03
2.012893375078929695e-03
2.032005387035592733e-03
2.051365590531889320e-03
2.071053971465114732e-03
2.091156210343869757e-03
2.111762984994820184e-03
2.132969240389201351e-03
2.154873487040544905e-03
2.177577203944509269e-03
2.201183758548950434e-03
2.225796243660850982e-03
2.251516013956565785e-03
2.278442103925145280e-03
2.306669304770723756e-03
2.336287598632523586e-03
2.367380888831799486e-03
2.400024042671486304e-03
2.434282432278631579e-03
2.470209645293350124e-03
2.507847085812903772e-03
2.547223310359397839e-03
2.588351420129709687e-03
2.631229131095349106e-03
2.675836849083066023e-03
2.722137039519287489e-03
2.770074107765578986e-03
2.819572195086128465e-03
2.870536466719043975e-03
2.922852585376799640e-03
2.976387823246251594e-03
3.030991014103953055e-03
3.086492058167163068e-03
3.142706593799637384e-03
3.199438378920628576e-03
3.256481577540188289e-03
3.313620464749541996e-03
3.370634584927289720e-03
3.427306394191912808e-03
3.483423079797435401e-03
3.538778828903561911e-03
3.593179750606350243e-03
3.646452731841043175e-03
3.698447291316935958e-03
3.749038422237179358e-03
3.798134879394678490e-03
3.845687854474898366e-03
3.891689959652629323e-03
3.936177081803488367e-03
3.979236720523924090e-03
4.021012729669546162e-03
4.061697827389433406e-03
4.101532523725449908e-03
4.140806790012878380e-03
4.179851749806856413e-03
4.219029113547775357e-03
4.258726681071346026e-03
4.299348723927207822e-03
4.341303843711803029e-03
4.384996576914290158e-03
4.430815325253301996e-03
4.479123760327023349e-03
4.530257147334552752e-03
4.584513090589823966e-03
4.642138456759716501e-03
4.703325606041520307e-03
4.768209584561135424e-03
4.836855868944692390e-03
4.909252818789839982e-03
4.985306678246100021e-03
5.064840632856726366e-03
5.147594196175025137e-03
5.233223404737735035e-03
5.321308034217371412e-03
5.411367192986593980e-03
5.502873128098872794e-03
5.595264195209119669e-03
5.687966544282112465e-03
5.780414705956721244e-03
5.872066771330255314e-03
5.962422436474759321e-03
6.051045331577952283e-03
6.137577578251892513e-03
6.221755073457196743e-03
6.303431359458514134e-03
6.382584749011188316e-03
6.459325096351949992e-03
6.533906228758392352e-03
6.606711276116728794e-03
6.678239822669762918e-03
6.749098020991859542e-03
6.819963786584088729e-03
6.891559896917793734e-03
6.964633489438864893e-03
7.039917729724900868e-03
7.118103781947845640e-03
7.199819769667184684e-03
7.285591436932503315e-03
7.375821002712668918e-03
7.470758741740645553e-03
7.570482009081870578e-03
7.674889604238435172e-03
7.783691203504118639e-03
7.896438137212169125e-03
8.012533152890324167e-03
8.131277716848683834e-03
8.251908584939076849e-03
8.373633749940111864e-03
8.495683925888723731e-03
8.617336981229500176e-03
8.737967445717330361e-03
8.857076247061976965e-03
8.974324930616176671e-03
9.089570649831233903e-03
9.202871890666645960e-03
9.314505165000749876e-03
9.424935397279366259e-03
9.534794822774939407e-03
9.644832985422222005e-03
9.755862196428186778e-03
9.868714928511877413e-03
9.984169884551833893e-03
1.010292734518014601e-02
1.022553755001703001e-02
1.035238520561740198e-02
1.048364266083424284e-02
1.061926321640652496e-02
1.075898024925128933e-02
1.090232986695469260e-02
1.104869449864694965e-02
1.119735934327170841e-02
1.134758175917877782e-02
1.149865420332138108e-02
1.164996742008790782e-02
1.180105729914824111e-02
1.195163952643973730e-02
1.210163770182010913e-02
1.225118544674681266e-02
1.240061832428584858e-02
1.255044347429055268e-02
1.270128426936271114e-02
1.285381845869019296e-02
1.300870353810839632e-02
1.316651757143211428e-02
1.332770163640716564e-02
1.349252989437518466e-02
1.366108385759422575e-02
1.383325121462694943e-02
1.400874292038362806e-02
1.418713466545580559e-02
1.436792167881741945e-02
1.455058699403345354e-02
1.473466647124138142e-02
1.491980519366655628e-02
1.510579935698620237e-02
1.529261545326974191e-02
1.548038594284060002e-02
1.566939283209801623e-02
1.586002913324086744e-02
1.605275177160335812e-02
1.624801904072604303e-02
1.644622312491606300e-02
1.664763407818093885e-02
1.685237251209006221e-02
1.706042174572165379e-02
1.727164915481561522e-02
1.748583210639185342e-02
1.770268264847852172e-02
1.792189376139605508e-02
1.814320228045687711e-02
1.836644588702783173e-02
1.859158860110942529e-02
1.881870879447007996e-02
1.904797734654311778e-02
1.927963350819247856e-02
1.951395971058680207e-02
1.975123155197997318e-02
1.999165834666104258e-02
2.023535574301227324e-02
2.048235522110384427e-02
2.073262395073199524e-02
2.098606963215381843e-02
2.124254380070342979e-02
2.150188498522495606e-02
2.176398074403464861e-02
2.202879894688365009e-02
2.229637738105035016e-02
2.256680151632450837e-02
2.284019678697503039e-02
2.311671886108086771e-02
2.339653274521892937e-02
2.367977679528197876e-02
2.396653095970474948e-02
2.425681682433095815e-02
2.455062239803188634e-02
2.484791597065174468e-02
2.514864227765523444e-02
2.545275367988203072e-02
2.576024496915111164e-02
2.607114065989827451e-02
2.638548360836040843e-02
2.670335916369841189e-02
2.702488530032728584e-02
2.735015931594249328e-02
2.767928135985796637e-02
2.801229709986391772e-02
2.834922235871674412e-02
2.869007995158307650e-02
2.903489868959818407e-02
2.938368916892489593e-02
2.973644285507555385e-02
3.009315729929986152e-02
3.045388344669699987e-02
3.081869825284709596e-02
3.118767027683374757e-02
3.156085705793622992e-02
3.193830431950807347e-02
3.232005620006177249e-02
3.270615803665372079e-02
3.309665470921856201e-02
3.349159059689896939e-02
3.389101090142340039e-02
3.429496155580884220e-02
3.470348874093375641e-02
3.511663879213360040e-02
3.553445822470027715e-02
3.595699352903453105e-02
3.638429126282555215e-02
3.681639831076018859e-02
3.725336195540163847e-02
3.769522991076244139e-02
3.814205039727006780e-02
3.859387212287006264e-02
3.905074416435512508e-02
3.951271591818528855e-02
3.997983712897743014e-02
4.045215791200837407e-02
4.092972869841886296e-02
4.141260024244994287e-02
4.190082362686250311e-02
4.239445016188547050e-02
4.289353144682259145e-02
4.339811938252449708e-02
4.390826607899127321e-02
4.442402375829688360e-02
4.494544472307143712e-02
4.547258130526942582e-02
4.600548588735562522e-02
4.654421104901654282e-02
4.708880971721760705e-02
4.763933519198091521e-02
4.819584111917845498e-02
4.875838155494537779e-02
4.932701090273471783e-02
4.990178391426899895e-02
5.048275552002672029e-02
5.106998084831004120e-02
5.166351525349532209e-02
5.226341427188097022e-02
5.286973351831709272e-02
5.348252863651761085e-02
5.410185533274156772e-02
5.472776941434729508e-02
5.536032674737543374e-02
5.599958330399872758e-02
5.664559517115486803e-02
5.729841848798156861e-02
5.795810945920226720e-02
5.862472434714241509e-02
5.929831947991669183e-02
5.997895130261216012e-02
6.066667646605621023e-02
6.136155190054198849e-02
6.206363481945442045e-02
6.277298276057946547e-02
6.348965350668772656e-02
6.421370492919012407e-02
6.494519495284620247e-02
6.568418123836963773e-02
6.643072122175458505e-02
6.718487229467749733e-02
6.794669172176667771e-02
6.871623648234737036e-02
6.949356329318902292e-02
7.027872861527693915e-02
7.107178874363977161e-02
7.187279973602800354e-02
7.268181748159925626e-02
7.349889775383472434e-02
7.432409613298376905e-02
7.515746813000051540e-02
7.599906925971217087e-02
7.684895509976176486e-02
7.770718131549184116e-02
7.857380369416516741e-02
7.944887822902127472e-02
8.033246103164644325e-02
8.122460828828083346e-02
8.212537594835943311e-02
8.303481960207007018e-02
8.395299426295174672e-02
8.487995413768743835e-02
8.581575283990604264e-02
8.676044360259572985e-02
8.771407904756038654e-02
8.867671110444647065e-02
8.964839118960223063e-02
9.062917013600751970e-02
9.161909820971202156e-02
9.261822500916810919e-02
9.362659960044773799e-02
9.464427059022892386e-02
9.567128617467593465e-02
9.670769437831605586e-02
9.775354320201939951e-02
9.880888069504434323e-02
9.987375489756336600e-02
1.009482137932985191e-01
1.020323053040515376e-01
1.031260771228071360e-01
1.042295764728502355e-01
1.053428496776622897e-01
1.064659420633970871e-01
1.075988976156539156e-01
1.087417590496798092e-01
1.098945680681357173e-01
1.110573655036389135e-01
1.122301910239461020e-01
1.134130832577305847e-01
1.146060800035292176e-01
1.158092181296250800e-01
1.170225334934449496e-01
1.182460607780227296e-01
1.194798337460476340e-01
1.207238853330341172e-01
1.219782479580725498e-01
1.232429537908846795e-01
1.245180349541564063e-01
1.258035235677937846e-01
1.270994515529206281e-01
1.284058505156525920e-01
1.297227516083893639e-01
1.310501852960787583e-01
1.323881808160435603e-01
1.337367659835971834e-01
1.350959668963628846e-01
1.364658078907957095e-01
1.378463117645117586e-01
1.392374999267479430e-01
1.406393925256674005e-01
1.420520082466153466e-01
1.434753645784945242e-01
1.449094778493842384e-01
1.463543632109200188e-01
1.478100344957624657e-01
1.492765040398449095e-01
1.507537829688544995e-01
1.522418814480972771e-01
1.537408091300274948e-01
1.552505754076761446e-01
1.567711895906047093e-01
1.583026608871805907e-01
1.598449980710425211e-01
1.613982093121986983e-01
1.629623018998469508e-01
1.645372819241145701e-01
1.661231535890967670e-01
1.677199193498262741e-01
1.693275794701365466e-01
1.709461323729725701e-01
1.725755747191190514e-01
1.742159015632100683e-01
1.758671064272088469e-01
1.775291813347976977e-01
1.792021170084699966e-01
1.808859026667222480e-01
1.825805261969489501e-01
1.842859740334984453e-01
1.860022310371371723e-01
1.877292807426267363e-01
1.894671058650643780e-01
1.912156886635723585e-01
1.929750111645273658e-01
1.947450552670668966e-01
1.965258026292080740e-01
1.983172342522708798e-01
2.001193302920586115e-01
2.019320696892325240e-01
2.037554297462319530e-01
2.055893856293036226e-01
2.074339105935691929e-01
2.092889757440405674e-01
2.111545503555100067e-01
2.130306018615102659e-01
2.149170960969503108e-01
2.168139973120729591e-01
2.187212684376180494e-01
2.206388710327249203e-01
2.225667649345763888e-01
2.245049086247781767e-01
2.264532592729572025e-01
2.284117726083451094e-01
2.303804032339402952e-01
2.323591051867493484e-01
2.343478321610857895e-01
2.363465376343447111e-01
2.383551749169433021e-01
2.403736969348696240e-01
2.424020558339185227e-01
2.444402028115806313e-01
2.464880876812191035e-01
2.485456585015553832e-01
2.506128613578570419e-01
2.526896405333924345e-01
2.547759384690114204e-01
2.568716957815406765e-01
2.589768513853202836e-01
2.610913427635660478e-01
2.632151059413630478e-01
2.653480758149355800e-01
2.674901859003672167e-01
2.696413679568119282e-01
2.718015524801907778e-01
2.739706689693097164e-01
2.761486458012422096e-01
2.783354106358811308e-01
2.805308908020792691e-01
2.827350134167346818e-01
2.849477053898026302e-01
2.871688934500042922e-01
2.893985038512579266e-01
2.916364620796333962e-01
2.938826927260567157e-01
2.961371190151911303e-01
2.983996626924560469e-01
3.006702439192732168e-01
3.029487814028441472e-01
3.052351923643813469e-01
3.075293923744513158e-01
3.098312956141037189e-01
3.121408151379349016e-01
3.144578628438190471e-01
3.167823496727809052e-01
3.191141853063428901e-01
3.214532777904806626e-01
3.237995341584279374e-01
3.261528607915449851e-01
3.285131634039860637e-01
3.308803474093713892e-01
3.332543180878162481e-01
3.356349806050077933e-01
3.380222399440108716e-01
3.404160009177516488e-01
3.428161678712005056e-01
3.452226445402056254e-01
3.476353339403631670e-01
3.500541379968741817e-01
3.524789577318477307e-01
3.549096931970093238e-01
3.573462434363465223e-01
3.597885064121605359e-01
3.622363788190744449e-01
3.646897563815610366e-01
3.671485340834794164e-01
3.696126061013459418e-01
3.720818658264573031e-01
3.745562056534711970e-01
3.770355166343717368e-01
3.795196891647269477e-01
3.820086133299912534e-01
3.845021790260633177e-01
3.870002761693938087e-01
3.895027947084925835e-01
3.920096245379031119e-01
3.945206554185151648e-01
3.970357769803437020e-01
3.995548784990285429e-01
4.020778489032400538e-01
4.046045766775254737e-01
4.071349497458560118e-01
4.096688558542616043e-01
4.122061824876833147e-01
4.147468166116928256e-01
4.172906446243231371e-01
4.198375522445151331e-01
4.223874247022700867e-01
4.249401469472843251e-01
4.274956035306823332e-01
4.300536784982614824e-01
4.326142552577284528e-01
4.351772163395473125e-01
4.377424440084500823e-01
4.403098205708748658e-01
4.428792285016879271e-01
4.454505505228409934e-01
4.480236695079124476e-01
4.505984683263479229e-01
4.531748297752489218e-01
4.557526365872818785e-01
4.583317713445281272e-01
4.609121166040488493e-01
4.634935548956719553e-01
4.660759689046092280e-01
4.686592419472506710e-01
4.712432577379792598e-01
4.738279000296679033e-01
4.764130526226392770e-01
4.789985993408205633e-01
4.815844240297158518e-01
4.841704107315665806e-01
4.867564435091814024e-01
4.893424062908922623e-01
4.919281828488732966e-01
4.945136566769681719e-01
4.970987114322429345e-01
4.996832311546764993e-01
5.022671002799555806e-01
5.048502036518389691e-01
5.074324263342377961e-01
5.100136534436443547e-01
5.125937700919971363e-01
5.151726614207238208e-01
5.177502126976937236e-01
5.203263095306936981e-01
5.229008380823215729e-01
5.254736854955605052e-01
5.280447402620418451e-01
5.306138917870775185e-01
5.331810300926783652e-01
5.357460458917491231e-01
5.383088305423660014e-01
5.408692759526929628e-01
5.434272746402046828e-01
5.459827195518710541e-01
5.485355039490131812e-01
5.510855215224956805e-01
5.536326663115427316e-01
5.561768329484793050e-01
5.587179167456500783e-01
5.612558135552907501e-01
5.637904197081397006e-01
5.663216317671357913e-01
5.688493464034465319e-01
5.713734603590192584e-01
5.738938705414049490e-01
5.764104743319827806e-01
5.789231698494298195e-01
5.814318563973706055e-01
5.839364349940227017e-01
5.864368084168202211e-01
5.889328806858812326e-01
5.914245569613472142e-01
5.939117436145978646e-01
5.963943481153741732e-01
5.988722789969002092e-01
6.013454456754780963e-01
6.038137583560262422e-01
6.062771280411510810e-01
6.087354667512455686e-01
6.111886874273071424e-01
6.136367039391695810e-01
6.160794310756427805e-01
6.185167842608816358e-01
6.209486793777205804e-01
6.233750325071057974e-01
6.257957598884246186e-01
6.282107779197422248e-01
6.306200033555653395e-01
6.330233537808951372e-01
6.354207478726402458e-01
6.378121059993347997e-01
6.401973506729556895e-01
6.425764062675376476e-01
6.449491985722343168e-01
6.473156548755162332e-01
6.496757039546728896e-01
6.520292760608887850e-01
6.543763028432778572e-01
6.567167169494558809e-01
6.590504521521409753e-01
6.613774434085351039e-01
6.636976271274724892e-01
6.660109410384492667e-01
6.683173240026970552e-01
6.706167159375026054e-01
6.729090574198934860e-01
6.751942893719881100e-01
6.774723528696889874e-01
6.797431891685609129e-01
6.820067397714750790e-01
6.842629467651188957e-01
6.865117533193072497e-01
6.887531038982210863e-01
6.909869449185181978e-01
6.932132249969091831e-01
6.954318944450768036e-01
6.976429050983432578e-01
6.998462104485212443e-01
7.020417656339285051e-01
7.042295275691630163e-01
7.064094546720847134e-01
7.085815064072434888e-01
7.107456435682201201e-01
7.129018283275795342e-01
7.150500244727077126e-01
7.171901972899351607e-01
7.193223132854593693e-01
7.214463399850246095e-01
7.235622454823458227e-01
7.256699980506498004e-01
7.277695660729517346e-01
7.298609181334070328e-01
7.319440231509760642e-01
7.340188507909478632e-01
7.360853718656372724e-01
7.381435585346846073e-01
7.401933848988906384e-01
7.422348270573722040e-01
7.442678626083126803e-01
7.462924707869547092e-01
7.483086324720761295e-01
7.503163302721412853e-01
7.523155486707213679e-01
7.543062735726898671e-01
7.562884919397058203e-01
7.582621920264844828e-01
7.602273634444088879e-01
7.621839973614958907e-01
7.641320864847622740e-01
7.660716247105792132e-01
7.680026067717936611e-01
7.699250277684954735e-01
7.718388828581461691e-01
7.737441672520930513e-01
7.756408763765121339e-01
7.775290060521868885e-01
7.794085528723839751e-01
7.812795144768323041e-01
7.831418896702945220e-01
7.849956788503956728e-01
7.868408841503456985e-01
7.886775090281092915e-01
7.905055584871470975e-01
7.923250389387461734e-01
7.941359583555710477e-01
7.959383264404040759e-01
7.977321540867228222e-01
7.995174532031590342e-01
8.012942368177280450e-01
8.030625191531215457e-01
8.048223158442867620e-01
8.065736439872220886e-01
8.083165217365275712e-01
8.100509678099835353e-01
8.117770010873657238e-01
8.134946404573956125e-01
8.152039048268868715e-01
8.169048132873220069e-01
8.185973853045211968e-01
8.202816410114754930e-01
8.219576013251398416e-01
8.236252879365479895e-01
8.252847237649177936e-01
8.269359331602644803e-01
8.285789415177308159e-01
8.302137755670894181e-01
8.318404631247748870e-01
8.334590333184886957e-01
8.350695168144077751e-01
8.366719453375682791e-01
8.382663516028041606e-01
8.398527693203919897e-01
8.414312332481084233e-01
8.430017794936361941e-01
8.445644455588768862e-01
8.461192698460243689e-01
8.476662910889934954e-01
8.492055480906174347e-01
8.507370796553446191e-01
8.522609245934522626e-01
8.537771218398986228e-01
8.552857105730845566e-01
8.567867302953940944e-01
8.582802208768334218e-01
8.597662225636082400e-01
8.612447762737204249e-01
8.627159237434153249e-01
8.641797073490004033e-01
8.656361703796450202e-01
8.670853567887231161e-01
8.685273113579650150e-01
8.699620799126486226e-01
8.713897090477373819e-01
8.728102460957321007e-01
8.742237390640542616e-01
8.756302366435784190e-01
8.770297884859964421e-01
8.784224452005213735e-01
8.798082579690524874e-01
8.811872781337903859e-01
8.825595570655311306e-01
8.839251461354220574e-01
8.852840967281359053e-01
8.866364603874836714e-01
8.879822889480181169e-01
8.893216345508310194e-01
8.906545498048152876e-01
8.919810877217260181e-01
8.933013020384060754e-01
8.946152475799070691e-01
8.959229800777985808e-01
8.972245565406946621e-01
8.985200348122028835e-01
8.998094737993390657e-01
9.010929337683798446e-01
9.023704760876172237e-01
9.036421631574999003e-01
9.049080582907348402e-01
9.061682258064150952e-01
9.074227315685676754e-01
9.086716429521699556e-01
9.099150283874487544e-01
9.111529565808780262e-01
9.123854962576412042e-01
9.136127161429277166e-01
9.148346849421666871e-01
9.160514711268018528e-01
9.172631425822097562e-01
9.184697665416274859e-01
9.196714095464126881e-01
9.208681373364402400e-01
9.220600145331968589e-01
9.232471044218921730e-01
