-4.435895898138256938e-02 2.646154957044627221e+00 4.615422769569026418e-01 1.262594834935832321e-02 3.608407880601230411e-02 -3.375090384871935398e-03
2.009117691797396077e+00 5.814941167399239053e-01 -1.885660607576528924e-01 -5.211989862930997697e-02 3.021885633103937527e-03 -2.816733250256949796e-03
-1.306404710197031971e+00 3.379810824615815945e-01 -8.933478481881168554e-02 -2.484326413040266468e-02 -1.077174783283135588e-02 4.907547151059048901e-03
-2.589993170531564193e+00 2.267726796595081196e-01 -6.319194643539964573e-02 -4.276887540966538281e-02 -3.859293364022371893e-03 -2.573516916337586190e-03
-1.751605261034170580e+00 -1.829933437932916920e-02 -9.953241690701104816e-02 -2.790778744624370505e-02 -6.047340444356443141e-03 2.442089533873317234e-03
-1.005759886996337116e+00 1.961232153626028429e+00 2.277789357018840943e-01 -2.616506035541172129e-02 1.238336773795434449e-02 1.765789934442402176e-03
2.493686754155760799e+00 -6.254897651991115914e-01 1.114824621379154473e-01 3.154093721801057033e-03 -4.327568222083332146e-03 1.234782140388616988e-03
4.717514286358822639e-01 -2.973700724889144498e-01 -7.470070238334811097e-02 -9.489889634365967358e-03 1.019429987986775893e-02 -2.465017613440726287e-04
8.399273439974496158e-01 2.402038954444439545e-01 -9.267549570923884483e-02 1.529059228498574202e-02 -6.598371475865501094e-03 1.703841668324175291e-03
-4.239110885802712114e-01 -1.431076095077744581e+00 1.229076956613662924e-01 -3.116637345695730255e-02 -8.750676163523072454e-03 1.050604540421497604e-03
4.274692366205178118e+00 -4.033726231155104203e-01 1.878111027016682033e-01 2.147460286580931202e-03 -1.075205302750179524e-02 -1.973021801418185003e-03
2.474265501615197316e+00 -4.405044988172053255e-01 6.470246597963058566e-02 1.960731078477197589e-02 1.673842239871037784e-03 2.196144023225601698e-03
-3.033561170955632491e+00 3.152703730878514410e-01 2.225603784916787078e-02 -1.101161977999796406e-02 6.699081080839547472e-04 -9.932034174208757837e-03
-1.820224826516524397e+00 1.170228497177547400e+00 1.849744970082436296e-02 -5.674200050643161269e-02 -4.827949258797266385e-03 8.855065713402582956e-04
5.404638604048007666e-01 -5.171934715992463349e-01 -4.454243211099660413e-03 2.765854438382110356e-02 6.474305732575955270e-03 5.077233137422031660e-03
3.647198126863728795e+00 -3.366815147786254570e-01 1.029793603328565121e-01 -2.478734839220680941e-02 -7.779042633611265786e-03 -3.534669316616282069e-03
3.476992300453854323e+00 -7.862334369639800702e-01 2.320847887736942894e-01 -7.512569681951791756e-02 -1.589861480911113761e-02 -7.328896676215875504e-03
-1.072983671485320950e-01 2.939544000595405437e-01 -9.566054962491041258e-02 6.680390229419084884e-03 -9.027195493991049466e-03 3.632443816633570185e-03
2.743650051439869841e-01 -3.565582648526522958e-01 -7.594253912907077131e-02 -1.884335408307874146e-02 7.819060630442688578e-03 2.646237744217074753e-03
-2.311361049309296423e+00 -1.940480395921759527e-01 -1.016922891034451049e-01 -3.870099605560729794e-02 -4.285810222804567471e-03 7.027172155978068067e-04
1.738996031616000526e-01 -1.225883748746830620e-01 -1.086579311160326411e-01 -2.750247746610047159e-02 6.101216814771948278e-03 -3.489218742287118584e-03
-2.536194738599134024e-01 2.118739389849396915e+00 1.862812219579209061e-01 -2.367028302536432205e-02 6.438292097364372614e-03 4.586364749537845745e-03
-8.358570229661409223e-02 1.853084812750148247e+00 1.108640454921561713e-01 -1.306646392825679386e-03 -3.360501191562451345e-03 -1.106502730206513187e-03
3.253206259433124359e+00 4.194735049465528332e-01 -1.076664306242245267e-01 -1.817915395402142434e-02 7.286755565310762406e-03 4.871578707777255313e-04
-3.372313337259600363e-01 3.104977048148840346e-01 -8.532512175428499934e-02 1.059818564355129514e-02 -1.028533837478041134e-02 5.276177612061967899e-03
-3.650167709469731570e+00 3.953453409384031225e-01 1.141093928514616412e-01 7.272882303288118189e-03 8.535209976316876501e-03 -1.701933663632708427e-02
-8.044866826441592345e-01 -1.055988312819400310e-01 -7.924991256399399608e-02 7.243122084485598480e-03 -3.185202704455925276e-03 2.101170616715311058e-03
-1.416241284248875409e+00 -1.116195147081421979e+00 1.972371842695379296e-02 1.025076507536579369e-02 -1.415895403960738255e-03 5.710825699744064010e-03
-2.181078765188527946e+00 2.714756741111887250e-01 -2.938296809802977416e-02 -4.527373926302410111e-03 -3.832944318565389367e-03 -1.057677863533129257e-03
1.039648276395490178e+00 1.151260059437675176e+00 -8.152611092703024309e-02 2.146504132955570979e-02 -1.149494382558582765e-02 3.792393453772956299e-04
-1.338025490792508432e+00 8.796612483387932224e-01 -4.916473803707435003e-02 -3.896847613779524239e-02 -8.407755745642789963e-03 -4.300052786776587845e-03
-1.529493370776615846e+00 1.005035196981121093e+00 6.307678848738466904e-02 1.007218809311719032e-02 -3.437471407649012305e-03 -8.808467378696100900e-03
2.832021249270717966e+00 -5.246979253353213357e-01 1.075808635027617338e-01 8.275083414628131226e-03 -2.053450799708606261e-03 -2.602125993861414011e-03
-9.632569472993151027e-01 -6.958672005222386048e-01 -1.144009721253053634e-02 2.413374871273987060e-02 5.281597832893866577e-03 4.832437199377330808e-03
-2.014575203212363164e+00 1.299835558583035122e-01 -4.218107203455303406e-02 4.664062455596787796e-03 -2.572942006469498052e-03 -6.703337669115872269e-03
-1.698917306667144578e+00 3.198354176526219117e-01 1.805269901932092568e-03 3.398288167242525387e-02 -2.320546028087072318e-03 -1.154401120187380572e-02
2.705562952845092184e+00 4.069195260766255706e-01 -6.882982797829295674e-02 5.459793156376650108e-02 4.501334210357841453e-03 -3.354984344712920192e-03
-2.231674270519365066e+00 7.519550865581823285e-01 7.061221939812276083e-02 5.960640800290473336e-03 -3.817796007928238831e-03 5.841169632192841701e-03
2.468313538589078870e+00 9.527616646173504567e-01 -1.111678474583970150e-01 5.044684746399129976e-02 -7.300459287514085918e-03 -4.721088629214988293e-03
2.006582668970157357e+00 -1.037891315019646266e+00 1.872060193005627704e-01 -6.171836173055702396e-02 -9.947746387558575876e-03 -5.592899874874515849e-03
-2.792630403411322515e+00 3.286093212963818178e-01 -2.316567847176854295e-02 -3.356549138797041559e-02 -3.410799426246099129e-03 -4.725539215281282339e-03
5.563644909674640981e-01 2.210126781302310106e-01 -5.512504211191274206e-02 5.836357106518111348e-02 -3.543202107952601355e-03 -1.078622895748677273e-03
-9.764024508899982191e-01 -1.443885947416288174e+00 9.830033163461253387e-02 -9.984933202408522650e-05 -6.960679208973551135e-03 3.794785930447058548e-03
-1.700135898599528517e+00 2.039814473723247090e-01 -1.171070454810555356e-01 -4.687300920351038236e-02 -6.611750735706650554e-03 -5.134555737552658553e-03
5.969366212814428696e-01 -1.128897319823816969e-01 -9.061226964755779434e-02 -1.419584271874036949e-02 5.273666713134643122e-03 -3.272822724175641212e-03
-8.072881365323261171e-01 6.582708997535212658e-01 -3.639680148722567593e-02 2.726658190989297587e-03 -1.530237449923944892e-02 6.937274456165713754e-02
6.930659623479356046e-01 -2.057760155397359292e-01 -1.053177499588858756e-01 -4.559798638653961983e-02 1.118882345468344246e-02 3.713425939504517791e-05
1.278401115965188017e+00 -3.259643994296935743e-01 9.900150412281020010e-03 6.807855585842177704e-02 9.425084027516137178e-03 -3.181592560747648415e-03
2.643819155414812161e-01 -1.475051725717032802e+00 1.850132405282916004e-01 -2.812279657106452405e-02 -1.221012212713942779e-02 -6.255238410029373072e-03
-1.209049153977763691e+00 -1.299213760140641494e+00 6.085596006266965480e-02 1.272953364153110202e-02 -1.768024379440763733e-03 1.642490587755566578e-03
-1.221597755289911991e+00 1.038247945491062169e-01 -4.939095443916242424e-03 5.887790075243069104e-02 -5.553636135413622839e-03 1.188207469578786597e-03
-9.237110433349347005e-01 1.627417535059237252e+00 2.176556530498409969e-01 4.046589726015988736e-02 8.624176251880909250e-03 -9.264739504955661620e-03
3.039446243408582493e+00 -7.865013745372004816e-01 2.010296438482090942e-01 -2.106281526135747248e-02 -1.115248917500048266e-02 -3.976321375725360222e-03
1.991629281688580555e+00 -1.874931579225637968e-01 -3.599173425746245158e-02 -7.151620011635447839e-03 5.390519511332052087e-03 -1.635151046777196969e-03
-1.512740249041263807e+00 -2.801563153468403788e-01 -1.292658061176090445e-01 -5.233019956042599119e-02 -8.811930382591565353e-04 -2.905190304261703058e-04
-1.427209379612660145e+00 1.024372611960390866e+00 1.515470634290276043e-02 -2.147787897454624464e-02 -8.505435135782841993e-03 3.603254889575152869e-03
9.768925467783885486e-01 -4.900067265164756436e-01 -3.125195923675749138e-02 -1.618679697766491760e-02 1.205501283910442520e-02 -1.698756642760237230e-03
2.317206483731454991e+00 -4.565579847878367681e-02 -4.362444759108023706e-02 1.530160484114085825e-02 1.230889931463512860e-02 -2.298995296629460002e-03
-1.547945828345739239e+00 6.842000108392450874e-01 -8.013621711068855125e-02 -4.723273500511997874e-02 -7.133784392097317073e-03 -8.346635867859022312e-03
3.767484354254410750e+00 7.086290014155691153e-02 3.712765195879743664e-03 -4.395153103205971280e-03 8.367352489714473610e-03 -1.083900200544378467e-03
-2.429084960159612339e-01 -6.381882405600675101e-01 8.955152545108804527e-03 5.027874643985329878e-02 8.996063386829324104e-03 2.108203972588729505e-04
-1.423937956720974007e+00 1.261415913235248043e+00 1.014184432640065012e-02 -4.899997144288249784e-02 -6.027822460127315110e-03 1.870691096038350080e-04
-2.427775680564053573e+00 9.567307349415443696e-02 -5.413965545593253659e-02 -1.792363300069267640e-02 -2.384369155983892801e-03 -6.226441343073070914e-03
-4.159242355080219333e-01 1.469412697797150891e+00 5.943940601920496419e-02 1.116607502366094400e-03 -9.781104691642689836e-03 8.740350187433952936e-03
2.504150889334292973e+00 -5.613198975613216124e-01 1.208548769822952867e-01 5.959017825908042437e-02 9.252508164104739129e-04 8.126736572999789616e-04
2.259906847596581780e+00 -7.366488508484541828e-03 -7.049198245636197069e-02 -1.776168518607159838e-02 1.108965887054729621e-02 -1.523354821358559926e-03
-1.239716292609509135e-01 9.108827834696635595e-01 -4.586663672578425444e-02 1.619310460613169675e-02 -9.728334755385576946e-03 -4.827545606861530572e-03
1.933039896989894091e+00 1.035154143039284325e+00 -1.343515901502163323e-01 1.785826453014600565e-02 -9.618884221620866912e-03 6.510110807680150838e-05
-6.944733444921569188e-02 1.413152340310174004e+00 -4.333458382342214588e-02 -2.799002404481372441e-02 -1.208059639810451016e-02 2.386455127650369875e-03
-3.004800957994625765e+00 -7.646456921475183188e-01 -2.636844510302341696e-02 1.539981487440210406e-02 2.783050096082436298e-03 -1.494367690208975611e-03
1.540795922709343957e+00 -7.029524918046597959e-01 5.421152476801768122e-02 -2.385221124320992259e-02 3.599312614729998153e-03 4.862059421871295557e-04
1.104486828548322030e+00 -4.277539735951113586e-01 -4.317841241372997324e-02 -3.608366254480099150e-02 5.443008941502009215e-03 2.849536036033968513e-03
-4.281127631660867627e-01 -9.529505164497454883e-01 3.149464160048800858e-03 -2.407132815837901771e-02 1.288383012274709177e-03 4.721081332036262436e-03
1.866442897663634692e+00 -1.080072171434009798e+00 1.957751685210861181e-01 -2.289005128121667995e-02 -1.321421251956432855e-02 -2.548951091145969933e-03
1.200597591910140816e+00 -9.752021110611733823e-01 1.056205751743948540e-01 -1.627192953428084621e-02 -5.303685609392217067e-03 2.800726633393155977e-03
1.907098501848612626e+00 -3.974516530159223904e-01 2.576880851913537773e-02 3.456476838368689047e-02 7.180049382712847504e-03 8.645442830855339317e-04
-1.408645161073531993e+00 -2.175392373647684063e-01 -1.123924522812698584e-01 -2.913217290858308162e-02 1.295091977666047028e-03 -5.978671855154413066e-03
1.586327461260684135e+00 -9.962835848218117851e-01 1.275560569175683001e-01 -8.081717611558861258e-02 -8.623567953023287408e-03 -5.332092511059522907e-03
1.937734926897560994e+00 -5.691861016215618574e-02 -9.766000811985332819e-02 -5.279253986560859119e-02 1.091226427821907069e-02 -2.534128662145544632e-03
1.161125823390080303e+00 -6.564767140308102045e-01 3.529325065945596029e-02 1.722181003003761188e-02 5.177470710262108665e-03 1.146199723793341540e-03
-1.018277286421061856e+00 -1.153666182670868956e+00 6.985833791284584704e-02 5.104896471317765111e-02 -1.110954115670989431e-03 4.673437780380687058e-03
8.849978880056553754e-01 -1.877287663535649465e-01 -8.524785506512487510e-02 -1.897185648639543656e-02 1.088807229613098122e-02 -1.124676637297739555e-03
1.707921174905109307e+00 -1.444042054982532575e+00 2.972046398940604295e-01 -4.465908609374123761e-02 -2.284304277077221779e-02 -8.163232498933718426e-03
3.061024737955289510e+00 -6.246710900024714519e-01 1.658822119167702724e-01 3.378231333326241898e-02 -6.393861523933164898e-03 -1.406435320490562624e-03
-1.280153333340514177e+00 -7.787538992287056372e-01 2.088664194685928288e-02 5.672721349461216922e-02 1.045533220099315258e-03 2.276135995069275553e-03
-1.028495859088541658e-01 -2.366293199003462796e-03 -3.622525160076164180e-02 6.110670141624018059e-02 -1.994037774465356582e-03 -4.716451759037065816e-03
-2.822349134235909052e+00 1.299365663268793603e-01 2.710553483193883784e-02 1.569197252487012501e-02 -1.079392841784482162e-03 1.477165601246501273e-03
2.033975680245293294e+00 -5.305966242724841075e-01 6.838476929280074001e-02 2.886772586492012543e-02 -9.487798917760417554e-04 -1.721575708322187453e-04
8.106891213569386023e-01 -3.200916434664752286e-01 -8.919608973855029654e-02 -5.209855799190150905e-02 1.011107531648059929e-02 1.186935760292338058e-03
-2.835243589122723229e+00 5.362170760948246212e-02 9.354468195774848921e-03 1.072579709883025173e-02 2.706249330276316802e-04 -5.922847759640094932e-03
1.485458198805546637e+00 3.285609536340356462e-01 -1.436451593418687500e-01 -2.590874498190789965e-02 2.324218945219428192e-03 -1.142773625669565776e-03
3.319581543711741745e+00 1.040111836159752334e+00 -1.512084850609039521e-01 2.315898571546135681e-02 -3.099230540760400561e-03 -6.673597921084765397e-04
3.526672509446212800e+00 7.076748305996101163e-01 -1.258129905339920029e-01 9.353605731526106262e-03 4.307990918893485864e-03 -1.911037063107037370e-03
-8.697993808612110023e-01 -1.046872340673368207e-01 -4.223044856554714066e-02 4.393604200150730277e-02 -3.140184513235423419e-04 -4.670438863218529814e-04
-2.530179289287911026e-01 -4.216828600916031622e-01 -3.148316296949191934e-02 2.986684131333363842e-02 3.184177241658867671e-03 6.177669335972606722e-03
2.241758361927115306e+00 -7.481566465120644827e-01 1.122904552867077937e-01 -3.758567182994596717e-02 -4.431125135410850235e-03 -5.522469746234851158e-03
1.863837993423071993e-01 -5.717699435666973029e-01 -5.845229318069575242e-02 -3.668694432068114741e-02 8.075037424728108773e-03 2.743589270826477401e-03
6.295237536740483364e-01 2.629842090445742908e+00 3.303850728517678803e-01 5.671571194810305291e-03 1.820726058863395350e-02 9.988456203686841423e-03
9.507528544578925933e-01 7.578434283125410342e-01 -5.978661003761284037e-02 5.639270406399061325e-02 -1.019086438606569417e-02 -5.135208984214359798e-03
-2.748257368408552725e+00 8.011424579840010773e-01 1.430717748428843479e-02 -6.159417438286866192e-02 -3.370527534450242640e-03 1.157339309335945815e-03
-7.263775150356888144e-01 -7.261248714221050227e-01 -8.044379766208050939e-03 2.925522068647298801e-02 8.606704689628430494e-03 -3.010178275409301774e-03
3.883027256366856417e+00 5.207811789496523680e-01 -9.368033480671800195e-02 -2.646868408186704193e-03 9.401265567856432678e-03 -3.755617313780909832e-03
6.127791221580551895e-01 1.694153347111664598e-01 -1.317830255981381760e-01 -2.682598130833034611e-02 9.713964206875304059e-04 -1.964865901186775912e-03
-1.300979991732409413e+00 9.011158294285895876e-01 8.228907714375852112e-02 4.256666808212285213e-02 -6.621565685854283352e-03 6.525770153730832066e-03
1.243689025777506396e+00 -1.520391975218804426e-01 -5.576482019791671740e-02 1.006691651397568533e-02 4.321957621285506951e-03 3.562537534119187416e-03
-1.483208843379329123e+00 -5.103167989376632824e-02 2.863550260804750835e-02 8.819351477453873933e-02 -1.179802926076927577e-03 -6.391747135823165789e-03
1.540230172995121993e+00 -1.090079256298386534e+00 1.655573026200723441e-01 -2.738042210642429794e-02 -1.096424630760955109e-02 1.488520300306674776e-04
4.349957644415561875e-01 7.378621643826142051e-01 -1.034864055350876028e-01 7.005791627859590635e-03 -9.708259576757565651e-03 -4.759959823574852651e-03
5.925822064711990800e-01 2.361633055604863418e-01 -8.406858263743961779e-02 3.313857114519513924e-02 -1.445023328625268414e-03 -2.484924645799543516e-03
-2.526132322303466515e-01 -6.513243658572286376e-01 3.311590118823310586e-02 7.109315411161963583e-02 3.831774036537066372e-03 5.068724414975981675e-03
-1.674753602623684667e+00 -1.067762965884254678e-01 -5.863904216482356685e-02 9.981000127501415964e-03 -5.642057699476196383e-03 5.485252244726917907e-03
5.441859884210583642e-01 -2.754079936555354213e-01 -9.179863702513521573e-02 -3.341702256327507004e-02 5.994561692446280683e-03 3.224720022087419497e-03
3.373845007411615970e+00 2.230312317351621221e-01 -4.694248719551455395e-02 2.251573559123277307e-02 1.062027979429956866e-02 2.092410847282308393e-03
-1.535433179930575376e+00 -4.377559225708960722e-01 -3.255725668583969723e-02 2.813677043713373738e-02 -2.651998436593143611e-03 6.463741683809077349e-03
2.491157587267680551e+00 4.353530283011070035e-01 -1.657048330715318873e-01 -6.186099339418682508e-02 1.072745862804883391e-02 -4.442373314982730331e-03
4.966067190389178876e+00 -1.864143969884065610e-01 1.863876639536139745e-01 1.271470729434079176e-02 -9.267974172228680974e-03 -5.187702208529234443e-03
2.803814948967859433e+00 -5.135853818442288610e-01 1.102603490677063203e-01 1.935385814948206717e-02 -2.687590480596857567e-03 2.581846096695982438e-03
3.812251520361729984e+00 2.316540635544773186e-01 -4.040136361183899877e-02 -1.543646989484029168e-02 5.857507575753919012e-03 5.051204868342476810e-04
-2.202136938653839859e+00 1.383636156522197513e+00 1.324853695490602612e-01 -4.952795323566526464e-02 2.604841737588185942e-03 1.195594947718559529e-02
3.606791683680835359e+00 -3.716609638224354639e-01 1.285873627754731963e-01 3.169441988312574759e-02 -3.205153797881613725e-03 1.121557512166538586e-03
2.097949077653347150e+00 5.484474267802699199e-01 -1.819095853459513634e-01 -4.966895691846936328e-02 3.017752236866399606e-03 7.091207720012983242e-04
-2.329443132181563847e+00 5.161652600749806474e-01 4.481628851230589489e-02 1.021296163425011901e-02 -3.559916454229153631e-03 -7.303526861476641614e-04
1.356489814362750179e-01 -3.784557887981908619e-01 -6.063751658794140631e-02 -7.622496122572041365e-03 8.019447483755041961e-03 3.780352072040665378e-03
-2.794098085968482081e+00 7.620862531423339137e-01 2.706260108914785092e-02 -5.129925638065967880e-02 -3.215810587363985944e-03 3.179673330256062129e-03
-3.066332917310285566e+00 -1.181223500185350606e+00 1.629373271110521812e-02 2.800859322982200694e-02 3.106302487610627244e-03 7.176565364029236643e-03
4.299692862897813939e+00 6.313735566777819441e-01 -8.382037584779518380e-02 2.333887122812924181e-02 8.056195564127574885e-03 8.661814226270638179e-04
6.996129366074372857e-01 1.385565802313910681e-02 -4.768048180118202028e-02 4.936316489897173143e-02 -1.028079301880947859e-03 3.583778909232551366e-03
1.148203631892308119e+00 -2.944605463600828976e-01 -7.688177268122231567e-02 -3.776508830538718997e-02 1.197239255581000403e-02 -6.732193497916909124e-04
1.238947462394250909e+00 1.589142832426354790e+00 -4.153073386949972939e-02 1.927031940256469095e-02 -1.409245980863738611e-02 3.834358934650080805e-03
3.434180386580750199e-01 -2.508514180538344296e-01 -5.520762289297199282e-02 1.655004671261220070e-02 5.249479647291237575e-03 1.680911983397064945e-03
2.142485698367956992e+00 2.617994952479808790e-02 -7.931330542887751744e-02 -2.148899559996372138e-02 1.086046568295719744e-02 5.055130126898259389e-04
-8.959238063595712509e-01 -6.680609418435450308e-01 -5.752220455133855159e-02 -2.046493020730448878e-02 6.054476773442040057e-03 1.887863610027488634e-03
-1.717963832303366356e+00 -1.127064485509171599e-01 -5.191595302934080142e-02 1.689520667380060501e-02 -4.195317963422814239e-03 3.147669138292262265e-03
-1.146880941096027229e+00 5.729086579057237616e-01 -6.098571766358736046e-02 -9.932363823306629078e-03 -9.522841275678430376e-03 3.421433071407626540e-03
3.170688334088783922e+00 4.055486348516397777e-01 -6.609571097701263942e-02 4.133420617698787408e-02 6.462555486919732001e-03 1.233861978362828194e-03
-2.752793666758797997e+00 -1.559550320862533868e+00 3.971538704269998721e-02 -6.402439402408260580e-03 -9.456882231904697707e-04 2.088143543923022712e-03
-4.118372331297812217e+00 -1.376830812743828014e+00 1.652973634266317535e-02 1.520526277339575086e-02 1.985540056373006138e-03 5.874277171117311090e-03
4.623700280756065095e-01 1.514975540897979700e+00 1.415299351330729163e-02 1.969514598290109456e-02 -1.307847258047453720e-02 4.687445956726920930e-03
2.119514856204831599e+00 5.254591642027233167e-01 -1.023500083674740574e-01 3.518784507356123581e-02 -2.056310836073355942e-03 4.797344678472866800e-04
2.637286912958785035e+00 -2.487161856012433669e-01 5.848954281359406218e-03 -2.815346588966039301e-02 6.553092076283923567e-03 7.035869774308629952e-04
-7.914344407544768867e-01 1.677888919385692068e+00 6.450915554988480294e-02 -4.072714237484140881e-02 -3.903445111263360249e-03 7.487109093216757702e-03
3.346021380518674704e+00 -5.027135529803119507e-01 1.235502814752837547e-01 -4.567323366289944425e-02 -7.756182559397129667e-03 -2.236004150039727807e-03
6.911910859685403974e-01 -9.585317574962887166e-01 6.624239632414168077e-02 -3.224332437817438446e-02 -1.137562166376552674e-03 1.686271314938862136e-03
-7.235688126011973198e-01 4.570872586475476229e-01 -5.967936307489295905e-02 1.613035761124637438e-02 -7.443215105881403892e-03 -4.077174625530482696e-03
-2.649784148096392955e-01 -1.073721103763293216e+00 8.378951639956962183e-02 4.831202451730706032e-02 -4.431571117743963485e-03 7.422799079828150057e-03
-1.471190056121422174e+00 1.216095990624867174e+00 8.156988211468645111e-02 -9.593280077390563612e-03 -4.696740665469154204e-03 7.708661470689469504e-03
4.203644495865847125e-02 -8.093254644232763528e-01 -1.988635218124553891e-02 -4.091551836640560519e-02 6.237277948156162363e-03 -1.287774072312538763e-03
3.528913202374690083e+00 -1.366443415583232235e-01 2.837368137584453040e-02 -4.484522484099257716e-02 4.706680331695437154e-03 -3.116488169636861356e-04
9.415134445731310198e-01 -8.969661919989999621e-01 8.295959234932308302e-02 6.620793690146226443e-03 2.605390219381544144e-03 2.492822018210287018e-03
-3.450433427236773376e+00 -1.298219068872151771e+00 3.600770760758379568e-02 3.822276622774156002e-02 2.019973622673112285e-03 4.290976251875549229e-03
2.577614673408434864e-01 -1.432298850621454678e+00 1.799446021555372310e-01 -5.022125717585626016e-03 -1.124042738291453417e-02 6.795701538504660317e-05
-8.126392298720027663e-01 1.939384351166106857e+00 2.705277657856590134e-01 1.456202104868943581e-02 1.587618977437419907e-02 2.091151139063259900e-03
1.696237772172193736e+00 -1.648103657483784845e-01 -2.854132211709711417e-02 2.969751434143267851e-02 7.039863429629180692e-03 2.713752475341647927e-04
-1.793241163249543080e+00 2.976358033580300266e-01 -9.951890193319828937e-02 -4.433849677347246471e-02 -7.240400303285736937e-03 6.173347945918912082e-05
-1.595538598591161650e+00 -5.054639194843382199e-01 -7.285957440818476016e-02 -5.701909310113400901e-03 4.193157722954261868e-03 -1.206612653116099967e-03
-2.701890355015952760e+00 -6.278235032239852798e-01 -1.764447020157869708e-02 2.656293160272422266e-02 -7.596303817908049878e-04 -1.336106487071122033e-03
4.225208076155498316e-01 -1.999093466667811736e-01 -1.252727303438718465e-01 -6.008041275008271093e-02 7.513136192519457093e-03 3.965526021632926387e-04
-1.034132090905369172e-01 2.039874115251988140e+00 1.723948943834638370e-01 -7.080923559944466046e-03 1.188710013567145177e-03 1.491868679149939599e-02
-5.231564856954645099e-02 1.139177091843442069e+00 7.082660568254191269e-03 3.264720952676550964e-02 -1.157991728098881415e-02 3.013592601651632862e-03
-1.435091580703326652e+00 -1.064614131092024074e+00 1.379285001057109321e-02 1.539619283290384957e-02 6.640507921086592769e-04 5.359314347918335206e-03
3.411793604158719351e-01 1.336427409174699155e-01 -9.869245026800033127e-02 1.217095584510977622e-02 -3.063800768871352206e-03 1.032528807000466457e-03
1.910797877135034462e+00 -2.682131345063994976e-01 1.815615278540273769e-02 6.286813282960555804e-02 7.090015324783139478e-03 4.299654478307826481e-03
-3.163240467082070850e+00 -9.684344221068695857e-01 -4.253576024361414853e-02 -1.433215448698743448e-02 5.479726811223892616e-03 -1.869666019422407338e-03
1.121150388814342369e+00 -1.102043176036389349e+00 1.250925601785368435e-01 -6.616724426520434466e-02 -8.689538286611869777e-03 -2.067303085465860887e-03
2.918707919973615450e+00 6.126442325467217342e-01 -1.484156674748529636e-01 -1.801576152364050068e-02 5.305939159566047843e-03 -1.518973875558196759e-03
3.265494768015009264e+00 -9.085957736141739294e-02 2.023822658804058650e-02 2.265852408970312967e-03 7.464088656633743706e-03 -4.046312921157192016e-03
-5.937539182614230970e-01 -5.048478059937309137e-01 -1.771190709781258338e-02 3.428042235165020685e-02 2.396073319039758887e-03 1.452879867919954404e-04
-2.465288238841170099e+00 6.117133490752056924e-01 1.141022544507495073e-01 4.077026361488004375e-02 1.922805966586940999e-03 -7.812668258997557819e-03
-1.082033935845011063e+00 1.594412155922795282e-01 -3.618854320251049805e-02 3.530718321163061474e-02 -7.381141374730665686e-03 1.935430500489084341e-03
-1.366060899929292805e-01 1.026570523920145472e+00 -7.629359114801642638e-02 -1.491103612911556624e-02 -9.979008402167298744e-03 -8.318680566235551674e-03
-1.617408899394472854e+00 -1.044894634009421619e+00 2.984105204402886895e-03 1.378056957063255282e-02 8.330977974865937802e-03 -8.088363483251839693e-04
-3.898032038391311183e+00 -4.855016656577685885e-01 -1.845160135731444733e-03 5.974687413412036602e-03 2.776395018496711619e-03 -4.807457710934401850e-03
-1.093561832047218685e+00 -1.349018495159224562e+00 6.132219131578888621e-02 -1.280857899953823445e-02 -3.877997910145254516e-03 4.460185948288524285e-03
-2.156349778456066790e+00 1.546979046866441276e+00 1.706974491719619458e-01 -5.507281133409535484e-02 8.166774256103454324e-03 1.030642393793796893e-02
8.983965447354219647e-01 -2.386570206735509347e-01 -2.812916132527710361e-02 3.546611643411273079e-02 2.508542712269304191e-03 5.391093211432432773e-03
-3.880632797998329608e-01 9.496626786114633623e-01 -7.251323533431643098e-02 -1.539654606560192721e-02 -9.783165992346227677e-03 -6.553444118291011818e-03
-3.911115991691912486e-01 -6.011532713928179339e-01 -1.996625015530237648e-02 2.815168008202476382e-02 9.322569225647021202e-03 -1.556797416930530420e-03
5.289626184671258891e-01 -5.368016488446550882e-01 -2.519805213241700648e-02 3.239249817563956673e-03 7.462551489656215307e-03 1.384732634981213073e-03
4.453906722597730905e+00 -2.362732742783503759e-01 1.539012716134151859e-01 1.433949834024932785e-02 -6.350484066623601591e-03 -5.114606486916151336e-03
-1.998115312429245283e-01 -1.013320035220048210e+00 5.488007668871378725e-02 1.834484986708649970e-02 1.945522311865086800e-03 8.847110491515218760e-04
3.470107436580922577e+00 -9.361355920452249513e-02 2.545325940946336837e-02 -1.478718101981957647e-02 5.058766932707862464e-03 8.904733805721860124e-05
-1.130229162374301932e+00 2.281711818280830251e+00 3.173909584391973460e-01 -5.638468173395520810e-02 2.489417893843660218e-02 3.162590106188461082e-03
1.328779203195633141e+00 -1.264077135746629388e+00 1.961599937937580640e-01 -4.982401246863979449e-02 -1.658997398931009309e-02 -4.865930486905310423e-03
5.854052405788293889e+00 -3.701307217338519195e-01 3.266644716222537048e-01 -4.229986562406499312e-02 -2.586475584024788138e-02 -5.026058137610096843e-03
-4.153446105537721422e-01 -7.951019905450266156e-01 -5.896228969135047272e-03 1.480851524594262170e-02 1.032255043395074838e-02 2.531664204354175818e-03
1.255409304388129144e+00 -1.263441162061083922e+00 1.917722353996973439e-01 -5.849629614329722449e-02 -1.188778721385213948e-02 -6.101388982415069558e-03
2.389692087546396504e+00 2.306211781956998275e-01 -8.559353182043932806e-02 6.886691618005164744e-03 4.278616530081507177e-03 -3.480508192395327964e-04
-2.860009980445008537e+00 6.357751332818324386e-01 1.362753172836027038e-01 3.012747725639380869e-02 4.712356374546711364e-03 -8.625098327260943701e-04
-5.476882009432880727e-01 -1.395052315015858024e+00 1.094424175839317642e-01 -1.569051587820646451e-02 -3.796753788799209911e-03 -5.662113006137605049e-04
-3.436842510856807476e+00 -3.682197020341383409e-01 -2.402629743814423124e-02 3.020181019608449667e-04 2.850302651850087233e-03 -6.204586252753442090e-03
-1.720720567184389926e+00 -2.574713085460615392e-01 -8.640515402106922760e-02 -1.446880137497230309e-02 -1.978467151070696130e-03 -1.533495689215978296e-03
1.898850097409233939e+00 -6.139977286766449271e-01 5.046233753072833922e-02 -2.853451941302313777e-02 4.629337766920318779e-03 1.935129863284212404e-03
-2.751223444813991392e+00 7.640099607027414641e-02 1.547920386468570712e-02 1.950303497437233871e-02 2.795267861111162561e-03 -1.605047193870210928e-02
-3.017942662645693552e+00 7.164872570145192077e-01 1.885936741004448289e-02 -6.460286893332403690e-02 -4.230851312879684717e-03 3.134896390567041679e-03
3.809173503636862357e-01 -2.201405941796215349e-01 -4.306873339084111435e-02 3.816138173574719350e-02 4.430254511653556118e-03 8.809423832019755863e-04
-1.590930141783068796e+00 1.152374128351371652e-01 -6.597515006569690255e-02 -1.469305846207418550e-03 -6.240867034576723198e-03 -4.277104132145338397e-03
-5.976858308103690787e-01 -1.688460324079127106e-01 -8.745605456475992467e-02 2.826196452655912322e-03 2.104526902242917323e-03 -1.283516100698383179e-03
2.645797240373243042e+00 5.566638362936259660e-02 -3.518829656085035312e-02 3.648836406323094361e-02 1.061920990143387991e-02 1.494811844088469209e-05
2.349328653532281042e+00 -7.473323911333921987e-02 -3.011884848998911193e-02 1.858351294351108865e-02 1.074778072883896853e-02 -9.788373314506308102e-04
1.687671528733563520e+00 3.559133937061885744e-01 -1.305616079611996716e-01 -1.271317518272656842e-02 3.292585978621242419e-03 -3.651805789420837448e-03
-5.876917970106564360e-01 -8.151863243000706527e-01 1.647436138665884717e-02 3.628783374885230506e-02 4.746589847333618044e-03 -2.054335211457864472e-04
-3.330913007279771021e-01 1.871083362399927008e+00 1.712435955405190724e-01 9.135819305796450546e-03 1.479979421147159871e-03 6.561186043621572601e-03
1.696889675522852192e+00 -6.000652391379079909e-01 3.626573007455587139e-02 -2.306980473378810251e-02 4.188081679880368440e-04 2.941788188820102651e-03
-2.077284194172071885e+00 1.354230593993507092e+00 1.804860663683212629e-01 -6.239535286765856767e-03 9.773547496828963871e-03 -4.967804159428428935e-03
3.461147341937926836e-01 1.162954125913887360e+00 -5.354178449489061659e-02 6.276936505100729792e-03 -1.332146354842340431e-02 9.363105267031237005e-04
-5.220180446583586598e-01 -1.059545413632968280e+00 6.908633395766339280e-02 4.671921053232698517e-02 -1.654023926949475636e-03 4.719615603995815957e-03
-1.430855140192907715e+00 -1.040112585498522257e+00 -3.091452102448575753e-02 -4.105659328557415694e-02 2.457037917105667473e-03 2.948245081601493303e-03
2.470308674601675580e+00 2.519269137458466368e-01 -5.593300252022816860e-02 4.740343387199880826e-02 5.192277600594480749e-03 6.256733469261854634e-04
-3.947902792384085480e+00 -5.088099089347334347e-01 -1.093584782879406664e-02 4.875207256407535069e-04 3.923297295076419965e-03 -3.320610975137294144e-03
-1.505639392310054836e+00 -1.318967054747622880e+00 2.263343574083387724e-02 -3.855184026074632425e-02 -2.746168085368756989e-03 7.346371842568439475e-04
-2.594313070471131688e+00 4.534703903999381946e-01 2.114513817858208831e-03 -2.636446496238104703e-02 -6.516812343966337483e-03 3.677304499968302599e-03
3.263823181578833221e-01 -5.691109213171260256e-02 -1.270151217296349166e-01 -3.447562302446617599e-02 4.571451331660863517e-03 -1.524177398375283540e-03
-2.872760870719227366e+00 -6.864825577560638159e-01 -9.188501607875412813e-02 -4.513010684645986370e-02 8.065351472493502340e-04 3.150982081435379362e-03
-2.414386418241704912e-01 2.244648241179962311e-01 -5.604978096688786188e-02 3.957543079210353726e-02 -8.703804774450272022e-03 4.404215320881796347e-03
-1.788147769927127539e+00 -9.959212495250417962e-01 -2.576831941789117439e-02 -1.596801150668736291e-02 5.513586267617292917e-03 1.494391524555433890e-03
-2.371412565183749876e+00 -8.444607100048623360e-01 -3.374351413096698948e-02 3.007550789742500456e-03 7.159196729724808840e-03 -4.373867119242330452e-03
-8.922767270574862852e-01 1.266545069154681569e+00 -2.548228212547423710e-02 -4.045161096213398949e-02 -9.283735739351955951e-03 1.963752871820384580e-03
-2.648117610436523162e+00 8.784850011275877613e-01 1.594436113512961994e-01 2.387440179363215648e-02 8.919560410282838941e-03 -9.656014775563289895e-03
2.438897547084250550e-01 2.422814465467420408e+00 2.972880790004972518e-01 1.836094572101894641e-03 1.383754689995054035e-02 1.733471234543516523e-02
3.294209672817958179e+00 8.945929551208814390e-01 -1.495711944384246761e-01 1.170315137223857174e-02 4.397006407540567552e-04 4.436097871154504285e-04
1.252632551705571862e+00 -7.647665885956469456e-01 7.774035242076381136e-02 2.158068115415760074e-02 2.678139209774593266e-04 -2.088643155669088133e-03
3.056472514752703429e+00 8.709817235041690253e-01 -1.311582524056418286e-01 2.866314318033298322e-02 -2.430122018937060958e-03 -4.107188171999944133e-03
3.722108818457330326e+00 6.185017721019572812e-02 -2.617444300763895754e-02 -7.085861404023828525e-02 7.145588512488048119e-03 -1.235483228086631724e-04
2.241479470247365047e+00 -9.239079038199838889e-01 1.783982493655262846e-01 -7.675184028546338730e-03 -1.219000258855131372e-02 -3.845794897027494529e-04
-3.358614824292060153e+00 -4.984091670958464698e-02 -1.077686737130153193e-02 -1.639636797884305372e-02 6.921777432959947242e-04 -3.164596214630055037e-03
7.545568166653874309e-01 -3.415969093386344579e-01 -4.461712209041030636e-02 1.416076294882213579e-02 1.051392341166612274e-02 1.155416045554444153e-03
-1.962519486735272878e+00 -1.504002196235846023e-01 -7.282740973910425963e-02 -4.571448128977949506e-03 -8.155422713458816827e-04 -7.543674807237858368e-03
-9.493733396700686500e-01 5.719438377654098016e-01 -7.383072539388955968e-02 -9.520916311933455556e-03 -7.748630938644126241e-03 -6.957375642630318768e-03
-3.829564843128483886e+00 5.966776130615432105e-01 1.680837560812039611e-01 1.917563977529654178e-03 1.493933863167709770e-02 -1.398332776233038137e-02
1.677914178627876840e+00 -5.814043056512847585e-01 5.274362014108468361e-02 2.462600986931241451e-02 5.390621593608198141e-03 3.366875450536626312e-03
-3.776659185475417235e-01 5.867371769016473948e-01 -3.657571299100474682e-02 3.707117436441153407e-02 -7.700475901707494290e-03 -5.613618206119640359e-03
2.332400836333030636e+00 -4.251463585148370639e-01 5.828066833746577136e-02 3.981862518161218695e-02 3.759820397205004654e-03 4.664356199459832909e-03
1.834926764284874889e-02 1.697086965797392377e+00 1.349757072910166555e-01 4.357090345237515927e-02 -3.924882515082842027e-03 4.949540883883562364e-03
-2.282684612693495652e+00 1.736120928959161924e+00 2.724654535573720060e-01 -4.727247786871186658e-02 2.261736016261606252e-02 2.562961226597245952e-04
9.629779139640519681e-01 -2.135084090758964659e-01 -7.999578704595922130e-02 -2.280389487915228039e-02 9.762429138710513113e-03 -1.978638785701572825e-03
-1.613542561616043036e+00 4.287894534199134244e-01 5.397766429492482226e-02 6.176428438685170608e-02 -2.546332336265535491e-03 -4.026925547764821124e-03
4.512109794796154816e+00 4.043916727120671628e-01 -5.177513216199227525e-02 -3.170224080696814467e-02 9.601536893541914863e-03 -1.903380344041288711e-04
1.832860187586919487e+00 -1.049421915242662456e-01 -7.024645542859353498e-02 -2.468909784499102519e-02 1.046557277709368045e-02 2.563941019773707331e-04
1.580127099781510225e+00 -4.631121221564840629e-01 4.155639354661257862e-03 -1.682128698721647650e-02 3.466859534271069312e-03 2.739465612780606595e-03
7.119024991487823417e-01 -8.750804236949161208e-01 5.244668024027378250e-02 -1.150213333874376860e-02 5.213129939639141175e-03 8.693028304524216387e-04
-8.705870506190575009e-01 -2.031363722791852677e-01 -2.536104610641270324e-02 5.566602745237753114e-02 -9.803531612221849049e-04 -1.534241717239620334e-03
3.913683823538835593e+00 -3.614247414076642295e-01 1.473128923549711089e-01 1.758598397833951651e-02 -6.150963223049362577e-03 -2.323612148161295805e-03
-1.281690907199481311e+00 -9.145167751350997687e-01 -4.086807670658823555e-02 -2.951682698973748936e-02 7.023867546882466006e-03 2.355372704086320171e-03
-2.544706221728803452e+00 7.367278654732609677e-01 5.426950155450950553e-03 -5.247553473648636224e-02 -7.646810613652114778e-03 7.259329368997706651e-03
2.679363742768286816e+00 -9.092600845384739561e-01 2.099962221843650056e-01 -2.810483429287859852e-02 -1.069794426773953977e-02 -4.817084695156312844e-03
-1.884942188170403155e+00 9.750474195591752880e-01 5.718555976498750776e-02 -1.289929552587854196e-02 -5.573638697142811911e-03 7.498948305908753262e-03
-3.953003693213542391e+00 -1.110162932760883514e+00 -2.736022715806801439e-02 -1.279483615623192364e-02 3.366859965960730065e-03 4.132681823866595633e-03
-2.968411335746227397e+00 7.039488373749962224e-02 3.089994631512375800e-02 2.116453257874867724e-02 4.137155740141767318e-03 -1.582094307532584329e-02
-1.007344142655557606e+00 2.440192632012739837e-01 -1.176040077285890328e-01 -2.776601157776002748e-02 -6.031142548364573121e-03 -7.838593666310918369e-04
-3.344599547899891334e+00 -1.289019574159634196e+00 5.447850330104532859e-03 1.054378249410991425e-02 4.585030191789574161e-03 5.348625525049015630e-03
9.996667153472765799e-01 6.947309725817419901e-01 -1.321014507703336671e-01 2.541580605537912228e-03 -9.531753630638850616e-03 3.404867150555110702e-03
-2.000434740660669508e+00 -5.786042940017075420e-01 -6.709116936609886561e-02 -9.207175711867843920e-03 1.811554871985330672e-03 2.118925587805953019e-03
1.647264306041152482e+00 -1.314641253237160745e+00 2.466658528701031750e-01 -3.016279920808060538e-02 -1.970306395546607067e-02 -3.893577588659093754e-03
-1.804681230941602266e+00 -5.259690666753621402e-01 2.454926942697822217e-02 7.753938225448436805e-02 -2.235760137750947198e-03 3.870120732320358765e-03
-1.564521533551787913e+00 -9.845193976911683631e-01 6.459571301753392128e-03 2.537605304432400191e-02 4.099946859034229313e-03 7.386535287430237226e-03
-1.388050326639269194e+00 -7.179489600328009535e-01 -3.438602045824310643e-02 1.506620488368787779e-02 8.806484718449469895e-03 -3.259564910621101479e-03
-1.383575457627112204e+00 8.091536510013799255e-01 7.631134260142631749e-03 1.455335733968657428e-03 -7.972356087790254120e-03 -2.370064502099475563e-03
-2.509864276587983944e+00 -5.400450447370080953e-01 -4.117934627858615276e-02 1.352616569076108520e-02 1.843895091242788191e-03 -2.404293861394120584e-03
-2.912497748751712301e+00 -7.006425506163289629e-01 -4.529443894078584443e-02 -2.839118179465430214e-03 -2.379699533144175982e-04 -5.298244798992746444e-04
2.046562353716335103e+00 -4.361994461778242460e-01 1.644400996085899902e-02 -1.181088412567465884e-02 7.766147140896246213e-03 2.121654591031319533e-03
-2.449741712906796209e+00 5.451555240338622488e-01 -3.877202359371634266e-02 -5.335681169618195635e-02 -7.410203872823420933e-03 2.889684333912858304e-03
-1.725963112260462173e+00 -2.741370722023933962e-02 1.749171972229446315e-02 6.955229320001747595e-02 -8.449005658686659353e-04 -1.214990535973604555e-02
-9.210766842885799166e-01 1.264700624149233787e+00 1.013061336234899051e-01 2.625174907270499264e-02 -5.377881551192289881e-03 -1.105390429212545862e-03
1.794343273904356328e+00 -3.611488149566975947e-01 -1.066798679442710132e-02 -1.915425186055276854e-02 3.220000708340108996e-03 1.910178198420597667e-03
-7.609620228792591812e-01 2.878072578161274264e-01 -1.136204955651801962e-01 -1.968521782304748224e-02 -6.375000311401994059e-03 -1.710603128399305070e-03
-3.689380659834270215e+00 -4.646103867876756610e-02 -3.026995796391069790e-02 -4.583788306677225727e-02 -1.357526042957392376e-03 -1.617985354270647981e-04
5.758582260958490240e-01 -9.816700078431547238e-01 9.893639718982093212e-02 3.764562362328856965e-02 -5.817983207152399930e-03 4.921943229750072937e-03
1.915489273005118509e+00 1.314443999290640486e+00 -8.262175960800365038e-02 4.335799514693376017e-02 -1.155687648465117748e-02 -1.160619379004182092e-03
-1.490500543776577036e+00 -1.018778374627639094e-01 -1.211101928585893717e-01 -3.532856020056480278e-02 -1.802347023867856409e-03 -2.544996298274370371e-03
-4.906455546179180338e-01 1.034303650480484560e+00 4.384706712192849853e-02 4.575449372302074075e-02 -8.557681146708479708e-03 -6.990458033926359727e-03
-4.117191134504602168e+00 2.544734927531284163e-01 6.771368137542467525e-02 -3.171107770230484346e-02 3.581301393966528947e-03 -1.578763878408395672e-03
3.735181564700266854e+00 -1.131046401783313698e-01 4.858221426790851338e-02 -2.167481577014846589e-02 3.572333023683030382e-03 -1.342008866370578566e-05
1.912058494906621497e+00 -3.657702224014599546e-01 -4.598203100088480398e-03 -8.577056635650033914e-03 8.767739595026826510e-03 1.026250235706125009e-03
9.348558914791100793e-01 6.920780886316759695e-01 -1.080961947460404443e-01 2.229222298191506010e-02 -8.321093559835096576e-03 -3.635163494012218569e-03
1.315746921090192867e+00 -7.373471869994902006e-02 -7.223993884546800470e-02 4.780848540979826776e-03 9.377955289814807888e-03 -1.300938258137122969e-03
-9.883090148377019490e-01 2.937112036604412335e-01 -1.333711429850066299e-01 -4.453030145722881167e-02 -9.327913256548222079e-03 2.215361560967601257e-03
-1.664033763873877136e+00 -6.438143217123631912e-01 -5.986131135125041802e-02 -1.698546896970019870e-02 1.375315940605332339e-03 4.901182712018021387e-03
-1.199037813721893553e+00 -9.492306332764496313e-01 -1.480511934374807020e-02 -6.739465443024382843e-03 4.803660941043113621e-03 3.980966199274764070e-03
-1.533259535538346263e+00 -8.485943105923582364e-02 -6.392891014040737174e-02 9.193280960361300755e-03 -3.058281239724970711e-03 -8.756158858632509707e-04
-2.760101099085538578e+00 -3.263378993633617164e-01 -3.559546765154676835e-03 3.644137221526302234e-02 6.232125139997242349e-04 -6.392861490385173991e-04
-2.057294111624062172e+00 -3.318971726180219295e-01 -7.561083563903622795e-02 -6.039092456613256131e-03 1.367015722464236943e-03 -3.581110629288511253e-03
1.431320197174764663e+00 -1.888979181313088784e-01 -7.740207152286746051e-02 -3.317288708635359601e-02 8.271095077780963103e-03 1.657624463083948261e-03
4.071384043908261030e-01 -5.618799367896615271e-01 -3.901182114492900144e-02 -1.677511739006392472e-02 6.213609842672566420e-03 4.280822776809441524e-03
2.274325646784487009e+00 5.779227921989171790e-01 -1.357699931965090090e-01 4.772821851458346545e-03 1.344769240434957533e-03 -1.634497402611952187e-03
-1.442991979085147980e+00 -5.397445089990399181e-01 -1.040551375569459883e-02 4.348503561393748940e-02 -2.035043677254762956e-03 8.413146401437407440e-03
1.923411920046741663e+00 7.062326474637942164e-01 -1.280341808233805834e-01 1.991130534134454358e-02 -5.361488858040230204e-03 1.280872803381381776e-03
-2.125467563894818834e+00 -5.377786299195129738e-01 -9.499400025330051456e-02 -3.999881741699989890e-02 6.732261714688667423e-04 -1.838766145466026519e-03
1.524476884926996734e+00 8.060057192613662158e-01 -1.025632680891581106e-01 3.697680137648739346e-02 -9.531807011030917279e-03 -1.537396347280551006e-03
-1.346632481871632425e+00 -8.484716412657288265e-01 -4.453489520333583224e-02 -1.729592399779426165e-02 9.796058592882865915e-03 1.965379881834282850e-03
4.818147448207805161e-01 -1.120085218968706275e+00 1.074148727787450353e-01 -2.725174420200677551e-03 -8.902510167470269187e-03 4.167765047777016209e-03
-2.552089109774775100e+00 1.852309021454265348e-01 6.725435887445134833e-03 9.060782823140990996e-03 -1.857950020737083414e-03 -1.833411101279361919e-03
-1.618268900767789731e+00 -7.602849801680153230e-02 -1.402526732652583652e-01 -6.202107999806778793e-02 -6.199938354982314700e-03 3.473257212362750642e-03
-2.450308339020301762e+00 2.497954236371514591e-01 8.253300074224668992e-02 6.098972771363857931e-02 2.673266196197911313e-03 -1.383167410046056908e-02
1.455559711493368269e+00 -2.959117248585198534e-01 -4.122237856249201526e-02 6.397040306563913249e-04 9.982869499052773182e-03 3.217114831814243004e-03
-3.066029474522214304e+00 -6.982496792253359841e-01 4.077114341780681619e-03 3.980250386212798308e-02 -3.902428553521538061e-04 1.230257397413071861e-03
-9.846935562133714015e-01 -2.036292318298235371e-01 -1.232139611137819252e-01 -3.658579537913150825e-02 1.864719320667398159e-03 -5.250896469183172037e-03
7.387551426707335001e-01 -5.097736206849149410e-01 -3.297805207393385979e-02 -5.207566340549518551e-03 1.106284818473958834e-02 2.168215337144713435e-03
-1.624158584012861839e+00 4.815096646791133250e-01 -5.981478613428307944e-02 -2.546208038126678702e-02 -1.054880084711582941e-02 4.141899983990306872e-03
-6.271188153158449019e-01 5.542479931769250800e-01 -1.786501610866827669e-02 4.188388465038473535e-02 -9.080574213291314409e-03 2.406075700801100885e-03
6.785140705439353104e-01 9.458293315729241479e-01 -6.279416604336285346e-02 3.268266841651375904e-02 -1.232661322833772735e-02 1.732004171069429117e-03
2.285824292211859454e+00 1.022939888495630667e+00 -1.399519722027387503e-01 2.264937146963908604e-02 -8.706101664837737758e-03 6.790641092876040881e-04
-1.485638710078094560e+00 -5.770398877227830292e-01 -3.945348543923581086e-02 2.314382824967945590e-02 5.516522820274305343e-03 -1.790331004878577400e-03
1.920831401716432518e+00 4.278690938971021485e-01 -1.499608458544799683e-01 -2.634501157736421351e-02 3.873785328845909086e-03 -5.021982254509570025e-03
-1.948997486809571189e+00 2.782349336408720397e-01 -1.084386902160960620e-01 -5.330802525053532359e-02 -7.436242419370104641e-03 -3.180326270925919099e-03
-2.475372165375670785e-01 4.450184904415361853e-01 -8.646722400195848424e-02 1.194667977676599178e-02 -8.385610289382224719e-03 -2.875802538088203554e-03
-1.645648671315649514e+00 -5.894666800870885792e-01 1.453973141041948851e-02 6.864343615200294013e-02 5.903410473630432611e-04 1.674523243286205661e-03
5.634960156528795450e-01 -6.697373802450077296e-01 -6.846011284902650887e-03 -1.414219788165732225e-02 8.224947662821786853e-03 1.975692050088641652e-04
2.795878420399636188e-01 1.668081693733484139e+00 5.272030664649038356e-02 1.500395416339564240e-02 -8.856659305923877609e-03 -4.632738712575587905e-03
1.143572375843322941e+00 -1.056226583552598797e+00 1.568362929186526422e-01 4.403711376040329167e-02 -1.032533518112431839e-02 3.641348191183410229e-03
3.260402941907186936e+00 -5.709565685501409860e-01 1.484241648577923067e-01 1.730048353203344049e-03 -7.481625822716693811e-03 -3.300897563635168388e-04
-2.214325372717614648e+00 1.387611836018413092e+00 1.411087423999472790e-01 -4.309934933476051305e-02 6.645616329248718590e-03 -2.445936939931790070e-03
9.493281756871622123e-01 1.655151080280649722e+00 -8.972395759958975286e-03 1.581873389388405160e-02 -1.412311956177508300e-02 2.849402025832560061e-03
-2.335684304347160456e+00 -9.468814203267025276e-01 9.188520538532243473e-03 3.681384461683536585e-02 6.323506972047736145e-03 -2.498188756238107870e-03
-2.793340712671820381e+00 1.110340925284735381e+00 1.358318103537593524e-01 -3.812698878816779546e-02 6.198831726532371723e-03 4.081703300561016073e-03
-3.097041149814495076e-01 -1.975705555567665861e-01 -1.210975590283184106e-01 -4.181065195153778336e-02 3.772411551187316529e-03 2.094517641343185486e-04
2.705319101814032567e+00 -4.311381465453035799e-01 5.833551753263449546e-02 -3.742259522836468427e-02 2.892049613890357220e-03 -1.249647465079774603e-03
-2.736950014266037901e+00 8.572654485020759774e-01 8.199827549891966494e-02 -2.921091164062271026e-02 6.425189494381011810e-04 -3.802247641929656485e-03
7.788118518874909135e-01 1.296990915787431531e-01 -8.710753464407490487e-02 1.485212270314378684e-02 -2.829326465768784282e-03 2.143851252166863782e-03
-1.198896856526448396e+00 -6.618541089396389188e-01 -8.238314345012212603e-02 -4.690082261794013829e-02 8.367115525077755203e-03 -1.778177950168033806e-03
4.086129617601387487e+00 4.874190033038346415e-01 -7.274212164708478146e-02 5.950535709893968114e-03 8.248248211400023913e-03 -9.749062298391130126e-04
2.713525551014389081e-01 -7.393907179436449706e-01 2.589919073305146924e-02 3.618805723721564560e-02 6.795086053135358621e-03 1.835161263757344174e-03
-4.307969454787362595e-01 -1.016205374725326127e+00 -7.372605544678697935e-03 -6.796384415212665397e-02 -3.354587318404011727e-04 4.567062610074335872e-03
4.848420332887079631e+00 4.620220379671311495e-01 -4.834322124910594293e-02 -3.879763524246265111e-02 9.916487321878345029e-03 -2.957347640914168886e-03
-1.600617001833502417e+00 2.060618453789772264e+00 3.561665255553390641e-01 -2.557878055927343200e-02 2.893581377872544644e-02 1.746434382384295719e-03
-9.286315557275031107e-01 -4.898909693833987111e-01 -5.061955581931308623e-02 9.217760612618869018e-03 4.086537805087245463e-03 3.378682162458391722e-04
5.266458056535121279e-02 -5.567966525965529767e-01 -3.919082276953062861e-03 3.838857645343157765e-02 5.471567881195433559e-03 4.582671340024545813e-03
-3.035343493667169934e+00 8.616914538754401054e-01 5.893973394994234116e-02 -6.124550030858746247e-02 1.497256144397496162e-04 2.541752299759402617e-03
2.825415197090179811e-02 -3.828573023614474935e-01 -2.795676321409004683e-02 3.730111426849579831e-02 4.870510269992086617e-03 4.312710573173080160e-03
-3.524102649335132675e-02 1.216484683883427786e+00 1.367293150650958876e-02 2.495873491116539292e-02 -1.274841511895009535e-02 1.219887030570241879e-03
2.793632417624424935e+00 1.379067224194123753e+00 -1.364492204981322121e-01 3.012855537164021991e-02 -9.533940042748404939e-03 1.849020457508208232e-03
-4.867501108564664114e-01 -1.351195939746329788e+00 1.070099954396366432e-01 -4.097083992924206892e-03 -5.886798345247940857e-03 -1.523999622416608111e-03
8.229468344870933816e-01 -4.903923052810977845e-01 2.528001473691361689e-02 6.923521706302107614e-02 9.157457886255129104e-03 -4.441025927082045493e-04
-9.849255123874045559e-01 8.800308139535735208e-01 4.121720813207076228e-02 3.572488312265749422e-02 -8.583032752578146490e-03 -1.354385394311693807e-03
-1.175068797496124695e+00 -1.366515664733379265e-01 -1.098579303654725024e-02 6.455792997510710618e-02 -3.563307959600403411e-03 3.896339635645765156e-03
-2.700853660823891556e+00 -1.331056468238983603e+00 1.810904738223871602e-02 9.845024549548605369e-03 4.373144979597198313e-03 -2.645331902609047298e-03
-3.478288325248813262e+00 1.877818977368087283e-01 3.006287699660073823e-02 -1.708272872456695693e-02 7.720413498250322266e-04 -2.905283199031972585e-03
-9.063467028699040418e-01 7.046489132219520002e-01 2.856161753077510884e-02 5.117112458155397003e-02 -5.585344365648711729e-03 -1.237610110146128949e-02
1.933325109338993375e+00 9.421586943644462142e-01 -1.067606293361024195e-01 4.054817238415871217e-02 -9.706507605788221305e-03 -5.517070177180353509e-03
9.094130128455087114e-02 5.388314877662996327e-01 -8.474427222096993229e-02 1.791446925898161624e-02 -9.569069479311770321e-03 -4.913114636591002678e-03
-2.770738290907073242e+00 -1.535989611456702320e-01 -4.920218496183322021e-02 -1.420224419803002049e-02 -2.988582713334631859e-03 -1.344105716789655795e-03
-2.192133819198810230e+00 -1.134144198013834343e-01 -9.028483024609990082e-02 -2.672768105500985744e-02 -1.787549901243192961e-03 -3.566124953290628237e-03
1.641722730701860034e+00 7.010783956147725871e-02 -8.328287706441216132e-02 8.999276927307160376e-03 7.945882579367933435e-03 7.817540724512883057e-04
6.438210890038255085e-01 -4.147194097668632229e-01 -2.150811460140356762e-02 2.445194100596444556e-02 6.112573281281979097e-03 7.368094747920254375e-05
-6.795043796835017469e-01 1.929413243050378257e-01 -3.673999315251371550e-02 4.789862956772524688e-02 -4.785057892589596532e-03 -3.919149911159644506e-03
4.774173220109706683e+00 -3.768138010656802428e-01 2.128855718932217700e-01 -6.207715813965838936e-02 -1.477929843977189052e-02 -6.810152596449723685e-03
2.364773413936652524e+00 1.313487679063489955e+00 -1.143781827958686992e-01 3.564956025410109808e-02 -1.087915559142273343e-02 1.420840391474484593e-03
-2.909676685738955992e+00 -8.380506359302410113e-02 9.369182060417657193e-03 2.076768131711488261e-02 9.881400500868177048e-04 -2.624549750805110250e-03
-9.592886682046548597e-01 6.994598426878979591e-01 -1.359290599169688807e-01 -6.301370039574778759e-02 -9.378402118488116113e-03 2.298687187224291689e-05
-2.325183521328707537e-01 -5.342481936504697160e-01 -5.263562541021273716e-02 -9.885026742099942143e-03 7.752928478004804218e-03 2.115213272201470034e-03
-7.630525929839314658e-01 -4.687522866227747942e-01 -1.067777073480861635e-02 5.707953218554715630e-02 2.631415804366508526e-03 1.581232182577213237e-03
-2.189661317049415246e+00 -7.014534794582550914e-01 2.349916622461853399e-03 4.975504701934101159e-02 1.422903821011769956e-03 1.346965477538576705e-03
7.108336626082586429e-01 -2.092538829194883765e-01 -8.829760884037486657e-02 -1.772638020497748976e-02 8.829497030827129431e-03 2.277719534216437027e-04
-8.106146326681487602e-02 -8.609965016317091546e-01 2.391243765130377300e-02 1.984497893100253124e-02 2.142097253062580364e-03 3.960288041819826424e-03
-8.412761347711625315e-02 -2.659088069347148586e-01 -5.573187488098298170e-02 1.589057386292543755e-02 1.748175963481527666e-03 7.550534685033738957e-04
1.611356288466191389e+00 3.697352840337964630e-01 -1.634722984845143334e-01 -4.895956649317721732e-02 5.918363685133542183e-03 -7.515927060330648835e-03
7.699564793172836152e-01 1.268642101245964993e+00 -2.387323039178064835e-02 3.899506594316198144e-02 -1.204205145899975120e-02 -6.242552582371703115e-03
-2.276623074950523851e+00 -5.562471855021227096e-01 -5.837943646425816646e-02 -2.003853206601160977e-03 2.911683900359530834e-03 -4.323338109412674479e-04
2.987266525044351084e+00 -6.680909390567746353e-02 -1.089176726186196278e-02 2.991619324440088559e-03 7.502405561915067612e-03 2.052148327469526055e-03
-1.069533308840323604e+00 -4.495990625159959619e-01 -1.026675519970656272e-02 5.438258570079097798e-02 -4.110325334188092089e-04 2.768693547653485083e-03
-9.132233905157377540e-01 -1.396262583291991155e-01 -2.936598355792240100e-02 4.968337628771635900e-02 -5.834310176716928954e-03 6.470961188157648217e-03
2.485444550896548144e+00 1.615547216827724064e-01 -6.436800122594313334e-02 1.818124326411599267e-02 5.600053866767442344e-03 1.678703120813259493e-03
-2.634743401016028219e+00 7.503653695036525129e-01 1.508971909521084342e-01 3.754619013098339092e-02 8.308543304804414178e-03 -1.836733582684245067e-02
-2.469863270989920423e+00 9.521976244891409147e-01 2.878338048837131985e-02 -6.116700031513868513e-02 -5.548809045376633040e-03 3.497512464257370324e-03
8.096801716716599262e-02 -1.480846719823393220e-01 -5.666665319455679167e-02 3.092685125291656442e-02 1.557140417731018981e-04 3.189153618082382711e-03
1.113454436162983896e+00 -8.389293748635039405e-01 7.991782430038840701e-02 1.372736858324089329e-02 -2.155057788167670171e-03 3.300771841875567176e-03
1.274578393550838573e+00 -5.224001334088247406e-01 1.959697173217830879e-02 2.989672832458097756e-02 6.039581640954935424e-03 4.623584348159213292e-03
2.864052913261136979e+00 1.012225817592953964e-01 -6.587560087374219608e-02 -1.569105805440822177e-02 9.739869958650049925e-03 2.097115825738959070e-03
2.991034450959817459e+00 -3.433357781329061664e-01 6.529449827227280789e-02 3.890914347937788915e-03 3.398120071175109343e-03 2.611187490985262052e-03
2.339603207962944520e+00 -3.308814717744645306e-01 1.158998532565289064e-02 -2.231278249075534931e-02 5.328312958028145509e-03 2.266226895737937907e-03
1.424960002315970531e+00 4.645315355284346248e-02 -1.070825228769547860e-01 -2.041303831413210368e-02 6.930455141168821720e-03 -3.468521392072875485e-04
-1.537684294162870779e+00 1.022432053435289534e+00 2.725322681497511276e-03 -3.263148227092903253e-02 -7.296496202455030576e-03 -5.505817740461153636e-04
5.560318899080141097e-01 6.521256861140047878e-01 -1.162582530072285708e-01 5.372472751980882609e-03 -7.617048677100666729e-03 -6.796378363919477507e-03
4.838038240536736145e-01 -4.211782530371951383e-01 -7.956275008848301411e-02 -3.661910728974560741e-02 1.014716410125360117e-02 3.206110824705705065e-03
1.931094283404636958e+00 4.860437499717428465e-03 -6.302727717475679892e-02 1.520139981450408483e-02 7.766385284791598939e-03 -2.338360819043793556e-03
1.343954786041624549e+00 -4.630693959564179951e-01 1.080955557857048513e-02 2.237983001682120054e-02 5.707464441418511319e-04 6.406962539055397962e-03
-2.469416312757600984e+00 -6.556990108624803915e-01 -4.538097788421355250e-02 7.985979126753930957e-03 4.133614917706160061e-03 -1.392603560946396174e-03
1.419114679527547995e+00 4.680258805293818769e-01 -1.433568179108746232e-01 -1.185426630997385433e-02 -1.347101578796285060e-03 -1.294428792114687022e-03
2.877033218381020330e+00 2.554668158089396512e-01 -1.021211261880472093e-01 -3.132747130236786942e-02 7.194080457418299684e-03 8.230694550303088459e-04
-2.155264532303801772e+00 -2.222642651906979461e-01 -5.782113522506129172e-02 4.345820907919389214e-03 -1.116746149677955066e-04 -5.179381526249323894e-03
-2.270540082187655795e+00 4.412398993635937017e-01 2.144911353546840801e-02 9.395514303965547820e-03 -1.547849708222916306e-03 -1.237573719758209081e-02
-6.967061348371600404e-01 -2.916957220013372543e-01 8.101301443225151014e-03 8.322389522791069638e-02 -7.949625039747070963e-04 2.271557778266741529e-04
-2.761204939328743890e+00 -2.036431517282439874e-01 -9.468580647289176477e-02 -4.511430744139600935e-02 -3.620130376469642402e-03 1.676521715683349434e-03
-1.743708228549881722e+00 -1.193577837974675981e+00 4.444431342738409951e-02 3.496894211093803939e-02 -3.487926525189861786e-03 6.275595123364505375e-03
2.866539045806653085e+00 9.217246628131436914e-01 -1.627060301289963706e-01 2.609323632538513953e-03 -1.833375524482214539e-03 -1.842776467642713687e-04
2.339018493043930835e+00 3.474242094569270356e-01 -5.411091454675455437e-02 7.023283966654499111e-02 2.851072268566915736e-03 -4.160135327683741821e-03
2.080490436446127855e+00 -2.168657466906403763e-01 -3.470753483213380453e-02 -2.105873365897000665e-02 5.870937425599019252e-03 3.480605387898834478e-03
4.256914442528096032e+00 3.069824168468422015e-02 4.519218039458501590e-02 -2.033495876130507127e-02 2.943015506708868221e-03 3.234951627718234724e-06
5.263866889069213073e-01 1.178721711258103655e+00 -3.604663455913591219e-02 2.716788380641569842e-02 -1.173762837640663671e-02 -3.704010693539263547e-03
9.455277449191828998e-01 -1.919586383486804881e-01 -6.360179116836782443e-02 3.029110339847336693e-03 7.713036417534346878e-03 -5.373935326800601594e-04
1.205856038177443468e+00 -7.605151410854491534e-01 5.377299302054067143e-02 -1.578441351765320216e-02 8.326687209477134791e-04 8.692349153523157334e-04
-1.067820549073961400e+00 5.572105507675575442e-01 -7.014290362977886051e-02 -1.214842537011385191e-02 -9.791731677122231248e-03 3.166603718183779413e-03
-2.770160128900768459e+00 1.889689565915016745e-01 -3.217760224039389189e-02 -2.768401586878581344e-02 -3.396992850067215557e-03 -3.705402193849120351e-03
-1.034354273260780221e+00 -1.411696832171095428e+00 6.138660819717741551e-02 -6.047582491941312643e-02 -6.976784167355445238e-03 -4.720664840377350674e-04
1.050588520421279481e+00 3.812523172103349789e-01 -1.297051111024228875e-01 -9.541866798125913859e-03 -5.883774638576344182e-03 3.436688081973808626e-03
-9.680371383244084083e-01 1.323673650099220500e-01 -8.551792180464366788e-02 -7.967723945705927320e-04 -8.091599687189929627e-03 4.900173397031813097e-04
8.230464490795287302e-01 -1.169346162254701671e+00 1.474301776879242409e-01 -2.704353955862133312e-04 -1.127820458299724250e-02 1.549576575086108283e-03
-1.483251153715169079e-01 -6.934251422757354844e-01 -6.204850135120016513e-02 -5.673381200401446389e-02 6.456733070506983155e-03 2.711241256851366216e-03
-1.811926893523716053e+00 6.092661532582384076e-01 3.120394596015640606e-02 1.627485076634448483e-02 -6.734796825722867177e-03 -6.453241576436241373e-04
-2.562780082867901044e+00 -9.320238364790376373e-01 -3.906326940840099300e-03 2.962691641077305760e-02 5.795399175682272239e-03 -3.282820342257200975e-03
-2.215617248407811157e+00 -1.186940051963215392e+00 9.543533566320247519e-03 6.904188995247893985e-03 -2.940442283368600862e-03 9.862786577516168690e-03
