-2.192647452574120415e+00 -4.077866018689889072e-01 3.572509777927835861e-01 -5.771240879784721167e-03 1.008410357742807635e-02 7.156753964116343257e-03
-1.147110649841398766e+00 4.032635303890045458e-02 -1.710087505383157958e-01 6.360753106648287664e-03 1.729615611592468395e-03 2.297684675162837888e-03
8.906852110277196921e-02 -1.886465999443553143e-01 -7.162610145290554398e-02 1.166565483213088256e-02 -4.924782639676623247e-03 -3.310919835962998319e-03
5.750774812504404476e-01 -2.649868470702712031e-01 -6.364669104736227212e-02 1.107667014010703214e-02 4.108540961957968078e-03 1.359256716360776780e-03
5.291132999000853765e-01 -1.605171600779407293e-01 -8.332069064306324435e-02 8.892941626461604507e-03 4.750030408750764547e-05 -3.055681425911113756e-04
-1.350225008312209374e+00 -3.926915333233967353e-01 1.656283440810605023e-01 9.997330050680012722e-03 -9.917650123182580966e-04 3.176943235800117494e-03
-1.942905943900068155e-01 3.751519160331269198e-01 7.577678565435543023e-02 1.754972548766428608e-03 1.182832561468433793e-03 8.638128537495606742e-04
1.010112468081697246e-01 7.975723744779766866e-02 -6.704977307371801087e-02 -4.644474516683544038e-03 -4.473103404691597808e-04 2.628263448644405087e-03
-4.793228123062774348e-01 -3.784218161819636900e-03 -5.542162446528757502e-02 -6.847029109678943581e-04 -5.827291187937267379e-03 -3.894808641514923252e-03
1.395875334290958225e+00 2.977223661357578099e-01 6.516436873953065922e-02 1.370134691003287337e-02 3.312013063397665092e-03 -4.433391381266736132e-03
-9.133273029325477133e-01 5.151855911662551746e-01 1.297906566521550564e-01 3.452485841980559422e-03 -2.492826089459001474e-03 6.861935465518654870e-04
-3.544083684778401855e-01 3.105710079189111239e-01 5.001198652257353439e-02 -3.032716472059505605e-03 -2.043996066298885833e-03 1.789529976284374079e-03
6.457919763451384076e-01 -3.175232705265403910e-01 1.722659605745177624e-02 6.299706571776636206e-04 8.182703654809896782e-03 3.902199521787037481e-03
-4.582075398378318565e-01 -3.472739103034604424e-01 -7.747398017762581295e-03 1.744125169762167013e-02 3.951537224662962471e-03 1.211032777723888805e-04
2.856032115424765871e-01 1.280186933405510208e-01 6.570385213029599804e-03 -9.131361855484623410e-03 -7.075985035618679144e-04 -1.181646955154864662e-03
-7.937519337843313982e-01 4.396017535469214366e-01 5.361584777719149986e-02 8.233320792469859400e-03 -7.505567388269504536e-04 2.484644389139809614e-03
-3.192464122778057578e-01 5.818887155973641034e-01 1.151467285731273410e-01 2.596464075068493152e-02 2.078418331660847936e-03 -2.632421271747775997e-03
-2.410432339855064499e-01 -9.448411534268570666e-02 -6.014739639072208544e-02 2.580997719697003621e-03 -2.177736186674539970e-03 -3.545868370979499487e-03
2.149932743655413037e-01 8.148759992795477636e-02 -7.166960209096556733e-02 -6.673024689274510571e-04 -9.740075333423616356e-04 2.167010972223447612e-03
8.522015726307803352e-01 -1.704231961032539322e-01 -9.187255747989341026e-02 1.129590906502151923e-02 -1.788137177440770166e-03 8.984173098383832360e-04
3.504644712518879823e-02 2.383818019734389865e-02 -9.885443846355007613e-02 -1.796980174754831371e-04 4.278580084981695869e-03 1.110068341262355693e-03
-1.724815223653589635e+00 -3.692828015800950769e-01 1.372652273738342310e-01 1.441117790187626709e-02 -6.396903778113641019e-03 -7.800522460484306990e-04
-1.563575301216416635e+00 -3.329665561005254459e-01 9.514267261267947418e-02 8.324409231600722603e-03 9.551215931979308450e-04 -2.989040768437916263e-03
-1.366055090027829211e+00 1.870733459724367165e-01 -9.400776203455138424e-02 -4.043337025661637024e-03 -1.548266740995494530e-03 2.016068413323803769e-03
-1.838224939362850530e-01 -1.178478112822634871e-01 -4.945758224381098522e-02 3.437319443772990021e-03 -5.197791593028624688e-03 -3.788775875565392626e-03
7.857240867596062550e-01 -3.716472041368833468e-01 9.607555375584464485e-02 -9.883143151809367644e-03 1.061437170793726528e-02 1.004015693174575494e-02
3.186429954167934731e-01 -7.585377631972461954e-02 -5.094298811113053688e-02 -1.664727561081047686e-03 6.965897704943828763e-04 -8.692590111989805923e-04
1.405720519145359226e+00 9.161708329716930499e-02 1.661973354325087596e-02 6.080786857873718377e-04 -8.771814492241526576e-04 -3.045124946912655672e-03
4.134983117061920010e-01 -2.521646355336651379e-01 -1.668280204837508870e-02 1.832914701196043444e-03 3.950236040540759316e-03 7.230049500476283140e-04
-1.339649023038144149e+00 -1.670702160897252764e-01 -3.873350886052730202e-02 -9.887827235768797355e-04 3.547328189676912831e-03 -7.093365690796201405e-03
-3.665466829404806504e-01 -2.779947229683372156e-01 -4.933714193402799486e-02 1.297528964344710906e-02 5.009091645535701520e-03 -2.661391432861352161e-03
-4.006654725523206562e-01 -3.178098742931270704e-01 6.249417354604793612e-02 4.507611224195115832e-04 3.788219924865620942e-03 1.184893974865025985e-04
-3.848130994765039392e-01 3.802997456081566585e-01 7.490920112250522289e-02 6.095894299840221367e-04 -1.314361314412167310e-03 1.909708101181158482e-03
8.951444077192355353e-01 3.012638899406437643e-02 1.785444814176664853e-03 -8.194076695405795238e-03 -1.992526495415735451e-03 -2.161669881877121852e-03
4.802662378730743198e-01 -2.184922121811600504e-01 -2.163754130299197498e-02 -2.038840111917857890e-03 7.797867078368222495e-03 1.622349339911748794e-04
2.281692820398716626e-01 -2.321488723474962601e-01 2.857125923994030883e-02 -9.132886679140162292e-03 8.691183698609073263e-03 -3.426043723130368338e-04
-1.194853388968093677e+00 1.046388088346538181e-01 -2.202583599808657575e-02 -1.805419184501319899e-02 -2.712732989268147252e-03 -3.543942053011856202e-04
3.983833878072358392e-02 -3.279227855996466601e-01 6.506061108127239589e-02 2.696945267239116758e-03 -8.953252428632632945e-03 2.062437815349661349e-03
-1.608596620672368305e+00 -2.786103433217957878e-02 -4.713456051716092415e-02 -1.157003863944393481e-02 3.914092292081617665e-03 -5.568496726860269058e-03
3.314333716039641886e-01 4.760208837139059956e-01 9.014963148778973312e-02 1.735833524921628554e-02 3.856545275663791125e-03 -1.404975052956843919e-03
5.573627068538051788e-01 -2.975484619250878260e-01 -2.862022468778874229e-02 1.041108727862095039e-02 -1.672447655104381632e-03 2.271647510826215865e-03
-3.816868233486745976e-01 -4.439956358443637036e-02 -3.250784434149930902e-03 -1.380268502187233064e-02 2.003864282032286580e-03 -2.702170261427141919e-03
1.566950591089360856e+00 2.235331672673680770e-01 6.596584646613153080e-02 7.300279419763568318e-03 4.909403947364710885e-04 -2.986714911709462822e-03
3.151439582967705544e-01 -1.927682388786586543e-01 -1.063742355241189957e-01 1.327818433562671062e-02 3.373523638497611787e-03 -2.286453672703189516e-04
-9.695615355650946676e-02 5.805942252396459335e-02 -7.714714434171064672e-02 -1.428598991659627785e-03 8.945861858557939200e-04 2.562457075396824932e-04
-3.358462571329542401e-01 -2.137843070438819604e-01 -1.338334649816001927e-02 -5.903766298817467910e-05 4.885802201574016880e-03 -3.595129917790491902e-03
-4.544398619773988568e-02 9.622872179685822147e-02 -1.106033068169208211e-01 1.201258077200328999e-03 4.672471576068541917e-03 3.063308037312282000e-03
-1.079808955944061705e-01 1.347558888419981560e-01 4.010774647212136945e-02 -2.182523485880413089e-02 1.104322078840816012e-04 -7.629995483212910316e-04
1.234649092981473739e+00 3.868502464155154086e-01 1.124311564107528805e-01 1.415737151260476612e-02 1.844174805323962321e-03 -6.625170629025306339e-03
1.505573341501659890e+00 1.548653045317219534e-01 4.603072805619822655e-02 1.476499804044241818e-03 1.277873772763919160e-03 -2.273724594422366335e-03
2.734250149722589063e-01 -1.632953537858277682e-01 3.787090334165277988e-02 -1.187921060226302186e-02 -1.518861102211545473e-03 -1.989052339907581082e-03
-1.095179545992773340e+00 -3.609074394877904712e-01 1.964230583015643405e-01 -9.595331585307929206e-03 8.722692845920664018e-03 4.162174181743616072e-03
-2.019343606457337792e-01 4.982609052491113744e-01 1.254928942261223368e-01 9.285666608971600289e-03 5.400405006651946187e-04 -1.268515822894991955e-03
-4.417897132881117850e-01 2.074876011282337784e-01 -3.691616125543326077e-02 -5.715655090826267555e-04 -2.405718255121600761e-03 1.619570762531858483e-03
6.806388495356132662e-01 -8.333709453457230354e-02 -1.239805903534773740e-01 1.182079769595480688e-02 -6.951245461849183457e-04 1.814029355940952049e-03
-4.509276387379066442e-01 -3.062539712223834587e-01 9.607954978918217467e-03 1.008896227768719435e-02 -1.636893056446249092e-03 -1.715997488539630980e-03
1.283797120469085673e-01 1.767912707200902656e-01 -4.426153648580201383e-02 -2.394662767182657772e-03 7.698755297811502073e-04 4.335381535067975300e-03
-6.704094414772682198e-01 1.871818178299564372e-01 -3.268887677390890784e-02 -1.144664674099763607e-02 -2.051117140275446078e-03 3.322851039836798286e-03
-1.438767686309116722e-01 -2.634229424304896927e-01 -7.802856034783818562e-02 1.374293733819044114e-02 6.688686659919468140e-03 -2.004751030367788941e-03
-1.195206143970020563e+00 3.209616580894759097e-01 -1.135601083374421227e-02 -4.252964731383212377e-03 -1.230045260920398491e-03 4.800830239512857318e-03
6.256977353497630290e-01 7.070355948413867275e-02 2.940930671922672296e-02 -1.810704845305642630e-02 3.663951239773434541e-03 -1.404708991598354597e-03
-6.633658342724544354e-01 -3.367135605071847060e-01 -8.829915542716513036e-03 1.582419964376013954e-02 6.295257958972777339e-03 -1.655973983580405528e-03
6.364399204922637221e-01 -2.377844728351064529e-01 -4.331365162308710437e-02 3.663472367927225661e-03 6.417817479238126753e-03 1.153101537442279825e-03
-1.135334088371991124e+00 -3.036585578393430351e-01 5.717725993815827440e-02 6.942040500508113270e-03 -3.949753813553210334e-03 -4.344876534943686690e-03
-2.550038759942570010e-01 3.284511155992674847e-01 1.144865022228840623e-01 -1.414937552000472727e-02 3.722159332217484483e-03 -4.006705024375492455e-04
-6.870944583472214928e-01 1.895260568076808649e-01 -7.030120970659123336e-02 -3.905277599668920390e-03 -3.668801876332237208e-04 3.820273364508973250e-03
-7.687847637577183146e-01 -2.101735176013587170e-01 -1.580909023242562869e-02 1.354477902259482386e-03 2.697394385499261513e-03 -5.625384020087101020e-03
-1.518544732712139078e+00 -7.810570031686327186e-02 -8.170934610474452076e-02 -9.340559223424734891e-04 2.858824446418439043e-04 -5.438057195686928080e-03
-1.216827759587133295e+00 -2.731577665111348807e-01 -3.604125913180512147e-02 1.284766846212039362e-02 3.697022834593412070e-03 -5.490984359887506050e-03
1.569567466060967087e+00 -1.361673742333692760e-01 -1.048963971033265233e-02 -5.427399341166032343e-03 -1.724385425657763097e-03 1.359231626964503776e-03
1.567259018884534783e-01 3.007433022227527508e-01 1.457425405676873731e-02 5.189300563911180761e-03 2.174870394395812204e-03 4.061554392738358533e-03
3.696462631091634865e-02 1.902183197348375487e-01 -6.001287611407487427e-02 5.732150119897742001e-03 9.591751602316150220e-04 2.793394894923684462e-03
9.634141867708924112e-01 1.622353468601615001e-01 -1.858700057013637844e-02 7.544480326849763510e-03 6.584332631232229062e-04 9.104004557465205033e-04
4.072131996541341059e-01 4.528178413035475192e-01 1.230942965482371143e-01 1.081714896088521033e-02 3.116700098209432366e-03 -5.069744470345412951e-03
5.018392776759958984e-01 3.375898474729035481e-01 5.973723062212339674e-02 8.751474260270284897e-03 -4.710745376817189554e-04 1.122343201954274739e-03
-2.275994255910400998e-01 2.291838226276341206e-01 2.929501932352016752e-02 -1.110964956066099775e-02 -1.099677042210505133e-03 2.125741397855112139e-03
5.908893729111395210e-01 -9.709780463810573081e-02 -9.844539865076551433e-02 3.851796877050792448e-03 5.666279963474117089e-03 1.299316869133822867e-03
4.133849826014316942e-01 4.249492127845807543e-01 3.679683326384961678e-02 2.263310933100767461e-02 2.247120032900366045e-03 7.631398502775337380e-04
-5.474649555495321174e-01 1.845568226261884159e-01 -1.108462841290647344e-01 5.245305652762526777e-03 -1.845200443023089316e-03 5.309062047284870273e-03
2.260388257860330707e-01 2.268165034553762671e-01 2.577844836500951115e-02 -4.572454724797020247e-03 -1.262057619030096519e-03 2.516606192016277235e-03
1.321294017852529645e+00 1.221326988488457277e-01 7.596054033683567741e-02 -9.011615366128412907e-03 3.856214959447290774e-04 -4.328528400502006449e-03
-1.195174469322126398e-01 9.878287938850033312e-02 -8.031342005424874086e-02 -4.897948803885158152e-03 4.176211719689621252e-03 2.558358828537754190e-03
7.974110501390835326e-01 5.558845594066785800e-01 1.837508754513388354e-01 2.707447348009263399e-02 2.911781629317457092e-03 -1.135185935726734825e-02
-3.608508503052170746e-01 4.221006297872711421e-01 1.320839480952202272e-01 -5.054164284131289556e-03 7.255336618108158603e-05 1.239234354309153631e-05
1.068746876401634349e+00 1.030092274914758653e-02 4.737138857934009017e-02 -1.261636465830435171e-02 -6.711766031674136490e-03 -4.677069875280611723e-03
1.766617040634028274e-02 -5.461737780725465369e-02 1.180484298347499530e-02 -1.532220560487145694e-02 2.793301622210249240e-03 -2.334745869424717166e-03
7.473185127462449451e-01 -2.776902678122127877e-01 3.664426913929339641e-02 -3.074963479967595184e-03 -6.220968865978594720e-03 2.372684364835165888e-03
-1.436559056768197951e-01 2.869681726076629413e-01 6.081526403123800606e-02 -3.767760289275690413e-03 -2.724783409672883010e-04 -1.088797356229757136e-03
2.385417819387660940e-02 1.380776337959208067e-01 -1.033454759592658673e-01 5.620395312367079503e-03 1.598842268313937750e-03 3.817784808456950105e-03
8.135800598340765521e-01 -2.642511261010198620e-01 2.056309549936635034e-02 -4.922161338752317414e-03 1.576739358281778122e-03 2.191529776090915278e-03
-7.626154911819708060e-01 4.108217490174947278e-02 -1.223452365654701945e-01 1.656327888500422514e-03 -2.060081480459872907e-04 1.298035681661401488e-03
-1.943775929717047157e+00 3.300616720233656709e-02 -9.588571159576830816e-02 -6.352555270609133373e-03 -1.495113242700950871e-03 -2.718004699699302397e-03
-1.707869977453161825e+00 1.308220626699654332e-01 -9.021888959660442908e-02 -8.423372966368513140e-03 -3.397770627868336793e-03 9.623553801541398544e-04
3.352905697742040725e-01 -9.612792358231887768e-02 -2.725342644778603295e-03 -1.310832655848317291e-02 5.908086585868585310e-03 -1.266110496637566337e-03
4.364445215283441204e-01 3.180089773219815091e-02 -7.474051412835564998e-03 -8.852977780373446140e-03 -4.384484326089602493e-03 -1.061290005931077784e-03
-7.776029358647902449e-03 4.014077736581073697e-01 4.963906360518393485e-02 1.014365415374939364e-02 2.351748326889628940e-03 3.516946149430822278e-03
4.358521269184817970e-01 1.311208147933372870e-01 -7.179619622454849748e-02 4.635755988632232587e-03 1.025927843656247772e-03 3.086771711995520140e-03
-2.410184746545642298e+00 -3.723741031395914058e-01 2.597987243445709638e-01 2.357523831572388897e-03 4.218442699616190700e-03 8.737635757930927328e-05
-9.683517609305744012e-01 -1.115631180159102065e-01 -3.099486131018658851e-03 -1.013244367924386047e-02 4.545764389761916199e-03 -6.343193748087695531e-03
1.444189445128333804e-01 -3.569175821863111997e-01 -1.491226377214383350e-02 1.721195760470169492e-02 7.242121681148524538e-04 2.977763890237825322e-03
8.474454717154865646e-01 5.370616218462685026e-02 5.153242008548455065e-03 -1.135930916755298684e-02 4.022930146976460056e-04 -1.969963819720456908e-04
-1.643472772199113807e+00 2.159057757675796052e-01 -7.655858648860412730e-02 -7.783392642250982520e-03 -4.670440493889033498e-03 2.564559893979893694e-03
-3.565832530064781403e-01 4.272594528883980449e-04 -1.127524456712781925e-01 2.776846233046081046e-03 1.993333419619175255e-03 -1.094228393056730948e-04
-3.725246248209164168e-01 -2.928388496238460981e-01 9.533971783517111720e-02 -4.843334665726522874e-03 -8.776937540712471605e-03 -5.502494227635783188e-04
-2.533829340795829554e-01 1.188237414310705092e-01 -3.769139055447309067e-02 -5.777525625293582906e-03 -1.667430015539499068e-03 -5.941457151349453184e-04
4.878097319924258324e-01 -1.658743860518189506e-01 7.830430865402537854e-02 -2.127520384611146856e-02 1.874656682858339470e-03 -4.075380522292054849e-04
5.102189053479485592e-01 4.169174568747666676e-01 9.716314390465141670e-02 1.290918722546784136e-02 -9.493655080971946094e-04 -1.964102517703966624e-03
-7.987512378117580525e-01 -1.360937604530611800e-01 -6.418356553569619372e-02 1.092660423569730144e-03 5.564357758990309648e-03 -5.079267280553041893e-03
-4.115708556400568541e-01 -3.847938023546849939e-02 -4.069178889393983145e-02 -9.941585775892472845e-03 3.819645120788531505e-03 -1.987793227337033598e-03
6.455533141905597239e-01 6.889070315105606801e-02 6.192444594069453079e-02 -1.765788519118456981e-02 -3.795453206193393804e-03 -4.037768936443143254e-03
5.886422196910403581e-01 -1.483746076270312519e-01 -3.142969074761376574e-02 6.423399060886481396e-04 -4.162435781716172616e-03 -9.365644342176260208e-04
6.259512609427761443e-02 9.599159237426611868e-02 -9.052291293030921560e-02 3.752013288439132611e-03 -1.386035680382604728e-03 1.907944743376336358e-03
-1.224741473649742618e+00 2.241267609192590937e-01 -2.978725197915271100e-02 -1.300222418098342762e-02 -4.904988060083836227e-03 3.403489327298918430e-03
8.414933025132427247e-01 -7.626531687591170394e-02 -5.978805847192601892e-03 -5.007113369861994866e-03 -7.152148334297716778e-03 -2.467834853499527477e-03
-1.157510990495176362e+00 1.226429706812300069e-01 -1.641303716799266399e-01 3.876463846023052093e-03 4.324029787568014344e-04 4.464709976901852680e-03
-1.312378568756795483e+00 5.278931734296309353e-01 1.347288877536201579e-01 -1.506556340269993429e-03 -7.140090716980929250e-04 9.304120874498152203e-04
-3.864939051886449595e-01 3.699700317814735850e-01 8.451691135959635282e-02 -3.089270660896829748e-03 1.798776553859679234e-03 5.448733391547136169e-04
-1.355699024495944816e+00 2.906154964659325435e-01 -4.652474026546317420e-02 -4.147535970474228043e-04 -4.463905715505302359e-03 3.080217991710767437e-03
-5.009558073291537905e-01 -3.969582178572034770e-01 8.157344239139645292e-02 1.648949837763528242e-02 -7.832005324105936056e-03 3.325398154834551673e-03
-7.509869130185170549e-01 4.112857708742087559e-01 1.042485370504159098e-01 -5.382611743278782092e-03 -1.622098719944140531e-03 1.735658463150883696e-03
-1.143645646648886682e+00 5.496774567587536797e-02 -1.648916063947038491e-01 5.569408558097461992e-03 6.350249556029670742e-04 2.703629986156934253e-03
2.690693647722861570e-01 -2.997613561253819059e-01 4.733061419979233547e-02 -9.011433413954376373e-06 -6.357520635108647282e-03 1.458381834002762814e-03
2.788079728003807212e-01 7.063088911987124019e-02 -5.399548268376754695e-02 -3.946151831124174864e-03 1.136673565655265403e-03 3.771794306153307755e-04
1.949403646844333760e-01 -3.564629956985256864e-01 2.847965351390628120e-04 1.508563663600514561e-02 -2.296362303751594766e-03 3.211667977113964907e-03
1.960196278800861558e+00 -5.653391205569542610e-02 2.598596375657434565e-02 -8.082130087637171695e-03 -4.607786514347988679e-03 -2.273740471779767385e-03
-1.867802498540081402e+00 2.174375473899870792e-01 -5.357940615769702514e-02 -1.434873657709312411e-02 -4.571837784143213505e-03 2.126463805018979306e-03
-2.383437975960619737e-01 1.670049099268175463e-02 -5.448887377596477871e-03 -1.375467649391507938e-02 -9.410197059423391691e-06 -2.230713138003914773e-03
-1.006749727360018581e-01 1.557113017446218328e-01 -8.784929130917301654e-02 1.678479250729482397e-03 -1.722795397977906220e-04 4.883401064628810004e-03
-1.770567005589467113e+00 -2.198365280806512667e-01 -7.440892413433181952e-03 1.694247625308384353e-03 4.338058291656509378e-03 -8.490206839915380443e-03
1.024661072974028808e-01 5.208426428241944017e-02 -3.388766930762052848e-02 -7.940262779496045850e-03 -1.155849618819038355e-03 -2.446293229206088373e-05
-6.817495690460608770e-01 1.729111299621203524e-01 -7.798317584167499539e-02 -4.105784200027787212e-03 2.094963155154730677e-03 2.932860966694108250e-03
8.455383118809276510e-01 4.577895786597104694e-02 -5.810594868237148325e-02 2.352613757998329828e-03 -2.180620036006357051e-03 7.989845181683478351e-04
6.047269471175271693e-01 -1.543631195800445888e-01 -2.279702453754707536e-02 -1.948873434107948211e-03 -2.397921696416623494e-03 1.645397170483240692e-04
-1.639976530720721748e-01 -2.232810362936618054e-01 -4.172055955079026490e-02 7.351126047001073534e-03 -1.888172109306376044e-03 -2.399590438949338305e-03
-1.329462639941817237e+00 1.558196921899019927e-01 -2.857565045162754891e-02 -1.660948145381275359e-02 -2.775846280294314884e-03 2.367888822932803566e-04
2.198239375995148404e+00 7.332529186619694828e-02 1.984469201484198239e-02 5.342329589818207124e-03 1.353223016612848870e-03 -3.127481501163969363e-03
2.452305998975361501e+00 -1.037956201620098412e-01 1.919177943026780311e-02 -3.696843177619832908e-03 -8.085177655781641479e-03 -3.225122217434416797e-03
-1.455839788744295316e+00 -2.580004018906666419e-01 3.457522822858140332e-02 2.326335124547078501e-03 1.111324383580934499e-03 -6.760336593149117099e-03
-1.125177331921597856e+00 3.447332410099537836e-02 -5.388619034564617188e-02 -1.040894743812207680e-02 2.138178371494983937e-04 -1.929051670813316990e-03
-5.740714525035270910e-01 2.985383475035504608e-01 -2.318203899685328598e-02 3.188598387205132494e-03 1.056064302745116958e-03 4.904928849057233614e-03
-1.207799736669827206e+00 -3.514827366152120103e-01 3.845394984540637801e-02 1.554704353629220333e-02 4.991531298763938508e-03 -2.118264871197296940e-03
-5.523573769956910962e-01 4.619360724830697817e-01 5.392249204396309947e-02 1.247893133050565623e-02 3.147679017299238879e-04 4.031113961526654535e-03
6.369863287758870118e-01 2.862218237776041341e-01 2.108503063078771486e-02 9.802925250326142287e-03 2.993458123444495567e-03 1.370097634123657688e-03
-1.967861297746780480e-01 -1.779640587934200324e-01 -2.663265255300118622e-02 -2.115199747272440440e-03 6.043257180999715011e-03 -2.991284124569097095e-03
1.025611204437667734e+00 1.807200450244898504e-01 8.550739817679393895e-02 -5.291418997692947344e-03 -2.090728602792816995e-03 -5.210150057754894815e-03
-5.908930653013654277e-01 -3.366437680608944660e-01 6.625273453783081523e-02 6.780639061819908331e-03 -3.185573165183565314e-03 7.527917496334731308e-05
6.934834118035508865e-01 1.775938029923783135e-01 -4.835899407654433574e-02 8.491734500667886404e-03 8.839564578156960300e-04 3.977837796621740488e-03
-9.370545228335628307e-01 3.737169951371382415e-01 -1.692236685750045030e-02 7.328130099200399171e-03 2.394397023685438755e-05 6.503072729346707527e-03
5.080089643996862359e-01 2.738558343915534765e-01 5.344202114191243247e-02 -9.737404878793591567e-04 2.378176686646896534e-03 1.659006517508648327e-03
2.182240881690838297e+00 -6.807169663170344054e-02 4.644729671901134949e-02 -1.082098431446343670e-02 -2.541332241038486792e-03 -4.080678949413046354e-03
1.196840590978778707e+00 3.601421686137322165e-01 1.221569789264673883e-01 8.646219000962979823e-03 8.087075159607059983e-04 -6.193392900391982148e-03
-1.389244603206931661e+00 -3.848757867117700848e-01 2.206377051865799910e-01 -4.721703174290929617e-03 1.113159448444118495e-02 4.271359595660370601e-03
-3.764918755797650451e-01 1.554040434489286082e-01 -8.684084274111329022e-03 -1.165136010663838512e-02 -6.117553489360500439e-04 4.935379641854026423e-06
2.671998897636979620e-01 -2.158368359817279258e-01 -9.105632556849099779e-02 1.271273624437018086e-02 3.231567759399566961e-03 -9.345630750897547436e-04
9.057319924572513337e-01 -6.228010411789316331e-02 -5.839278536797795627e-02 -2.243782257354934827e-03 1.459724828261778958e-03 1.573902707694619339e-03
1.363460655428205159e+00 -1.383282934399610309e-01 4.005612898692852315e-03 -4.650934963833296826e-03 -8.242845808373934144e-03 -9.106364156661484605e-04
2.924095303083305841e-02 7.658762483764956774e-02 -1.310887417951630274e-01 8.231936924583556012e-03 1.557943781545192063e-04 3.188281743950336939e-03
-1.703266316769024069e+00 -3.537438700595360586e-01 1.371861907427164573e-01 1.157471579692334260e-02 -1.033233812724855191e-02 -2.178419414135290312e-03
-9.777694094047896245e-01 -2.425103059970835362e-01 3.474421286661671937e-02 -1.845669856484656287e-03 7.443089357741220933e-04 -5.387011659470333953e-03
1.364808911382300982e+00 7.418596772039683096e-02 1.483494118361990653e-02 -2.358769603388574925e-03 -4.514938619595052589e-04 -2.333777498302460913e-03
-2.426852591709258711e-01 -3.105745205137862980e-02 -6.344744020814459262e-02 -1.878477736891063718e-03 -3.590609081080084301e-03 -4.135476435490212052e-04
-3.458007990729383141e-01 1.857127823938368449e-01 4.312282566798470579e-02 -1.838928502859367084e-02 -2.045967272894104981e-03 -2.846347010763624632e-04
1.795909020855975591e+00 -9.783764752677019672e-02 -4.230668067443411895e-02 1.626254086636051081e-04 1.560773577860951743e-04 5.664567465482260285e-04
6.443995470777821311e-01 3.935994267725737572e-01 4.386662129309634728e-02 1.990324929397796483e-02 2.016510077200752305e-03 1.944388749335128580e-04
-1.443712179951049945e+00 1.047569450708963068e-01 -1.233562674336716597e-01 -2.731643788914462148e-03 -1.627636276881456144e-03 2.197917742498762747e-03
-9.012916834960101875e-01 3.092738376322657912e-01 5.139857457232547243e-03 -4.799473243544522504e-03 7.859852797431790376e-04 3.785405042111069339e-03
6.166503267599100502e-01 2.049090943491116076e-02 5.677082291823213993e-03 -8.359383043375818306e-03 -5.400494874384771660e-03 -3.525474962359005215e-03
2.366547013292059076e-01 -3.302227472777984896e-01 1.161209810895220407e-01 -9.805716642776159467e-03 -2.202119585416459011e-03 5.329888130631536478e-03
1.794684449781695224e-01 -1.560873068895958782e-01 1.148621997953693701e-03 -4.344349504337241194e-03 -3.838634476994742372e-03 -2.534694651403175854e-03
-8.677390820714023789e-01 -2.230486082249189816e-01 -5.620201562714478849e-02 9.446724862875831644e-03 2.417993346107819713e-03 -5.882003352326543172e-03
1.398138770014260457e+00 4.807086433435106554e-02 2.359924873389165467e-03 -8.294823566437915449e-03 5.693585547424213737e-03 -7.035798045200208819e-04
1.603543503244615032e+00 -2.552099742236763613e-01 7.406037162540682166e-03 -2.081500021234598732e-03 -6.660489787546383482e-03 3.068620553772482065e-03
1.514960136275384395e+00 1.910458716648380517e-01 3.120055143635901487e-02 8.681191943907907993e-03 8.931897141030767633e-04 -1.236658623592365100e-03
-6.503079210050592973e-01 -4.121543127782223426e-01 1.064944487668457174e-01 1.789959721378486801e-02 -7.553993671381722952e-03 5.103067935783634802e-03
-7.002178558085503379e-02 9.812793929127346104e-02 -1.358853036845928796e-03 -1.059190131234070270e-02 -1.951272340710883324e-03 -2.686627471922500669e-03
-7.258742466560788031e-01 -2.289219485546335753e-01 -5.333978538421042109e-02 7.993667142035559836e-03 4.443357279697260354e-03 -4.716057949975143750e-03
6.338935305390640540e-01 5.554426222943597419e-02 -4.512996401664515038e-03 -1.215772561181693856e-02 -6.463115016277201283e-05 3.982994524947879120e-04
3.038798249411643337e-01 1.399780084162616789e-01 -2.368259996803562945e-02 -3.940303473652383842e-03 -1.380760694591088450e-04 1.412245868294178868e-03
-1.119643850066767143e+00 4.800612980455715717e-01 1.113173958786404655e-01 -2.432234721206190386e-03 -9.691265786807435733e-04 2.673164396845224659e-03
9.502137668693526606e-01 1.818993541609165709e-01 4.274704551395192009e-02 -3.611490928080384431e-03 4.164557017782612343e-03 -1.216498353393233832e-03
-9.588701575354421358e-01 3.408424790506841551e-01 -4.499942364635110457e-04 8.026011797302078305e-04 -4.575690038216022782e-04 4.329841181253889573e-03
-1.571804676252824162e+00 -4.286575281577275076e-01 2.123794263136473681e-01 1.698447739878710533e-02 -1.168767495026588324e-03 5.855210245443048279e-03
7.329898091738994426e-01 4.595147798591197597e-01 1.080073324819425112e-01 2.025113180030448448e-02 1.433340448458203260e-03 -5.800276512898403479e-03
-1.385856938600356081e+00 7.242632699590734191e-01 2.059382744498566009e-01 2.614748307862023446e-02 1.635366306824140390e-03 -6.068219649336938082e-03
8.152765032957811631e-01 1.012302563930673749e-01 -5.378689230674876635e-03 -8.760900527938625393e-03 2.063133667375709364e-03 9.633798755859647282e-04
7.551177644545747913e-01 4.536613951290126567e-01 9.663782387775808613e-02 1.912451090372578252e-02 2.911390850118747778e-03 -3.402140066861669958e-03
-9.389744799303808565e-01 1.393018038376788170e-01 -6.115891286166468682e-02 -5.653442777453714096e-03 -4.144567763448368802e-03 -5.032514512979353524e-05
3.415253117548546768e-01 -3.582870130690460342e-01 1.264123339225980691e-01 -8.419092911532416804e-03 -2.872543067821937274e-03 7.542186695768180252e-03
1.396961952685641162e+00 2.630074730400199789e-01 6.203948004931664206e-02 8.087710591348667641e-03 3.534788747196657924e-03 -1.959772164157885018e-03
1.350345662719764750e+00 -2.402206288967702053e-01 -1.234953692944731375e-02 -2.862425640692925401e-03 3.557946980092218520e-03 3.586039377969962687e-03
7.291987636314742893e-01 -1.165129642214632472e-01 -6.892331060074249893e-02 3.612598150598551709e-03 3.840258065697298119e-04 1.656407096567623024e-04
-2.834389881015883170e-02 3.158494742066853544e-01 7.997671491559969412e-03 5.821049700259170109e-03 6.228608039446539412e-04 5.439001408205158643e-03
7.643723872634360372e-01 -2.662647532809213069e-01 2.908587739851390200e-02 -7.169639161670102005e-03 6.441823337219580552e-03 3.039830452258550798e-03
3.058127284206704211e-01 -3.612313840736362525e-01 -1.358880189289676625e-02 1.976021892429644447e-02 -7.672528896512977210e-03 2.215099459277969710e-03
6.283310522255286523e-02 3.922275417799548497e-02 -1.209019874326683688e-02 -1.246233975893353517e-02 -2.418473382785571880e-03 -6.834043408895374685e-05
3.692085525122605350e-01 -1.784045841229161822e-01 -4.246458881300239213e-02 3.964575354489799190e-03 -2.390484476812117145e-03 -1.466139881564980938e-03
3.045160103646287753e-01 -4.770623378681278920e-02 -6.269588810569082238e-02 -5.460701591348314163e-03 5.582190175272463972e-03 1.178359828174115466e-04
-8.588282096234980401e-01 1.867840816694561201e-01 -1.269585891200712864e-02 -1.508306470425803229e-02 -4.583948319407691284e-03 2.111271732769289759e-03
-6.514912174547871082e-01 1.991147556793258500e-01 -1.999290308470160274e-02 -1.130938718441211466e-02 -1.142212039556549747e-03 2.428725445471616694e-03
-8.464067504978149969e-01 4.978549181707556809e-02 -1.051638363897448997e-01 -3.294700536874373316e-03 3.062543982588003619e-03 3.901990120766948779e-04
8.892211189048079278e-01 8.759422730714205851e-02 2.776567345108850102e-02 -9.542482633386634508e-03 -1.121720016218138446e-04 -2.498393633916048788e-03
-1.490411649571359964e+00 -3.505200055940304593e-01 1.450939054538507578e-01 6.262931462655351757e-03 -5.712008538503343669e-03 -6.641009635625932548e-04
1.788006686343074012e-02 2.918312378014769615e-01 5.248463849146923002e-03 7.888285874499830277e-03 -1.161871126134603281e-03 2.598378791330715077e-03
-5.141281507269053197e-01 -3.927016113155763488e-01 1.414866216183244263e-01 -3.826768043410953900e-04 9.947504933942525121e-03 6.539136431936155326e-03
-1.126041714915426484e+00 -2.118820870182055172e-01 -2.527374438097486353e-02 6.030648440229185135e-03 -2.282149455319501530e-03 -6.900782671275916200e-03
1.089269671502463899e+00 1.509232444671300966e-01 7.292732440358419554e-02 -7.548229615710526884e-03 4.210347135600783558e-04 -4.153996559587362636e-03
1.339074471964074808e+00 9.126451945905798835e-02 -5.253545878794561863e-02 1.005078930400778343e-02 2.158512898653028311e-03 3.160763861638286572e-04
-9.827064600019825846e-01 1.231981592629905475e-01 -1.674856427882184806e-02 -1.578863758895484443e-02 -4.122525968978464454e-03 -4.316718860306746727e-04
1.633613257034475463e+00 -2.552403181233187102e-01 -2.979641577494098435e-03 -2.133746579173378261e-03 -2.092692944234962518e-03 4.392762871662658428e-03
1.610714453971612059e+00 1.542518375371305928e-01 -1.137246796600117210e-02 1.402190599608194380e-02 2.197767404899565041e-03 -1.448202495442508413e-03
4.008265365774074662e-01 -3.002877499805787220e-01 -4.946366797376850095e-03 1.066714131710895172e-02 -1.013899696819825329e-02 -9.536318950475042430e-04
-7.353232654000774193e-02 2.289515904412051800e-02 -1.160670995647448134e-01 3.290911674523698278e-03 -7.308484426533312867e-04 2.849046284555782627e-03
1.455086634077652041e+00 -1.195632197480705622e-01 -9.321431461006170205e-02 9.084085074690618697e-03 -5.759373708193876729e-04 1.957874858927125677e-03
-1.359250380440532313e-01 -1.019275864896145856e-01 -1.158088148470756175e-02 -5.277071322738017232e-03 -2.814361128903139064e-03 -3.547640306859205055e-03
1.407042156967609703e+00 3.564043732056382946e-02 -3.395356458991297122e-02 2.083188986104508953e-03 4.452658293910587346e-04 -9.188146373047876127e-04
1.446910868644252668e+00 -6.005743741898218746e-02 -2.675680950530686872e-02 -6.233445222960095483e-03 4.900733555269554294e-03 -2.705349104354352755e-04
-8.388708893613832096e-01 -3.058798550005157879e-01 -3.038386709575734493e-02 1.385188162482743277e-02 7.414318649462688961e-03 -4.062732539124374806e-03
6.667453727983670142e-02 -3.753310174280031775e-01 1.410166706305973627e-01 -1.104897371392928214e-02 1.232702094575089356e-02 8.211656266770070781e-03
-2.114938862063960201e+00 -3.735340567006407708e-01 2.325024688837126763e-01 7.662253941557370211e-03 -1.141175364987756687e-02 -2.657620521284848861e-05
-1.807178285414385188e+00 6.488183863143280605e-02 -1.040391418590896622e-01 -5.978126279907352777e-03 -2.230265475988834657e-03 -7.857619065617169182e-04
2.972844042672714293e-01 2.687676458111251665e-01 6.175714403010768710e-02 -3.109232043446567059e-03 2.485163876091736786e-03 -6.796624790867237826e-04
-1.712734020071616126e+00 4.656887621726484017e-02 -7.825482450040174842e-02 -9.204239379767715015e-03 1.510125678542076225e-03 -2.925558628680546402e-03
-1.172370004918919850e+00 3.521153457354052052e-01 -7.217861544829401454e-02 1.176249807229348514e-02 -9.996454600957531238e-04 7.307801995066526626e-03
1.535969029161916299e-01 4.398892088202037698e-01 1.191629264085556916e-01 8.297567295921390307e-03 -9.032091894341600681e-04 -3.052157598763332105e-03
1.059008265583077257e+00 -2.804694748121084880e-01 -1.015601047753422574e-02 1.460440370362231901e-03 1.679529295983357316e-03 3.546378041241193390e-03
5.810781439610491345e-02 1.071025725385637423e-01 -3.206809823670753179e-02 -9.639720788176101701e-03 -1.566374508044069422e-03 2.075532606591010219e-03
7.052054954422806166e-01 -1.616203188828410908e-01 -5.190109874446927757e-02 -9.199036609103552163e-04 7.548934613833014132e-03 5.059556507587944976e-04
-2.286212021540207917e-01 -2.087988052353866031e-01 -5.160622274026598066e-02 4.497751093762139898e-03 6.565492903110938493e-03 -2.896111935477340381e-03
6.767797209629233812e-01 -4.119364609283945877e-01 1.323285783011302619e-01 -5.266854866795529951e-03 1.062737168498623271e-03 1.291228894227347893e-02
6.878876572230145127e-03 2.572938630408888039e-01 4.153672705217278938e-02 -6.590623035387980187e-03 -1.418171587112352413e-03 2.641151203640937015e-03
-4.105693193385315243e-01 -1.780324811967172738e-01 3.105263114884739776e-03 -7.726573582463604727e-03 8.609936018080337899e-03 -4.203550758021221655e-03
-3.267542873689101568e-01 2.789197726493375384e-01 5.631381592704201577e-02 -8.841382952914885948e-03 -4.054540346260978798e-03 2.238337698738407811e-03
-1.460126259161569573e+00 -3.152514369023024510e-01 1.382791968652936077e-01 -4.084026533223340631e-03 2.158918319254180072e-03 -3.206991652165733925e-03
-7.601205962651265136e-01 -4.399960643547436989e-01 1.845925834854166281e-01 9.674591447982501535e-03 5.077349924117594178e-03 1.040746815317897950e-02
-1.172683986030602921e-01 1.163875486418132904e-01 -7.784302612458440795e-02 -2.405264494500436966e-03 3.600918317960300277e-03 1.991380712072944505e-03
1.196557492304632930e-01 -2.489374741055142559e-01 8.353165604840397107e-02 -1.420071818712165257e-02 1.954108343711544443e-03 6.639861792791567144e-04
-1.717117640823232483e+00 3.229354951338111457e-01 -6.754451012172252300e-02 -4.802316257678711860e-04 -3.923049913025057969e-03 5.959194327060793502e-03
-4.717485899729826904e-01 1.755692665723564694e-01 -7.363059994521035934e-02 -2.199047084288445128e-03 2.005411355701109104e-03 3.259230784634228797e-03
-6.994439826227616397e-02 2.411344734565904202e-01 -1.473689132867797742e-02 2.623655195446298379e-03 2.175313921584473131e-03 1.948644759665753507e-03
5.560102738214767193e-01 2.504506478685572524e-01 1.928145481304327849e-02 1.885500298121942303e-03 2.348998255704595230e-03 3.299716317639601101e-03
4.286387291705361924e-01 -7.789423946577032909e-02 1.599456141794487404e-02 -1.392955037140392559e-02 7.636495483325791370e-04 -1.771963890140628621e-03
-8.490552539821888400e-01 4.521805316182788137e-01 1.089334660246506076e-01 -2.581985263671625515e-03 -5.586184657292978840e-04 2.118524223943346173e-03
1.180422266125808362e+00 6.833246892640019998e-02 -5.396138649880106997e-02 3.358542305392509843e-03 3.808478116700705213e-03 1.218800295192949646e-03
1.424315390670772563e-01 -3.341641900120823072e-01 -1.642626148576920367e-02 1.865005395560831100e-02 -1.039805666587277980e-02 -4.121890754078117022e-04
1.626249033077485640e-02 4.967126758248781582e-01 1.269858041878567378e-01 1.024405649550461095e-02 2.212917144214728276e-03 -1.775458456568452907e-03
-2.600724223242841249e-01 -3.322614166031849781e-01 4.522277977749868116e-02 8.775416407291913162e-03 -8.635640172524629982e-03 3.594472743972053591e-04
2.164095985980249104e+00 -1.370567580146350717e-01 -2.918258041558722746e-02 1.805597494701499965e-03 -5.968475296877428886e-03 -4.083912611867334015e-04
8.383311582043223575e-01 -2.815144419556377953e-01 4.128398213322797411e-02 -8.790917922303083387e-03 7.727532666531851044e-03 4.039182341459070756e-03
6.592647092821454780e-02 -1.521325767014163055e-01 -9.677922134019353861e-02 6.826028693318486433e-03 6.877908245433691885e-03 -1.156191898641882685e-03
2.136471665908939777e+00 -5.328221662389159841e-02 6.722250108910195893e-03 -4.540155526017202597e-03 -2.863457325547122921e-03 -9.987119547104517537e-04
-9.366815127181749023e-01 -8.453851519032817841e-02 -8.943265767565967972e-02 3.694974957819060352e-03 -2.471561284628319335e-03 -3.456184432236132469e-03
1.097034459994092659e+00 -7.870099222320504906e-02 -5.490499038043035462e-02 -6.916034275680431169e-05 1.347165362252983789e-04 1.167642070397303640e-03
6.891221176912610824e-01 5.008252433639658330e-01 1.560126194354009288e-01 1.764214727666472277e-02 1.825954532923321216e-03 -8.325007139282624216e-03
1.007833204505119262e+00 -9.765480332865079938e-02 6.473714835666448397e-02 -1.641353394952132366e-02 -9.685812976319886289e-03 -3.460311675808279332e-03
1.331234496821889879e+00 3.704293492399681614e-02 1.509567490525358206e-02 -6.564831162327639316e-03 -4.086077913233139743e-03 -1.039744844225736192e-03
1.034262128541036274e+00 -6.228043515722963414e-03 -2.176609869482062226e-02 -9.610306123424396454e-03 2.212772311788319991e-03 6.941041417833447970e-04
-2.811362347667337724e-01 -2.766986987464401526e-01 1.612710239397314657e-02 3.981822558952319638e-03 -1.203949186264845726e-03 -1.818746548721161599e-03
1.218342118679001995e+00 -1.379024496049106874e-01 -2.108240061925366338e-02 -5.625335026551800226e-03 2.287221228668193627e-03 1.017458576381972480e-03
1.487280285988598072e+00 -1.324149754233899245e-01 -3.372344323403332622e-02 8.144223142002081448e-04 -4.510333182190393898e-03 -3.171578834264755407e-05
-2.325961587218968174e-01 2.730469667101612652e-01 -7.566158604539492162e-03 1.422826115484446740e-04 -1.794475306372356757e-03 5.625459999278311328e-03
2.679759649871068516e-01 -3.004597353188223630e-01 -5.040123441450923558e-02 1.728555370746331921e-02 -5.081809401086854333e-03 -1.170544914809318337e-04
5.433392031264695499e-01 -1.821014106409626354e-01 5.962089951210582106e-02 -1.777917765076670806e-02 2.742828681797968449e-03 -7.268374137527005381e-04
-7.965077281848923496e-01 -3.133535457573709548e-01 1.006766100253285584e-01 1.316810836799874691e-03 -1.028051942575546225e-02 -1.801949543651078321e-03
-2.250530409121430098e-01 2.382673525626119171e-01 -2.619324638549992007e-02 3.994978583077038632e-03 -4.270071053089022502e-04 1.843447692339928020e-03
-4.549169550450814226e-02 -1.419130418020314310e-01 -8.898843187343048744e-02 5.137502024940429450e-03 6.794215216528950302e-03 -1.742014701955170051e-03
1.157837833042657749e+00 -2.982616098682396855e-01 -4.132523959415287246e-02 1.190158528188747615e-02 -6.387331867026111928e-03 2.873039778923524180e-03
6.924521858447111322e-01 2.496013690864696266e-01 9.000713429219438233e-02 -3.225069811364016017e-03 7.898010350192516274e-04 -4.248593676338915590e-03
-1.748715397330222521e+00 -1.348527169646393797e-01 -2.702802462049139903e-02 -6.095794291696202648e-03 3.346786930725069095e-03 -8.351798901699476058e-03
5.138827239800536351e-01 -1.254905543632661713e-01 -1.066160530858945993e-01 8.453172235520845998e-03 1.470750517380709074e-03 1.558930844064551581e-03
-7.455183606387710826e-01 -2.578193156189423352e-01 6.899101313044384010e-02 -6.067866764505627959e-03 1.484964518693091158e-03 -3.482464021562306413e-03
1.046545180563970501e+00 -3.769194070611607272e-01 3.898677107822311194e-02 6.414727398611221564e-03 -6.422301013757141311e-03 7.889669765188667833e-03
-1.019317179658767447e+00 3.799111697525985876e-01 1.240641768371143240e-02 2.365168213920084295e-03 3.727468923833473103e-04 4.858780961467187159e-03
-2.571694667865361827e-01 2.399846393731480676e-01 -1.995552264012145569e-02 -1.948062607638505672e-03 -8.843420197036346497e-04 4.596369217669299574e-03
-9.153765403337598139e-01 -9.500530589164826734e-02 -6.034990291503591203e-02 -3.224099609691063063e-03 2.866161060097153265e-03 -4.265141379133798212e-03
-3.490194980434039862e-01 1.043876107422405802e-01 -5.601700616942403149e-02 -8.801154671855703285e-03 9.511210937806439253e-04 1.482253185914089895e-03
2.175860623587336576e-02 -1.521872885902118000e-01 -1.167616219773245229e-01 1.391967461202451954e-02 1.148775405706571519e-03 -1.888087877967302691e-03
1.059011063167321742e+00 -2.762925635779383063e-02 -5.411005314234326041e-02 3.442991280590928811e-03 -4.312347205736290212e-03 -2.018221318575204141e-03
1.188603658326446322e+00 7.658183145989976015e-02 -2.074955868938354459e-02 -4.362293713505984924e-04 2.638272401923964262e-03 -2.685015396527665210e-04
5.229587987681313388e-01 -1.416598748225869064e-01 -3.697410839914182928e-02 -1.584539035494324536e-03 2.030909298319609046e-03 -5.802176044486261931e-04
1.111460996063015738e+00 -2.041704073764779581e-01 2.408075649096525980e-02 -1.077283935644905884e-02 1.716916392502789357e-03 2.384524864640298007e-03
8.902530064300216983e-01 -1.364888101855920577e-01 -5.698575971464848317e-02 -1.448714585058494091e-03 5.445722108692475222e-03 1.311952428522146497e-03
-2.777352212697434264e-01 1.609097670570982797e-01 -8.237230564675154798e-02 1.716389350757545427e-03 9.147703227028779541e-04 2.986984661350683672e-03
3.625160938909062769e-01 1.426822108440490844e-01 -4.524732219379615228e-02 2.045179842275686964e-03 -2.067055413149848468e-03 2.183050431601542447e-03
-1.221519119694890909e+00 4.441059550339363643e-02 -9.851695880734387401e-02 -4.338321158051277812e-03 -1.743475022328936199e-03 -5.326903968592545897e-05
9.063016341303075096e-01 -5.141898688370195175e-02 1.877639301932478716e-02 -9.116541975528425976e-03 -7.780160175917443313e-03 -3.784044002723797612e-03
-1.227284089067499862e+00 -1.553878774717143071e-02 -7.906445146838350646e-02 -4.008552931146308791e-03 -1.009688832689600675e-05 -3.068456910997218422e-03
1.099843525625119778e+00 -8.506859550995422847e-02 -9.282372535515416578e-02 8.183458343397195453e-03 -7.596780900545603392e-04 3.839856511809102910e-04
-1.190877344993964471e+00 -7.124821117176684260e-02 -4.719439295138740109e-02 -6.231398361394771719e-03 3.432268356898969183e-03 -5.579740350075949699e-03
1.138537847523004132e+00 3.913642249599026679e-02 -4.994166390172946612e-02 -8.306980475896376826e-04 -1.024161701638072019e-04 2.228741707063765839e-03
8.459411850277825939e-01 2.962010554783434668e-01 7.195484361726496580e-02 8.601920801787782747e-03 -1.031855109310044231e-03 -3.130324596591774113e-03
6.121562112723666349e-01 -2.651546263808531312e-01 1.810648398654734689e-02 -2.781842064193826985e-03 8.591443030267603134e-04 1.832256929553692688e-03
5.370054427323580626e-01 -1.272892844218292407e-01 -1.340916306574391204e-01 1.703295191886978338e-02 -1.128217612668295155e-03 -4.314754769556484906e-04
5.369160112471382806e-01 -2.794814197863055849e-01 1.030604570872688391e-01 -1.654285750721407044e-02 -4.530577891607796208e-04 3.627163422232064071e-03
-1.897991222945123735e-01 1.702961907925811258e-01 -3.842725136766647620e-02 -5.722697989496456673e-03 -2.465727155467404598e-03 3.689107772137655093e-03
1.538879208807391707e+00 -1.593635570299830329e-01 2.822662190272736543e-02 -8.319331820350888904e-03 -9.124475168833254615e-03 -6.380003326581345493e-04
4.505329657478224226e-01 -6.091481572233584108e-02 -1.120270889430243777e-01 5.836532766705852630e-03 2.473795762685924819e-03 1.736840311429354005e-03
2.153014685746011125e-01 1.529093031411829784e-01 -3.736525045878475587e-02 -4.063864149102078271e-03 -1.236251980061056242e-03 3.686284819461649754e-03
6.717902974154517370e-02 -2.363672548343053181e-01 -4.939019149627430633e-02 1.201100272563778402e-02 -6.263845754430426641e-03 -3.334692044183646970e-03
-3.006941730240251243e-01 -1.923596429680484721e-01 2.007631207259243794e-02 -5.621936545516869645e-03 -6.787414250651289949e-04 -3.454172070366956764e-03
-1.045844086827473207e+00 -1.592014689716005349e-01 -1.781806036104571778e-02 -2.693760438006808679e-03 2.274270354106216682e-03 -6.771055056503017325e-03
-1.616453365647584794e+00 -4.927313392940563253e-02 -8.381714425755541764e-02 -3.340670706283472690e-03 7.392265890023954136e-04 -4.743368984670110616e-03
9.391212195511638994e-01 -4.729447583832442625e-02 -1.799982256391338339e-02 -1.047440159003748192e-02 3.802692542796574492e-03 3.500338757351913145e-04
-9.818881724295972502e-01 5.829537732084335427e-02 -1.280901658646942387e-01 3.394427030347056131e-04 7.800360202349446983e-04 1.631153081370917586e-03
3.292090474962935387e-01 -2.232123299740430833e-01 -1.028769247471208181e-01 1.611327752267939506e-02 2.327754588056891126e-04 -2.461472102404649569e-04
-3.350181600695031903e-01 -1.379663409704901533e-01 -4.939261398044009210e-02 -7.358560118832943803e-04 4.721230593668426789e-03 -3.189419075122042896e-03
1.011501937688902730e+00 -6.959295571941109815e-02 5.044144428642857031e-02 -1.645685235347518413e-02 -5.073824051976017456e-03 -2.557472673939572422e-03
4.141340974761577032e-01 1.829007159898899115e-01 -2.393088869890437620e-02 -5.127826705754364714e-04 2.876303812464393699e-03 2.920958328576581716e-03
-1.525838982961034818e+00 -2.902489125066122222e-01 6.042416797713566490e-02 4.168219123305943498e-03 2.440566595566865272e-03 -5.846063441740471760e-03
5.939673125241179408e-01 3.285277746062285620e-01 1.358879039697943047e-01 -2.403791677999963204e-03 -6.904247310163273612e-04 -5.935420988619732365e-03
-4.676921877662330584e-01 4.444352542558151486e-01 1.000584169283966901e-01 2.584430467541488138e-03 -1.233280244508481614e-03 2.663071584087121045e-03
-5.042047733513722596e-01 -4.005156241518513238e-01 9.103157293521624283e-02 1.463625039415866746e-02 -2.822973489071484154e-03 5.265860114773353827e-03
-1.729413272896326736e+00 -2.457648101250193562e-01 1.566059478496678592e-02 4.585219248936961076e-03 -9.259863008256006027e-04 -7.628758227390476480e-03
1.531776098209083115e+00 -4.565125647390508995e-02 2.424194883896214556e-02 -1.266723295638142593e-02 1.375927958329396621e-03 -2.149083894755771627e-03
-8.672083209387777825e-02 -4.032143491947737801e-01 8.894104340041074364e-02 1.111497177425960388e-02 -4.737327107455112894e-03 6.893408574030885499e-03
2.453891346308434696e-01 1.189177839423629377e-03 -1.152340201482016935e-01 5.866896390178417270e-03 1.980990775780825232e-04 1.995707300224681263e-03
-4.302230385248027034e-01 3.624926230409921124e-01 9.878308620469358758e-03 6.931223753291635044e-03 2.028714259114528483e-03 5.056752004036789427e-03
1.077768322516066274e-01 -3.678608081010414921e-01 5.312917550921695403e-02 1.013409748968750572e-02 -6.863082438067907853e-03 4.019254111244324398e-03
-3.658248053772521491e-01 1.235848616979924597e-02 -5.355525253136186187e-02 -4.000700342390316883e-03 -2.116562232134583475e-03 -2.044530186724863134e-03
9.292152722797456521e-01 2.611876665314852991e-02 -9.268021450418117979e-02 5.616569766010144280e-03 3.025981957037657093e-03 1.485090617573319415e-03
-1.672318490776490751e+00 2.420993973732476767e-01 -5.595969661107708104e-02 -8.888863736394766665e-03 -5.076661069179018958e-03 2.164168991002464720e-03
5.636897543647423348e-01 1.499649916970663410e-01 3.162429623551475666e-02 -1.245214338746537981e-02 4.632622841897149520e-03 -4.127865853025695420e-04
1.020186943032356464e+00 1.992874064784243837e-01 -5.194415444340264032e-02 1.867436876160883871e-02 2.751371113186540721e-03 2.304066384923967280e-03
-1.866739329086717802e+00 3.469256061562493443e-01 -7.002827684143701770e-02 8.889049970571613743e-04 -3.669010356497933497e-03 6.536019332066136424e-03
-1.231731699543940239e+00 -4.354098654237337773e-01 2.578612125785418319e-01 3.721113762555354216e-03 4.951011848624440638e-03 1.051301070060288619e-02
6.974692497204135755e-01 -7.465000460141394886e-03 -3.373821532817099927e-02 -6.535236322077564095e-03 2.534255889024385807e-03 -2.597536016709885219e-04
4.657766312929380037e-01 8.749297664458538515e-02 1.548632013250622781e-02 -1.267023820648345220e-02 8.201352582832696029e-04 -1.474671471181098793e-03
1.918997018032728430e-01 -3.826399826026589124e-01 1.779265050739347459e-02 1.811516785387165540e-02 -6.817418908334150519e-03 4.465424176405948832e-03
3.160128033642581324e-01 4.453557526184730858e-02 -1.729846641819361274e-03 -1.194819246907819973e-02 -2.892122606428204103e-03 -5.114056590687145751e-04
-1.042535013621437523e+00 -2.475973771090280717e-01 3.588896449318796505e-02 1.163186173490068529e-03 -3.230619469941461725e-03 -6.447498613513268258e-03
-2.079607372949742849e+00 -7.804303959920629030e-02 -7.590552198819858210e-02 -3.447372126812627870e-03 -1.392112231510989236e-03 -6.573715990924631353e-03
1.339668735084697637e+00 2.541754497430644966e-01 6.930135422805400180e-02 6.847241072498256968e-03 2.796714506354427195e-03 -3.367857788430338086e-03
1.763375291847789073e-01 1.297568061577073217e-01 5.157007466273828833e-02 -2.213624030394810427e-02 2.587977852284115664e-03 -1.503203771173811272e-03
-4.588445826793894899e-01 -2.669389907124326555e-01 6.104845352751650522e-02 -2.781523983653062370e-03 -5.956064200700267666e-03 -2.505634753949196117e-03
4.655476350136199537e-01 -1.191371050108319118e-01 3.420944685987818007e-02 -1.355270250941320066e-02 -3.253694116051638902e-03 -1.149220143799881567e-03
1.979301078198414832e+00 1.591088676933934826e-02 1.265444744432934338e-02 -3.574759410790588447e-03 2.734703978208461936e-03 -2.284213234216529633e-03
8.987831173903820803e-01 -3.263176473986618142e-01 1.976721649033602243e-02 2.656077746013750952e-03 -1.112877943347291738e-03 5.238739263165765291e-03
-3.384882983104302578e-01 -2.392517059421043479e-01 5.911080864318560973e-02 -8.664016666561849198e-03 2.223550045782773758e-03 -2.261600480594129058e-03
-1.432855840002384307e+00 -6.468295674345331259e-02 -4.823682345722281328e-02 -5.648574440482955622e-03 9.553492995175880088e-04 -6.687698778797859268e-03
-5.155100959886049772e-01 -1.282877959008331958e-01 -4.442944550216871430e-02 2.305570728919382215e-04 6.525508862892712538e-04 -4.604589381483950410e-03
9.666746883610327634e-01 -2.193354421197935555e-01 -3.804165692498211876e-02 5.986080633555389101e-03 -6.086900203468746315e-03 1.456306202271975088e-04
7.409398862045182277e-01 -1.806558460545636124e-01 -7.698392014076617385e-02 4.445341552000855838e-03 8.145193312017436418e-03 9.150433118796258989e-04
-5.767414102006158672e-01 9.865933984430053094e-02 -6.117344207532360301e-02 -8.497128711504197199e-03 -2.568995086434117375e-03 1.870164919086917798e-03
1.617015752842621001e-01 1.164008878744010739e-01 -5.981504083042068348e-03 -9.079801255795386800e-03 2.152167843345128320e-05 -9.063730371134529670e-04
2.138505986928941269e-02 -1.352598457684069111e-01 7.027265280798726706e-03 -1.165816530835357689e-02 6.878788169813780488e-03 -2.483756341024474876e-03
-1.074327362644763140e+00 6.048690823089114543e-01 1.102014686121500220e-01 2.075996602840686836e-02 9.909247747245148071e-04 -9.310061863953388982e-04
-1.888822051825316706e+00 -9.926119868018325187e-02 -5.540541801666799826e-02 -4.542170385634116542e-03 8.393038565109436694e-04 -7.308868177905523261e-03
9.519322699309216151e-01 -2.522784928394412596e-01 2.539211446568472724e-02 -4.966879338036771750e-03 -3.050443267547381723e-03 2.897044909518999706e-03
-3.441554187573142576e-01 -2.202446460862802491e-01 -1.283112178926622271e-01 1.834172861168847576e-02 4.096446033309233958e-03 -2.436255670050977394e-03
5.273824198763620297e-01 7.266120965295005951e-02 -4.942915480667296052e-02 -2.740265304069474869e-03 1.689119097579546000e-03 8.680562296809364586e-04
6.316534486615350552e-01 -1.514438884304448833e-02 2.424291183280119846e-02 -1.595765436288786726e-02 -1.606089219331499141e-03 -1.009666407657403269e-03
1.272466734282624357e+00 -8.824784730556121948e-02 3.046645213989030918e-02 -1.300526944359963778e-02 -3.096833183094185003e-03 -1.200701542912785240e-03
-4.926768554731618399e-02 8.624140284951729851e-02 -8.063170266524997964e-02 -2.030642897116607167e-03 -1.684768524387586204e-03 3.029735280977547632e-03
7.781772638101783768e-01 1.540125605764823269e-01 2.259595189406228555e-02 -3.305827142124358187e-03 -1.212090411916109597e-03 -2.778149043795404200e-04
2.472077438670026439e-01 1.967964689080803006e-02 -3.236986679900414471e-02 -5.049798412402580275e-03 -3.475894913569655027e-03 -1.625901492638074991e-03
-8.370485614743605751e-01 5.260347006602335979e-02 -1.516963718449984289e-01 3.445804736639660089e-03 3.930775930635879191e-03 1.967324668894972726e-03
-1.347424976148441811e+00 -2.066525045866158816e-01 1.520230267462928733e-02 -3.658941024533905045e-03 4.355555796722838414e-03 -7.750595217068331072e-03
1.160412618699199649e+00 -1.097308616697489497e-01 -4.393636043754428622e-02 -4.192474749497724154e-03 6.391464096989553020e-03 6.727031640521009782e-04
-8.440753807932374064e-01 2.699802842627357369e-01 -1.604647169561157841e-02 -4.449585360558796186e-03 -4.056773324600427763e-03 4.161286973910998006e-03
7.108740162227265014e-01 -4.274749401475581162e-02 2.468946939044653482e-02 -1.343966610482320335e-02 -3.181151350413369879e-03 -2.246777969691781448e-03
3.901402934001734213e-01 -8.980755971716795905e-02 1.191385353773368426e-02 -8.772021208918409987e-03 -6.177174341235836148e-03 -2.799113923184596252e-03
-9.051181638144719654e-01 1.597733301472242795e-01 -4.007095793266948064e-02 -9.543523921957324657e-03 -2.448330821338046484e-03 4.488946735065211857e-05
1.741201191219837463e-01 -3.596849843598153296e-01 1.412143041394726961e-01 -1.232136675447871067e-02 5.521128251026558194e-03 8.250424056370378109e-03
-6.160859992934492047e-02 -3.571527679260955157e-01 -3.685904481847896482e-03 2.086676959666414546e-02 -9.737774629333693921e-03 -7.909088367788371906e-05
8.958506876964542065e-02 1.421884565026039189e-03 -2.338653640381541457e-02 -9.292217638764600426e-03 -1.340800668263842114e-03 -7.951846635101165279e-04
4.044337203031838635e-01 2.770007749727442237e-01 5.973179401493469709e-02 7.161686381049190472e-04 1.398555769742550572e-04 -4.426139950939985334e-04
7.174235411876662971e-02 1.986550705266212635e-01 2.306574317970114599e-02 -8.461540125043817348e-03 -2.539843412094793581e-03 1.468182913525642886e-03
-9.630302574054652176e-01 2.219963985227371428e-01 -6.575943023193071835e-02 -3.195806260361205939e-03 -3.837583539373313687e-03 4.348179812115121438e-03
-5.937821308232247297e-01 3.462263690571291685e-01 3.941302709479805461e-02 -1.882453106527913088e-03 -2.904685578979535271e-04 4.009214668133598454e-03
-4.125565218062708928e-01 2.865534759142707721e-01 -1.481164901360192306e-02 2.828838878193815163e-03 1.005299359952968770e-03 4.054505391943201767e-03
-4.903027630627577182e-01 9.735597690937713988e-02 -9.450900450702420796e-02 -6.733776287501143246e-04 -2.888054568738627950e-03 2.551668938422436538e-03
-4.198420954203327393e-01 -3.126120651061334854e-01 -6.316793163167771195e-03 1.190983745713699790e-02 2.823994848748812361e-03 -1.199232443498531898e-03
-7.655994129367638124e-01 -1.123695142296487620e-01 -7.613034277321678589e-02 -1.211563912545845340e-04 6.387802127507849481e-03 -4.277631131981050709e-03
2.088984863224653543e-01 1.209322901452300897e-01 -8.733176714709489641e-02 2.542845038012100153e-03 -7.622176937836963291e-04 4.374227477754562103e-03
-6.015913177065558282e-01 1.413746074692651400e-01 -4.251041137799659725e-02 -8.705446449825191349e-03 -3.504203675826437353e-03 1.453051093953314438e-03
-2.757274700772027742e-04 1.995566976193607622e-01 1.598551064969326585e-02 -3.360010078800618021e-03 -3.872671517811192201e-03 -7.999540751631838012e-04
1.305788577691387786e+00 -1.110849180132572611e-01 -2.936822527285362291e-02 -6.154006396203716596e-03 4.316274318600111723e-03 1.281444422654782339e-03
-8.667220359187300938e-01 8.284176250592211995e-04 -1.112978131922669062e-01 -6.426684547279188330e-04 4.049862624653722404e-03 -8.047480428788358854e-04
-1.106396412436059240e+00 1.954286444284380198e-01 -9.823296133738015912e-02 9.442477337043050489e-04 -3.560774424426975393e-03 2.756728742016327244e-03
8.290106342833707398e-01 -1.657836271472460932e-01 -3.568857545918020790e-02 -4.053774651291335539e-03 8.449492548996719032e-03 6.022240740567238061e-04
3.065081656233107910e-01 -2.854916797076849089e-01 2.931219594634441525e-02 -3.351665498549002194e-03 7.335831088668128518e-03 2.018720212741437637e-03
4.600938963444715091e-01 -5.279533273707674029e-02 5.558792912929702568e-02 -2.055576984281496863e-02 -7.366026823690749199e-04 -2.928883954094020116e-03
9.977029827033211395e-01 -2.028562442866212179e-01 -8.987015500198919371e-02 1.171109679662665597e-02 4.187494332713542311e-04 1.681917756065845568e-03
1.575881718072242643e+00 6.976489755375887836e-02 5.043076025455085071e-02 -2.741091776893514118e-03 -5.458726010079105635e-03 -6.222407510757801616e-03
-1.704180623782966197e+00 2.451091650563457999e-02 -1.171181546352443315e-01 -2.301530897155868675e-03 -9.186226147580272682e-04 -1.690263614371646447e-03
-1.031812409418687571e+00 7.896988413230257575e-02 -1.076133244548159451e-03 -2.043106818175568704e-02 -2.401728607259544408e-03 -1.586094940068700533e-03
-4.412821278204410724e-01 2.284199146869953789e-01 -4.564241739327092040e-02 2.134120293306738907e-03 -2.338413514702464367e-03 3.281561510308905055e-03
-1.302298853830596181e+00 3.970834566042200087e-01 1.105876062746086706e-02 2.375415940507180027e-03 -1.666311278380616916e-03 4.753756693393102958e-03
-1.196495101740596700e+00 -2.073850882364988435e-01 -9.867277280264034455e-04 -1.178374680537319901e-03 4.652544516097612340e-03 -7.302610832758443110e-03
-1.307233180546198970e-01 9.984878250752204920e-02 -4.948549130856404882e-02 -6.645230256065223946e-03 8.191200600146551422e-04 7.783228978224367503e-04
3.070217812312151517e-01 2.793589347877156182e-01 2.164190926458859146e-02 5.228491066181886401e-03 2.132152671592532894e-03 1.651828151907025304e-03
-1.758946854989418829e-01 -2.141475304458709261e-01 -4.977446835974733835e-02 7.790280347402257256e-03 -1.350272640382010675e-03 -2.583370568607056168e-03
6.714243531290708944e-01 -2.734377222732587431e-01 -3.180436158162100457e-02 8.219407598237235546e-03 -2.190261197894980555e-03 1.380275347724034931e-03
1.556228803507636815e+00 2.401698059849035061e-01 3.622978568884509601e-03 2.044414458193109102e-02 3.906453647534204043e-03 -1.684480403061637153e-03
-6.728684856242342915e-01 -9.592673349489187068e-03 -9.758562925834513013e-02 3.351013711166110718e-03 -1.854644001446299371e-03 -2.117890797539640543e-03
1.633793500113657204e-01 -1.322856127411456972e-01 -5.698925796896510410e-02 5.713690645871812197e-03 -5.785111425903316854e-03 -2.588137955635283916e-03
7.916196031457178872e-01 3.473417922538058478e-01 1.022994450784956988e-01 7.520476336814264744e-03 1.068814329567938873e-03 -5.072353972909642537e-03
6.448981233515139744e-01 1.370359386084971376e-01 -8.633762919974867500e-02 1.091783415384348262e-02 7.671308561110851089e-04 3.754446839787674555e-03
2.847425259757017935e-02 -2.789358445089929472e-01 4.154608903482173710e-02 8.726471229036918305e-04 -8.113954781331131350e-03 -1.054457841464526494e-03
1.585075817818659916e+00 -6.759853311309454993e-02 1.144270032207510106e-02 -1.054534260056273071e-02 3.612614568747380566e-04 -5.575454016753032642e-04
1.710005694987239755e+00 3.397733466488502690e-02 8.966880461208952963e-03 1.793543769010147752e-03 -3.876581540834982739e-03 -4.874504251136781499e-03
