2.310228152990242645e+00 -3.451429980720029378e-01 3.625435726369009015e-01 -7.560580196732926729e-03 1.153391177337671075e-02 5.257889544244573853e-03
1.108275092637548198e+00 7.066361514379736197e-02 -1.764652567065315703e-01 6.642536647421673664e-03 2.357074500901646351e-03 2.721819489757347412e-03
-4.093789735441216715e-02 -1.585327426127224326e-01 -6.754903689538728495e-02 9.084128000528641708e-03 -5.524768735864035718e-03 -5.401810140190949940e-03
-4.643076539895731325e-01 -2.445437410688940660e-01 -6.651194853057391942e-02 9.885986417916070926e-03 3.356283288701115801e-03 1.739953778423227544e-04
-4.658815979270547469e-01 -1.442932276571472494e-01 -8.015109519519188208e-02 6.982358024102497049e-03 -2.301001795723640680e-04 -2.644046987243259521e-03
1.461032087451039851e+00 -3.323997632049634499e-01 1.694618056101529491e-01 8.432798745616866889e-03 2.245422853655289425e-05 1.744625439937720667e-03
5.209386279021407246e-02 3.339629498750308900e-01 7.672830888650668257e-02 4.485951139800348664e-04 6.067621622881550847e-04 -7.362068811032529587e-04
-1.129842184151861884e-01 6.727735316353802841e-02 -7.380990400876129287e-02 -1.162184064747115355e-03 4.578051476576522577e-04 4.498951387914519248e-03
4.495696585549172619e-01 1.581111781418157239e-02 -5.091927559778138684e-02 2.854100922099924017e-04 -5.493651336349060152e-03 -5.606080903613125561e-03
-1.468733725860445150e+00 2.317880826804999128e-01 7.404752978603672264e-02 1.308894429944721695e-02 4.617819630538124755e-03 -3.955891062994948242e-03
7.243209974780085991e-01 4.734598692030912437e-01 1.418563226958278745e-01 3.854176972585842981e-03 -2.591156843871963468e-03 7.954988106678168979e-04
2.264074835573179623e-01 2.842031221072021663e-01 5.001393701887570792e-02 -5.782942228445574206e-03 -3.103640817971634394e-03 3.238951192429659126e-04
-5.020997484709992520e-01 -3.036949013688802212e-01 1.115726486511442288e-02 6.974518877790191092e-04 7.607620758155973599e-03 4.426355255127587332e-03
5.749280183195986105e-01 -2.980845965122655428e-01 -8.393829179570889629e-03 1.623962956711496458e-02 3.998085131768532030e-03 5.972638834639721218e-05
-3.278227503021355904e-01 1.088295220184786610e-01 5.807108724827942520e-03 -8.418674051244367379e-03 -7.781565241958421234e-04 -1.335008959618877141e-03
6.116367445173183093e-01 4.111351975254137203e-01 6.070248148352859474e-02 6.646696251040084234e-03 -1.519632800299294427e-03 3.862847338454889639e-04
1.259636303672731217e-01 5.304096029771000476e-01 1.416906944392027079e-01 2.536292368372627254e-02 2.252171405339053849e-03 -1.010593865364185643e-03
2.575174196085786571e-01 -6.934265906932390866e-02 -5.606229211848667848e-02 1.374124141029225196e-03 -2.668981296878618435e-03 -6.034292053440582816e-03
-2.395367957151612603e-01 7.175754191339724086e-02 -7.362747070811483108e-02 1.558234812168204789e-03 -3.792513724343664735e-05 2.867795353515767681e-03
-7.780542505842094059e-01 -1.600334061527297347e-01 -8.854315672415022376e-02 9.545160472123226381e-03 -2.052012607283741717e-03 -3.987097165438470642e-04
-4.026564198602377437e-02 2.523607703734028970e-02 -1.029159545563321509e-01 2.296658625944407884e-03 4.837438181950078596e-03 2.391244831396240479e-04
1.823299954940116097e+00 -3.007790009597718361e-01 1.417451153175103562e-01 1.302737568305269156e-02 -4.885298900290902316e-03 1.345514810328892223e-03
1.653018343598588125e+00 -2.677227607910907525e-01 9.859505999584919356e-02 6.975860328142909073e-03 1.735672589029073299e-03 -2.509259106390836908e-03
1.254275808298918271e+00 2.074128882829067155e-01 -9.125902979364482193e-02 -2.322027060691296985e-03 -6.921475097673795117e-04 1.027391033613757722e-03
2.088257774872082362e-01 -9.213717619466503528e-02 -4.497332412170789578e-02 2.037191692676043522e-03 -5.760992392830043170e-03 -5.547109550155619566e-03
-6.393857052428296717e-01 -3.614238305522737282e-01 9.020842439923056066e-02 -9.369175560297570912e-03 9.208559071363892068e-03 5.687165481237514350e-03
-2.833956864798868325e-01 -7.039617669436673553e-02 -5.000288985299290723e-02 -8.993306454895863122e-04 8.483948764049923427e-04 -2.240443099008758172e-03
-1.424138111591304767e+00 5.498263670565435579e-02 2.088615718720134018e-02 -2.290457901852824274e-03 -9.461633721264369520e-04 -3.394682556578487720e-03
-2.984701415827509252e-01 -2.365251334092804969e-01 -2.082674535288710563e-02 1.822669606842748430e-03 3.345547667372150528e-03 1.967219789522264058e-03
1.384799591774594330e+00 -1.203764173494085432e-01 -4.379321192889065739e-02 -9.925631988491505960e-04 3.398300191756605752e-03 -4.321627957917307736e-03
4.530819005910591835e-01 -2.352851073892735234e-01 -5.281458840718321335e-02 1.162499957468156493e-02 4.331847390497242829e-03 -3.719619559211481772e-03
5.155429279162067058e-01 -2.823438020568708740e-01 5.978526606373423674e-02 6.938286620516893616e-04 3.610375708565159540e-03 1.779722032770858584e-03
2.345283535787270890e-01 3.419195729303737274e-01 7.364002005655445604e-02 -8.203391517790429004e-04 -2.132274646078251203e-03 7.718466431376708008e-04
-8.918214496358087828e-01 6.320303749398305769e-03 4.545282914896469229e-04 -6.024060411883212784e-03 -1.686495444955177616e-03 -1.709502518447160750e-03
-3.670746538774384282e-01 -2.080278904433198739e-01 -2.572767008356097868e-02 -1.742548143881393142e-03 7.331737495100601638e-03 7.789330218744555797e-04
-1.239462205600515149e-01 -2.187296333840079987e-01 2.435119861878479175e-02 -8.445869039825217722e-03 7.917018250366184007e-03 -5.120104053754448263e-04
1.152127471141885851e+00 1.124495468753075184e-01 -2.789775632072906755e-02 -1.377879161980625870e-02 -1.744567586766722269e-03 1.314884952700117468e-03
6.449121809409624761e-02 -3.009219526349576901e-01 6.237287570967757488e-02 2.729010625549754820e-03 -9.260849254328048022e-03 3.909034114852765786e-03
1.600236150018431891e+00 1.098673694694822511e-02 -4.996648726561881554e-02 -1.093352157063484827e-02 3.478512459385955935e-03 -5.048703354723900298e-03
-4.755796254936522915e-01 4.126309817213187348e-01 1.016151888623823135e-01 1.849766033749776842e-02 4.827832984402735325e-03 4.787442461298495430e-04
-4.397430866132910898e-01 -2.771446133086874486e-01 -3.191087794591179055e-02 9.596902899552693655e-03 -2.275135679694405971e-03 2.785310478060800191e-03
4.112403766682881101e-01 -3.425227251203290940e-02 -3.911348747567384120e-03 -1.218738121510929903e-02 2.334904316105808689e-03 -2.494496731664711149e-03
-1.615127361690425811e+00 1.590436774704970246e-01 6.686391683739376091e-02 4.924925875926927481e-03 1.132054078005236995e-03 -1.795390180556427238e-03
-2.371690083215499678e-01 -1.683504535527610979e-01 -1.060733554147055557e-01 1.116165058529734917e-02 2.694708659263608634e-03 -1.510624432298833574e-03
6.526279780298152589e-02 6.037741531282937030e-02 -7.682990368325216812e-02 9.328347109748900794e-04 1.551335306489268250e-03 -1.074531255591744698e-03
3.968095178259575251e-01 -1.807098131240924554e-01 -1.465089826077902585e-02 -1.059074242089207748e-03 3.798592096674353359e-03 -6.778782390330073508e-03
6.948757488420484463e-03 9.359575236596803793e-02 -1.154125260127316505e-01 3.055990237157748916e-03 5.297099498650137232e-03 2.295054918178180119e-03
7.395494095677150603e-02 1.141810827347927160e-01 3.605386222695217135e-02 -1.802198981499114269e-02 3.360502128505311555e-04 7.751568526891368990e-04
-1.327524059731377770e+00 3.123889967658097233e-01 1.293412433742629208e-01 1.618477749530528378e-02 3.643359440598391633e-03 -4.132734610505220049e-03
-1.535648038787968517e+00 1.018092053813672293e-01 4.385601865509462099e-02 -1.816792347838770607e-03 1.228144681280993883e-03 -1.652281514639617182e-03
-2.100803910170195854e-01 -1.525079525546598480e-01 4.139954214282180051e-02 -1.209914501322990020e-02 -2.266924490462435011e-03 -4.774873565529870120e-03
1.211052808005560699e+00 -3.145778815788079497e-01 1.983965334578444706e-01 -9.613342919692216895e-03 9.013519917567963669e-03 2.766202674095820987e-03
4.132560694018796305e-02 4.422851937407213385e-01 1.393186609772653350e-01 1.056077094355838478e-02 1.192489653796628950e-03 -1.337003962502134518e-05
3.446443164922018965e-01 2.057254073443576525e-01 -3.064629632893638503e-02 -1.913121774164241442e-03 -2.943384263095392538e-03 2.151502286729561658e-04
-6.387058294306046102e-01 -7.947231246555830353e-02 -1.243946431635825217e-01 1.209776028761611923e-02 -3.939725832194746966e-04 1.541157632578484199e-03
5.369091444220316367e-01 -2.635647051828383103e-01 7.605085583083049869e-03 9.399208786211636635e-03 -2.206213554764532760e-03 -2.336626922797236695e-03
-1.843485788438745665e-01 1.540028290213005802e-01 -5.371403297580901876e-02 -2.289709918200554233e-03 4.308267534078754593e-04 5.661671117567946762e-03
5.992765020510112395e-01 1.787136446927725109e-01 -3.890559758847139671e-02 -8.658408098642102549e-03 -1.406463411635858586e-03 4.830461985956031531e-03
2.508288161321342025e-01 -2.279508658321798276e-01 -8.268480117330125057e-02 1.254694027715912846e-02 6.282407533367258615e-03 -1.486246412974529993e-04
1.041208561265035915e+00 3.188460475572452157e-01 -1.077252870782637213e-02 -6.874546066028657844e-03 -2.462606031177261724e-03 2.999714047267160351e-03
-6.225184815843963770e-01 4.159299407840636592e-02 2.374698453005472457e-02 -1.498762051962312242e-02 4.061801995143643138e-03 1.675157704639046420e-04
7.865347422987303272e-01 -2.846456673541049032e-01 -8.530946615149337039e-03 1.459118683755114380e-02 6.673273971605252382e-03 5.070726339330130844e-04
-5.204990801339361983e-01 -2.253481557660622636e-01 -4.653487261281279153e-02 3.215422232653486652e-03 5.956599685196498420e-03 1.144600231519397795e-03
1.200420802637174100e+00 -2.489385384443433824e-01 5.689939769172763784e-02 6.515858906210792410e-03 -4.084244061175842933e-03 -4.970238770317779269e-03
1.329763232929010996e-01 2.878921310449703563e-01 1.096082784103533936e-01 -1.580256699236338644e-02 2.698562186078442421e-03 -2.138230943316129715e-03
6.005829463316867400e-01 1.896742855527691340e-01 -7.211914466033488014e-02 -2.750092122087157646e-03 1.400543024459614031e-06 3.771145482889710042e-03
8.364481259815921277e-01 -1.716949492494912466e-01 -2.024067365769077059e-02 1.212931709836588589e-03 2.327134812732284484e-03 -3.988054451192758060e-03
1.521069590644260172e+00 -3.180948448122461469e-02 -8.477081248394936763e-02 -1.300066721547897715e-03 6.464983729541264740e-05 -3.706426010643306193e-03
1.295434292234824758e+00 -2.136961383589270069e-01 -3.699520482414397210e-02 1.153954876976232002e-02 4.007834865812714108e-03 -2.930802007817049672e-03
-1.478788913492634638e+00 -1.572822801418956307e-01 -1.064897465998448055e-02 -4.112132846587976918e-03 -1.271308191134117071e-03 2.920115606563305263e-03
-2.719405717859623151e-01 2.616010373558922963e-01 5.845459027381223055e-03 2.028951541119015673e-03 9.347644460949334913e-04 3.297862048179378384e-03
-1.206168183541785482e-01 1.807074992144919179e-01 -5.700830887244729556e-02 3.089383689316290479e-03 1.651330424486014434e-04 1.081208443948791960e-03
-1.015042695984017973e+00 1.293272291502904625e-01 -1.848823360468825408e-02 3.789542501530498465e-03 1.711354392363786535e-04 2.292123503581490007e-04
-5.379291400513612764e-01 3.913375864788736780e-01 1.422985375616317438e-01 1.250771414492871624e-02 4.190633027385716122e-03 -4.121127718136326917e-03
-6.131212889953815415e-01 2.843184670512074463e-01 5.960146972993855125e-02 7.178431138043821040e-03 -5.113660143942294839e-04 1.553342146402320045e-03
1.434197904827911041e-01 2.066516096438537620e-01 2.588796513566686552e-02 -1.174583903024729002e-02 -1.780744804626874581e-03 2.615699282589725901e-03
-5.218317859317340712e-01 -9.512960264097654328e-02 -1.014073922002290962e-01 4.586176963357505715e-03 5.954521731147412525e-03 1.401526799218575162e-03
-5.500044197508178190e-01 3.712061539855979198e-01 4.793467747886691332e-02 2.214421974184083500e-02 3.142617752339431966e-03 1.385934703580646776e-03
4.586141928739330131e-01 1.874742246952822433e-01 -1.114355731513483466e-01 5.256193590685904853e-03 -1.463561611171863494e-03 5.480836450454476018e-03
-3.034444734910573538e-01 1.941803943605023564e-01 2.001605377243478520e-02 -6.645044730302278845e-03 -2.057239469800956587e-03 3.366657879295729440e-03
-1.340859027052558217e+00 7.555553994771456450e-02 7.615658902334949965e-02 -1.134383679707879310e-02 4.121875846777179188e-04 -3.947657329212250592e-03
8.861481278969586539e-02 9.219473502487970928e-02 -8.629961275634831508e-02 -1.998648483019638180e-03 4.847847260738409776e-03 2.625690532140421540e-03
-9.517015737651777219e-01 4.837582485421275669e-01 2.216965315560907590e-01 2.576010587772819757e-02 3.175503527485529741e-03 -8.567340004935251538e-03
2.113352526662116426e-01 3.712372022073319178e-01 1.315588486041542882e-01 -4.717787220955062602e-03 -1.971562140600408052e-04 -1.887440022838673167e-04
-1.066450092545123463e+00 -1.622604099601748090e-02 5.155957030963603110e-02 -1.071342629414427823e-02 -6.329475102287442610e-03 -4.129598630863110832e-03
1.786509737775768270e-02 -5.242458627970852936e-02 1.205039881548776275e-02 -1.327070736616371531e-02 2.930968551423402107e-03 -2.961098179500816236e-03
-6.416340559358806317e-01 -2.691175771584435328e-01 3.492190353618192938e-02 -2.713280272753446770e-03 -6.784806341579911922e-03 1.770612294545874203e-03
2.727211572403387060e-02 2.608659643215424651e-01 6.571141066730798452e-02 -6.596413996724621864e-03 -1.260634704179400831e-03 -3.782594860653766804e-03
-8.332044185197637343e-02 1.330371302194987004e-01 -1.048590121385876983e-01 5.519402788262609341e-03 1.731791837826309084e-03 3.116420762196844222e-03
-7.102347680435709965e-01 -2.551100758496978593e-01 2.002358010619739379e-02 -5.124955267122417550e-03 6.578768588531969498e-04 -1.954953418006508473e-03
7.352517195879966216e-01 5.901638823780185061e-02 -1.266350523201824896e-01 3.260619020611338782e-03 5.397295032142433550e-04 1.747736706665265101e-03
1.896587864627378162e+00 7.697220121543173199e-02 -9.866821936745669153e-02 -6.112402744724910499e-03 -1.365469403475652642e-03 -1.687544695946328150e-03
1.621332887629913122e+00 1.565423667323033730e-01 -9.399162965710704254e-02 -5.936504587528438660e-03 -1.984153231410367216e-03 1.983613604129887999e-03
-2.617608694061115959e-01 -9.749000090457339562e-02 -4.577841630548053035e-03 -1.118791560272829055e-02 6.236293379598432940e-03 -6.883294129007951545e-04
-4.414390084788664681e-01 1.803371982042043659e-02 -6.585738349840675361e-03 -5.629170820082417953e-03 -3.928735925271023034e-03 -1.899615238942232163e-04
-1.385619957981067407e-01 3.514727587491721650e-01 4.612017445116489006e-02 8.968483616528319033e-03 2.049442028171992360e-03 3.357025999920562175e-03
-4.807119085922402779e-01 1.150583849109552276e-01 -7.331765033570163126e-02 3.810542581813212287e-03 1.089334818419949828e-03 2.960428853809023240e-03
2.504117419358677044e+00 -3.003075532401410230e-01 2.641819540204638495e-01 1.143077532871252053e-03 5.893056393920020550e-03 2.782142698034918748e-04
9.958141068760378856e-01 -7.860269456749981176e-02 -4.110568422643918335e-03 -1.012079014931684465e-02 3.993861028570831924e-03 -7.127508660124627117e-03
-1.565903211690998151e-02 -3.206190446348604062e-01 -1.672689719020821822e-02 1.606281251303739652e-02 2.712978632877887362e-04 3.181896282811283103e-03
-8.381008879925168076e-01 2.431213691951311651e-02 7.138184044668433341e-04 -8.713615218745276308e-03 1.023987654519185452e-03 1.910389409649721230e-03
1.520381581778408098e+00 2.356526358978223712e-01 -7.565981244903612069e-02 -5.683551547385120098e-03 -3.613486825047542393e-03 2.644330152052341495e-03
3.470573387195978743e-01 1.595667744711749825e-02 -1.153332619241987655e-01 4.109602439276618946e-03 2.481831073425307382e-03 -1.370287459177553816e-03
4.545789710203131384e-01 -2.631263675166803928e-01 9.262389403344657712e-02 -4.152173218658246345e-03 -9.331644816329639353e-03 9.934173352360387097e-04
1.945962631299004708e-01 1.182372146839270888e-01 -3.339050005392805304e-02 -3.930994202003813137e-03 -1.268699314072839002e-03 -1.810923548777514623e-03
-4.002694817574458663e-01 -1.667862036849304119e-01 7.977950339933137514e-02 -2.009967927433690266e-02 1.871777775817543704e-03 -9.344987250582259932e-04
-6.331335712817495187e-01 3.549836353176156756e-01 1.088468784280305079e-01 1.376232738219464180e-02 1.596865791073415642e-04 -1.504739008567844405e-04
8.346763019758456359e-01 -9.845038059134664232e-02 -6.588019374940512485e-02 1.086170854808164021e-04 5.008342446403015076e-03 -5.815091442011189465e-03
4.466296779898114577e-01 -2.764545247738811259e-02 -4.435649692768260655e-02 -8.178813892507984240e-03 4.091571803320001241e-03 -1.263394332273863737e-03
-6.582043315986013665e-01 4.192957938350394542e-02 6.207307196753138190e-02 -1.537995930673384352e-02 -3.354715237273818949e-03 -3.336393318219450354e-03
-5.286943115617492861e-01 -1.397752518537179189e-01 -2.727786780586686360e-02 -1.129452504192269505e-04 -4.564527535559850455e-03 -2.242297960347174914e-03
-1.075501171182114690e-01 9.403561845470764791e-02 -8.842475234729248179e-02 5.077666528709068490e-03 -1.000105079559428971e-03 1.525755045660154427e-03
1.122548631998820046e+00 2.256087117498282169e-01 -3.256130630888728894e-02 -1.027509287548445532e-02 -4.066849315905919464e-03 4.997545519580181769e-03
-8.101382930411386019e-01 -8.476683229971106182e-02 -3.474341196122962203e-03 -3.225197403786635598e-03 -6.984576546075614567e-03 -3.252212444185838703e-03
1.078652172007606547e+00 1.432544653935344803e-01 -1.708765134593409618e-01 5.853843062325595273e-03 1.617349428669365759e-03 4.633910074454144871e-03
1.106682183985080004e+00 4.936788994684879750e-01 1.452233188631963656e-01 -1.080982505952668513e-03 -1.436262525061771621e-03 -4.322196148654268194e-04
2.406839429889479631e-01 3.334704188820843407e-01 8.503696719257905490e-02 -4.512312020341328542e-03 7.959133614731522810e-04 -1.761440648679823799e-03
1.205673983062250487e+00 3.043614816431694514e-01 -3.660340207221306208e-02 -2.776979942705710969e-03 -5.160994414604587986e-03 1.549472894656694086e-03
6.224059267982677834e-01 -3.472435140016653099e-01 8.535765978412479527e-02 1.465834317682910767e-02 -7.245463654501826598e-03 4.104655725622458409e-03
5.846041858335836450e-01 3.750633735303205429e-01 1.036237828867924288e-01 -6.223065248954203453e-03 -2.605073082353978088e-03 4.073736035911371318e-04
1.097470928970107007e+00 8.292698329152461967e-02 -1.700971280573706501e-01 6.356995719415708263e-03 1.111707396098831225e-03 3.511053308734170698e-03
-1.751885239136024008e-01 -2.782905777945112180e-01 4.399994808004599467e-02 1.486066734801653739e-04 -7.474109347755474204e-03 -1.113127554219267698e-03
-2.998759622780653444e-01 5.991873360901497914e-02 -5.656100239427680476e-02 -1.519961970149732262e-03 1.489686712858579723e-03 1.433402247003081849e-04
-6.824199827158324017e-02 -3.229953777264561454e-01 -1.507973709703952416e-03 1.409589869997818386e-02 -2.633470224612422580e-03 4.068584101333236162e-03
-1.910043254797828327e+00 -9.797225976869546049e-02 2.441101784108735268e-02 -6.739810556477350903e-03 -3.769915055195167432e-03 2.553444459604325501e-04
1.746253109674378523e+00 2.360623560477066452e-01 -5.479298110397171767e-02 -1.106815303311288121e-02 -3.556738145412152632e-03 3.332537823368467156e-03
2.323592655577400579e-01 1.804581189785720366e-02 -5.770162812509042373e-03 -1.070908700449033253e-02 7.177779937766131475e-04 -2.945888695187785615e-03
4.266269180780062759e-02 1.456946550644589167e-01 -9.313560049503381844e-02 2.534881447819682925e-03 2.321834727247081833e-04 5.822940149682772661e-03
1.821332195816292465e+00 -1.578091104308502746e-01 -9.609980538770660635e-03 1.343344539908482510e-03 4.248688941160301200e-03 -5.784599347595400023e-03
-1.157306382018286756e-01 4.385973228340121072e-02 -3.556165262540521288e-02 -4.558064483495207105e-03 -4.376192779616644131e-04 4.076344516120269435e-04
5.975971399032952158e-01 1.767245299325150287e-01 -7.912366367065296058e-02 -2.940310523616870148e-03 2.418388299928262829e-03 1.697100036304159763e-03
-8.521031578313902344e-01 2.793972513652897421e-02 -5.743931244334048170e-02 3.557020198535524539e-03 -1.928140011317950112e-03 1.401761314970490510e-03
-5.295965041688801556e-01 -1.485488274593140812e-01 -2.025040394750740255e-02 -2.325776211276347431e-03 -2.588721995653508415e-03 1.529759284692485516e-04
2.390347751379368335e-01 -1.923260917080330812e-01 -4.317851479257237696e-02 6.238697765260506518e-03 -2.426588758560316913e-03 -1.315776147712801247e-03
1.250210611133054206e+00 1.656367998111712148e-01 -3.122638694373625762e-02 -1.255063134120302550e-02 -1.489428912025088803e-03 7.184780683322279388e-04
-2.186698243392596996e+00 1.631169112245153818e-02 1.744369391757883553e-02 1.358334218612679495e-03 1.999786692647394226e-03 -1.905278452097521795e-03
-2.385697224707008512e+00 -1.497011493657458836e-01 1.775712699370845735e-02 -3.329461302944160782e-03 -6.891655882342877584e-03 -4.251896310498680387e-04
1.511781780632835970e+00 -2.005581277319778422e-01 3.379742655888131470e-02 1.851913864163898596e-03 1.375450290295690331e-03 -5.319147909930892551e-03
1.102512977405637029e+00 5.575801545144274535e-02 -5.626618745130974181e-02 -8.735671241052315669e-03 9.007322374919296678e-04 -1.558145847604112261e-03
4.376037845171508733e-01 2.855372804342219961e-01 -2.470822015361060983e-02 -3.967248736216371003e-04 -3.201798030218246257e-04 2.650984243623117232e-03
1.330906812150163487e+00 -2.878211954993539767e-01 4.307139644758808950e-02 1.369771803443242328e-02 5.901240764805415484e-03 6.920590846593610871e-04
3.739072174714127006e-01 4.218765382217225524e-01 5.830161165059775247e-02 1.133411283169474121e-02 -2.649802297399693994e-04 3.622800221638858981e-03
-7.346663983184225089e-01 2.394836481016426599e-01 1.723620816908860362e-02 6.822070277813757633e-03 2.577941003962825120e-03 3.416593488406664391e-04
2.670951474896166022e-01 -1.535072246935946516e-01 -2.863258419209193176e-02 -2.589769717793005167e-03 5.324092162887176724e-03 -3.662367542394586849e-03
-1.076320682778749482e+00 1.355966297682477395e-01 8.892226010008315307e-02 -7.802392029820391824e-03 -2.303507352438143984e-03 -5.753021064757967741e-03
6.859897718307457204e-01 -2.925244127801895910e-01 6.556962808296826206e-02 6.518278993507825234e-03 -3.383350377582487224e-03 -4.100950361172494055e-04
-7.517984434418656381e-01 1.480754974589899575e-01 -5.348386252913591571e-02 5.367708648496855722e-03 5.570620023488848945e-05 4.261484196275552513e-03
7.587790587434012357e-01 3.589055513780450846e-01 -1.962408716993164701e-02 3.948066560863626451e-03 -1.542277304062778529e-03 4.282320119918730378e-03
-5.972287242541337582e-01 2.234667311883095642e-01 4.113338142103997036e-02 -3.200620022949328142e-03 7.615047960704500983e-04 2.115248932928266018e-03
-2.128908051185318229e+00 -1.140136097238404617e-01 4.450259067083617293e-02 -1.039689627248606592e-02 -1.694980075438509834e-03 -2.814705683532479994e-03
-1.282244382881400080e+00 2.860275020633998855e-01 1.345778539549850328e-01 1.035817279389636587e-02 2.649235549264631825e-03 -3.960746360999086758e-03
1.518198946132869098e+00 -3.316294097224034565e-01 2.242089958695178131e-01 -5.170328814634968934e-03 1.220760727166021568e-02 4.384169190969607575e-03
3.110317971971185980e-01 1.488840795947030393e-01 -7.255979400743291924e-03 -9.580423638045445708e-03 -4.528282059412099491e-04 -6.370630881233610345e-04
-1.907950636982033987e-01 -1.877808014092051114e-01 -9.077332443942513762e-02 1.051291540391353571e-02 2.212887215533282381e-03 -3.860703754481819520e-03
-8.435445584785628004e-01 -7.619252080149824247e-02 -6.222104634004051171e-02 1.948212572353174351e-04 2.238887677585434544e-03 3.345542613683733565e-03
-1.295167685543055391e+00 -1.526712889431270370e-01 6.659573047507622197e-03 -3.855593817632679918e-03 -7.950037996786490230e-03 -8.247469725456186987e-04
-6.790087849043778545e-02 7.890906466432751065e-02 -1.314975819399969992e-01 9.578636424692086801e-03 9.995990809315599517e-04 2.796060675813442920e-03
1.784481182218090156e+00 -2.866790600557134749e-01 1.413105527283139706e-01 1.021723371118543264e-02 -9.123053130769139332e-03 -2.715821967301947190e-04
1.047993096920787570e+00 -1.997842667708483455e-01 3.187566418293521359e-02 -1.593673392889748824e-03 4.884302040501606497e-04 -2.889523333873515818e-03
-1.373411885303415625e+00 3.838670598989110672e-02 1.685033736265863225e-02 -4.034738178531323792e-03 -6.928688183836457029e-04 -2.109066585341614307e-03
2.590536617149454823e-01 -1.995446022082328699e-02 -6.431333442726530625e-02 -6.984476292155222853e-04 -3.075637124398336673e-03 9.431584319060525197e-04
2.789447919656155572e-01 1.691272318484242365e-01 4.261046465926471294e-02 -1.642727358457298295e-02 -2.171563576874402900e-03 3.111529248798496593e-04
-1.726300400427627224e+00 -1.258745247686464119e-01 -4.560955349934479874e-02 1.525999051436455894e-03 9.906815615100686770e-04 1.393248351880600972e-03
-7.652495362572491189e-01 3.354230387972282346e-01 5.200571735626728642e-02 1.953611959847294938e-02 2.921468154753752329e-03 1.015834014522090526e-03
1.374414434950930852e+00 1.290751635414453535e-01 -1.291253047310624014e-01 -5.989830725562914678e-04 -5.685781053551226599e-04 3.208292336622892496e-03
7.582357343367641667e-01 3.001708454995781761e-01 4.397952765627110433e-03 -7.521391312413926861e-03 -8.911577965736369733e-04 1.364081587958891270e-03
-6.262158127753781889e-01 6.243867752843750181e-03 8.778486096458750984e-03 -5.816496162644014568e-03 -5.292789589877555656e-03 -4.206857278629380463e-03
-1.184365978066905661e-01 -3.139978254920393064e-01 1.116033937872487058e-01 -8.816263794740847315e-03 -2.906630786241305459e-03 5.807301619046912645e-03
-1.255392561516277539e-01 -1.399722942302564777e-01 5.104366196448548339e-03 -5.264006328398685743e-03 -4.345065939215122727e-03 -4.780249522531045646e-03
9.325617846794305166e-01 -1.762578261546764447e-01 -6.042627188978515196e-02 8.621643028571993744e-03 2.056168200267610800e-03 -4.366389050772147805e-03
-1.375757108038748511e+00 7.303775582670885697e-03 -5.898592255481021999e-03 -7.630465349601545967e-03 5.934899247535338138e-03 1.433973748665331180e-03
-1.480179878565742291e+00 -2.612834142912645596e-01 1.180405206338019930e-02 -3.330671195624932811e-03 -6.548116848884557792e-03 2.472473854451318932e-03
-1.558398795588742614e+00 1.346115855322351229e-01 2.911997307999881351e-02 5.195766883983830679e-03 1.135546626918751368e-03 -5.847777023184182405e-04
7.821237790854723704e-01 -3.595122203706332398e-01 1.108652944603664842e-01 1.589124095895793481e-02 -6.762065958970444983e-03 5.178712845168997533e-03
2.169639293548752956e-02 9.331513700983062876e-02 4.249471116845282039e-03 -8.473044487305330524e-03 -1.764029659014352495e-03 -4.285720260210671394e-03
8.032899391144180390e-01 -1.860850583168400241e-01 -5.736941182709317383e-02 7.177884772645145607e-03 4.237326784563295867e-03 -2.483853556348347875e-03
-6.229138225423472841e-01 2.942135079153904501e-02 -1.032516905510919535e-02 -8.608932773162984720e-03 4.681965986455758071e-04 3.039447932349414062e-03
-3.492000253194770254e-01 1.209096414603298975e-01 -2.485246427292964536e-02 -3.730420335887190374e-03 -1.630553268170108487e-04 1.705777410129092264e-03
9.244766619972502042e-01 4.441980795802177862e-01 1.124615543162872933e-01 -2.709482348652726517e-03 -1.862587388219228215e-03 1.500106846632828263e-03
-9.984635750417397704e-01 1.375133560183635084e-01 3.683616259558191580e-02 -6.571034915208390746e-03 3.741731133856677355e-03 -1.491242218401436738e-03
7.974268267814017541e-01 3.313456545397512332e-01 3.519639214285238179e-04 -2.452153293827923249e-03 -2.149560688740171244e-03 1.667361114443907709e-03
1.707871720404890770e+00 -3.640495127655289376e-01 2.177700128551933734e-01 1.483764688350492668e-02 4.209602680253178770e-04 6.119215893597304556e-03
-8.596895288362416121e-01 3.941161780449007890e-01 1.320723794864098466e-01 2.164689767041384424e-02 2.911589698319068387e-03 -3.477516953294953334e-03
1.121270130836601986e+00 6.833552136283079781e-01 2.442297513243674445e-01 2.342782497588166007e-02 1.152504323122787149e-03 -6.045982514980007515e-03
-8.195710398309522526e-01 6.667225856885514168e-02 -1.482553351676688461e-02 -7.249797452150708033e-03 2.044639603162291385e-03 3.481212198768046748e-03
-8.796666636493254421e-01 3.835951767012070746e-01 1.111567324051941780e-01 2.067740468772265305e-02 4.310203617279135223e-03 -6.934238206022826090e-04
8.567790364943127512e-01 1.521068384822803210e-01 -5.761863190712396970e-02 -3.148239546453955595e-03 -3.056196521748254583e-03 -5.908711153266248519e-04
-2.109250635345020219e-01 -3.422489124132737093e-01 1.223221040850070579e-01 -7.441642739586583864e-03 -3.679784226102653707e-03 8.303580630607236210e-03
-1.456478120165550783e+00 1.950711200244768517e-01 5.820430808656860272e-02 6.253542531418830770e-03 4.748985424355508037e-03 -7.954701036813443789e-04
-1.212826300175921856e+00 -2.453878500154670628e-01 -1.305038598794971971e-02 -2.780572582661506101e-03 3.761329321395225859e-03 4.225023002733013094e-03
-6.720232428685392057e-01 -1.132930493226622509e-01 -6.777154457075663940e-02 3.719446130184773068e-03 3.123220747213543980e-04 -1.394285091441364562e-03
-9.747284275691260602e-02 2.788324013180044081e-01 -2.029802287186060344e-03 2.627844118189383467e-03 -5.613955287809680285e-04 5.077513244685320261e-03
-6.414859021612913104e-01 -2.607864402021077277e-01 2.489481772547795166e-02 -6.388127299189993481e-03 6.039252355204584657e-03 1.928540307336115830e-03
-1.927411219741958226e-01 -3.270507107554723181e-01 -1.518896037177000849e-02 1.828094821505382023e-02 -8.098841228475017404e-03 2.087998134613425205e-03
-6.119395722760014728e-02 2.880337315024833131e-02 -1.510953655651345665e-02 -8.450997628135545336e-03 -1.577833543287223859e-03 1.674058972200274031e-03
-3.050007266373566672e-01 -1.599102153539929960e-01 -3.907913711445189231e-02 2.427325143724914491e-03 -3.290854511242883706e-03 -3.982497101613336442e-03
-2.541594763580983241e-01 -4.987813745402538274e-02 -6.685370185316374947e-02 -3.341632518881080659e-03 6.216359373759681485e-03 6.890094366742732139e-04
7.846313781230876971e-01 1.810574915338347690e-01 -1.722819481608440367e-02 -1.144973929600725561e-02 -3.799462908450843609e-03 3.932941266187405145e-03
5.695315721584477409e-01 1.920002192929181062e-01 -2.286672621599060082e-02 -9.580809698338152089e-03 -1.050633357987932519e-03 2.804143421996910766e-03
8.154286812076311231e-01 6.742369208118599577e-02 -1.094784328123782208e-01 -1.474847185590263477e-03 3.998319819907466752e-03 -2.893323918296443063e-04
-9.046851238904836112e-01 5.732884280721554232e-02 2.690765992901638162e-02 -9.374585440914962042e-03 -6.530138168537520421e-05 -2.141867285533675686e-03
1.583714254539007937e+00 -2.898440749755640811e-01 1.485202637696375061e-01 5.339756576701226894e-03 -4.856813932381119983e-03 1.708424428054681706e-04
-1.389438053141281160e-01 2.645681385331664637e-01 6.850819487152800917e-03 4.409165976371831087e-03 -2.328442156747678651e-03 1.010886089463034973e-03
6.633746820350976403e-01 -3.509572232909323186e-01 1.441691403748843470e-01 -1.093836697812934546e-03 1.040945296282371618e-02 6.320202691226031733e-03
1.164715170402502054e+00 -1.606956408570745509e-01 -2.648553420701955236e-02 4.966929137570870630e-03 -2.476972706892205823e-03 -6.049320773510421037e-03
-1.126319346509085495e+00 1.076983874415594344e-01 7.405828601217466500e-02 -1.005086989632560102e-02 9.238404629494524189e-05 -4.539592386814602330e-03
-1.360463980153456820e+00 6.113475089501044235e-02 -5.211393313071766703e-02 6.824686674885001997e-03 1.612826220973943934e-03 -5.360987571373763841e-04
9.249165684945366284e-01 1.279650026985540701e-01 -1.902167857457853078e-02 -1.158155028214911952e-02 -2.885250100935683650e-03 4.295083128869006282e-04
-1.494352334205908406e+00 -2.635966921905129046e-01 -1.450596500390576808e-03 -2.546722709863013818e-03 -1.839560133241690100e-03 4.590734564115514678e-03
-1.649233059120284617e+00 1.069149182503641299e-01 -1.100516414719222846e-02 9.484107713296109979e-03 2.413214803733793826e-03 -2.348232280386094561e-03
-3.172701851325844258e-01 -2.747274920129607612e-01 -6.233813585651941380e-03 9.689375939743095911e-03 -1.108029980358284268e-02 -2.927383410433828832e-03
7.345066319571327829e-02 2.544864708440338491e-02 -1.212639909190970783e-01 5.525660346795965155e-03 4.380624242525908707e-04 4.287660310677571772e-03
-1.387423166312907741e+00 -1.309210723253254882e-01 -9.284643854651865313e-02 9.512067259697715507e-03 -2.501400076727017079e-04 1.702280452496210449e-03
1.633376027819130882e-01 -8.374661335438124410e-02 -7.449313647796091883e-03 -5.666911166967228408e-03 -3.446295436695125201e-03 -5.527618641918321217e-03
-1.398719155489368537e+00 4.723755187416640855e-03 -3.632065706160498425e-02 1.492402608645311546e-03 5.648235343129346048e-04 -3.811233245370673349e-04
-1.390152534809208973e+00 -8.710556796096581567e-02 -3.164554678968597989e-02 -3.972835558882781282e-03 5.472394949718969483e-03 3.389802588879495000e-04
9.540873970952161720e-01 -2.526960578170510674e-01 -3.135276547963051358e-02 1.274321437801355719e-02 7.670575065356096192e-03 -8.808352388896940020e-04
8.510161774767784071e-02 -3.516877246357811848e-01 1.390022340286382607e-01 -1.039786281274648720e-02 1.171879234862245253e-02 7.969333219568776674e-03
2.195596319595634061e+00 -3.057377033394226284e-01 2.352529929051706270e-01 7.000474020814904941e-03 -9.745762272802709070e-03 1.786051064853016491e-03
1.751640771880692338e+00 1.010432245893065906e-01 -1.085613273433394116e-01 -4.865515006907907350e-03 -1.912319532495461352e-03 4.269487663756869975e-04
-3.936237298216001546e-01 2.297799520478815416e-01 5.937633399805566925e-02 -5.844235387258989341e-03 1.617000663442967178e-03 -2.400616501645781720e-03
1.663411612495289571e+00 8.388411393795355830e-02 -7.962886689078284286e-02 -8.544383341448150149e-03 1.771647940539029581e-03 -3.484571140335530198e-03
9.905686600994558777e-01 3.542457847009718441e-01 -6.976438868795992176e-02 7.468132015550217086e-03 -2.597615967992864851e-03 5.145789709015254065e-03
-2.900609529232833772e-01 3.841437951840283027e-01 1.346927492290110051e-01 9.322743799755553104e-03 -8.077574219373390564e-05 -2.113457858542915156e-03
-9.398472908492522260e-01 -2.732974460197291622e-01 -1.134330308320799161e-02 9.584181140370246670e-04 1.087622264606314402e-03 8.491514818803610554e-04
-7.881467911681153127e-02 8.980341542831522805e-02 -3.869374708095176668e-02 -6.074341274851380833e-03 -7.240402125674505257e-04 4.378998080994222011e-03
-6.104992855878822455e-01 -1.568980752700295522e-01 -5.266365927311308925e-02 -1.090366733134452617e-03 7.511406857876113882e-03 -3.283795783090615083e-04
3.073620650162619539e-01 -1.784361731828751352e-01 -5.478074853351025397e-02 3.529704111552177045e-03 6.025039124213732444e-03 -2.950810409092639863e-03
-5.078720945674666254e-01 -3.974188527835828544e-01 1.294080247656125837e-01 -4.775872313948350406e-03 2.070219397299828440e-04 1.258116634067244985e-02
-9.942590205175155793e-02 2.232493270761944648e-01 3.270149681892296073e-02 -8.621890755828157116e-03 -2.369611103218522905e-03 3.291147471770313263e-03
4.722414324620163306e-01 -1.509354239660616326e-01 9.272827797838831656e-04 -7.970512047921984866e-03 7.736648650052923432e-03 -6.146902914487542210e-03
2.181496612179357752e-01 2.525563393638252663e-01 5.461901253020817054e-02 -1.063283947643929063e-02 -5.160477870198753453e-03 2.593675633945585410e-03
1.557559741400706743e+00 -2.608837599030609522e-01 1.402284840772586028e-01 -3.918099069941148767e-03 2.937032587208715257e-03 -2.087093745086459750e-04
9.201221876255257781e-01 -3.904781640595322845e-01 1.886883448792912310e-01 8.047952750999729996e-03 5.885958292177164569e-03 8.874679776134746650e-03
6.780690148525192473e-02 1.127515681056767971e-01 -7.964571610528943524e-02 -7.340911743643287234e-04 3.948516040821113855e-03 8.533195514271968256e-04
-2.322494699444970293e-02 -2.358385822235505858e-01 7.963428192365380742e-02 -1.292612397239880848e-02 1.175124068533882609e-03 5.857572576960697877e-04
1.547032222462524587e+00 3.391540021735729438e-01 -6.248777856901339273e-02 -2.831454003820778505e-03 -4.671003537889207961e-03 5.193740907670114926e-03
3.912827491396130286e-01 1.747921240812720101e-01 -7.447957458640576400e-02 -1.717776024529252396e-03 2.042233984803984524e-03 2.168229449320218868e-03
-3.368398549538132586e-02 2.249286907835961191e-01 -1.246967232208598050e-02 -1.003627969897460514e-03 9.220852184997664625e-04 -7.537576601541272998e-04
-6.377007379286919742e-01 2.042621296114508767e-01 5.445603107007688549e-03 -1.184288687158455275e-03 1.426210481278136506e-03 3.848920356285217940e-03
-3.782744697262535594e-01 -8.223656742555936205e-02 1.629607549931062771e-02 -1.179385782886821846e-02 9.396816876679789203e-04 -2.019062468378159895e-03
6.699351892537785957e-01 4.128727871393471083e-01 1.092074453142540119e-01 -2.938006348340215998e-03 -1.290977452494013840e-03 1.026733086417570308e-03
-1.184735760635258206e+00 3.965444396127160154e-02 -5.742457613014780027e-02 2.604476334086684199e-03 3.791945761989742696e-03 1.500155856005305896e-03
-4.988669484685637201e-02 -2.982733494819010400e-01 -1.799248919199162786e-02 1.718460714050759966e-02 -1.094842419840657416e-02 -7.021594104593692357e-04
-1.695884635670882323e-01 4.343717075216576018e-01 1.389373799504267926e-01 1.189067412018193944e-02 3.052797323923379328e-03 9.008825401592773991e-05
3.588574263235593809e-01 -2.950190542742850419e-01 4.388743742203261855e-02 8.467236409048881085e-03 -8.812367373061369760e-03 2.361320809337926190e-03
-2.086063615157139228e+00 -1.688833222880246066e-01 -3.139376982445819808e-02 2.603772337420214890e-03 -5.238109693291307517e-03 7.732157237999343243e-04
-7.072142048002904025e-01 -2.781015416945923913e-01 3.604568432627180269e-02 -7.619065818940260609e-03 7.159028162776315436e-03 3.191417246738716476e-03
5.319412115033353428e-03 -1.301169519970169774e-01 -9.869469469956390628e-02 5.768044724562903548e-03 6.462841707977914560e-03 -1.919491215949708802e-03
-2.078936153836854039e+00 -9.813727474026352759e-02 3.659733016457050216e-03 -3.701109892125866406e-03 -1.913569518964566580e-03 2.201643126804927759e-03
9.518659949167271872e-01 -4.750463422498837907e-02 -8.957426784937119746e-02 2.727317157206940110e-03 -2.517780417621237783e-03 -1.913208261579372321e-03
-1.041916530721838319e+00 -9.213051419906781447e-02 -5.595684045917114630e-02 1.647389510614409233e-03 7.106692209001235329e-04 1.628577821204376828e-03
-8.231765012416752958e-01 4.305323737064342127e-01 1.848056062898218721e-01 1.910504555130194612e-02 2.914646755861119258e-03 -5.293148484259849358e-03
-9.638601138610995989e-01 -1.143228756167331966e-01 6.735313904453471556e-02 -1.434405801753406949e-02 -9.292475769664210530e-03 -3.600035960457076845e-03
-1.318232778789254045e+00 1.581703131026278644e-03 1.439040295287336881e-02 -5.588034949094547281e-03 -3.824999310997027977e-03 1.528378658870176458e-03
-9.865817225951692970e-01 -3.405452033977286047e-02 -2.837046052365754453e-02 -6.082096913334922826e-03 2.751815119020244518e-03 3.647894965300072130e-03
3.612333201335556909e-01 -2.418270201380830486e-01 1.352816062220431499e-02 3.462890796137487685e-03 -2.155958250094863141e-03 -3.401893107582067838e-03
-1.125390514594409641e+00 -1.500469588402966181e-01 -2.124206689521427466e-02 -4.540982421280068820e-03 2.649919420634153956e-03 1.654890871355165546e-03
-1.420228917647743394e+00 -1.470398701518929319e-01 -3.152928853362774869e-02 1.359214995962482273e-03 -4.160664402466970023e-03 -2.692655083582369394e-04
1.238448850892516495e-01 2.477727375850837521e-01 -1.509602635510687643e-02 -2.516342636366844174e-03 -2.612840921675695354e-03 6.162011285397297165e-03
-1.745438784590712944e-01 -2.681049923432356485e-01 -5.229503890295975066e-02 1.565797053827867533e-02 -6.032743598054846230e-03 -1.636404489248066045e-03
-4.636328468794306823e-01 -1.776230186204933170e-01 6.243385056425665436e-02 -1.758511760196461438e-02 1.865842740743166826e-03 -4.553151444063027742e-03
8.703998942282868967e-01 -2.706505110719127360e-01 9.901244402651915300e-02 1.942730859519712283e-03 -1.074833057380000616e-02 -1.823755472896576319e-03
1.167669641444175760e-01 2.289514812047707681e-01 -2.042166502184126348e-02 5.907841900079700923e-04 -1.602542437086215297e-03 -6.360760522777978267e-04
1.060753325052224416e-01 -1.180548294825928546e-01 -8.991151112595281714e-02 3.893528125363975110e-03 6.443092903246227035e-03 -3.178625174339052770e-03
-1.042473372476742322e+00 -2.874356221997398375e-01 -4.148827359952843991e-02 1.065283649996145304e-02 -6.800394877893197777e-03 1.672117386997621540e-03
-7.719717016055857028e-01 2.037679990686495080e-01 9.408924939139891308e-02 -5.472006079778693813e-03 5.658291352994061253e-04 -5.722046282929329000e-03
1.772388652944958842e+00 -8.424767222574659764e-02 -3.272741169530998806e-02 -5.533120381851403674e-03 3.074737118035862464e-03 -5.896633163629188407e-03
-4.389114076968951283e-01 -1.168104415205757501e-01 -1.081487209373925562e-01 8.076403115620354664e-03 1.497543697287240152e-03 2.510798290702304959e-03
8.183876713055349139e-01 -2.210212280439076971e-01 6.581789445189946408e-02 -5.493938952600628013e-03 7.224570081043088076e-04 -3.530283483380481854e-03
-9.042118731639270379e-01 -3.661026880188043009e-01 3.429587735750291161e-02 6.335117094498861345e-03 -7.125381862875480345e-03 7.549457186553787912e-03
8.408306614142408986e-01 3.646332971592315397e-01 1.127961505020935208e-02 -5.593568418168408472e-04 -1.234014843420059562e-03 2.012617691313348979e-03
1.615732736513159906e-01 2.211318833699402464e-01 -2.538485924095168142e-02 -3.803160247766778756e-03 -1.479549024383193306e-03 4.765529089004171340e-03
9.484796444674684635e-01 -6.294991124227186652e-02 -6.327637069299978101e-02 -3.293652414090492142e-03 2.740622173009160233e-03 -2.854387723824333267e-03
3.128322509863125656e-01 1.000639663681350960e-01 -6.090357354927480871e-02 -5.361897971750782289e-03 2.003770232373486542e-03 1.970506008702945389e-03
2.102679521791640110e-02 -1.215291005185033524e-01 -1.137149806582184453e-01 1.120356095142991185e-02 5.442631508802551381e-04 -4.389225430877262760e-03
-1.050797152131776269e+00 -4.006751486460480294e-02 -5.018341164487767625e-02 4.756717072994322108e-03 -4.069255497679289194e-03 -2.871254105339585312e-03
-1.196364794482214444e+00 4.508041897306654111e-02 -2.258292165422026015e-02 -1.466929355580699930e-03 2.613740304455944210e-03 -6.655521490211901091e-05
-4.544496650264465698e-01 -1.336186201805154572e-01 -3.547208876640384201e-02 -1.844783324003155698e-03 1.758932386697710255e-03 -2.557454158213112120e-03
-9.951620021802434213e-01 -2.103600885351391836e-01 2.554875652809923681e-02 -1.047969971906622180e-02 1.824636689257301981e-03 3.194080565637859651e-03
-7.913142928420268118e-01 -1.407066435387696601e-01 -5.917879738597657535e-02 -6.597355928990418722e-04 6.058634715813199755e-03 2.281638178148555698e-03
2.029579987398526519e-01 1.602099172020023110e-01 -8.047606224839611022e-02 1.704139199686731691e-03 1.001429710330073919e-03 1.877527593728704368e-03
-4.127532627617376826e-01 1.257513374390950567e-01 -4.469078038760252586e-02 1.306493185532378240e-03 -2.109767565912007165e-03 2.521187237807023460e-03
1.194460981653069798e+00 6.793995604287943191e-02 -1.041509578480582787e-01 -2.694749477046583849e-03 -1.116525706648557100e-03 1.385494828791283784e-03
-8.875969502545529854e-01 -6.599149694327549609e-02 2.211196117213024004e-02 -6.776542254278138458e-03 -7.428440580035675436e-03 -4.201914699806075237e-03
1.217298859189363203e+00 1.769205702774469952e-02 -8.031909806404753660e-02 -3.901859841103764038e-03 1.739838660685654197e-04 -2.366476275685765185e-03
-1.060470696617657138e+00 -9.099888397991005851e-02 -9.198686995984713122e-02 8.943479170753644569e-03 -6.241263985748038250e-04 -1.139189661499252814e-03
1.200099805841635892e+00 -3.418969040107447399e-02 -4.817579530390989073e-02 -6.484818922259303481e-03 3.314752557865293693e-03 -5.867894202696974024e-03
-1.117667424455757175e+00 8.721528208196971041e-03 -5.638475019352905127e-02 1.058936187136811161e-03 4.868369196493065629e-04 5.026951221588802851e-03
-9.369894592032934622e-01 2.439552911363107035e-01 8.019110577978073862e-02 6.790895531396195194e-03 -5.995932963654543573e-04 -3.440944197980373882e-03
-5.094072704625139947e-01 -2.526458509498387128e-01 1.627814243325951746e-02 -2.871159070585358169e-03 1.110450318782864060e-04 -5.921556428118611654e-04
-5.009144417020656714e-01 -1.088001129113220500e-01 -1.300807461210720939e-01 1.505767555442421614e-02 -1.416971440683727733e-03 -3.065037235841301406e-03
-4.288281277490312293e-01 -2.743454493796891325e-01 9.886959756493321483e-02 -1.489176225189593923e-02 -1.169827797045173154e-03 2.435401570287460283e-03
1.298713401383459198e-01 1.561840102469500002e-01 -4.229759511622077639e-02 -4.144570696255132740e-03 -2.175890662167211023e-03 5.418872933712185619e-03
-1.460141976215567405e+00 -1.774391878999610206e-01 3.190956248045458826e-02 -7.786470681079607839e-03 -8.626093961959839518e-03 3.188744519084185333e-04
-4.038629141723591442e-01 -5.904489921788271672e-02 -1.156080214217324459e-01 6.934495145618476200e-03 3.186265007450814896e-03 2.208184877733198378e-03
-2.570119102008235901e-01 1.300445359230010534e-01 -4.463841204861159623e-02 -2.994052799386397873e-03 -9.999323602299682850e-04 5.783033521251939105e-03
-6.461792711829879819e-03 -2.039566397172888623e-01 -4.775602899649292188e-02 1.002662388986555117e-02 -7.248839630546555918e-03 -5.369163049988809680e-03
3.619163386168899321e-01 -1.666112289010776570e-01 1.955095012743867169e-02 -5.796768868893089309e-03 -1.575041539293238002e-03 -4.369963145513923106e-03
1.079796853375250221e+00 -1.176673280165888014e-01 -1.970882655087408467e-02 -3.256841678497435222e-03 1.810436141775973026e-03 -6.650104003221394069e-03
1.608569498709828016e+00 -4.082164203600907072e-03 -8.652995730877187375e-02 -3.554482798808378686e-03 5.126332739988914700e-04 -3.201445189399319824e-03
-8.787740878658455435e-01 -6.758559944636576000e-02 -2.234109080492820143e-02 -7.291094455896885047e-03 4.529334068398781742e-03 2.154069418744279044e-03
9.437556837111235053e-01 7.886205966474595097e-02 -1.333264168399278804e-01 1.907540114685612890e-03 1.754801821844617811e-03 1.938963156567857782e-03
-2.447477594457580230e-01 -1.961632312149513002e-01 -1.028093445862693911e-01 1.385417355638987776e-02 -3.749155190705515941e-04 -5.974017140933429509e-04
3.868673361133975752e-01 -1.118064954244889220e-01 -4.991158270620551368e-02 -1.388179363797703786e-03 3.930490572931513021e-03 -3.958033044737773072e-03
-9.685217312379867938e-01 -9.027308195457370288e-02 5.058541423670114695e-02 -1.368033020672085494e-02 -4.641075149238865771e-03 -2.197640624226191407e-03
-4.736033405586554945e-01 1.549186793304504484e-01 -3.133276665906923469e-02 -2.358113922414845683e-03 2.022585077406381573e-03 3.105995013662573526e-03
1.597242381065446359e+00 -2.292691519536338152e-01 6.026825994230670946e-02 3.810712845935535550e-03 2.697576102578675729e-03 -5.169118328769772147e-03
-6.902332558301000898e-01 2.725996807164011715e-01 1.467166574154015191e-01 -2.683007321716614126e-03 6.396392794218669711e-05 -6.269897794282850399e-03
3.028641386905367994e-01 3.966805859921991861e-01 1.001419797358544250e-01 2.298995750563825359e-03 -1.644895122634607498e-03 2.997645594323133846e-03
6.477974539241942997e-01 -3.521714958524799211e-01 9.464586486045105385e-02 1.323264156727724239e-02 -2.140224646927765730e-03 6.366030739760462041e-03
1.774065165209321560e+00 -1.814256667414786139e-01 1.567946010923657388e-02 3.838190149551551269e-03 -8.275274763953116477e-04 -5.230588003829756381e-03
-1.483863014770380628e+00 -8.033289985025024449e-02 1.927146208549512102e-02 -1.025523856856388333e-02 1.968253707822136510e-03 -8.675388646120993103e-04
2.315769365271746760e-01 -3.648511286868911796e-01 9.106912345963355526e-02 1.019781180401839807e-02 -4.500156414861203498e-03 7.918634603966729843e-03
-2.403388435847971238e-01 2.191742713255626432e-03 -1.181689126819551322e-01 7.739552966573700656e-03 1.138204621876819870e-03 2.080626571217779157e-03
2.738586707998771352e-01 3.321831369201379003e-01 4.063576058107503351e-03 4.169342832330444511e-03 6.058621214858175884e-04 3.116761744008135493e-03
9.383959803695251720e-03 -3.354379485847019948e-01 5.135547653702574739e-02 9.679963290429955888e-03 -7.465891623980004492e-03 3.214785330604263101e-03
3.446295439339417399e-01 2.396243447415129235e-02 -5.215901908276025095e-02 -2.076564867751594899e-03 -1.641580358329935074e-03 -3.407358421352100434e-03
-9.269957480746560119e-01 1.039924164694023753e-02 -9.500895627763820961e-02 6.642767573487370382e-03 3.429061579399531566e-03 9.416398381300194629e-04
1.539285555481686441e+00 2.613937348908950686e-01 -5.130772676912393609e-02 -7.561745017641793333e-03 -4.437018972892638018e-03 1.832891273546016254e-03
-5.999951053331867845e-01 1.167176324064910509e-01 2.571502210860367177e-02 -1.262149311790406597e-02 4.044739445951790573e-03 1.552905104485787359e-04
-1.093145937660335631e+00 1.649591256893303826e-01 -5.180622115594589461e-02 1.365642474904934026e-02 2.132244014479209217e-03 4.991142551440280219e-04
1.680785284789125145e+00 3.648047925609312903e-01 -6.482800746626991850e-02 -2.012475261804611525e-03 -4.647752781308750990e-03 5.592958497964243929e-03
1.378092484719713795e+00 -3.831620462883175704e-01 2.615784239939845657e-01 2.517333035577597796e-03 5.873548583935647369e-03 8.807362664088876775e-03
-6.792506425341330312e-01 -2.183709513823647516e-02 -3.542033014629155513e-02 -3.797462724570265912e-03 3.073573019769193244e-03 -5.872161417459400689e-04
-4.876867867757456732e-01 6.640722336311472018e-02 1.579142485313574443e-02 -1.061939080142132279e-02 8.919256735955791724e-04 -1.483613080140442622e-03
-6.591205016026382979e-02 -3.464266744139985477e-01 1.645046013088730455e-02 1.713979656163667001e-02 -7.457968185230147776e-03 3.169228875848846636e-03
-3.187800355198739388e-01 2.914276275548007694e-02 -3.195383691301014253e-03 -8.236476863333445919e-03 -2.186663386466617537e-03 9.029007008505883849e-04
1.087134603492553531e+00 -1.993884067579804742e-01 3.445702226173610883e-02 8.803923424783650269e-04 -3.932939964049047936e-03 -7.583690691319883853e-03
2.069749935957385212e+00 -2.236022150458383609e-02 -8.171403414634792473e-02 -3.141644974681111289e-03 -1.617570338768354763e-03 -3.794010004859792260e-03
-1.401294199868812873e+00 1.915393510416906753e-01 7.115249366534211195e-02 4.949756727720788611e-03 3.727961278411017453e-03 -3.126109339922913781e-03
-2.042706268115720147e-01 1.032520923886906389e-01 4.677402242163285206e-02 -1.931378631584013475e-02 2.748328417815604999e-03 -2.630332003184337433e-04
5.311016554677809864e-01 -2.342310775410619827e-01 5.902295213168631122e-02 -2.693547083906429676e-03 -6.459189437702681121e-03 -1.314534608904198562e-03
-4.028059936682685804e-01 -1.198499735646811476e-01 3.684594217267283395e-02 -1.249108754061609150e-02 -3.195986348909823829e-03 -1.009125998167723862e-03
-1.944065639469554130e+00 -3.208887595472151300e-02 6.964188288541392664e-03 -5.073999919428672997e-03 3.430067417387675389e-03 -1.017326077991882114e-04
-7.692419248790340891e-01 -3.157391448156045555e-01 1.565815276879014423e-02 2.683706641162620938e-03 -1.937808112658382688e-03 4.508830736608336956e-03
4.202833639705060853e-01 -2.136320581723048506e-01 5.518438256711739875e-02 -7.972452892512398720e-03 1.343676973118553431e-03 -2.417396872649809226e-03
1.428810173905431524e+00 -2.196342736887120506e-02 -4.918078214611803362e-02 -5.860716245403169329e-03 6.621486743940283503e-04 -7.018125541639881441e-03
5.458110961341784417e-01 -9.620485493624943152e-02 -4.279063704177612365e-02 -9.724847855210463432e-04 -1.721238264652675523e-04 -6.946046429640080448e-03
-8.795606113751713862e-01 -2.090601113255128596e-01 -3.356916628786085766e-02 4.183513391057177774e-03 -6.790193701758730910e-03 -2.609302854314712265e-03
-6.412029399541367969e-01 -1.719588165037095051e-01 -7.804033708510672851e-02 3.568745643629251795e-03 8.083688962130726116e-03 -2.966619210615512861e-04
5.428671251794027208e-01 9.778151885524088982e-02 -6.753840383616611931e-02 -4.556375470017893191e-03 -1.358612096147685010e-03 3.614780898070048178e-03
-2.044643537436661163e-01 1.027736581773628782e-01 -4.226202254978851484e-03 -7.659187797812747750e-03 9.580845795787416592e-05 -1.632598120983390052e-03
4.447685694973785298e-02 -1.227262114186551123e-01 7.046744692839545902e-03 -1.137817084516288581e-02 6.544178672867711523e-03 -4.095527985785793121e-03
8.548804222796136942e-01 5.696292819705900401e-01 1.384962100570662213e-01 2.017666772026980096e-02 5.768339828076890843e-04 -7.862277388310518053e-04
1.890312774727524570e+00 -4.645616976368555084e-02 -6.041476091828910933e-02 -3.721320620817250655e-03 -4.286491717684589079e-04 -4.718762412988281203e-03
-8.346498915517996942e-01 -2.502430165853335442e-01 2.441765451187942124e-02 -4.552966800402831991e-03 -3.198316123029217115e-03 2.904276204991191029e-03
4.224904982445431001e-01 -1.792211669530917872e-01 -1.318472894242566085e-01 1.630099316345321597e-02 3.891225986871682790e-03 -9.074320204255055880e-04
-5.442837737845103163e-01 5.657996176337349442e-02 -5.096522285848831962e-02 -1.042438555325447434e-03 1.983972014751063297e-03 8.582777405810574798e-04
-6.032743309205866877e-01 -3.369348933741347918e-02 2.315455850918261144e-02 -1.234531350020267974e-02 -9.554923596437687105e-04 5.247150031785654091e-04
-1.215741753666089275e+00 -1.113069884295598139e-01 3.040943112841396068e-02 -1.067471662039615188e-02 -2.711530511369387563e-03 -4.921282712656340754e-04
2.433185166570739355e-02 7.914108290680070545e-02 -8.525290427240639346e-02 1.070853481994973747e-03 -6.171392490742994355e-04 4.700419277186565319e-03
-8.226405860152843363e-01 1.208875539857791337e-01 2.268891818213966335e-02 -5.270749088708347012e-03 -1.673256599668762265e-03 1.960433733594098423e-04
-2.588817252603605179e-01 1.520969340286149919e-02 -3.057068161347723315e-02 -2.282020909911195491e-03 -3.100853843845458990e-03 -2.298010633057005758e-03
7.975846318178799743e-01 7.410655216467364192e-02 -1.568953297736303543e-01 4.717540208057630254e-03 4.803984923675580325e-03 9.868672307578505408e-04
1.399843515380468029e+00 -1.585019727035610893e-01 1.139421614361845955e-02 -2.512831073401543183e-03 2.084709764747184110e-03 -5.361793143820124327e-03
-1.082579371470616891e+00 -1.221750665483804094e-01 -4.567631559215762360e-02 -2.701575089517156605e-03 6.567392455759197764e-03 3.244910388681599323e-04
7.230762551842171426e-01 2.646795397866990585e-01 -1.417798462199783283e-02 -5.863758797463617875e-03 -4.715879175938488682e-03 4.188648979234572446e-03
-6.846950347023019745e-01 -5.696512817371278403e-02 2.592424995438694438e-02 -1.062230141001771315e-02 -2.827998643876397915e-03 -2.479978228391310942e-03
-3.574378887465555765e-01 -8.778205781197852275e-02 1.591291173138421194e-02 -7.729128114280237223e-03 -6.181623040898388648e-03 -4.001537580497793387e-03
8.209295331574006926e-01 1.676966658423013623e-01 -3.698741804666504790e-02 -7.003895203143224030e-03 -1.667684407794851930e-03 -8.480429465585296060e-04
-3.921813298108264845e-02 -3.409123705511580837e-01 1.366665151830511737e-01 -1.111695976828460351e-02 4.369313780858492986e-03 6.646104232524789254e-03
1.586930033925609829e-01 -3.147817061636096758e-01 -4.442647012448359273e-03 1.937409895601126600e-02 -1.001602472812391717e-02 -7.242655804646460542e-04
-8.224027343417299185e-02 -1.982604209533553926e-03 -2.417255277975743563e-02 -6.257675192333081622e-03 -8.486980280682738858e-04 -3.902893696524518670e-04
-5.018013069632185630e-01 2.354269275733441580e-01 5.985930365653496094e-02 -2.029150894429885155e-03 -3.909291623905136715e-04 -1.519439380283130105e-03
-1.396136378717463822e-01 1.739103691701493482e-01 2.060760032236729627e-02 -9.081888282821248826e-03 -2.975672114958828000e-03 2.389368743860999494e-03
8.568490112145616955e-01 2.259761569215298638e-01 -6.520963450095371150e-02 -2.552426974224865277e-03 -3.502855841797537957e-03 4.892394322387039370e-03
4.455998079204979700e-01 3.195601977231143920e-01 3.538499900536674209e-02 -4.504113809583991553e-03 -1.715923314836156552e-03 2.589793197914715822e-03
2.851187920025758937e-01 2.706939256100373559e-01 -1.594758809347123635e-02 -6.394304966951507973e-04 -5.634188086002971715e-04 1.872727034095106975e-03
4.429295687589329678e-01 1.019332602757938300e-01 -9.689055882430870625e-02 2.095843628057427691e-03 -1.637865971292001323e-03 3.522546197648966735e-03
5.198918063553698010e-01 -2.691260674672407704e-01 -8.730518916950764929e-03 1.107692195511779908e-02 2.501170646520857726e-03 -1.381517825456812353e-03
8.048816242568620494e-01 -7.938571409887239250e-02 -7.933922883154202743e-02 -5.086316142936390169e-04 5.922750407905768254e-03 -4.247748785275292684e-03
-2.460055312528176830e-01 1.076794996433969726e-01 -9.143636561070696278e-02 3.805510836640473276e-03 -1.627303401207702343e-04 5.831769803145281719e-03
5.394478356892061788e-01 1.404520583927642563e-01 -4.361128712205368518e-02 -5.607420557508798788e-03 -2.442500182125977286e-03 2.227047996703352892e-03
-8.393257293425852861e-02 1.849384469766825467e-01 2.323465986071757833e-02 -5.329676124738649302e-03 -4.627431878123305399e-03 -1.996224632780348087e-03
-1.215964962086576007e+00 -1.295744131155370238e-01 -3.173097170645085285e-02 -4.263039939968580119e-03 4.994979605705854482e-03 2.694048666513420513e-03
8.568047667510527710e-01 2.623552617256328170e-02 -1.141073228454997368e-01 -1.828887222639259691e-04 4.342556613964685536e-03 -1.398621478397131654e-03
9.956302072642937429e-01 2.122636808869358405e-01 -9.315031537032958386e-02 1.530600961371957969e-03 -2.927571249040811317e-03 2.102976412999978725e-03
-7.315654317511147697e-01 -1.641554226375950831e-01 -3.578132202139727019e-02 -4.101552472616957351e-03 8.459339011105820871e-03 -7.408769636083846130e-04
-1.982282262121369543e-01 -2.662570715269088062e-01 2.492911548389900936e-02 -3.283255098370493723e-03 6.285395097290879390e-03 -7.121694566024170270e-04
-4.259383059311545594e-01 -6.365183450010078459e-02 5.610250545592870147e-02 -1.749489448773119959e-02 -4.685593640908364299e-04 -3.701424885387771379e-03
-9.054702454010447044e-01 -1.923584890817006676e-01 -8.696914752553711048e-02 9.618553907938632436e-03 -2.564487781329664087e-05 -2.690137075491632148e-04
-1.586806067903358208e+00 2.990397868204553930e-02 5.713262863762243876e-02 -5.402431919463086471e-03 -5.266326069866885708e-03 -6.073748304526448670e-03
1.666019706815742518e+00 6.537450443310718895e-02 -1.208470827798250047e-01 -2.182004424920118597e-03 -6.954124202471257971e-04 -7.085048457091232743e-04
1.007643970209896489e+00 8.451979859750798074e-02 -6.329789665696967764e-03 -1.611647488733953387e-02 -1.573959468408717621e-03 7.374210458594663295e-05
3.368122548323551624e-01 2.241957874894633385e-01 -4.123998795018671282e-02 -5.022948485054300470e-05 -2.934628970112576965e-03 2.331252944288110616e-03
1.109833114811273447e+00 3.884017021369414735e-01 1.278653537617988230e-02 -6.085336618654394857e-04 -3.172845158696211646e-03 1.947328695058734866e-03
1.249941431223460242e+00 -1.602743653178871630e-01 -4.709078716084480129e-03 -1.331621433261273926e-03 4.434658187290912122e-03 -6.027044588356606121e-03
9.147649634184866485e-02 9.451374495097281114e-02 -5.081920410087110984e-02 -3.881450727501377981e-03 1.411896976150859954e-03 3.930520458440515540e-04
-4.123555159864659148e-01 2.425058506275726555e-01 1.875248537871716456e-02 1.834971705742099654e-03 1.440540020334460814e-03 -7.212310504594553467e-05
2.464487564256789554e-01 -1.826935461908227309e-01 -5.080184438874272429e-02 6.495691422783512678e-03 -1.901494624617685366e-03 -1.964768995375657749e-03
-5.704267802919023023e-01 -2.554088512173688374e-01 -3.282409699200340009e-02 7.237810838096512232e-03 -3.166007266469345917e-03 -8.043107619967568463e-04
-1.620464001406605403e+00 1.834277535802337766e-01 9.041682070458837220e-03 1.726580818293046646e-02 4.508423319966624494e-03 -2.281298268340337977e-03
6.493068088997164811e-01 1.670390300875838896e-02 -9.559965497099455478e-02 3.389695166873642803e-03 -1.650391743906116362e-03 -3.495534579959871154e-03
-1.259649852807774029e-01 -1.122046205325360618e-01 -5.242448357135394421e-02 4.251811614050235444e-03 -6.118855983562940595e-03 -4.276831570926713927e-03
-8.903591530255239306e-01 2.886123356388022865e-01 1.154632754397087041e-01 7.511453640648629165e-03 2.102582047584880889e-03 -5.101100842688608902e-03
-6.933292628846858818e-01 1.190575309677138205e-01 -8.662268379896095882e-02 8.519222751527919663e-03 3.619786524352355535e-04 3.474795361326357430e-03
5.012811122020051358e-02 -2.531523767891418197e-01 3.978390292970027109e-02 6.184546482951460257e-04 -8.881417083465441981e-03 -1.647112524474559974e-03
-1.524271618413274298e+00 -1.003786190520593036e-01 7.907044935166021235e-03 -8.160784410778451972e-03 1.280019081634650290e-03 1.223706171716735418e-03
-1.709840470142209856e+00 -1.163713551766365484e-03 1.578706594551023204e-02 -6.009499238211399568e-04 -3.834205006989214581e-03 -4.878772141459131705e-03
