2.370698660060992502e+00 -3.028131177218935099e-01 3.187092939869969888e-01 -1.187502401354902787e-02 1.364956136512779881e-02 1.090137067708614677e-03
1.038406662673112990e+00 1.324420789395618636e-01 -1.693150313821572828e-01 7.182583334799034179e-03 6.544215952193208541e-04 -1.217006920753938368e-04
1.210668404171779539e-02 -1.135898331548133300e-01 -5.875250711388801256e-02 4.604638177544905300e-03 -7.114288671347374256e-03 -2.045886970554296885e-03
-2.892331845280360358e-01 -1.961473887274959027e-01 -6.867048952027038355e-02 8.820112862009191201e-03 2.620669587694129856e-03 4.485379110825452389e-03
-3.796532753937616467e-01 -1.110828533683052149e-01 -7.648732251607488764e-02 3.366869813418597000e-03 -1.724539843287266599e-03 7.423165332705056879e-04
1.555932606838640764e+00 -2.721876501307947116e-01 1.466887364100201152e-01 6.119347766071528069e-03 5.372421070568185464e-04 -1.006526411801860643e-04
-1.858885236176291422e-01 2.547390239003664569e-01 8.527194130983557774e-02 4.699435020694177887e-04 2.194564633714910060e-04 2.104799065647869165e-03
-9.453769737204574530e-02 7.033190606357506147e-02 -8.091342118412066242e-02 1.902085877282087443e-03 1.021068211747376987e-03 -5.036061183252352191e-04
3.822608884942943486e-01 3.842391332372854101e-02 -2.985572197479978082e-02 -6.319469094345389441e-03 -7.116533413821066363e-03 -3.369933345102213169e-03
-1.611469322940146220e+00 1.262809377705954306e-01 7.678655614796982276e-02 1.038545110470737338e-02 3.684919725191071731e-03 -4.522885505632163669e-03
3.783058590928853882e-01 3.776967697937292923e-01 1.565304341738770200e-01 1.818034630757296927e-03 -3.519251871530580927e-03 2.361555074444283194e-03
3.585019938602670292e-02 2.250258337775685180e-01 5.821194227827558576e-02 -3.159094712472219121e-03 -1.999648618173919309e-03 1.754167383812482717e-03
-2.556379851479850807e-01 -2.624332826078565883e-01 -1.064132675317292290e-03 1.597356884395593080e-03 1.128330189880830114e-02 8.881864080357603983e-03
7.305404776386501542e-01 -2.253473170243791845e-01 -8.950241021196276778e-03 1.481080240375450864e-02 3.886767534009951883e-03 1.566777127427404883e-03
-3.836595922716197760e-01 7.251022851619817744e-02 1.006498752330208489e-02 -8.922104997271048873e-03 7.560743836439355473e-04 -5.493067063140520071e-04
2.884202900459246766e-01 3.408285912236684867e-01 8.546675973565574791e-02 3.884874210040014861e-03 -2.523976832165594937e-03 4.433380723590797309e-03
-2.537352458115761933e-01 4.074236605575649040e-01 1.683001242391635177e-01 1.802980277193036440e-02 7.396385747749659666e-05 1.114944565016151362e-03
2.561490004773081530e-01 -3.620454858979195445e-02 -4.432782294598479333e-02 -4.138372004247399712e-03 -4.076225651173860653e-03 -1.612132452868609211e-03
-2.502482754367357232e-01 7.061752644510829735e-02 -7.096563326882723843e-02 2.118299656285771524e-03 1.274690277436980271e-05 5.093342735255446883e-05
-6.602378172014102820e-01 -1.281104815242866402e-01 -8.812744166601486906e-02 6.833613220440795492e-03 -2.169828166726448567e-03 1.372076849383723797e-04
-4.862318467665412841e-02 4.165619393702201662e-02 -9.725535238257426718e-02 -5.698116393281942634e-04 4.684909620855540711e-03 1.590825273798055113e-03
1.914477193293827373e+00 -2.234855296650966328e-01 1.245584735550619299e-01 1.180543076258556458e-02 -2.119539923388267470e-03 -8.421971933034325467e-03
1.735329213369121160e+00 -1.957352778336669819e-01 9.029924403488606699e-02 6.115292739779997280e-03 2.983480108229912605e-03 -4.667527212787219576e-03
1.059149445080907359e+00 2.249243948420662498e-01 -6.770694814680554285e-02 -4.423721621656836502e-03 -2.509952183957663528e-03 3.807681323441586708e-03
2.258823877994820539e-01 -5.744461153754773508e-02 -3.569752303980202462e-02 -3.100647539707137267e-03 -5.898457222287623383e-03 -2.530692279123043873e-03
-4.157160797709112399e-01 -3.419591427488536395e-01 7.079380354303646539e-02 -3.886795699508652571e-03 -1.114706951275809890e-03 1.406710416286862352e-02
-2.304796896375666537e-01 -5.291214768099596066e-02 -4.741531570479218249e-02 -4.085722471697196892e-03 1.145156295999888403e-04 -1.493243986702557930e-04
-1.433516192019229418e+00 -4.289388787464624639e-03 2.236197204218554405e-02 -1.781561269701358334e-03 7.075616123144116011e-05 -4.912030749285942709e-03
-8.852170084203925260e-02 -1.900069933309800063e-01 -3.190287051161753984e-02 5.307620882884718332e-03 3.560986817050719542e-03 1.843903882853113784e-03
1.469539496051377903e+00 -4.093926364711929916e-02 -3.968377137199962518e-02 2.750679904703748780e-03 2.125574676462130969e-03 -8.852606074819959966e-03
5.693549538882627381e-01 -1.679037032187833955e-01 -4.440595539051361840e-02 8.301656500126201876e-03 2.733412746887378501e-03 1.291147457342924250e-03
7.003763895936202521e-01 -2.264124822495758305e-01 4.923439924800114553e-02 3.433581417363032375e-03 4.571513745479720628e-03 2.074980160633801973e-03
-5.058623158863895936e-03 2.677019577244407200e-01 8.075613520933661027e-02 4.961130759230064462e-04 -2.078246535401320674e-03 2.186702722663973371e-03
-8.695706633363846638e-01 -2.477803801656458874e-02 2.581900712195614369e-03 -8.299316079251667019e-03 -6.474641205368077959e-04 -2.238561206068568048e-03
-1.716061946881985989e-01 -1.705021190250536889e-01 -3.906626855315990798e-02 2.476020080461257232e-03 5.276361619456337165e-03 1.325587615168347284e-03
5.435995634890444794e-02 -1.857372378870455476e-01 1.175241141427893314e-02 -4.626459957925281065e-03 5.745625893100058182e-03 3.339733418889418923e-03
1.097422365527919608e+00 1.316885234386870052e-01 -3.359928428389928612e-02 -9.843501762665757965e-03 -1.827604366525367816e-03 -2.644050865583471004e-03
2.563976349602363758e-01 -2.511070620467876213e-01 4.867414850400426929e-02 6.212638515571767064e-03 -8.549206605057674269e-03 1.414508941148255768e-03
1.566646335098402343e+00 6.697595127518027325e-02 -4.863149978256035844e-02 -8.150692458059017112e-03 4.728782471026816135e-04 -6.147933466412180102e-03
-7.656245907403173012e-01 2.981164106990777385e-01 1.023396604239809743e-01 1.428998131876631217e-02 3.306324206393655447e-03 1.032342258149710704e-03
-2.313911145376749412e-01 -2.257312218691080730e-01 -3.860254345766719886e-02 1.118294990266056541e-02 -2.482333009605566104e-03 3.077150611662587618e-03
4.586290836254092729e-01 -1.331270149774367931e-02 -1.173635203411676521e-02 -1.051023982049256386e-02 2.153905212461316564e-03 -2.472826867001842299e-03
-1.673433752421829013e+00 6.633223727738692121e-02 5.717824171780571535e-02 7.159215694924926654e-03 1.399309334835340066e-03 -6.087672033461193587e-03
-1.191510939034095690e-01 -1.157732179095587732e-01 -1.043146776850068513e-01 9.505922951594131601e-03 1.526961911262288358e-03 8.127072797783533404e-04
1.450413435768390692e-02 6.836084525162833270e-02 -6.355332757709279690e-02 -2.437784395332124373e-03 -2.719236026430305085e-04 6.227552287298734847e-04
4.660233026968917391e-01 -1.361639367407437573e-01 -9.222113844001336366e-03 -4.643180345644407417e-03 1.002267980280292098e-03 2.737033735173801871e-03
-4.664807017058213851e-02 1.006410653184533627e-01 -1.079294979150250272e-01 7.873821994717153947e-04 6.212373063124830216e-03 3.904474349428048788e-03
5.732543735778395516e-02 8.498621168999259679e-02 2.806332447258826773e-02 -1.292378711974155603e-02 -7.470264050230581961e-05 -2.162945779720562307e-03
-1.514307903330587290e+00 1.845368441714522190e-01 1.347573956995482547e-01 1.284089106606781626e-02 1.959692107220002699e-03 -6.288604311301905850e-03
-1.549351883152332965e+00 2.573041594054827422e-02 3.393189843604887262e-02 1.060863701799146137e-03 3.160009414774031609e-03 -4.374509787859410040e-03
-1.329637958779942286e-01 -1.440733200901595512e-01 3.659764284374198567e-02 -1.311158564125416981e-02 -5.714351578281023220e-03 1.146597618636763845e-03
1.341316761709200112e+00 -2.725463346969459466e-01 1.719379381113199379e-01 -7.644502260458631293e-03 9.041168314024218555e-03 6.611057744427052164e-03
-2.676231627208408015e-01 3.313124765304403807e-01 1.460406980195952387e-01 7.462745263471950649e-03 1.136505639391009948e-04 7.311676638115443758e-04
1.867766274020479789e-01 1.831347398950659566e-01 -1.214679134422451748e-02 -2.250279988050641732e-03 -2.785144440700205309e-03 2.107330635458612086e-03
-5.589014255053879054e-01 -4.914567272981314183e-02 -1.207492593120229468e-01 9.141209885694960915e-03 -2.436948970591405403e-04 -3.317894085002179500e-04
6.609277362821336377e-01 -2.005237170297297367e-01 9.744615036678639167e-03 7.387387495469102845e-03 -2.825834828124166188e-03 9.800342924882082026e-04
-2.243276741556080867e-01 1.310239640301224251e-01 -6.279841210319850320e-02 2.592014544863098773e-03 1.742276171859822882e-03 1.765482057425044830e-03
5.161008190621246827e-01 1.699774587885479749e-01 -4.316579368355067531e-02 -4.458466398510762922e-03 -6.880736877011131613e-04 1.434080897760779249e-03
4.395337932864534780e-01 -1.515955651293405815e-01 -8.140353054331429805e-02 1.458092032807640874e-02 5.934811791090992099e-03 -2.219289761628099288e-03
7.937801961092127989e-01 2.886824388884130510e-01 4.654087593807284054e-03 -4.943668747111239214e-03 -1.651819171480911402e-03 6.557253019938389348e-03
-5.755322328131977638e-01 8.407255255181649012e-03 1.404709709480951585e-02 -1.304598630409033871e-02 6.825312372544976684e-03 -1.101688859416135018e-03
9.631016278757846827e-01 -2.040476875041341842e-01 -1.173129081852989503e-02 1.574905147953743062e-02 8.485043591466717022e-03 -2.355323214931840867e-03
-3.242089153923972678e-01 -1.843133384369498029e-01 -5.611081034207759249e-02 4.510704319978445578e-03 6.649069453750398873e-03 3.720329317915898118e-03
1.270019725929979915e+00 -1.831658432131655634e-01 5.749676663498439616e-02 4.314819874271025486e-03 -4.472111662490733247e-03 -2.510782324572015996e-03
-4.870115326703101932e-02 2.078878421773408813e-01 1.069734864359533355e-01 -1.238689605331634927e-02 3.636275339660554034e-03 1.699104683494711675e-03
4.740815731294282798e-01 1.866302484651106153e-01 -6.393694205091243754e-02 -1.672567715921290154e-03 3.361415456962175215e-04 3.723167297522482662e-03
9.441124095546439277e-01 -1.080175273920434831e-01 -1.754121567541874413e-02 1.170014627656799618e-03 3.071137476281890922e-03 -4.031088617380159528e-03
1.518116327483790329e+00 4.258330956519586208e-02 -7.752022834438661303e-02 -1.153439556070978570e-03 9.968627008886863337e-04 -6.617968132159621035e-03
1.412670181926233948e+00 -1.221788568752897874e-01 -3.144584453372847171e-02 1.290079569307810668e-02 4.972511227722031975e-03 -7.166264006652063763e-03
-1.303849729196861151e+00 -1.656529026834656637e-01 -2.371401452222734671e-02 -3.052998822067329483e-03 -5.005591513103563100e-04 -9.670301240437407901e-04
-4.264171260022003307e-01 2.024130377368507094e-01 2.023255060712708144e-03 5.207978030854749571e-03 2.172444372055581593e-03 3.247488490951817158e-03
-2.479252184438696383e-01 1.552694727657725482e-01 -4.261942699850593957e-02 2.872338139873720133e-03 3.991840202992487916e-04 2.971339085013375604e-03
-1.070129061839544926e+00 7.929034015039998495e-02 -1.680532243014393537e-02 5.710900486435356062e-03 7.506838941875091211e-04 -1.167925121145069883e-03
-8.054628506358917361e-01 2.697050271048951342e-01 1.556739794806223098e-01 8.018447351572362963e-03 2.212795863262001419e-03 -2.291667547400779922e-03
-7.793828845878092437e-01 2.024468049210167986e-01 5.737387960422118266e-02 8.833124024008041572e-03 1.193165739868493571e-05 -6.226045749294459742e-04
4.773026458686371182e-02 1.649520942052413175e-01 2.189261993096317319e-02 -6.022453472953077404e-03 -1.209891730234889532e-03 4.940115236677141558e-04
-4.031237069497035641e-01 -6.611132464161914579e-02 -1.092455774367091931e-01 5.155682330019259289e-03 5.604071903281296514e-03 2.992270683316913794e-04
-8.136497037221945838e-01 2.777939513047481546e-01 5.731848898566976880e-02 1.848533645098558373e-02 1.385473839052412965e-03 1.378346277167833952e-03
3.282633681918971091e-01 1.917005547103395047e-01 -9.995398221360266011e-02 5.751506040257934986e-03 -9.248389938808283155e-04 4.310988818590185193e-03
-3.757300008763167498e-01 1.449536327904819566e-01 1.239600144842109217e-02 -1.423512257158975145e-03 7.273685519882155991e-04 3.720770849044497991e-04
-1.350934021261758433e+00 -1.042836214259134850e-03 6.788207496203957358e-02 -9.116799590990038241e-03 2.494038851910312764e-03 -4.790249281186519277e-03
5.879118445055047520e-02 9.608928956117294973e-02 -8.612658532714349835e-02 -8.550236447252739305e-04 4.014922972682545381e-03 1.868934450776479558e-03
-1.234169003811502741e+00 3.157848788630546744e-01 2.596424846223386873e-01 2.108728904465800510e-02 9.057706048398293406e-04 -8.236250436559875571e-03
-4.126211439351146204e-02 2.764826238387051993e-01 1.301566687676844469e-01 -3.781282202410271662e-03 2.094269956742318619e-05 1.283010076878882610e-03
-1.038915388620491598e+00 -5.729765547524812846e-02 5.650773032414496688e-02 -1.298321061434274185e-02 -5.270585144385781483e-03 -6.430507860622262060e-03
7.318490981744690815e-02 -4.499477429358262476e-02 6.529282285278729427e-03 -1.381486636821603088e-02 2.898764798569554522e-03 -5.839480189656239256e-04
-4.641386216193745806e-01 -2.457185344938824234e-01 2.204447043671277709e-02 -1.048984872281058132e-03 -7.324559358013273992e-03 4.185254482617062864e-03
-1.651496108976060195e-01 1.944831986895515785e-01 8.033175012888485456e-02 -6.067748861258910956e-03 -1.079893481194786663e-03 3.640882977178171837e-04
-1.673914697930441731e-01 1.285168478147487858e-01 -9.442607338969660757e-02 3.919258610280173735e-03 3.262939269424006833e-03 4.040222314957546586e-03
-5.725555156916601884e-01 -2.408881028233069155e-01 1.353467194264377192e-02 -7.886261805114711324e-03 -7.042873127425424221e-04 8.662654418459710126e-03
6.920388738067247969e-01 1.007188716845310306e-01 -1.212235782416110491e-01 2.346996891151921852e-03 1.228426559848679045e-03 -1.226674432720574026e-04
1.796050977805790039e+00 1.407103047148267894e-01 -9.192431526007069365e-02 -4.694801020368389449e-03 -2.596103870764829378e-03 -4.725648346805616171e-03
1.482885750942732450e+00 1.978810837346983986e-01 -8.368787547870995547e-02 -5.410698582416537984e-03 -2.376163855679981878e-03 2.207183507066197881e-05
-1.403570730393016996e-01 -8.489345551712691729e-02 -1.956689998680817208e-02 -9.797244571303764804e-03 7.980896035062173127e-03 5.235749668796559140e-05
-4.200144313365294924e-01 6.247881298504944121e-03 -4.179844982645817414e-03 -6.038185006897695689e-03 -4.033137462374895323e-03 -3.334232784446937003e-03
-3.775525598078027234e-01 2.723830636599752775e-01 4.405933681127554430e-02 9.770273573326878486e-03 1.042739603513923290e-03 3.486323674460773629e-03
-5.255856384039617746e-01 9.641946620637519005e-02 -6.940654061877263303e-02 4.785934960488721912e-03 1.577942057881808000e-03 1.619784235288404626e-03
2.555766576040496840e+00 -2.342526282596879561e-01 2.381908449591878529e-01 -1.731418126991152596e-03 7.510381568169722209e-03 -7.672767723891714409e-03
1.019660718221116813e+00 -3.483388309928815707e-02 -2.430736261871812177e-03 -1.020755399808814454e-02 1.649312390787614942e-03 -3.299237056330376998e-03
1.892072986901937037e-01 -2.546805682522702008e-01 -2.198481785873164854e-02 1.812143355633493574e-02 -2.910304147639509401e-03 2.632050027661870552e-03
-7.726604530043477137e-01 -3.384163297389100253e-03 -9.268855550122807874e-03 -5.408179701381737349e-03 2.037532204845495919e-03 -2.460110801898124453e-03
1.311470486646874933e+00 2.513173099630667817e-01 -5.635226565887953287e-02 -7.199084280220936424e-03 -2.719311581437262350e-03 4.154588129923034862e-03
3.130129139354237422e-01 4.799993692869598816e-02 -1.052148497055293841e-01 -2.511485584133856560e-04 2.227280801100481843e-03 7.065496379679449658e-04
6.050337497614870497e-01 -2.174961160984884012e-01 8.098999667258947877e-02 -1.952712058523663891e-03 -7.547126523663600685e-03 6.115331938878989420e-04
1.000776879546788067e-01 1.085340890017495452e-01 -1.692028826671704636e-02 -6.700722807568671759e-03 -1.728333603816099200e-03 3.477885117586272537e-04
-2.657425656511095413e-01 -1.679591827870837439e-01 6.263486772011012116e-02 -1.817724408693664404e-02 1.578860766273935652e-03 2.737807278759881585e-03
-8.591161296106399892e-01 2.483136004847955325e-01 1.124054353397998113e-01 1.181865893085409965e-02 -4.060803531943365857e-05 -2.287684860395861226e-03
8.728084692307535031e-01 -3.985824422071144318e-02 -5.956926143289549558e-02 -1.368173884043090123e-03 3.097504372452457386e-03 -2.783205641489501243e-03
5.023690361480582789e-01 1.716504138543116856e-03 -5.496343074986555222e-02 -4.964989981939586447e-03 3.234697414100850751e-03 -3.099203548506737453e-03
-6.605433298866278946e-01 -4.309962953203131525e-03 6.224234362813647892e-02 -1.621707252299885507e-02 -1.913487122053265021e-03 -3.679224436120526447e-03
-4.371546631559385943e-01 -1.205723022756285262e-01 -2.817752555819789256e-02 -2.277068364876978605e-03 -5.334566164536777219e-03 -1.219052101208750565e-03
-1.676935854101554435e-01 9.533555352601263966e-02 -7.511588979881989037e-02 3.283199270505858698e-03 -1.479230840466991357e-03 7.702531454764589358e-04
9.807281011293329520e-01 2.229396992451717907e-01 -3.008469759308953634e-02 -6.477347407128512813e-03 -3.277471044635678083e-03 2.089337178521871036e-03
-7.589740844350144622e-01 -9.329617299851411527e-02 3.394389310548882877e-03 -8.910094855953227047e-03 -6.434222023839262020e-03 -2.802367082198420432e-03
9.483586017111131916e-01 1.862186222589192475e-01 -1.589782781614204887e-01 5.506519648853804537e-03 -7.031260075194919633e-04 3.142339925109887203e-03
7.210284754072039393e-01 4.016968112451587136e-01 1.655052748543756891e-01 -4.233471782150635861e-03 -3.167365719204460420e-03 4.398722878291225213e-03
-2.721961026721187935e-03 2.564081522847235228e-01 9.551596819234361990e-02 -4.332666595564419604e-03 7.368635013785589322e-04 2.688336624273631858e-03
9.437240263662222128e-01 2.902942899723714998e-01 -7.504099658572940292e-03 -3.218133608417649352e-03 -4.881930780751032872e-03 5.171993665771525313e-03
7.779835810455016931e-01 -2.830328136519747462e-01 6.514404600534476342e-02 1.573863298315341525e-02 -5.519067348939132693e-03 1.237575795664427031e-06
3.197535741382884211e-01 2.984283876000397573e-01 1.124058129435475673e-01 -4.975206899265970963e-03 -1.846991710910193644e-03 2.928748183520626762e-03
1.024411866724041165e+00 1.422212881582155253e-01 -1.625538114378272114e-01 6.834133364777190273e-03 2.945954811494257294e-04 1.816518779278680578e-04
-4.141345807201105705e-02 -2.473668165758249327e-01 4.046506147023528482e-02 -4.079095937180595745e-03 -5.368118149692784058e-03 7.435042928352839260e-03
-3.229499281478842576e-01 5.017661021339682448e-02 -5.073254615981230564e-02 -3.647042725174213292e-03 2.290091554948571213e-03 7.014816596921968125e-04
1.442747941533505940e-01 -2.593125986471910838e-01 -9.372166475197415622e-03 1.567560646639842153e-02 -2.340284328833215199e-03 3.125203639446620229e-03
-1.777844568931900904e+00 -1.396771294918609518e-01 1.741847876844923246e-02 -6.996024245719168096e-03 -1.283745316203493926e-03 -5.544691839298916854e-03
1.554888847432769117e+00 2.553973308661159347e-01 -4.291713363536744930e-02 -9.023747609428995481e-03 -4.460742096142133496e-03 2.064649845392593601e-03
2.263085977087611056e-01 2.282283284437797502e-02 -2.335684351199897053e-03 -1.267535887918782266e-02 3.034197610946366176e-04 -1.228231215336687485e-03
-1.783509805361150127e-02 1.413420604071753406e-01 -9.336284632170550879e-02 5.118588000679527052e-03 9.699698064845113307e-04 2.688587176735466201e-03
1.891730063579848853e+00 -6.903048642178043204e-02 -2.042733402145262538e-03 2.116275532622179361e-03 7.063010612385983711e-03 -9.076887344380162037e-03
-1.156233097084754247e-01 4.188613203871676544e-02 -3.302019593413313414e-02 -5.608118723677381519e-03 4.362772731852217287e-04 -8.112049716108775226e-04
4.593230479838742997e-01 1.754590345509861593e-01 -6.586639651941764151e-02 -4.129023986818056852e-03 2.255136715727975184e-03 4.485274774560920642e-03
-8.323050563863448881e-01 1.349962375642728592e-02 -5.313420825660766789e-02 2.254054124364099441e-03 -4.174572799700817702e-04 -1.312164148769270552e-03
-3.986013469564228529e-01 -1.265619312631693083e-01 -2.966424325341640925e-02 -4.671304010926836513e-04 -4.201645830140213027e-03 -1.417155663553860100e-03
3.741981688203799838e-01 -1.322004133780954327e-01 -4.378212020664727644e-02 6.859744887079892266e-03 -2.179416616429225798e-03 -2.265282314695589438e-03
1.128405112827946866e+00 1.773226445760938130e-01 -2.415873958067564845e-02 -1.158461235921087913e-02 -2.031697797625145463e-03 1.457322271057173225e-04
-2.143045087103936819e+00 -5.998925264814423258e-02 4.402140314976101323e-03 3.078086623501054015e-03 4.017681560182146706e-03 -5.547442102999601554e-03
-2.236663858958234830e+00 -1.976158610542034511e-01 1.265227835612634140e-02 -4.687056123771732655e-03 -5.238304079712721717e-03 -7.861613173745393007e-03
1.588004519434091710e+00 -1.240560616829364943e-01 3.665705758838287698e-02 2.332746370176771306e-03 2.053924993906674351e-03 -6.038177462211295754e-03
1.059228017416796730e+00 9.129628128926085828e-02 -5.581363394991731980e-02 -7.305436849477837252e-03 1.765349344597204938e-05 -2.796287226538133469e-03
2.247560619986062602e-01 2.481727115607247347e-01 -1.220233200457004549e-02 1.148362728750111032e-03 1.469691758045643421e-04 5.810087663742627938e-03
1.485378225083978876e+00 -2.022236642929943484e-01 3.444808807786796379e-02 1.511390671690957324e-02 8.677643545529903010e-03 -6.317713800700688019e-03
6.346459091047662593e-02 3.448757071269778485e-01 6.937191940413497959e-02 9.654355642105863153e-03 -8.341515269222628650e-04 4.921557108479829301e-03
-8.857977455373514664e-01 1.674605599817298174e-01 1.674615811645755598e-02 6.695777613671543248e-03 4.429690077314929648e-03 1.700937723550336204e-03
3.744828006301134660e-01 -1.090053319355745870e-01 -3.109405311428059884e-02 -2.777328358416225433e-03 4.841090863478934338e-03 2.810864399715139726e-04
-1.154619407886913862e+00 5.184364683124210310e-02 8.946965152705595170e-02 -7.375305933323178693e-03 -4.520309474055032449e-04 -5.379415920757105347e-03
8.160532995734777195e-01 -2.343115560985541412e-01 5.825055080579940453e-02 6.192284471798550037e-03 -3.739758586220843280e-03 1.695366819605595215e-03
-8.006395240984026662e-01 1.118127391155036704e-01 -5.676437128591645120e-02 8.725912050010217053e-03 1.634959430988656070e-03 1.256983731008205502e-03
4.793440592481582052e-01 3.190879643594247694e-01 -9.014593123883551636e-04 4.445053317470376401e-03 -1.305716432655851635e-03 7.762225413029661021e-03
-7.006412813766407233e-01 1.516710841427398593e-01 2.658683951910992965e-02 1.301735901764181167e-03 2.614142979094588679e-03 1.592858710131318226e-04
-2.015635291579751964e+00 -1.713201347724598311e-01 3.935686030007399389e-02 -1.217680900512011465e-02 -1.099532904901254476e-03 -5.583858029351691787e-03
-1.445903698259871861e+00 1.630921954711278543e-01 1.348986039320616559e-01 7.851712677889444505e-03 2.579942875288525252e-03 -6.078176309300051955e-03
1.653804209802481440e+00 -2.810313942947651467e-01 1.931582318871631898e-01 -3.317697028350842167e-03 1.180068288322486461e-02 1.856475066905937180e-03
2.151475540303143530e-01 1.294080414775141685e-01 2.046302038360199409e-03 -9.837180911955933568e-03 -1.530829086382908249e-04 9.088230892278196952e-04
-9.695580326935313020e-02 -1.395075886122035536e-01 -8.463328055431931785e-02 6.519879369578943963e-03 -4.427457415516370212e-04 2.626304680382000184e-03
-7.095334851592246528e-01 -6.725995353812194710e-02 -7.465484719383583267e-02 2.547703525019151972e-03 2.454461900317779759e-03 -1.378247837647756692e-03
-1.178159770986413335e+00 -1.646091316387595371e-01 4.142167665361069610e-03 -6.513953170328808627e-03 -7.943808203072642155e-03 -2.964515108038562503e-03
-1.186080576665503872e-01 9.476165821708612547e-02 -1.185439840287278723e-01 7.317948982263004776e-03 1.739992266348941322e-04 1.917979583364550020e-03
1.855497219087504535e+00 -2.135212343146337954e-01 1.242164240088915184e-01 9.776867953425570981e-03 -6.375334619692678978e-03 -8.581349867374793786e-03
1.171322896206469677e+00 -1.337599663611763190e-01 2.995042440486758370e-02 7.297186319269184217e-04 1.635139729871601822e-03 -4.639953087502278473e-03
-1.358142987603375706e+00 -1.458851229558532844e-02 1.532848306580958386e-02 -3.157250391903434952e-03 3.996832010092223031e-04 -4.141079100982748840e-03
3.024330301999765269e-01 1.270917659106469977e-02 -6.755540207299207123e-02 1.105738830293305887e-03 -3.397967732605342711e-03 -3.783493400444950822e-03
1.998878326637318348e-01 1.339630018003744039e-01 4.275386381926397916e-02 -1.355115103942613683e-02 -5.183169804485678218e-04 -5.040908569864942538e-04
-1.584619745046178307e+00 -1.424350115528004446e-01 -4.974922130792647917e-02 -6.138245977898196086e-04 1.414492292628178466e-03 -8.374124364177753426e-04
-9.904749202389100393e-01 2.408067308809668516e-01 5.626094444931170613e-02 1.695317853784346004e-02 1.767807323660277328e-03 1.461401498618708852e-04
1.264420951429414464e+00 1.761362518817408129e-01 -1.219119981416817017e-01 4.350021665671019964e-04 -1.524137055326312386e-03 1.805853339941945583e-04
5.273804113299835894e-01 2.605503938402017328e-01 1.789792263939330580e-02 -6.224311365301080784e-03 1.442053563894160314e-04 5.863189737643203885e-03
-6.363719705994880238e-01 -1.786887313795769081e-02 2.023964205135091871e-02 -1.112924419633771339e-02 -4.290699352401238648e-03 -3.206099018861534311e-03
9.280005345902368752e-02 -2.829202424234358304e-01 9.019600016750217719e-02 -2.474510345157744044e-03 -6.101630566555004548e-03 6.220625467531941573e-03
-5.894772318544721362e-02 -1.199813948580365774e-01 4.945505079742731729e-03 -7.847221574396087695e-03 -5.774256072844869206e-03 -2.785431558710286149e-04
1.024611173107825124e+00 -1.006098632205234961e-01 -5.146044900803806860e-02 7.003291900893171724e-03 2.455331552553904808e-03 -4.922078497699351220e-03
-1.286277642774639629e+00 -3.443168713318173202e-02 -2.008818311337359427e-02 -4.467938319208008408e-03 7.953534540549186960e-03 -1.684447351485951179e-03
-1.291473984789951457e+00 -2.610527943256691907e-01 -4.348407030583651377e-03 -7.389633076349814327e-04 -9.153471374864262725e-03 1.370885587419441070e-03
-1.598246489057274511e+00 5.687081661492355417e-02 2.052140578377482927e-02 7.288713785428763310e-03 2.881290341338090498e-03 -3.899214528431401740e-03
9.298350760326828945e-01 -2.980525836969148412e-01 8.810036227002300546e-02 1.542737452429132801e-02 -5.236637258608847593e-03 9.796023731255534481e-04
-5.835867789823879354e-02 7.323167700494187526e-02 1.987556776683027313e-02 -1.059642417840001016e-02 -4.880173437632951382e-03 -2.182733491924006373e-03
9.391456682780963128e-01 -1.078662690761797438e-01 -5.371800366449624303e-02 9.105543890185283790e-03 3.969750225731922925e-03 -5.222680960022247840e-03
-5.531650550436960634e-01 1.064419901383602610e-02 -2.267776800084273653e-02 -5.297326059960736667e-03 3.245910534763365388e-03 -1.858245792222094255e-03
-3.915714538047441740e-01 9.336594872843406723e-02 -2.368904230515262929e-02 -1.826432392003471796e-03 6.081322887078319988e-04 1.234132720430567071e-04
5.876641630127584781e-01 3.623909372054658906e-01 1.240329011789790131e-01 -2.503700718078742497e-03 -4.069350759348268516e-03 4.223495963480661426e-03
-1.048792855789358436e+00 6.888917349417827962e-02 2.825280995235033774e-02 -4.028194929744209271e-03 5.925322074066425096e-03 -9.520953429204644016e-04
5.341393419148060540e-01 2.903842911713585551e-01 1.998396203044224342e-02 -1.721003725459503697e-03 -1.929328815940584098e-03 6.146435456430650660e-03
1.818587508743206405e+00 -2.992249689920413180e-01 1.890956596755030417e-01 8.832342171232234959e-03 5.340813722991150266e-03 -2.239392744822270905e-03
-1.115600141045456350e+00 2.669794770901775527e-01 1.500186899128979068e-01 1.645207149543039329e-02 7.424042654433083950e-04 -4.380313060043343823e-03
6.357021695427315100e-01 5.415884509238909628e-01 3.008824921910445704e-01 1.534161342911740701e-02 -3.458817426668942246e-03 -1.661569106807493298e-04
-7.663668572401546308e-01 3.330450035883256860e-02 -3.053698151671168856e-02 -1.584822426724763218e-03 3.033766195758613553e-03 -1.941942977992769772e-03
-1.129356660114712252e+00 2.609229626042881001e-01 1.125265131249681000e-01 1.639114852646272533e-02 3.516392439565487870e-03 -1.599938630350201041e-03
7.204137005782321745e-01 1.626701461946098437e-01 -3.709428573473442375e-02 -5.772508898525516990e-03 -4.131561810062692880e-03 4.810173221174383331e-04
1.925327821689429633e-02 -3.105722051749625900e-01 9.749395231461999156e-02 -2.004361398801437696e-03 -3.564867160734497969e-03 8.510595843713192332e-03
-1.544701227386806153e+00 1.002229421199325871e-01 4.343576058669604278e-02 7.184968155070820678e-03 6.158765180405704337e-03 -2.688295162564727139e-03
-9.859715340347885437e-01 -2.311675922906077929e-01 -3.243698115150383393e-02 3.379643894436313743e-04 3.916577187489536128e-03 4.672157823563171351e-03
-5.885933163181649164e-01 -9.614659182336907084e-02 -6.583535608261313621e-02 -2.017606517684098248e-04 -5.361052330656375809e-04 7.549769576883764944e-04
-2.608764672678777208e-01 2.243828613480921552e-01 -6.920728829608201703e-03 7.024394224636632857e-03 1.877974713421147164e-04 3.657108379679481925e-03
-4.441058775167532335e-01 -2.393235414273137962e-01 1.037135537911700219e-02 -3.949550161413997208e-03 3.807297825621788669e-03 7.359251983094131956e-03
-1.249754476736427040e-02 -2.656410075879945265e-01 -1.791055055974262109e-02 1.718129027087782201e-02 -8.374574058567615248e-03 2.245324823693522608e-03
-2.456916901591243291e-02 2.877930886181480699e-02 -2.149152280335414264e-02 -6.114864401697522704e-03 -1.074604480342481773e-03 -2.692524167156983093e-03
-2.255524404284079132e-01 -1.312955289262686120e-01 -3.688968790306665357e-02 -1.059354301981524403e-03 -4.799313509873577750e-03 6.698319747070311967e-04
-1.622835990991406130e-01 -3.097551808129749701e-02 -7.742817467675473797e-02 -1.294057846135523993e-03 5.687217442586280612e-03 -7.398989285100252781e-04
6.928570987016416938e-01 1.728908741665383109e-01 -1.901547963169135033e-02 -8.542903601402286606e-03 -1.348627326706849537e-03 7.256348680942472686e-04
4.574167306108554154e-01 1.748917473808068446e-01 -2.029498734396443377e-02 -6.507540198411662993e-03 -1.034287604439186256e-03 1.791514340652447350e-03
7.540752304861902955e-01 1.024666874466183403e-01 -1.033897324711085391e-01 -2.353993731866486656e-03 2.564186553287761943e-03 3.952328161095298629e-04
-9.082789896766821913e-01 9.535047794946231725e-03 2.597716572255501233e-02 -1.030773183775491979e-02 3.136846923338116894e-03 -1.736748776329364707e-03
1.670867754721039544e+00 -2.276734563870287942e-01 1.312788059025926934e-01 5.195431271500209822e-03 -3.209505114803933804e-03 -3.905365408745594714e-03
-3.208469983335257014e-01 2.107638288975742513e-01 1.971462602683017595e-02 4.976334171854360396e-03 -7.739085136969422064e-04 2.017353681020905842e-03
8.567341253587426042e-01 -3.023826872324438253e-01 1.174415932919305738e-01 1.865688208354101011e-03 1.064036302306387884e-02 7.565105374611384367e-03
1.219107499379006310e+00 -8.666428905506803893e-02 -1.647902540505590332e-02 3.301319598741156089e-03 -3.141635551873977333e-03 -5.921218961022678764e-03
-1.171138569194013046e+00 3.155447492223672351e-02 7.033634225906855442e-02 -8.505983398008469878e-03 1.919802724589773782e-03 -4.091710517483652422e-03
-1.374445962154655865e+00 1.986813480023033596e-02 -4.807479935026059970e-02 5.792339010612453272e-03 2.964996433727830252e-03 -7.501923739067633016e-04
8.443304000162181744e-01 1.358123128137216640e-01 -1.451765547861737747e-02 -1.093157009903882038e-02 -2.523475938764057659e-03 -1.272829882030285676e-03
-1.277275671356167264e+00 -2.603388901449577575e-01 -2.018021017699058936e-02 -2.069392842758264897e-04 -2.363687510154224587e-03 4.400491482249508854e-03
-1.700276413414190113e+00 3.783280166073978851e-02 -9.961923888110742198e-03 9.097568563757150659e-03 2.922563690366569884e-03 -3.000749175061000456e-03
-2.002501458589270866e-01 -2.346858414241938806e-01 -4.178177790751616896e-03 6.064676173127075791e-03 -1.253717082036494464e-02 1.516717535790690135e-03
1.016295146134317123e-01 5.653848345300808292e-02 -1.240511952531571371e-01 7.358408171423251772e-03 3.129450819716659117e-04 -8.329637945972287677e-04
-1.256623282357284932e+00 -1.211566217269334639e-01 -9.270465630589433403e-02 6.800944249910265832e-03 -7.454053412403089957e-04 -5.073885813798294795e-04
1.906173186615523762e-01 -6.108053417416590275e-02 -3.064083970731183368e-03 -9.055257252658528364e-03 -4.481436889282558282e-03 -1.809541815704740746e-03
-1.364058254407933157e+00 -3.245186046738823132e-02 -3.656091247150767415e-02 -2.597113604019690995e-04 2.345573698067591247e-03 -1.653369086754009161e-03
-1.274506346677855229e+00 -1.064099944028549377e-01 -3.676270683130090228e-02 -6.237471710893846034e-03 6.912733068971683298e-03 5.411017266997347796e-04
1.129697337181477357e+00 -1.652790747839938124e-01 -3.093557185025400461e-02 1.407738448645062118e-02 1.125941091227457627e-02 -4.985605092602785407e-03
3.199019583987589566e-01 -3.172280051216117558e-01 1.119294538240643982e-01 -5.155234479899526226e-03 1.110103220072420141e-02 1.221169195861548061e-02
2.248480949108066174e+00 -2.387841613522272144e-01 2.077091232208060634e-01 4.521570808630595573e-03 -5.405578815493796915e-03 -9.080132188893957207e-03
1.645658399600022026e+00 1.581302058520487330e-01 -1.032747511202615348e-01 -3.357848959508071170e-03 -2.638531036627395077e-03 -3.099144439944688176e-03
-5.421887794085704648e-01 1.567948672988787873e-01 6.112281194163702441e-02 -4.899727652118871478e-03 3.444281917965577242e-03 7.667860097793555889e-04
1.553286670403850600e+00 1.334043332563809858e-01 -7.035351371828983680e-02 -9.200661488122589826e-03 2.862921218291585804e-04 -2.264061137447963973e-03
6.958543921956176215e-01 3.350329777674537768e-01 -4.085479030987310134e-02 6.696032870820583377e-03 -1.943186428246062268e-03 9.103438475319665726e-03
-5.498763593144161410e-01 2.755242412772405669e-01 1.461881435957172182e-01 6.955989936756844932e-03 -1.453776227126215344e-03 -2.410911996907058596e-03
-7.586327674642616703e-01 -2.506080656339855772e-01 -2.047091483980988114e-02 8.874860901320345873e-04 -1.426983786567896477e-03 7.329497458732825953e-03
-6.726835706026275397e-02 8.106984868536933064e-02 -4.858181627335128594e-02 -1.317632661295550659e-03 -4.613700563759425520e-04 -1.390705332320696245e-03
-4.657116153691109317e-01 -1.333279059074063411e-01 -6.259016065975678278e-02 -4.457193170558670269e-05 5.542734262854235455e-03 1.938823707993575550e-03
4.354595715621504270e-01 -1.201026872677002644e-01 -5.436569111674879884e-02 4.134195986321986122e-03 4.377212361096297077e-03 -7.622255019275536118e-04
-2.478435665599023896e-01 -3.721484590200391240e-01 9.976507767265510584e-02 -5.074390165747592971e-04 6.900899269620657667e-04 1.434811895499263704e-02
-1.995054321260042451e-01 1.689263641300150776e-01 2.343666916396509869e-02 -2.547708357207101662e-03 -8.639250876095355995e-04 3.864147937739647069e-04
5.530351130498176726e-01 -1.115093227618729754e-01 5.772468648433187136e-04 -9.283780984684882401e-03 6.125620534449015449e-03 1.611977726792301587e-03
8.329294416596001727e-02 1.999472169335867744e-01 5.315670801551861807e-02 -5.425089287343803392e-03 -2.497289476664772082e-03 5.255611961245795945e-04
1.682111675912524973e+00 -1.986143966514739012e-01 1.239052697205873105e-01 -1.797451093749574333e-03 8.242258567185882165e-03 -3.755117966128815061e-03
1.083154824084795465e+00 -3.418021583486879345e-01 1.565204863418662162e-01 6.470779082206765988e-03 5.986211280088840972e-03 7.182988994780491881e-03
-6.179308985041446524e-03 1.092403459530174870e-01 -6.990311218718298081e-02 -2.195586772516442114e-03 3.363103838975983403e-03 2.908444241217531673e-03
1.463677053994613397e-01 -2.096882385417878636e-01 6.510850365381955218e-02 -1.101643489130433272e-02 2.755909103260654330e-03 5.447058221023066450e-03
1.261221675386110741e+00 3.339182527112169452e-01 -3.847119826629976508e-02 -2.032373904472823973e-03 -3.718947075740086736e-03 8.114541271378658549e-03
2.661231524357683398e-01 1.676236358403055682e-01 -6.317490922910817819e-02 -2.119793858614187586e-03 2.125593814843418274e-03 4.219187695327247280e-03
-2.013396279127036836e-01 1.814102977620536961e-01 1.238154832707468941e-03 -1.179257968202257695e-03 1.915813125466460289e-03 3.544247823887161988e-03
-7.147793952093121073e-01 1.443391463465031332e-01 -9.933359557669552142e-03 4.326337552693567540e-03 3.004516187566883944e-03 1.080799625752891903e-03
-2.993514346889698530e-01 -8.313154151749663212e-02 1.009833670980591486e-02 -1.314421910576265944e-02 1.311135833580635455e-03 -2.734031805185056590e-04
3.670338542187787101e-01 3.302889067028227377e-01 1.177507829100557790e-01 -2.856167769336752458e-03 -1.645237945511267936e-03 3.854542479433317563e-03
-1.156274481582878044e+00 1.029001070850569556e-02 -5.969663345664561610e-02 2.807415840693066114e-03 5.233077228019803601e-03 2.763945429277299653e-04
9.161498384996495659e-02 -2.388173612563688486e-01 -1.577353815739102050e-02 1.453386820650233793e-02 -1.145538301257375755e-02 5.366501683130356484e-05
-4.692240050138903884e-01 3.168700313689771786e-01 1.391349674470939435e-01 9.290164828624377508e-03 9.421455466753638581e-04 2.432253115443194389e-04
5.287100005667823011e-01 -2.338042469531660672e-01 3.431901563806180611e-02 1.083161966601122947e-02 -8.018910400812406455e-03 -9.528148694033678357e-04
-1.933976494001008239e+00 -1.928231912307708518e-01 -3.270021539229178015e-02 -1.717527679739777862e-03 -2.680467709339039942e-03 -2.647452451015089216e-03
-4.918069311855326475e-01 -2.578109250961381216e-01 1.931494432885079784e-02 -4.450479556263534607e-03 5.162350284987346667e-03 8.531818377639987031e-03
1.078192688188045201e-01 -8.135145534913196252e-02 -1.001596570302626388e-01 5.460627745758281533e-03 4.684096169795872247e-03 -3.186268442498832953e-04
-1.922496472470752060e+00 -1.377413162327604246e-01 -7.937709824816237270e-03 -1.617451925816815140e-03 -4.254450185263293862e-04 -5.579513356975299501e-03
9.747422682474976563e-01 1.639025372457448421e-02 -8.590192377478261809e-02 3.663012502790050258e-03 -3.062358601851923167e-03 -5.900723115011934083e-03
-9.246238611310002575e-01 -8.791727604348932579e-02 -6.016563842090839193e-02 4.422865364837457879e-04 1.153391648770958318e-03 -6.718927402986023647e-04
-1.086087939249045897e+00 2.847988393714154798e-01 2.049741047463148613e-01 1.448523209764009285e-02 7.198612981892075092e-04 -6.128761287710414452e-03
-8.881995298986813392e-01 -1.402588169788772099e-01 6.688847591214377997e-02 -1.765239043215604056e-02 -9.226805350322348637e-03 -4.229035393274798924e-03
-1.242816962219999155e+00 -3.698515348553889359e-02 6.526705121666557738e-03 -4.021484328964849801e-03 -3.631554565514926580e-05 -4.343384901327036057e-03
-8.577793075817455870e-01 -4.657604260475703417e-02 -4.479686978185170448e-02 -2.576032931591653013e-03 5.265614470391748181e-03 -1.712284481147242389e-03
4.744598688203268133e-01 -1.915692600918818267e-01 1.548604309895048985e-02 1.186482874902464050e-03 -3.869594483974736661e-03 2.496480197247216530e-03
-9.668830292094531265e-01 -1.494586972404274017e-01 -3.346336278370319606e-02 -4.386244027033233371e-03 3.420930478151274629e-03 1.108705881167851987e-03
-1.296963566617485686e+00 -1.525360165779742760e-01 -3.224966446458372299e-02 -4.218320763619300942e-04 -6.601874367231579110e-03 -3.065838386104977834e-03
-1.763936412685354442e-03 2.090052252898324803e-01 -2.045028859992527662e-02 3.548547777419213626e-03 -1.229997800309100275e-03 3.011139289708026582e-03
-3.772184916990250353e-02 -2.117740235125079307e-01 -4.706114330465142881e-02 1.215584314564719173e-02 -7.413507174241624337e-03 2.278446002028194396e-03
-3.734350194314881577e-01 -1.816681931508232761e-01 5.541223210420270773e-02 -2.066551676936614901e-02 9.977637090107026145e-04 5.953493529362629058e-03
9.668699739327445419e-01 -2.201123708281226554e-01 9.272337623209427060e-02 -2.051113462700255197e-04 -8.812423821336635640e-03 4.047459189224228296e-04
-6.231666964014808546e-02 1.923938006832908720e-01 -1.197043622735126552e-03 2.191469885984899141e-04 -1.328434489466891579e-03 2.677688460251094731e-03
1.837464785838431314e-01 -7.194888315388810185e-02 -8.867417429184507038e-02 1.873491601304719473e-03 5.517144331353805373e-03 5.472122915703820333e-04
-8.565087087911491537e-01 -2.539622074444246591e-01 -4.799117856650299968e-02 1.020445557509206194e-02 -7.823058235641741284e-03 3.442261450700824597e-03
-9.059593397303642437e-01 1.164128933226054735e-01 9.896776527389154754e-02 -5.692276354244660969e-03 1.467821914624866091e-03 -3.221292441060838625e-03
1.814176821694055919e+00 -4.953786205951546569e-03 -2.636202806780717223e-02 -2.757969896875156913e-03 2.548789490273115597e-03 -9.613051953393021709e-03
-3.005284441738498291e-01 -7.534258295369557212e-02 -1.166492904557434873e-01 1.022648967365165362e-02 1.122402089956019838e-03 -1.494022578062785805e-03
9.297511772129486429e-01 -1.714791157126839549e-01 6.275859742297099086e-02 -5.325691319254773244e-03 2.478700030385706126e-04 6.835319628704915893e-04
-6.585053836630325730e-01 -3.313763698513123024e-01 1.805500620895139977e-02 9.060657233175617442e-03 -8.332587124625132069e-03 7.823217717976956032e-03
5.500381479801902396e-01 3.172384137923174863e-01 3.181642615562745025e-02 -5.619776148279951190e-04 -1.265053810899943471e-03 7.098405737542789334e-03
4.417379915992237366e-02 1.889553160258911901e-01 -2.704491808782052281e-02 6.056019135469879397e-04 -1.219992339382212069e-04 2.989322475825794117e-03
1.003828619311407877e+00 -3.970974855992970461e-03 -6.512104605493251874e-02 -7.984457632239428705e-04 1.999435196748280356e-03 -5.395954269392514921e-03
2.725191088962926611e-01 1.034615116922713851e-01 -6.017709021808465703e-02 -4.270261343227384904e-03 1.752132510693894070e-03 6.187698614680974029e-04
6.439676396376353695e-02 -7.034583086593472478e-02 -1.028028999111248315e-01 6.257108109408245425e-03 -1.179534788800551013e-03 -2.423438604584259807e-04
-1.028534498724278823e+00 -5.163042875902037337e-02 -3.593385006711241614e-02 -1.013089115778513082e-03 -4.202097683242833094e-03 -3.507223019998146653e-03
-1.176944139882966311e+00 5.229143327402487398e-03 -2.507295355029566519e-02 -1.023373580997991635e-03 4.077604351905997696e-03 -9.741226473317833459e-04
-3.658719458242608025e-01 -1.165462686611834220e-01 -3.743687458809931423e-02 -4.121180666104745476e-03 -7.714023456411448539e-04 1.277440279945583988e-03
-7.898186895102586869e-01 -2.018606054861962762e-01 3.561886676019963317e-03 -5.906122301119883997e-03 2.121792034736031275e-03 2.534007003560749365e-03
-6.179693781707427114e-01 -1.200021135619411677e-01 -7.540761451215956257e-02 2.141433480893287309e-03 6.268830805207643159e-03 4.339452506189430043e-04
8.783236005987575534e-02 1.536349543820472729e-01 -6.640620671437905131e-02 1.196470386573421753e-03 2.158386526711737145e-04 3.234026791426095320e-03
-4.647138576892669293e-01 1.013798622734499305e-01 -4.046530937318705556e-02 2.976820522250631009e-03 -1.435594626961389812e-03 -4.519414678797192906e-05
1.147430719907138519e+00 1.149950093623275521e-01 -1.049877108195618053e-01 -1.139992027721880175e-03 -1.110657628582107861e-04 -2.466787284306312233e-03
-8.472393102391271302e-01 -8.580699882672185308e-02 3.032033836606613450e-02 -1.173413522476789844e-02 -7.223683463879980275e-03 -4.870091318372469016e-03
1.186473097688091949e+00 7.048429087595378673e-02 -7.748172443832256062e-02 -2.938574648450594656e-03 -8.272576941591838805e-04 -4.346132850182983856e-03
-9.946210013697338592e-01 -8.336025462415244669e-02 -8.250833402190398125e-02 2.806615891635919329e-03 -1.283500789194957350e-03 -5.821847927777768649e-05
1.192446801161959336e+00 1.875443936585184657e-02 -4.373000224809375780e-02 -7.349369030533506840e-03 2.573869539039525152e-03 -3.982269524244636504e-03
-1.022492580721742206e+00 -8.057249405315186630e-03 -6.889198286193137788e-02 4.600372003202311821e-03 2.484885406385913247e-03 -1.733923028960497473e-03
-1.093437645246871703e+00 1.527021291132656666e-01 8.843717632724007460e-02 5.885478436216368125e-03 -1.017703662501680262e-03 -4.517779190214374178e-03
-3.521336293117668381e-01 -2.273109461222553862e-01 7.792422404449423842e-03 -1.951409637926393437e-03 -3.755944339087709943e-03 5.625960605213599017e-03
-4.620901260367972219e-01 -7.102764422790217025e-02 -1.154620396362333046e-01 8.423339428515542668e-03 -3.321922336576551508e-03 -6.786072689587815867e-04
-2.483493176713423845e-01 -2.620209772848923757e-01 7.986408832372016153e-02 -1.035704685708492036e-02 -4.647939870554358872e-03 7.231911983259633157e-03
7.753028029230162044e-02 1.425778865772223403e-01 -4.625594349677675937e-02 4.055657670759615441e-04 -1.102929166436768336e-03 7.886827028008397368e-04
-1.314761190455920881e+00 -1.931460478056576391e-01 2.343778944063526840e-02 -8.101513990649700583e-03 -7.945397849587780212e-03 -3.912891094060812897e-03
-3.155244686783209018e-01 -2.933287861199218582e-02 -1.201430015149425601e-01 7.266662960426330600e-03 2.645238245423582775e-03 -5.602693986296082302e-04
-2.696251903907760372e-01 1.098677823291095146e-01 -5.482231992828354855e-02 2.550727376535116483e-03 8.021928705130823198e-05 1.337799678809608380e-04
6.789892371379914471e-02 -1.558847446465762288e-01 -4.001018962113497140e-02 5.628724749406472522e-03 -8.828181573427247575e-03 -9.302181124239716249e-04
4.529650658262005525e-01 -1.291497369250227678e-01 1.705351056143318556e-02 -6.367756479030406078e-03 -2.271758871288647157e-03 9.559299383255995134e-05
1.124212721891505451e+00 -5.757892661778678256e-02 -1.332499177391785819e-02 -4.820780156952905737e-03 1.621869413834003265e-03 -3.941682471520821691e-03
1.586164191571932669e+00 6.734151389572920476e-02 -8.132603145811519163e-02 -1.385265142628431092e-03 -1.018477569017168724e-03 -6.900713579315472489e-03
-7.475372017027581695e-01 -7.297600886358418526e-02 -3.680086679461049698e-02 -4.873205560248113771e-03 5.455956769642010366e-03 -1.004066511093031251e-03
8.804246027877793423e-01 1.234133396845598224e-01 -1.280373414252732323e-01 2.138762497731609181e-03 8.638620953134892692e-04 1.367930351030114972e-05
-1.047485060743772040e-01 -1.368045702546684395e-01 -1.015287689931727022e-01 1.384906859041006889e-02 -2.509143782737049359e-03 -7.936882781952515247e-04
4.593481269119797372e-01 -6.623827413472098413e-02 -5.006107582687407270e-02 -2.214799805678846489e-03 3.427295414428998405e-03 -1.019707509190136358e-03
-8.847597091673928826e-01 -1.159713254452344189e-01 4.766937376322061964e-02 -1.581782609546472651e-02 -4.711596334582236235e-03 -2.882701494352493937e-03
-5.283937517024260844e-01 1.170790626286569019e-01 -3.673886869799676547e-02 1.221640432237126048e-03 3.385290192696641630e-03 1.660911046436668688e-03
1.665706691251381155e+00 -1.577355446828000995e-01 6.161000007442903742e-02 1.090043046286244977e-03 5.475580265823911351e-03 -3.881935420907897498e-03
-8.673894883215251816e-01 1.654496649623172499e-01 1.539869249048453348e-01 -3.641399595783705815e-03 -3.466321238850035851e-04 -5.394688956312582856e-03
3.614484678294695164e-02 3.115363315094539232e-01 1.007346939675401037e-01 3.834654491311452300e-03 -1.927096419010368824e-03 2.450640085996661638e-03
8.291994894386782722e-01 -2.909254646353661711e-01 7.353729000903591606e-02 1.451958532746116387e-02 -7.095886499457047152e-04 2.136173577078190680e-03
1.834885728134502569e+00 -9.417530281864315567e-02 2.056984934624744854e-02 5.304924380474519002e-03 3.655407659577162530e-05 -9.440443830791128352e-03
-1.379996097083133755e+00 -1.178320870470696002e-01 1.338436517702686936e-02 -1.160613069428589883e-02 2.657514974268656346e-03 -1.928057045037779443e-03
4.396146504512422060e-01 -3.099669301578538705e-01 6.721628192616502240e-02 1.328444848080798102e-02 -3.439696512756894569e-03 4.686043461470936096e-03
-2.173661068441535282e-01 2.528952205200584932e-02 -1.135450045338783909e-01 5.460140831072511636e-03 1.649442715438996770e-03 4.036657153627597433e-04
2.813032407651613540e-02 2.759664140159994727e-01 1.262697711421834415e-02 4.856309182369335405e-03 8.522087656729260188e-04 6.010520912302806315e-03
1.836089611607308325e-01 -2.861309842494573763e-01 4.076828659010496569e-02 1.060761473804874323e-02 -1.015532022708556109e-02 4.307570695256489682e-03
3.036440810855163264e-01 4.247394460066634264e-02 -3.865928792914849477e-02 -6.793464660725112569e-03 -2.320350998434302786e-03 -1.209323191072662462e-03
-9.055987842030697177e-01 2.465145412525680899e-03 -8.893615461141879397e-02 3.304722179754609156e-03 4.350320809663316829e-03 1.450345064052467993e-03
1.309606374585463362e+00 2.671334069250718701e-01 -2.903769817493597610e-02 -8.262750208330879587e-03 -4.594869829670771878e-03 4.019881835458879484e-03
-6.153061852222245776e-01 6.836681615581344240e-02 1.715941169100958924e-02 -8.729733412110978960e-03 5.301174875490867813e-03 -4.924745862609287072e-04
-1.194229906000249919e+00 1.142987586313007065e-01 -4.317267074232600949e-02 1.357364023290576725e-02 2.119858271218833922e-03 6.555481655705181713e-04
1.368910652304287101e+00 3.599688993877163679e-01 -3.732512246758535462e-02 -1.544555276127721139e-03 -3.730085255923828308e-03 9.236477971208729640e-03
1.504930010676968299e+00 -3.397950343538191920e-01 2.232435944742093004e-01 -2.526033602058290928e-04 6.410863118316719421e-03 5.945444653098601491e-03
-6.271313345889875102e-01 -2.837555904811880220e-02 -3.447443038700381129e-02 -5.532715654833809255e-03 2.558079952931536193e-03 -3.120833319745727774e-04
-4.967825282939907217e-01 3.496314698818160649e-02 1.704553780984626593e-02 -1.016015482639368722e-02 1.009759626082623075e-03 -1.464639635511095789e-03
1.081949169282499928e-01 -2.911016225896640441e-01 1.047163256696871485e-02 1.495332334581964476e-02 -8.036089151414637505e-03 5.539028106109203549e-03
-2.880009737810652060e-01 1.806555215499370051e-02 -6.167825622923560867e-03 -6.930761507081506685e-03 -1.942498559399867758e-03 -2.786178389150888862e-03
1.134898891055346581e+00 -1.403225944781383849e-01 4.187723180443252147e-02 -2.411270151065023851e-03 -5.527871701452765837e-03 -2.439304599194328915e-03
2.051863814619125481e+00 6.513639593028225372e-02 -7.228196335905641423e-02 -4.889494367784221569e-04 -1.995804887173703752e-03 -1.000893207625447659e-02
-1.501884568646396856e+00 9.568623001111367654e-02 6.594727092147402436e-02 4.822830548610826211e-03 4.047680657674023429e-03 -3.960587201723107624e-03
-2.087312010117187422e-01 6.459451485985155672e-02 3.851113218312853664e-02 -1.618564401170887249e-02 5.427625052223273606e-03 -8.000965074649449889e-04
6.648212341902554057e-01 -1.830241375434873141e-01 5.239268127864561003e-02 -6.068719115273924500e-04 -6.414523814201634165e-03 -1.349258439310320641e-03
-2.941466964102589232e-01 -1.152891470192733553e-01 2.632748525993068578e-02 -1.201015698112079325e-02 -2.261680319611080511e-03 -8.868849236828526455e-04
-1.849430554297530005e+00 -8.876289543079543543e-02 -5.926165762258231960e-03 -4.487720056016628566e-03 7.311481825998590589e-03 -2.959055193919968556e-03
-5.438088906576555859e-01 -2.815676582712373088e-01 2.075435482822314721e-03 5.980174850641703337e-03 -4.501177188258778661e-03 6.801111691628847385e-03
5.504693468945023316e-01 -1.748748851781513902e-01 4.949546677308291204e-02 -8.497131419426316376e-03 2.668994231052635412e-03 2.860426030740738194e-03
1.386554882214348305e+00 3.326953343890161341e-02 -4.023173209241532461e-02 -8.812480187159943065e-03 9.303788359261651363e-04 -4.516588631256661726e-03
5.577450866706770150e-01 -5.544175953546255642e-02 -3.462839058667105396e-02 -5.479675134703922319e-03 -1.764533713678523167e-03 -8.578828236664079974e-04
-7.711291449025068356e-01 -1.925018327618670810e-01 -3.403252037379290995e-02 3.943712116576870053e-04 -8.369994671025910576e-03 1.457276016479108847e-03
-4.916111216074338652e-01 -1.404358310945017785e-01 -8.501414558288836187e-02 2.936088053267172683e-03 7.408973891742837679e-03 3.149046652969069836e-03
5.138089558683430758e-01 1.122031030505824811e-01 -7.118946685328647606e-02 -1.681544851546863282e-03 -1.310426641417739620e-03 -1.080911644873438441e-03
-2.607836357677991157e-01 7.626154942908071332e-02 3.506253324244138023e-03 -8.867392896969908053e-03 9.402980090499626041e-04 2.072310719839002470e-05
1.325995872945359699e-01 -1.023890644422700419e-01 8.524841795699783585e-05 -1.175975132122952446e-02 5.577359895771220703e-03 1.609321117763801894e-03
4.181230249405762378e-01 4.637487076434880784e-01 1.753542848965888856e-01 1.247166625875065216e-02 -2.688547019014414941e-03 3.121425857186912751e-03
1.893902514411957005e+00 3.624246705730135854e-02 -5.188336582743308112e-02 -1.614857756331410186e-03 -6.084249841311435356e-04 -9.641607030138058670e-03
-6.422620165040915374e-01 -2.340206819784400316e-01 8.126600692554785538e-03 -2.010237464155946539e-03 -3.713521344974221507e-03 4.245723759197187613e-03
5.604770816210320472e-01 -9.442450714348209206e-02 -1.248793439234457125e-01 1.681371867615501225e-02 3.065898383449497909e-03 -3.884547078721798091e-03
-5.467600671187606842e-01 4.161398082012061211e-02 -4.788801968803710341e-02 -1.653364918077436822e-03 2.583903479010656902e-03 4.033050529785827992e-04
-5.178108132279835019e-01 -4.619444681704176769e-02 1.457375700338537847e-02 -9.984673589137548974e-03 -1.578834204892371829e-03 -3.297812957349769564e-03
-1.098504354078238654e+00 -1.330110193499847993e-01 2.382068774671420100e-02 -1.021418286056843990e-02 -5.029314986063355107e-03 -3.371441813218554323e-03
2.070733651354689578e-02 8.867380654121308214e-02 -8.727572344015240013e-02 3.230513043669789967e-03 -2.798544438805009802e-05 -6.014963664391330406e-05
-8.536881158612427134e-01 6.957509481200468970e-02 1.986228864610015479e-02 -1.825499022270180233e-03 -2.909595074556673615e-04 -2.567559547304770155e-03
-2.701710678677257116e-01 1.240859166886391397e-02 -1.983509721386958122e-02 -6.407096906610107445e-03 -3.401235558801461983e-03 -1.906740373117399474e-03
7.187914848787586575e-01 1.183951053635626249e-01 -1.461405742243367945e-01 1.620578671122850775e-03 5.056904135492059499e-03 2.699366965529466193e-03
1.483482420175497030e+00 -8.720320606468502656e-02 1.509857190908574925e-02 -1.518950217892013057e-03 3.511324860057101187e-03 -6.913077072712780352e-03
-9.529250148256371844e-01 -1.216799129230229926e-01 -5.283840972614434889e-02 -4.209338857051906843e-03 6.384416403057838370e-03 1.876391861047881473e-03
5.474022416195191143e-01 2.396874915664664596e-01 -5.404410036486812820e-03 -2.294727583310310522e-03 -3.342189180845363174e-03 3.434033946379319927e-03
-6.245246996717030985e-01 -7.170321417274495845e-02 2.656997256635148727e-02 -1.322692892444642804e-02 -2.706139498914898744e-03 -2.410467983656518556e-03
-3.091790856376925856e-01 -8.523114879877709271e-02 1.879870405112887138e-02 -1.157373766751076428e-02 -6.300979051978659179e-03 -2.454691757464743003e-03
6.806041902334556415e-01 1.674897889565120368e-01 -1.906222320755580554e-02 -9.595783581301461918e-03 -1.261646603303592361e-03 1.861710041351118420e-03
1.668359662874993321e-01 -3.154756208739685763e-01 1.148982072400257098e-01 -8.585822882285524052e-03 3.820324675991392579e-03 1.332361238641343627e-02
2.913830802785151719e-01 -2.516341936412376801e-01 -3.653135178015725921e-03 1.688491666126269719e-02 -1.167369143900695919e-02 -3.826187207204768444e-05
-5.032626962841413309e-02 4.883184470797267973e-03 -2.488216126316836543e-02 -5.996366148455566786e-03 -1.986269319416183749e-03 -2.400945852208043532e-03
-6.452164844674747046e-01 1.615718722547651864e-01 6.221876019600593860e-02 3.975984557538686016e-05 1.611150628676742333e-04 -9.543289743499671924e-04
-2.075833094677189961e-01 1.324053991734279179e-01 1.689328258154829121e-02 -4.905557326308806858e-03 -6.757336709592162228e-04 -3.650278570126317323e-04
6.984717609515088688e-01 2.236434951290810214e-01 -5.467792352361196262e-02 -1.244473670021705499e-03 -1.912890636707533258e-03 3.981000874570090123e-03
2.290535479898974103e-01 2.640432962361548008e-01 4.154720909274003254e-02 -1.356630060081013243e-03 -7.907254078874019574e-04 4.254928680347451822e-03
8.695403262868621475e-02 2.294666681180136669e-01 -4.422500728782439126e-03 8.772563581485241617e-04 -7.289008929394151894e-05 4.704934762975795416e-03
3.885526422110854305e-01 1.220001168155025184e-01 -9.007476032095694529e-02 2.451536658416328222e-03 -1.857939226975615027e-03 2.138907667701163136e-04
6.642146177756467207e-01 -2.020368094819662008e-01 -6.900855630993742509e-03 9.675850194955541023e-03 2.004142968918623275e-03 1.444082171423686405e-03
8.535848660965508206e-01 -2.114389520159174266e-02 -7.708582829694428373e-02 -1.591511731007462776e-03 6.304014741478293840e-03 -2.889939977869358627e-03
-2.639768495430953044e-01 1.045723625775525495e-01 -9.348100989791670312e-02 6.621840003607463651e-03 8.112907324624828035e-04 1.353659692940860620e-03
4.584389076560645426e-01 1.407690256350095925e-01 -3.737039920535575183e-02 -4.668029591000889475e-03 -2.272086457008774124e-03 2.185368883092128861e-04
-2.118769496445788436e-01 1.416215508600091044e-01 3.757558658801387480e-02 -4.635453681187205917e-03 -4.037606236209177225e-03 -1.435833748923903653e-03
-1.046208160164264545e+00 -1.310877783337703884e-01 -4.679179254359836643e-02 -2.537622408398868337e-03 5.638102259559435447e-03 3.545931652165799442e-04
8.231155040745893325e-01 7.257261253119924593e-02 -1.097207035486897075e-01 -6.704795937874431268e-04 2.817661714213222802e-03 -1.078391127741721656e-03
8.046795492962790508e-01 2.228957752757825261e-01 -6.850835027425616897e-02 -1.160161743158800171e-03 -2.615464473596537925e-03 4.137547125308171057e-03
-5.879141356808226249e-01 -1.484387700437059809e-01 -4.567333140122134538e-02 -4.445145571920376681e-03 7.478683766700248287e-03 3.560232085850171570e-03
-3.349150669906807848e-02 -2.321305933541827349e-01 1.865682756256029778e-02 -3.789304896566960713e-03 4.180093070545073432e-03 8.591661247892007705e-03
-3.719743819043772048e-01 -8.096698209166958149e-02 5.350776654352758926e-02 -2.004658125223811316e-02 -9.215182039068467792e-04 -8.114228781864612789e-04
-7.655870033857521406e-01 -1.605944592442413998e-01 -8.883146203328731727e-02 7.407472390618339772e-03 -1.111998927097953421e-03 2.096629614628430643e-03
-1.597527407664459220e+00 -4.158639235478134299e-02 6.019791449178713005e-02 -6.010206405937706768e-03 -3.700512768413875050e-03 -8.542552263418202313e-03
1.581192846917915951e+00 1.295114969139303518e-01 -1.149155375155632847e-01 -1.009457196595221718e-03 -1.982736700040904285e-03 -4.027272595730558777e-03
9.788427867389490888e-01 9.906626386561234732e-02 -1.522388775094181759e-02 -1.205025106114427508e-02 -1.435305744351759484e-03 -3.680270125515265091e-03
1.771409779530924711e-01 2.016679396892046006e-01 -2.597122707317984711e-02 9.953423221038099587e-04 -2.187780411493445501e-03 3.060873941372243157e-03
7.922815513366181506e-01 3.453698732271529015e-01 4.033040428181623727e-02 -1.188440705650256786e-03 -3.412247588229819651e-03 7.230709644653036776e-03
1.327902521949028802e+00 -9.121856404952490005e-02 5.152221166489633509e-04 -8.109089526675111173e-05 2.003520393659037179e-03 -6.144075804437967338e-03
4.079949783700206195e-02 9.009223536357993667e-02 -4.381655175776769107e-02 -4.822654962192439443e-03 1.165652023721958737e-03 8.585416314547032962e-04
-5.712271393200284431e-01 1.784342057037277274e-01 2.251209330493314162e-02 3.292697435392703039e-03 1.625836131911001081e-03 1.684160917849710816e-03
3.686647699244935406e-01 -1.234502967169669452e-01 -5.026613407905163033e-02 7.116338952688376802e-03 -3.016984432087692781e-03 -2.490594060039897587e-03
-4.182819674966687384e-01 -2.182627719519229792e-01 -3.516085813443631247e-02 4.977992876862500672e-03 -4.017086623967256777e-03 4.730538047043114473e-03
-1.730712052932829037e+00 9.928616817690052998e-02 1.427271430134188085e-02 1.594495514641364187e-02 2.223856841793544776e-03 -3.797819119308396083e-03
5.924934984178825692e-01 5.634886868528396486e-02 -7.957656010413259595e-02 -9.603955033947996498e-04 -3.609083925012959368e-03 -1.982702290031912364e-03
-8.434336591477201162e-02 -8.150859527717559116e-02 -4.524920939522722452e-02 3.817091146489335631e-05 -7.341661760154272187e-03 -2.548831870538835129e-03
-1.081994469312226315e+00 1.809878729335160086e-01 1.261050763634350425e-01 4.676989528839201049e-03 1.081978371319916154e-03 -4.465404296888169505e-03
-7.425320636145692488e-01 9.786849224287003102e-02 -8.110084777282149104e-02 9.462158066322667871e-03 1.094833612925621633e-03 1.622065684452643659e-03
1.805782740209063153e-01 -2.123915006037742081e-01 3.535595255427190220e-02 2.561166457390796924e-04 -9.469116113116588657e-03 1.206113031799122990e-03
-1.383132707132410655e+00 -1.268539638075212861e-01 -1.756631813581907174e-03 -7.799676769344915210e-03 2.426656684709549167e-03 -1.949795641070814533e-03
-1.698322802825782629e+00 -5.881883786280984322e-02 2.155150177869615685e-02 -1.518776978472301774e-03 -3.870351179244626259e-03 -8.044054137195486009e-03
