1.441594760255699548e+00 2.590691719630707546e+00 4.755031534518082137e-01 -3.371231910752707766e-03 -2.216432154576055205e-02 9.437359479089817496e-03
1.595038757712316624e+00 5.201242964018314430e-01 -2.167295551285800537e-01 4.176461283615089809e-02 -2.216638487860480254e-03 1.378588584709899457e-03
-9.552945910818253505e-01 4.047766362089478265e-01 -8.106932267674221704e-02 1.058089334137906658e-02 1.269425559838670975e-02 -3.176306181521533750e-03
-2.042089561564284228e+00 4.863899460269482944e-01 -7.268122404780537338e-02 3.831751966224455214e-02 3.551586186588464537e-03 -3.391868763859170501e-03
-1.450528969487727471e+00 1.224491706460999196e-01 -9.307791742815520186e-02 1.818875397517659767e-02 7.048463605025801632e-03 -1.920318085081952619e-03
1.664484198655160063e-01 2.000488247947693310e+00 2.313741597736322930e-01 2.507107359898189114e-02 -8.001326696254537976e-03 5.238942133302385527e-03
1.784639121952830587e+00 -9.274768837418253531e-01 1.034767902929674965e-01 2.645014223534914322e-03 1.999589418166760300e-03 -4.817777641796456341e-04
1.547808404080945888e-01 -2.455877981213120675e-01 -9.709188006188118614e-02 9.062256772887883338e-03 -6.350028728736898699e-03 3.828694650129246986e-03
7.945977237947163818e-01 1.260074117350148126e-01 -6.456450463439213083e-02 -2.507931336562652797e-02 4.569154758626682057e-03 -1.349568057846053893e-03
-8.572676315254479373e-01 -1.547716670371392711e+00 1.172319954230973127e-01 3.038981900580530263e-02 4.940194079568262751e-03 -3.385850102322620139e-03
3.368309637655122923e+00 -8.818346086088250102e-01 1.862778891342480314e-01 5.188399534378333906e-03 5.074017908727817064e-03 -3.574767245200822716e-03
1.826785237278987895e+00 -7.082093866469815202e-01 5.959971320549764529e-02 -1.642722331484986267e-02 -9.026622085041418339e-04 1.490528511600617417e-03
-2.264685474616480843e+00 6.417485204189856685e-01 2.106868493647057541e-02 1.851177114515278888e-02 -6.026342020657105870e-03 -3.435199071774509838e-03
-9.622934299225506249e-01 1.351490170797986501e+00 1.672979830851453048e-02 5.343340621893834241e-02 5.270182711372106395e-04 -6.525925767073704597e-04
2.405750090602993274e-01 -5.706434749897508762e-01 -1.938699014971521526e-03 -2.051250284334573196e-02 3.013281391829491368e-02 3.361707524630917071e-02
2.834178463765228084e+00 -7.723553930757183217e-01 1.003610963980425819e-01 2.493122458885389803e-02 8.273087357465018239e-04 -3.291813995777582991e-03
2.529091348108655879e+00 -1.264556873042153029e+00 2.177644544684448902e-01 7.677069034035578776e-02 7.775506523759752320e-03 -1.280835397705088786e-02
2.624721996063118096e-02 2.892173861075695851e-01 -7.514344323876194498e-02 -1.400994803665585493e-02 8.656698629731620145e-03 -3.265485117706700552e-03
1.246299063831207221e-03 -3.550879899796881012e-01 -8.849746931750074319e-02 1.196013383615157806e-02 -3.028135919462464007e-03 5.372362123825451946e-03
-1.976144109111581892e+00 -1.132396539618772333e-02 -9.759844277550898395e-02 2.713809890954391527e-02 4.026884954662045268e-03 -2.238251161357508647e-03
-7.095440005217207476e-03 -8.942734387770612248e-02 -1.237701251317316065e-01 2.041423095705743873e-02 -6.099384005057574380e-03 2.712517551051964919e-04
8.092530317615140856e-01 2.131335849176245301e+00 1.975745884842474709e-01 2.660700733166428827e-02 2.455871408547516280e-05 9.067337027015481832e-03
7.897197717349905277e-01 1.884745715372647457e+00 1.290853692807788500e-01 9.345261577546146864e-03 -4.380569767234703676e-03 -2.643899492339640313e-03
2.674656540394201087e+00 1.426061499122539822e-01 -1.146191645590019098e-01 3.730087029671616278e-03 -8.828292127458330085e-04 3.633689058738218992e-03
-1.443334887613976769e-01 3.208390090060002642e-01 -6.302155247438037677e-02 -1.789391804338628586e-02 7.344578549811547029e-03 -5.574826329568790401e-03
-2.669420041817695211e+00 6.925366258549214837e-01 1.156794014395131631e-01 -1.295348337038384166e-03 -1.410995932165517823e-02 -3.775051630429786254e-03
-6.838177285035548225e-01 -2.007021165277423150e-02 -6.598420940822775915e-02 -1.066827239738219087e-02 3.336524656992987791e-03 -1.015581865141628034e-03
-1.526029912513757525e+00 -1.101583126447788219e+00 3.199157402256273819e-02 -1.381936150631376398e-02 3.111087027005840500e-03 3.149429912328335305e-03
-1.642378831928827720e+00 5.386966071836524206e-01 -2.810973535253462330e-02 9.408912193965794993e-03 3.401158635302294758e-03 -1.565442618062591563e-03
1.243161944157914034e+00 1.215332724888093852e+00 -6.800633104185394018e-02 -1.035938366073462999e-02 4.903574895266393958e-03 -5.337702388462947298e-03
-7.720090543591641152e-01 1.036557473742558910e+00 -5.179642118125620670e-02 3.839456205873122835e-02 1.626976511458200691e-03 -7.071046044910028056e-03
-7.326807876583448786e-01 1.192488692136192796e+00 7.782740158795435625e-02 4.552026948184404370e-05 -6.898221552888370890e-03 -6.330603601785500523e-03
2.079053453619376324e+00 -8.401464568519952936e-01 9.603568120467551039e-02 -1.939206084572444276e-03 -2.288819358906991029e-03 -2.490406283495431253e-03
-1.001405640618383552e+00 -6.408777035766948238e-01 -3.713793351401154658e-03 -2.548376371439577820e-02 1.121722741390777809e-04 4.865365040185857214e-03
-1.562228223587230236e+00 4.012662580672016754e-01 -4.240547724211856523e-02 1.276108793294652597e-03 -1.666271036746155149e-03 -6.564968991624301788e-03
-1.195901909504682337e+00 5.457061246551213607e-01 1.174155765694834437e-02 -2.322399987739707725e-02 -4.795274812900287426e-03 -9.536941475475187169e-03
2.272529104243743880e+00 3.207940522273020068e-01 -6.700976433378656727e-02 -4.507593582085860084e-02 -1.805881263449677287e-03 2.088975401686551069e-03
-1.432597806839492893e+00 9.301344095270829282e-01 8.282108073018819294e-02 -2.482435884096928329e-03 6.136779562033243055e-03 4.911064242392759217e-03
2.286355870543863134e+00 8.913383762807481903e-01 -9.911519757884446058e-02 -4.156715328791550645e-02 1.295619812556569146e-03 -7.638017569953025297e-03
1.172640129799879860e+00 -1.347390123946377027e+00 1.491234379658974984e-01 6.497779364498405819e-02 2.051262716936382968e-03 -6.473249802634083692e-03
-2.131928171645935510e+00 5.937263393714383719e-01 -2.688610766432636412e-02 3.135150950430138500e-02 4.108832357950647509e-04 -3.347437203097080368e-03
5.636816543023189796e-01 2.740076900592156584e-01 -3.587280030848515044e-02 -4.988997828210492425e-02 -1.624853107109698819e-03 -7.160717598628183952e-03
-1.315272955858934001e+00 -1.470182435257037623e+00 9.305441156135750569e-02 3.723014620012160721e-03 4.340718924301018890e-03 4.369093340829646624e-04
-1.364124080803861938e+00 3.826150891433164891e-01 -1.242435855628516439e-01 3.640325314191765471e-02 2.109765061321625286e-03 -7.406083482445746484e-03
3.870956293642731083e-01 -1.685010898679711600e-01 -9.176265993109769536e-02 3.351975643982153721e-03 -5.152370225624001120e-03 -3.860515211965878895e-04
-4.017588227966267245e-01 7.481606432221891145e-01 -2.827662194232919216e-02 -1.320277321576166429e-03 6.371668287848693268e-02 4.543871322244300015e-02
3.196814064920480147e-01 -2.270009787633967269e-01 -1.358036092911423243e-01 3.622394805618629060e-02 -8.104951754782416251e-03 2.949794043587522421e-03
9.282949811902568849e-01 -3.580916838680784919e-01 1.541626959173068682e-02 -5.583954593844061426e-02 -8.520824436240767227e-03 4.002550089262834005e-04
-2.621261894935994485e-01 -1.664355398718217582e+00 1.859763937593613692e-01 2.978091868867679612e-02 3.074273161924875614e-03 -9.574892385299698175e-03
-1.457651918412456782e+00 -1.274740538474256946e+00 5.667828815993896513e-02 -8.385052068759663371e-03 -5.450814927828368829e-04 9.905644142334010371e-04
-8.524492533068422917e-01 2.047538526552649951e-01 2.612438425553323396e-02 -5.364339903951572536e-02 7.288838826722343102e-03 -3.317559176995316279e-03
1.368645644106672443e-01 1.708588977339494441e+00 2.390560172382074355e-01 -2.772853030606050456e-02 -1.454263324873018327e-02 -2.114808810779729084e-03
2.194256675407330270e+00 -1.173110508016251607e+00 1.871721506644760669e-01 2.706271895051861817e-02 4.642550143395626598e-03 -5.776698750090773597e-03
1.506953536516344228e+00 -4.136879307785858439e-01 -3.598701424844505392e-02 -3.108045835254577560e-03 -4.343082369376602934e-03 4.060893844679766009e-04
-1.412002712595572751e+00 -1.401255073473200441e-01 -1.364956329953675440e-01 3.921256950547486603e-02 -6.007677781500578339e-04 -7.670552186945005452e-04
-7.305097113834663203e-01 1.149280285225112053e+00 2.135278604249966211e-02 2.167517246799701564e-02 6.863123959633993416e-03 -1.001074764091018990e-03
4.372044031308618406e-01 -5.112931950866442810e-01 -7.335667059187229999e-02 1.814271931716512215e-02 -9.972072408723456349e-03 3.568910404727361659e-03
1.723196621940171758e+00 -1.488781496455022502e-01 -6.754080486266252070e-02 -1.146937298290795840e-02 -7.956495029253904047e-03 3.002270150874483071e-03
-1.026528934311586871e+00 9.251646217024425134e-01 -8.548637759005756065e-02 4.829533976050337518e-02 -2.970419431004626704e-03 -8.520720780345178089e-03
2.971778555169077851e+00 -2.782610996815345628e-01 -1.727384612410413564e-02 5.856957635302159496e-04 -4.204799776198578018e-03 3.109086104590456576e-03
-4.090403002161995816e-01 -5.608669122009428687e-01 9.478999011328228391e-03 -4.055608545430569589e-02 -6.189977642500273623e-03 2.648987023639441749e-03
-5.879143656698277987e-01 1.455239762338989884e+00 1.481006912265437660e-02 5.017769122970947016e-02 -1.658274508130479045e-03 -1.306969854327592233e-03
-1.931444467874932736e+00 3.757723360248431121e-01 -5.903092504163139770e-02 1.858276256169085622e-02 -7.997939165958520931e-04 -5.885353155436487751e-03
2.939017818888218225e-01 1.493146715918990397e+00 7.314503689872989267e-02 1.679618205718056432e-03 9.340450003723377650e-03 5.342229176496233849e-04
1.843419723740905347e+00 -8.038930492618051593e-01 1.158699490088954676e-01 -4.456858138758671567e-02 -1.851710122320871215e-03 4.474545907414664343e-05
1.682629057689883689e+00 -1.678280585735513197e-01 -9.422238407566441154e-02 1.073547467761534931e-02 -6.171406533754176214e-03 3.250200538976179623e-03
2.504243988875696769e-01 1.024341011580479188e+00 -3.505752135918784734e-02 -7.116629637283147444e-03 2.413455031645602485e-03 -8.020148711415278631e-03
1.857646844320575141e+00 1.001538162651746777e+00 -1.272015439279366167e-01 -1.517753360808658629e-02 5.566037403665258579e-03 -4.848513684350251422e-03
4.895499811057347772e-01 1.514836725474263845e+00 -3.199474512918854679e-02 3.282528656955450985e-02 3.692864960154544976e-03 -3.003982303630556554e-03
-2.663504913996443957e+00 -5.020111183004707378e-01 -1.379691292962774950e-02 -1.471360212163091291e-02 -2.528928815346887828e-03 1.527760813495178903e-04
8.461402958794072005e-01 -8.745509358017504731e-01 1.234778597124077532e-02 2.577482333810261761e-02 -6.152192469598771231e-03 6.735361855985730469e-04
6.445348935725375705e-01 -5.846756746728383192e-01 -5.930100271440127968e-02 2.411869242261408322e-02 -2.110349161997500996e-03 4.240521576328877551e-03
-7.566530099127410924e-01 -9.961903894304539042e-01 -1.077610655048515803e-02 1.799146078504080398e-02 1.781698534276320251e-04 4.300105182591365885e-03
1.198631218341591032e+00 -1.398823629732279805e+00 1.987659791703383916e-01 2.574085918023096692e-02 7.168829549488239458e-03 -7.274611921597124407e-03
5.681008839560673929e-01 -1.167933998536558660e+00 8.708291031471905586e-02 1.979697766056592867e-02 3.732260598812019332e-03 1.366447164917901835e-03
1.350140260868317066e+00 -5.397285224638935786e-01 1.297150092270956540e-02 -2.869941973937174817e-02 -5.489652489759464134e-03 3.069981395550538342e-03
-1.295498155366299420e+00 -8.244789361254148755e-03 -1.246296638326266915e-01 2.602610581687559918e-02 -4.922796671471340452e-03 -5.418037065521890544e-03
8.446005978479501630e-01 -1.286969294112549456e+00 9.600653136367541529e-02 7.456788138729635029e-02 1.438082961079102618e-03 -5.332662531622011336e-03
1.358725004695166216e+00 -2.157697825759951060e-01 -1.298760184908295257e-01 3.872738307913668743e-02 -4.397902488881788759e-03 5.250657396555364655e-03
6.271405898733921624e-01 -7.541730410455926847e-01 1.424589182058378159e-02 -1.137405870212800790e-02 -3.241524207041431710e-03 5.370460733960960228e-03
-1.181969260563835444e+00 -1.136029411178718806e+00 8.259515037826521688e-02 -4.312806780341288393e-02 2.251697548935213677e-03 2.800603947141173684e-03
5.106908871389265192e-01 -1.902858208298845999e-01 -1.101288758819157637e-01 1.579177285710972600e-02 -6.693707485005771785e-03 3.608653015589466211e-03
1.033896180038896606e+00 -1.809804136695516430e+00 3.297281955153975042e-01 5.030222398714719739e-02 1.325771619904903692e-02 -2.056823593479744847e-02
2.265703386891338322e+00 -9.482147687232150846e-01 1.564506678741302559e-01 -1.809262196286076652e-02 1.202758984906590698e-03 -1.670544850938994333e-03
-1.202400267848042992e+00 -7.565356479086468022e-01 5.676613617472339723e-02 -5.854092925751770010e-02 3.511696618656922697e-04 6.110379946561321279e-04
-1.755220779385884000e-02 6.864466665350844876e-02 -1.161178601027198706e-02 -5.289579175155472573e-02 5.450124274191587605e-04 -3.941086975703123226e-03
-2.187717609571504074e+00 3.553082421281123504e-01 3.445188954854482705e-02 -1.508178124917728020e-02 6.576211295957166102e-03 1.615802539712931198e-03
1.508377319826984975e+00 -7.964255450624166954e-01 8.180017943192691154e-02 -2.746555340654139449e-02 -6.074526587786374058e-04 -2.688335639993709534e-03
3.770495110607282041e-01 -3.946665761326892952e-01 -1.185890470969716698e-01 4.001397614218828863e-02 -5.366284506913074695e-03 4.779152143483119536e-03
-2.235167292686561336e+00 2.723601176673692281e-01 1.446721542793528992e-02 -1.098557220626192148e-02 4.803277998062345337e-03 -1.729005681199756363e-03
1.167379891487911436e+00 2.912307113323094887e-01 -1.588369109013935965e-01 1.934340888636218447e-02 -1.409351041017117964e-03 1.633905260598252345e-03
2.922268547687894458e+00 8.967422026565478044e-01 -1.498662399013897251e-01 -2.097550278832933934e-02 2.551740663919811313e-03 -1.398239818470283858e-03
2.970648437948400833e+00 4.992419915299369237e-01 -1.324461536758845537e-01 -1.424636616407301548e-02 -5.097595430456566563e-04 3.526470165748374092e-03
-7.053199052493461796e-01 7.912677148478367006e-02 -3.182891451401451133e-02 -3.378689691378684856e-02 1.271035571456503432e-03 -2.033201971757559508e-03
-3.231252917183125573e-01 -4.084884993008531251e-01 -1.473651979875497016e-02 -3.240694632178617307e-02 1.579468955087980813e-03 5.250422878427259132e-03
1.415791551992098052e+00 -1.019937254538800575e+00 7.164881130629602302e-02 4.209382238016272371e-02 -3.430761057823981334e-03 -2.645912712720756808e-03
-1.830065839056612964e-01 -6.001605557936436908e-01 -8.230913308011308938e-02 2.862197447927410099e-02 -4.265561386914738275e-03 5.174413292022552943e-03
1.850854853286265644e+00 2.562180820001849657e+00 3.478281446049774628e-01 5.084006177417835053e-03 -4.535042897582886902e-03 1.305659275181954640e-02
1.078808430772733251e+00 7.619191999707849439e-01 -3.858548406078116805e-02 -4.867921759699627565e-02 3.483445563485882031e-03 -9.869255091930415058e-03
-1.867436643663604290e+00 1.045199845243359071e+00 9.929092957698828700e-03 5.608481726899277459e-02 1.360838639770687447e-03 1.150434725819426572e-03
-8.516461496163781897e-01 -6.283745506769792266e-01 -1.002028268033523101e-02 -2.508519325431578587e-02 -8.648816099013745262e-03 5.157770946478935047e-04
3.210340935832929343e+00 2.200125364317063459e-01 -1.040264706523583993e-01 -7.789255223105140402e-03 -4.563392884104297033e-03 1.494649882052662918e-03
4.529779783698358320e-01 1.627470162211000493e-01 -1.404208101040128054e-01 1.884371089318192735e-02 -1.609900955813583926e-03 -3.928120515054115683e-04
-6.072929808459780476e-01 1.010773121903396188e+00 1.046245842272495591e-01 -3.278602956409280844e-02 8.326900378734907945e-03 3.197000141381030770e-03
9.424595708174021702e-01 -2.878365936774129330e-01 -4.447571590153695520e-02 -1.781212046877924185e-02 2.364668334038850020e-04 3.728775628930063556e-03
-1.082419284490609535e+00 1.222027490257870108e-01 6.181389821262397305e-02 -7.346260703432026806e-02 -1.110964984126599966e-03 -5.888230550240902694e-03
8.622448036695347096e-01 -1.355655378071810579e+00 1.558819041423209484e-01 3.035224336451762539e-02 6.092450510702259250e-03 -2.879684147834691080e-03
5.857557617276810680e-01 7.811821903165672154e-01 -9.738826546196947820e-02 -6.997856868923033567e-03 3.284090889191606990e-03 -8.914279476192455906e-03
5.280856142462512226e-01 3.283318469774926807e-01 -8.213897466359856847e-02 -2.485200412762961220e-02 -3.642836401514058645e-04 -4.088015991388174210e-03
-3.416579192555384559e-01 -6.547597420582356165e-01 5.722674549102366170e-02 -6.487095160666932203e-02 -1.919661967417838786e-03 1.662423673652179941e-03
-1.360736626549651662e+00 1.758675105968105293e-02 -3.753163952186620855e-02 -1.445700666963507623e-02 8.619099130581340737e-03 4.056282301938357268e-04
2.486955618340892238e-01 -3.438751760950005121e-01 -9.914058199080325040e-02 2.029332165958832104e-02 -1.490714738425122235e-03 4.793648011421033570e-03
2.694061104221790792e+00 1.172293278506331311e-02 -6.207507525569275209e-02 -2.241973594831213681e-02 -2.222227480913394407e-03 5.976949078765522380e-03
-1.333275458931411528e+00 -3.591101414013635473e-01 -4.968456679163903503e-03 -3.164171651148759562e-02 5.985619936182409555e-03 2.925818683313594244e-03
1.916103830588991919e+00 2.955079908644204778e-01 -2.050957372857123706e-01 4.650823872452674451e-02 -6.431530679436640169e-03 3.205197904102911801e-03
4.018608867716751298e+00 -7.193417778680740726e-01 1.871805985969502983e-01 -3.104261888599559906e-03 2.362293749749254986e-03 -4.941447103116420637e-03
2.098477550695162286e+00 -8.335444874018680395e-01 1.078189773499114712e-01 -1.222398645730967716e-02 2.514081879481623420e-03 5.703880000280835616e-04
3.124520657250621003e+00 -1.601911493045294066e-01 -4.028211586173731373e-02 1.605305510290317393e-03 -3.842175637422323231e-04 3.144656621938625614e-03
-1.103541849258424579e+00 1.509519726021346431e+00 1.317252668650734926e-01 3.983762642355383882e-02 3.809626481669180220e-03 1.054945176795916810e-02
2.799584477883180433e+00 -7.427058621718102271e-01 1.261081324562694783e-01 -2.091159237937066998e-02 1.518097703202941776e-03 5.067040532871628419e-04
1.664220248628629273e+00 4.704181182949016549e-01 -2.079845083104736314e-01 3.858993681754049193e-02 1.830254392012094352e-04 4.374114596375167259e-03
-1.643294567209194312e+00 6.870799985181574865e-01 5.087296170298748893e-02 -7.566021302268583458e-03 5.431740605353439257e-03 -5.170709791486290466e-04
-8.823817766165889531e-02 -3.769768090516094072e-01 -7.032997439268548479e-02 2.195718925324010272e-03 -5.214270804618024134e-03 2.707499328488149372e-03
-1.911689047695005472e+00 1.001417702589241454e+00 2.557910220752556904e-02 4.664719715067559141e-02 3.116672988791561235e-03 3.074508719372346082e-03
-2.842646019176663597e+00 -9.868937512126685352e-01 3.406689298236647429e-02 -2.914281635308172552e-02 2.375813112524511467e-03 7.609835838255643407e-03
3.596580505466001387e+00 3.350155748472072315e-01 -8.961297481959394629e-02 -2.853712732496681628e-02 -9.597822038967227280e-05 5.118681629830191399e-03
6.138411590695576070e-01 -6.055950865569893586e-03 -2.566473002652238863e-02 -4.596130240015332963e-02 2.287389732880481044e-03 1.792233106521875586e-03
6.343807859664678528e-01 -3.443155360274389176e-01 -1.134501527357253264e-01 3.179519368053485007e-02 -7.305381322689551843e-03 4.773553764847456894e-03
1.620608583320806595e+00 1.617119018939198627e+00 -1.860976368516200144e-02 -5.498136711680426218e-03 5.876952272759230524e-03 -3.666053884316583349e-03
1.691076213444033804e-01 -2.488250352781205821e-01 -5.126548246273708587e-02 -1.865282980508929309e-02 -2.374695960715737884e-03 3.004164411676158147e-03
1.610912633002648198e+00 -1.392611957147712465e-01 -1.002747007544438074e-01 1.299368422472156094e-02 -4.535622841018315324e-03 4.339457444118076206e-03
-1.013790805978869614e+00 -6.239408546012742418e-01 -6.151750147915464179e-02 1.057061099715514256e-02 -3.455784504459343594e-03 3.333695757160404487e-03
-1.396072083020400090e+00 5.677068766426498353e-02 -3.439833958777606393e-02 -1.728255027239368122e-02 5.196998667184355054e-03 -9.858519573435096332e-04
-7.278364009775949439e-01 7.179862969520807159e-01 -5.506196299163610558e-02 8.862480260298042506e-03 9.171705150593663022e-03 -1.867843578394783564e-03
2.659056789609498761e+00 2.175916441031704451e-01 -6.313343611219716933e-02 -4.032880578888135142e-02 -6.453291952324722658e-04 3.921175172045811459e-03
-2.817563357235894461e+00 -1.420055337728157285e+00 3.048338426671354240e-02 6.873128865785536196e-03 -7.590617195033154364e-04 2.249739684558741022e-03
-3.776002512601082550e+00 -1.131742958117056386e+00 3.540686844142651446e-02 -1.851802627010617347e-02 1.886056251040917542e-03 7.150548250585453056e-03
1.006401999958564053e+00 1.533569633390376108e+00 3.687021647352664577e-02 -1.009636986381477752e-02 7.055224640584062054e-03 -2.945767861279541353e-03
1.843152701754242839e+00 4.610178324829731777e-01 -9.503094857697440279e-02 -3.056597236922904692e-02 1.984303276743051413e-03 -4.355071069702357456e-04
1.918099305691214784e+00 -5.259743078800882543e-01 -2.363187749167574778e-02 2.202698138941358574e-02 -6.275635127785918893e-03 1.088092717861304827e-03
1.459649297626613440e-01 1.814443952567517560e+00 7.803152939178086001e-02 4.465966190272545322e-02 -1.934775972167310969e-03 2.857288307644211683e-03
2.446851707689646993e+00 -8.987610628877115149e-01 9.593353871532125932e-02 4.653797818843441458e-02 1.859938947860518155e-03 -7.700266963836580308e-04
1.162956653771986953e-01 -1.103016274834611510e+00 3.581869661504632346e-02 3.191560711269181977e-02 -1.494929279263447963e-04 7.328850680318880258e-04
-4.079325401162650633e-01 5.940437153986025676e-01 -5.188649204310152863e-02 -1.258608835317704712e-02 3.214288097441583055e-03 -7.314488641146522224e-03
-5.177949925719088631e-01 -1.152502126878638622e+00 1.046865273173500921e-01 -4.254282432462652697e-02 2.692025394531146268e-03 -8.697558428692050373e-04
-6.278935365128169854e-01 1.325722346196334112e+00 9.068938536604723155e-02 1.080194246344584955e-02 6.519465174318729052e-03 3.692565305207556794e-03
-4.090478044606196684e-01 -8.404721148506147932e-01 -5.603671847203531980e-02 3.556227899062250342e-02 -7.844054946768777570e-03 2.343054856276078918e-03
2.660619669644839647e+00 -5.124410900650419043e-01 -5.298383242750352197e-03 3.848142539499652820e-02 -3.005205963314358346e-03 2.870532824351330545e-03
3.265204362135794014e-01 -9.919534303983991164e-01 4.347313292641983434e-02 3.819693413985362357e-03 -2.859885713210426426e-03 3.812947700132616503e-03
-3.181500328836120772e+00 -1.096713670127212437e+00 5.717815572983625527e-02 -3.641169329105188590e-02 1.105392007282056648e-03 5.863105223610271324e-03
-2.479838712144385171e-01 -1.596294434823901653e+00 1.837875449468531208e-01 1.128326714610725957e-02 5.177982932296109481e-03 -5.194953166108548341e-03
4.049261085251669723e-01 2.013482171846341373e+00 2.873500810893470092e-01 -4.705398823045011877e-03 -1.050403858715323428e-02 8.665284083425069464e-03
1.299077291163150960e+00 -3.014777566254805419e-01 -2.264942123770023047e-02 -3.013438761217518413e-02 -4.223502084785365866e-03 1.928375892295788006e-03
-1.394456185847763319e+00 4.571530768038176706e-01 -1.059661826014071107e-01 3.395371940618620299e-02 7.905588590172206095e-03 -3.924298774230109386e-03
-1.511629666982848841e+00 -2.934010639312337743e-01 -7.828917016921811689e-02 6.340984899570886561e-03 -3.878595566368463719e-03 2.281793206312196390e-04
-2.340278854314067569e+00 -4.501790356699614248e-01 8.316462209758799032e-03 -2.905548178763845552e-02 9.374898233108741564e-05 -1.550850009875236147e-03
1.209067905122883646e-01 -2.404628608959703262e-01 -1.458862932440202487e-01 4.309821976329682169e-02 -3.006903297569182409e-03 4.642907682840947785e-03
8.651175177604352173e-01 2.020219989412789463e+00 1.858775591713555664e-01 1.022891457343429004e-02 5.619333469455361531e-03 9.999501775096336989e-03
4.505642091399380544e-01 1.228628520557321080e+00 2.966685559511268028e-02 -1.958794402246831837e-02 6.410406973049426194e-03 -2.693620674837803562e-03
-1.528238092095022260e+00 -1.019453228815983437e+00 2.301413768169316074e-02 -1.673697211410699395e-02 9.314607329115890061e-04 3.673980385840026897e-03
2.857903068898957621e-01 1.798795354068999097e-01 -9.019709242861306819e-02 -1.255083355245599670e-02 1.530904494448955119e-03 -8.991164429685468687e-04
1.467464679271015093e+00 -3.980328576904799687e-01 2.657147549254761099e-02 -5.445195287093194253e-02 -1.918470637167064364e-03 4.814973821184173781e-03
-2.920559406243387723e+00 -7.201900094448623335e-01 -4.298344891187694250e-02 1.022578111484348518e-02 -4.742079439057042198e-03 1.355555443344164156e-03
4.327567213266090840e-01 -1.337904652245278214e+00 9.619137071507558034e-02 6.345256776490341977e-02 3.131813883360522535e-03 -2.696235264233277570e-03
2.387631894675517064e+00 4.701355413433999098e-01 -1.684292798275112413e-01 1.123493919177764346e-02 -2.003093000919185795e-03 3.536133634909762249e-03
2.529223614151730803e+00 -4.059040370137565468e-01 1.030915395715966592e-03 -3.511832247300604361e-03 -7.156100351082830650e-03 -7.294420634901535371e-06
-5.941217209427284152e-01 -5.185369569464779449e-01 7.191511837356056279e-03 -3.945647855864986564e-02 -1.310339423574766399e-03 -5.793823690078701892e-04
-1.622335937034618425e+00 8.262112636093480456e-01 1.308358639927246214e-01 -2.937045538721220692e-02 -5.676678515320147771e-03 -7.926220762462855320e-04
-7.544711173254158298e-01 2.405862960941635154e-01 -1.007540661395217065e-02 -3.574199851500864389e-02 8.165718499883114698e-03 -3.732285738736005644e-03
2.418697580931869762e-01 1.133130929323716174e+00 -7.289145118632815723e-02 1.873007628610918324e-02 -1.340159584344935558e-03 -1.129319466799414383e-02
-1.721446112048140797e+00 -8.774071079792521433e-01 -1.274939639775296736e-02 -6.754562200686837353e-03 -8.096624498856756433e-03 2.733041375392277015e-03
-3.277509920768088669e+00 -1.942180124420679888e-01 1.159998288652075611e-02 -9.060092114510932479e-03 -1.571377363917383961e-03 -2.096661958170084605e-03
-1.416039657412414998e+00 -1.348978517365239771e+00 4.812190919870546618e-02 1.370660314993239759e-02 6.067812710801723372e-04 5.999762031733790572e-04
-9.592060319760031817e-01 1.673050478731871182e+00 1.679809467045887961e-01 4.611113301949137239e-02 -1.235578490076027428e-04 1.136870648325113455e-02
6.960144775040955079e-01 -3.636462088337410470e-01 -3.331364797196535200e-03 -4.048331146708850775e-02 2.957358742705401729e-03 4.273005214652291460e-03
2.102599675777845969e-02 1.096683305835313593e+00 -6.712640270327133174e-02 2.061004538298021396e-02 -7.920889561763271719e-04 -9.050305606063555053e-03
-5.549149179946911703e-01 -4.972310569877728126e-01 -2.619278323025357735e-02 -2.251043297609906998e-02 -7.701243200771903420e-03 2.034111495562713166e-03
1.712079185306027984e-01 -5.812634630864593754e-01 -3.498798007710383212e-02 -4.528328982394327212e-03 -5.110150622862166293e-03 3.308264410965417509e-03
3.515161568184571816e+00 -6.936535644525820832e-01 1.423779113277895136e-01 -2.768745082284550241e-03 -9.010687455239573332e-04 -2.672807240497527409e-03
-5.654436076678071021e-01 -1.035169239455781209e+00 3.887122935299199694e-02 -1.108202311269117918e-02 -3.184765487349811974e-03 1.778924611999225906e-03
2.694446210958836740e+00 -4.564966673053975632e-01 8.287964669460972864e-03 1.071835439417413022e-02 -2.377742984968820878e-03 2.392324513432400688e-03
3.126060264418318302e-01 2.327351584601049073e+00 3.173118714644403426e-01 5.097953756476050757e-02 -1.314568367017788543e-02 1.059342099470955700e-02
6.870378208045929691e-01 -1.563014084547537763e+00 2.000564725711232728e-01 4.868523487990019522e-02 7.777983448427974039e-03 -9.976010157181098431e-03
4.768342938835385070e+00 -1.068512513974912315e+00 3.583040821778820662e-01 5.541504671517927944e-02 1.774375491694831983e-02 -2.037791650792893788e-02
-7.063013518789628131e-01 -6.884494221275584414e-01 -2.915066656131107270e-02 -5.401353683764089850e-03 -6.465412803768324709e-03 5.773106098489673953e-03
5.203607699368842932e-01 -1.520831763757912736e+00 1.641865656918896355e-01 6.104072544634609604e-02 3.765800529045376654e-03 -7.299903358979467627e-03
1.981025660737430361e+00 1.995272587841070283e-02 -7.646457936942410716e-02 -1.755569922443151951e-02 -1.116818534633281981e-03 1.387666093755120494e-03
-1.909077419133143882e+00 8.697617790262851534e-01 1.504214007173346468e-01 -2.196397359184107390e-02 -8.286330399560414006e-03 8.575680258326774273e-04
-1.015295046904272303e+00 -1.432271014194365533e+00 7.952804723079662241e-02 2.130980761155083086e-02 -1.518999286063092149e-04 -1.433709987620964202e-03
-2.877352134299805186e+00 -2.295864636686532206e-02 -2.254253618384308155e-02 3.050467916296940082e-03 -3.111243467405636412e-03 -2.830940826364084471e-03
-1.496346761041072337e+00 -1.086362117584361159e-01 -7.955650837989301782e-02 8.009991817558865385e-03 4.623402777934894868e-04 -3.014651114234856519e-03
1.138300000606458751e+00 -8.047152238076734632e-01 2.380543348706773681e-03 3.035745815442626033e-02 -3.561869300346121731e-03 4.504925686330958981e-03
-2.140928057593670442e+00 3.579884710571726303e-01 1.841501108104060327e-02 -1.256126321721405190e-02 -9.187973317386115973e-03 -1.000636268998459678e-02
-2.150172314484469549e+00 9.260506670264468942e-01 1.246099835589058007e-02 5.409298054797277711e-02 4.534537083057349136e-03 1.702569182432568965e-03
2.300577492954927750e-01 -1.810203494303080640e-01 -3.481802075382163519e-02 -3.365910066060254918e-02 -2.793848257038767258e-03 2.470031241014524013e-03
-1.231562169510890703e+00 2.351955012578377802e-01 -5.280412093155183867e-02 -4.850425475810706162e-03 3.371664944977923947e-03 -7.598588141123860731e-03
-5.980729424827303520e-01 -5.590713094271080284e-03 -9.412871028490983616e-02 5.994806263863283313e-04 -1.870995139542016693e-03 -1.139674345834208952e-03
2.073969033827915531e+00 -7.663926108516383451e-02 -4.577081970586492632e-02 -3.083666013059753117e-02 -5.028165956269739847e-03 4.030344112683233344e-03
1.784488800721176327e+00 -2.257442780989346864e-01 -4.538390421561586119e-02 -1.761016259948089413e-02 -7.461522371420387448e-03 1.924864595176372902e-03
1.361480588284740945e+00 3.019463182770525944e-01 -1.430767427191572960e-01 8.918839591393180541e-03 -1.161879383465498931e-03 1.849134384652507653e-03
-7.432437782549415894e-01 -7.956843812227418766e-01 2.347642926812970252e-02 -3.248050721939465396e-02 -4.774765492052589905e-03 7.611185438672544816e-04
6.392387193601666295e-01 1.892116053192715031e+00 1.885613729425714702e-01 -1.728568770296110089e-03 -2.271297590485333239e-04 4.993554392460376572e-03
1.100466960015308970e+00 -8.385733579602129284e-01 2.485291043087393958e-02 1.769943109428384620e-02 4.706918337919200799e-04 1.533222777003839842e-03
-9.070236246846925532e-01 1.538708427145166979e+00 1.913746094900508898e-01 1.077923531286809414e-02 -7.574159834180744892e-03 6.766405551686495608e-03
7.081169193141132467e-01 1.175803048687385388e+00 -3.862426307204693682e-02 -4.788473830761177420e-03 7.429554485457348471e-03 -6.679909478764218742e-03
-7.470212583322448641e-01 -1.092934175509730377e+00 8.220408750152556621e-02 -4.025258300317752919e-02 2.772149329071206710e-03 2.213039007883408748e-03
-1.616644139400933211e+00 -1.003439623190626628e+00 -4.573980754871232596e-02 3.164030900287996551e-02 -1.374142499750730453e-03 3.518727526270447499e-03
2.069868433827087628e+00 1.176294269160817890e-01 -4.713775678929445212e-02 -4.492601909104557145e-02 -1.411162348001615031e-03 2.726849052954545636e-03
-3.333042087131723008e+00 -1.631822643637174941e-01 -5.368701682368939160e-03 2.196549704584492319e-04 -5.497033042101343372e-03 -3.404065961404946061e-03
-1.757755674922376832e+00 -1.314730449370469456e+00 9.591684468024608279e-03 3.237144237285177750e-02 2.318461380780579282e-04 -6.514611618575402718e-05
-1.936947327177392486e+00 6.061155468882466479e-01 9.657735429974801614e-04 1.756174163812297337e-02 1.064229841184145126e-02 -1.544463600763145138e-05
1.001845817575714587e-01 2.744199688045551640e-03 -1.466582843552961257e-01 2.772178208784284101e-02 -4.221444579404701712e-03 1.752826098831842530e-03
-2.617712004913875123e+00 -4.685500834561038830e-01 -9.366926252318805157e-02 3.285412367694558883e-02 1.159223489862941901e-03 2.570384658324889170e-03
-5.595255365369121436e-02 2.415072849306321434e-01 -2.596587619455701865e-02 -4.039859208925632855e-02 9.332053908956854105e-03 -2.502282167895856710e-03
-1.848381873951757903e+00 -8.915543122155069611e-01 -3.577861139195110535e-02 1.115722044785136258e-02 -3.888764035703222779e-03 3.127943737827901423e-03
-2.229434971535176224e+00 -6.304646720950625172e-01 -3.588918699210888463e-02 -2.135654896896679606e-03 -7.932057826104692635e-03 -5.855049099981581365e-04
-1.874949376442636984e-01 1.461706439913961209e+00 -1.740185253547238409e-02 4.654768761820026607e-02 1.106565090626039118e-03 -1.041416037707573478e-03
-1.576462589168639683e+00 1.126711188981009748e+00 1.733925793799820647e-01 -1.409249896334710019e-02 -1.185216232616322952e-02 1.129884876763714418e-03
1.384205342719417198e+00 2.349766691873178992e+00 3.071570741458556353e-01 3.095432298047975581e-03 2.661558256253329386e-03 1.589726583665924953e-02
2.823170701782338643e+00 7.533756652352079364e-01 -1.570423687024202763e-01 -1.132798655580340846e-02 1.794240955111974000e-03 1.770580912076116569e-03
7.287572188072599655e-01 -9.365264608466823404e-01 7.002098077829427281e-02 -1.547485261982713481e-02 -3.738582066692718465e-03 -2.389205387127828206e-03
2.694508079621650509e+00 7.169510475698686047e-01 -1.244602397308939984e-01 -2.735144698551580239e-02 -1.732309199226326712e-05 -3.411002893108406892e-03
2.868738990933434874e+00 -3.465952545104608040e-01 -5.803163625029390815e-02 5.466203069262539488e-02 -2.325185920554527583e-03 4.332417413134722478e-03
1.559319895012336143e+00 -1.256799275284627537e+00 1.850347862649731612e-01 1.166173638593452980e-02 7.251765632048328900e-03 -4.337214142777454616e-03
-2.721487362190793124e+00 2.260337489648584219e-01 -1.377432936044671770e-02 1.229775318919695479e-02 2.658215146177832656e-03 -1.728660144637387489e-03
3.959279885422187784e-01 -3.115088709672518275e-01 -6.154857381417200290e-02 -9.550078245778446245e-03 -5.602019488877055774e-03 5.086364911641121436e-03
-1.647108552884714472e+00 8.775761183156469136e-02 -7.272249312026971002e-02 5.824140640398180017e-03 -3.326804236330981306e-03 -6.936624635652689948e-03
-5.783351242951708659e-01 7.357589136992207512e-01 -7.240964262866610157e-02 1.144107572130111973e-02 6.251049994123019640e-04 -8.988619903434970707e-03
-2.647867380136951887e+00 9.019891739500088823e-01 1.715142154744052627e-01 1.800411092433169678e-05 -1.618304208104870412e-02 1.314423722245346106e-03
1.060364109237277530e+00 -7.107435799807498844e-01 2.517164231763332691e-02 -1.544995817484509822e-02 -3.455198567939853603e-03 5.529542133506826392e-03
-5.517484035137484866e-02 6.858695315135667769e-01 -2.290149179565999574e-02 -2.998694655625077851e-02 2.942954185872015491e-03 -8.936544677088036071e-03
1.714590478573748245e+00 -6.374729839691234412e-01 5.197316420105235757e-02 -3.355481853348409732e-02 -8.429469698887043054e-04 4.911178570323669786e-03
8.627379562119595890e-01 1.760175982765370906e+00 1.652654160834181596e-01 -2.580075749338355331e-02 -1.737266960156672166e-04 2.561144238028713500e-03
-8.569119273160060724e-01 1.887674222617574893e+00 2.697576166498761308e-01 4.181490758951164621e-02 -1.304588634872182878e-02 1.001789805176497850e-02
5.891794808698774810e-01 -2.804463755972241845e-01 -9.689197800187764054e-02 1.547197554028434223e-02 -7.112426781913455676e-03 2.122015410856557642e-03
-1.045449885342332630e+00 6.131718598792778030e-01 7.328754304048550050e-02 -4.792243214005080520e-02 1.491448622767719157e-03 -3.009374628599744729e-03
3.656573918760734010e+00 -1.101475531189566488e-02 -7.386567916087721786e-02 1.794577351588173830e-02 -2.206574646009342149e-03 5.610465997088366109e-03
1.314069227482952407e+00 -2.530420541744596297e-01 -9.257849619591740353e-02 1.621334255188782922e-02 -5.206679279469389986e-03 3.982836532604609736e-03
1.053294695187892316e+00 -6.741973020622339385e-01 -8.204229993170933030e-03 1.023680310205524191e-02 -1.166608730263998328e-03 3.071713084476159795e-03
1.006858225797322010e-01 -9.350538187388864886e-01 2.573419110795968287e-03 1.846233754689264456e-02 -5.910830942626475737e-03 4.164846124035346056e-03
-6.995775004986687362e-01 -8.705639278882534859e-02 -1.199759386054723891e-03 -4.855558908451830524e-02 3.512527066594274029e-04 -2.801270247569637769e-03
3.032735277218634895e+00 -7.683510842828452647e-01 1.369138117772287222e-01 -5.829814629198441615e-03 5.669317621476806972e-04 -1.332555637280017843e-03
-1.460807004099417883e+00 -8.253753369139170681e-01 -6.103717937071381772e-02 2.483016567396228655e-02 -4.551887171241790833e-03 4.709602523139118195e-03
-1.782107715804524428e+00 8.970018445061095358e-01 2.021354578957282669e-03 4.269560210166722242e-02 1.035598786911704275e-02 2.446132056018551944e-03
1.820160043598814337e+00 -1.259338412823904019e+00 1.849016963138170599e-01 3.618920774775215982e-02 3.199152493810005285e-03 -6.395811071497759480e-03
-1.079145576693666841e+00 1.122952304790041156e+00 6.695093365468678115e-02 1.299599111594936310e-02 6.491301441153222128e-03 3.546839984797499172e-03
-3.590322731190628502e+00 -8.436561610149654333e-01 -1.983399407527051961e-02 6.293967337947578046e-03 1.451691235637225623e-03 5.379697268065269759e-03
-2.307875599175049697e+00 3.736133092464417604e-01 3.304384657379916962e-02 -1.259855728210594779e-02 -9.982373275724253439e-03 -8.259797874898406472e-03
-7.899522622818524464e-01 4.141814733411932625e-01 -1.254150546218164020e-01 2.418554962417300211e-02 4.126975782415586054e-03 -3.860436525810981637e-03
-3.139794610568448441e+00 -1.056041219077006987e+00 1.249317916410178607e-02 -1.261380597923054785e-02 -6.448356960075635018e-04 6.955681636864453551e-03
9.923650282968324854e-01 6.986843183315547545e-01 -1.250556225065984350e-01 -5.262404579768975056e-03 8.046314315906546305e-03 -2.126009907721168948e-03
-1.840852429142789459e+00 -3.967499592280437359e-01 -6.291480242591840355e-02 4.854214383177610226e-03 -4.156826133399464944e-04 2.044846067498551356e-03
9.773259481877207833e-01 -1.637359646735566221e+00 2.620829323689569668e-01 3.570422043107756432e-02 1.121529913504853981e-02 -1.136721331724473844e-02
-1.508485387440639647e+00 -4.280496383316651499e-01 6.799867937950056229e-02 -7.257374704108335295e-02 5.087122402076173049e-03 1.558525708784387794e-03
-1.593695033035910313e+00 -8.820681871300761756e-01 1.519723360749136894e-02 -2.481460730150366473e-02 6.029730467957661842e-04 7.068712712524824297e-03
-1.410757006553242210e+00 -5.142733367983070014e-01 -4.303440146646449888e-02 -8.717997213479284496e-03 -8.586652809885316970e-03 8.521140852740743217e-04
-7.833124701796468914e-01 9.356243448632649562e-01 1.637040356114902520e-02 2.261664446418901013e-03 7.343557378875396890e-03 -2.478127121091992444e-03
-2.190122384586913995e+00 -2.874666426875545633e-01 -3.226899895461610851e-02 -1.108560856079390290e-02 -2.033544711183935070e-03 -1.682503656056281906e-03
-2.581747242129070141e+00 -5.075073422817588664e-01 -2.854594582672071584e-02 -4.441705858373009609e-03 -3.061377064758292804e-04 -6.452669168074088787e-04
1.337605682274807473e+00 -6.019230906582182516e-01 -2.405485634538499090e-02 1.280691780405576047e-02 -4.758040539111735127e-03 5.811615410158352604e-03
-1.809214556960185405e+00 7.311782106589026498e-01 -4.571262700223944347e-02 4.461808391125413747e-02 9.045346086159374022e-03 -5.229283495280426632e-04
-1.290681690152608807e+00 1.178682303377695945e-01 4.807362260889778971e-02 -6.033899184255604731e-02 -4.358604235821883152e-03 -1.059919789676398716e-02
-1.574081134170778884e-01 1.317281037240124686e+00 1.187360344884303837e-01 -1.999616150913408053e-02 1.342915855993205435e-03 -4.075534424190695171e-03
1.282329702657742043e+00 -6.036849487134978709e-01 -1.504115787956388124e-02 8.459858395528631336e-03 -3.928690326409732883e-03 -3.782338541367401860e-04
-5.633345381811727393e-01 4.216036315596560780e-01 -1.168644151349391980e-01 1.593270550807475081e-02 4.002447890672294721e-03 -4.789146097682698937e-03
-3.023714260981287261e+00 2.229769853143069580e-01 -3.825515419048999832e-02 3.323376976716817255e-02 3.698362542565255054e-03 -1.999474271414857385e-03
1.885564865966668779e-01 -1.136829729125670596e+00 1.158945681645998926e-01 -3.152825907804236716e-02 6.007166217719496493e-03 -1.176968347898384984e-04
2.009856660997005218e+00 1.317917529693100276e+00 -6.452906649443716780e-02 -2.918163993460454186e-02 4.040438303376602848e-03 -7.101567673845090439e-03
-1.320344750190351801e+00 1.094344998037703326e-01 -1.304446809796846740e-01 3.051228194212609116e-02 2.360032691846984838e-03 -9.028355733373308973e-04
8.143578850944030445e-02 1.122861526961951961e+00 6.655879812878948143e-02 -3.213896677516560330e-02 -5.510504385049756889e-04 -8.662018881331246326e-03
-3.166116365577407166e+00 5.644151603249968341e-01 6.230340808670468272e-02 2.752278929430618248e-02 -3.632751020197653915e-04 5.267931751097017917e-03
2.895122236237747781e+00 -5.089660320125162229e-01 2.730261911096330471e-02 1.914009416583365916e-02 -1.741513960969670897e-03 2.275934484646749672e-03
1.275561849107550660e+00 -5.157148992175610847e-01 -3.840925101442160816e-02 8.011999275722074196e-03 -5.576122161444311241e-03 4.806051253868139604e-03
9.609013097754370847e-01 7.476020854447122943e-01 -1.017758931277190221e-01 -1.715606131902440781e-02 1.893295517959245290e-03 -7.251299532462509960e-03
9.431911289115628705e-01 -1.089935651021406299e-01 -8.590768656452457686e-02 -5.418915972893087983e-03 -5.782206740304480716e-03 2.747069325250174436e-03
-7.597520947737130825e-01 3.696789553274621998e-01 -1.324792486047983997e-01 3.014848194336998063e-02 8.489626267362123876e-03 -3.774716194993026942e-03
-1.571717288643692312e+00 -5.963402314292236550e-01 -4.598181825921163896e-02 1.726181602649301148e-03 2.269811656043895041e-03 2.519152156028051353e-03
-1.359255772641177140e+00 -8.825512991401928131e-01 -2.405419446922068064e-02 4.739156684696439747e-03 -2.062906844362222269e-03 4.859648943027056883e-03
-1.250164963604838864e+00 6.892517442924346593e-02 -5.178333469525187027e-02 -9.589644177269885869e-03 3.038571861078857416e-03 -3.277248231254201952e-03
-2.274478778667432977e+00 -4.864292893238068849e-02 1.387576092884505730e-02 -2.993889395784549851e-02 -2.544505019900909770e-03 -3.335092597487204248e-03
-1.804343415444217280e+00 -5.724828937480921920e-02 -8.015089701039783410e-02 8.841226165770023349e-03 -2.337694673615857074e-03 -3.116874136069860621e-03
9.744346858165432446e-01 -3.295434960857105966e-01 -9.374492970238440526e-02 2.090839527597440628e-02 -5.840446000745441908e-03 2.039276075151230747e-03
4.492939790793435556e-02 -6.192229736372704130e-01 -5.138598155623223807e-02 1.054725003024524314e-02 -2.332455203633893373e-03 5.409866023434473266e-03
1.894745119312656101e+00 5.307285619542519983e-01 -1.477520355687721165e-01 -2.923133116672175461e-03 -6.736374566660075685e-04 2.803038378584363070e-04
-1.268921573141558623e+00 -4.906948207304012155e-01 2.460619956214428819e-02 -4.698672913390921496e-02 4.311919741236739517e-03 1.974979259411150951e-03
1.730499509218854870e+00 6.566568513969956999e-01 -1.224044801621446688e-01 -1.877501488348285591e-02 3.334353952793656008e-03 -3.307113232158520686e-03
-1.955578876660382104e+00 -4.037463953536019612e-01 -9.360394945912528519e-02 2.650964913285189239e-02 -2.266659548770918325e-03 -1.305327010576757141e-03
1.501566101416583754e+00 7.785371071160963607e-01 -8.832672708526799477e-02 -3.261758513209226523e-02 5.069011863490158719e-03 -6.516945758498949096e-03
-1.480526118948824355e+00 -6.902610474724870659e-01 -6.661985065542126716e-02 1.574767347285340249e-02 -5.840271227463497000e-03 5.548615154491212155e-03
3.789627136819624653e-02 -1.302388700852701531e+00 1.179759011212000303e-01 2.629133169970140037e-03 6.849067688320395822e-03 -1.704679031328521985e-03
-1.959894536301202361e+00 4.031260737875246303e-01 1.153441385733461680e-02 -8.233484403084486911e-03 4.798620868461656724e-03 -1.810582721788182208e-03
-1.409359937772366678e+00 9.136646402003898923e-03 -1.384508901587197804e-01 4.233905318285277608e-02 6.446257837780765276e-03 -1.279680404312972045e-03
-1.784867024106627120e+00 4.681371510619964371e-01 9.840111670865910043e-02 -4.894630634353324544e-02 -6.985467434766952886e-03 -6.659062106467507000e-03
9.510972072279076928e-01 -3.658411545931964937e-01 -6.208582998896424593e-02 -7.308457644906157097e-04 -4.191140741998430029e-03 6.352036619929655493e-03
-2.639573617784205517e+00 -4.983272206366350932e-01 3.561520395834775338e-02 -4.074553156414972843e-02 3.303330336454471643e-03 2.222389934319416067e-03
-9.719560691309642175e-01 -4.025329913885214439e-02 -1.377831603602616695e-01 3.102248978333106352e-02 -5.332580755349608341e-03 -3.764062707837652951e-03
2.728114677712094593e-01 -5.061693754669819301e-01 -6.324258730747402135e-02 8.208424223023884705e-03 -6.378384653739770614e-03 6.134115209981364641e-03
-1.162045202177481862e+00 5.756353226189483419e-01 -5.602481888809719701e-02 1.425211318322338813e-02 1.277539975039903609e-02 -3.222055568084971570e-03
-2.510771811535188469e-01 6.435801073914610981e-01 1.232463682670909217e-03 -3.659963922693566796e-02 9.934995732746308358e-03 -3.427937068561339590e-03
9.053768723695251319e-01 9.623505163239218785e-01 -4.581300681247479217e-02 -2.738222414766181348e-02 9.433076930959511178e-03 -5.233304608608197080e-03
2.124691183962633456e+00 9.676330603325202784e-01 -1.329880337251142797e-01 -1.921424233546801391e-02 5.645463479297000396e-03 -3.627627150896862301e-03
-1.408040949991995472e+00 -3.699917928556843982e-01 -3.790829656878907244e-02 -1.649549075834279982e-02 -4.561019367701007153e-03 4.547428028974848839e-04
1.530771274010118477e+00 3.664459384651084228e-01 -1.693511774231815092e-01 2.005667461105076210e-02 -4.882056026322991599e-03 -5.275089252509274074e-04
-1.538130540352147690e+00 4.688661842444482031e-01 -1.159665319666683680e-01 4.176120139973639456e-02 3.949849296251601444e-03 -6.123478430405338881e-03
-4.780152252527177653e-02 5.377606992383443529e-01 -7.813660753584100727e-02 -1.138634441916926317e-02 3.938068583678486050e-03 -6.859377759682355052e-03
-1.429898003913473437e+00 -4.712233468420172766e-01 4.816827683902692031e-02 -6.206140450624370725e-02 1.156648909945959215e-03 1.267315427960460667e-03
8.124436819913982699e-02 -7.085956092797190964e-01 -4.146086053623366380e-02 1.521631921122289406e-02 -7.071796488833743434e-03 3.849938990396933533e-03
9.572187020056504014e-01 1.697597153968470884e+00 7.269265255292532701e-02 -3.995094768830614006e-03 -3.151101445263091490e-03 -8.296774653221063861e-03
6.851526080115389883e-01 -1.281687929607074450e+00 1.851506748912516986e-01 -3.541262029194820748e-02 7.728501664427353882e-03 -3.283552774547685016e-03
2.389857804382412354e+00 -9.206486856039594047e-01 1.291171769036087991e-01 8.767806386530616058e-03 2.109492169371449729e-03 6.820321250490361809e-05
-1.058033992176017346e+00 1.563093865818340644e+00 1.439293629479158343e-01 3.903273452602842170e-02 -8.600660133744549712e-03 3.365652927671426882e-03
1.430585835190512300e+00 1.642318228732121854e+00 1.531364468851277236e-02 -7.110439448207007615e-03 5.071540574249452059e-03 -4.957631975825862493e-03
-2.177930487536977378e+00 -7.617535392668494110e-01 1.915757031305846333e-02 -3.212011712331199614e-02 -5.980209462769710792e-03 6.438223857877468578e-04
-1.652108296720236735e+00 1.314932983303519265e+00 1.368471819686142010e-01 3.215091942923936630e-02 9.980329921534117701e-04 1.099136169643660788e-02
-4.323615142545914614e-01 -1.348823559457537902e-01 -1.351913270805080447e-01 3.122451800122649779e-02 -2.337447319410199988e-03 2.573478215328159086e-03
1.891359367848754580e+00 -7.316648574806222660e-01 1.955771813466508288e-02 3.641878088602706204e-02 -3.562743089673281113e-03 1.357915691269854196e-03
-1.797682203775542442e+00 1.047929762034360168e+00 8.292957673383768991e-02 2.532942266837770462e-02 -2.462857077419858438e-03 -7.776317241367455575e-04
6.800542812296107575e-01 6.389134340318865235e-02 -6.934426748580609090e-02 -2.091574838582570262e-02 2.773393819167941678e-03 7.866208692346330841e-04
-1.306179388776536276e+00 -5.809957516878084816e-01 -1.016661134816055495e-01 3.437371306995387621e-02 -6.746391404386526888e-03 1.878193908711619630e-03
3.408073013387094452e+00 1.440418370045232765e-01 -7.455710268047642530e-02 -1.638856364503233493e-02 -1.665427915427437336e-03 2.916734767017801523e-03
-8.027525730553913830e-02 -7.398572094525347476e-01 1.541971809906022770e-02 -2.633721438121385677e-02 -5.042114052174303390e-03 3.733363976555261962e-03
-8.361943037788956978e-01 -1.098440758971717779e+00 -3.282444408058465130e-02 5.545697299830126131e-02 1.433555148811521684e-03 3.494291866688163575e-03
3.940745498537305380e+00 5.973855274668178096e-03 -7.212771851241997489e-02 2.411186766881295157e-02 -3.182544458257590553e-03 5.027127517477324170e-03
-1.208820741362465062e-01 2.138977357748566011e+00 3.570140793718044603e-01 2.416394634645651143e-02 -1.452144992067336271e-02 1.238504179538975694e-02
-9.320193273112326038e-01 -4.013391333184176957e-01 -4.473744829452232230e-02 -1.161396230067338921e-02 -2.815037321790791764e-03 1.684605411191164711e-03
-1.281271954139523439e-01 -5.703111861048215658e-01 7.645476821501772866e-03 -3.694197786212314455e-02 -2.030118394604889590e-03 3.474150346451283962e-03
-2.057211559611282325e+00 1.075724503466882087e+00 5.133112186191964715e-02 5.211889374734786362e-02 2.593812320222429330e-03 3.468399042775798143e-03
-9.359797840872204067e-02 -3.537673823732945810e-01 -1.641060919717065789e-02 -3.546213309511755951e-02 -6.835565657834434105e-04 4.748433638563299281e-03
4.711646422523195765e-01 1.221295774974043624e+00 3.298065938703820948e-02 -1.966302484251325478e-02 8.042340769281796503e-03 -6.332278565157753274e-03
2.663378631912737937e+00 1.312733374324345670e+00 -1.266583353616146657e-01 -2.228757594650550289e-02 6.559421017048990867e-03 -3.445225400803597453e-03
-8.848823665692865381e-01 -1.422764079972421047e+00 9.893317749244781578e-02 7.502759756590657650e-03 5.666262619857612972e-04 -3.867159119332565318e-03
5.098403453664126506e-01 -4.973050742805512070e-01 3.003353317337966594e-02 -5.536974728762276282e-02 -6.822384516197614948e-03 2.235807029015930529e-03
-3.922532348113677569e-01 9.749450728763476848e-01 6.258412414643524380e-02 -2.763587301578912872e-02 6.430729267572401348e-03 -2.130312118290992110e-03
-8.988098753233614291e-01 -8.883987071652204442e-03 2.154462913399593851e-02 -5.697278642172379920e-02 5.918170611013691407e-03 2.001296588552852244e-04
-2.675360880054802326e+00 -1.136510155055043381e+00 9.802071741204336497e-03 -5.593228632045584708e-03 -7.824409821643014962e-03 9.437498640557457014e-04
-2.702288025010582739e+00 4.795328280479980165e-01 2.744133133529274432e-02 1.642008728656690897e-02 7.896786520676425409e-04 1.467242430138847179e-03
-3.891812462888284974e-01 8.407306748074646618e-01 4.740247769430262076e-02 -3.768775306266126252e-02 -3.326147636260098645e-03 -1.080641882605686693e-02
1.880277637574706562e+00 8.699647962925711742e-01 -9.100221156373564102e-02 -3.670482306005846268e-02 2.033845155519435708e-03 -1.007863053520585347e-02
2.761971871524305788e-01 5.549912713079235838e-01 -6.937814003188838563e-02 -2.025264972036646544e-02 3.752036193789948758e-03 -9.657840418928231516e-03
-2.283626846205213390e+00 3.306467068017268640e-02 -3.883046193900851345e-02 5.560970549129533660e-03 4.746049602611580008e-03 -3.711951150286217724e-03
-1.846338194771465657e+00 1.394961542640660579e-01 -9.707766883030788385e-02 2.435737240658101058e-02 5.240032777302887357e-04 -4.116190674363635719e-03
1.243498762347716280e+00 4.002169809070085793e-02 -9.761188829135421241e-02 -7.992733361370088496e-03 -3.211915999395182578e-03 4.350075229586158367e-03
3.746685999564542957e-01 -4.876693058301531658e-01 -1.369473240548865593e-02 -2.617408119741109970e-02 -4.327217908888291407e-03 1.429809510735686583e-03
-4.210464109553742618e-01 3.188708520524415335e-01 -1.852735802242907320e-02 -4.003038362678900536e-02 1.861461443226955807e-03 -6.440019074058393050e-03
3.772774283416219010e+00 -9.656236365514005993e-01 2.115570370802858369e-01 6.138071294461321797e-02 7.519393150709725165e-03 -1.220811045569153777e-02
2.332010761839601987e+00 1.266109215317195558e+00 -1.000850713729647401e-01 -2.712229291282691745e-02 6.732144468676041354e-03 -4.710283300244927883e-03
-2.325846888586859063e+00 1.832293554930654600e-01 1.754258995231139720e-02 -1.760326886435202923e-02 2.503185883032701432e-03 -8.534483584241222285e-04
-6.174819602647905192e-01 8.792056078041310396e-01 -1.465645647316255462e-01 5.734783654161149102e-02 4.840423302585711643e-03 -3.768537065778829187e-03
-4.400841993630763005e-01 -5.130146100003870613e-01 -6.122834690713621630e-02 4.440273105492877244e-03 -3.592147640680152555e-03 4.232747572223666266e-03
-7.194158162643331522e-01 -3.707845496788966244e-01 1.237527104556982414e-02 -5.032575593754837900e-02 -1.490719657011714289e-03 2.106911400362835706e-03
-1.936797754257169268e+00 -5.344354615272631781e-01 2.956095865432331951e-02 -4.560634492285354363e-02 2.276264045062796062e-04 1.831770888637791316e-03
3.767711928000157529e-01 -2.014667618465031951e-01 -1.070489418538482784e-01 1.278363268541238100e-02 -5.086403950759080597e-03 4.151910879161136228e-03
-3.852894174591917076e-01 -8.995312936247504831e-01 2.432858908678340107e-02 -1.844190354149907382e-02 -3.561828996544602870e-03 1.543955651941638328e-03
-1.435333017544890288e-01 -2.843466653901603469e-01 -3.909468643487378631e-02 -2.234547721076364513e-02 -1.242157727785538025e-03 7.327111966660196634e-04
1.239496885205658483e+00 3.081280442256906227e-01 -1.901347983185875945e-01 3.775239448434607181e-02 -7.601101029040021120e-03 -1.584186391154974310e-03
1.137983523522308138e+00 1.316551806138155589e+00 -1.369429301119265072e-03 -2.489179638797816424e-02 -1.185372236731054620e-04 -1.074410011887661984e-02
-2.040553384778455825e+00 -3.268426487003665004e-01 -5.724181764436486741e-02 1.630399876545337440e-03 -1.271448468218897791e-03 1.481390861501182476e-04
2.308516050208110126e+00 -3.306942884454489584e-01 -2.549620368964722328e-02 -7.436012556386334231e-03 -2.013080326929544625e-03 5.127087348135880157e-03
-9.377086617936647439e-01 -3.776374422955746657e-01 2.072019132236460615e-02 -5.167481923085062712e-02 1.676255434768429567e-03 1.468214653451372894e-03
-6.952668921137844515e-01 -8.971045086073012320e-02 6.450800054127197106e-03 -4.963032642812086059e-02 8.372765749132815571e-03 1.035889581371863101e-03
2.040755148235984695e+00 -4.702574907784594360e-02 -5.622564290014371580e-02 -2.459697855734339911e-02 -8.959193419090564180e-04 2.822375647645739786e-03
-1.655454982891192639e+00 9.799165738026613948e-01 1.647088466858081524e-01 -2.558116530950268683e-02 -1.625917575042593044e-02 -5.558708799766217540e-03
-1.618647844380743273e+00 1.099199201323832975e+00 2.363127827320314622e-02 5.034920959065122825e-02 5.337701159330573292e-03 -9.215727385935135304e-05
2.929128981210298716e-02 -1.158724034036244660e-01 -4.124406838268093733e-02 -3.055639689338994838e-02 -2.781551188404062479e-03 -1.085420806534501863e-03
5.978891098664275150e-01 -1.014523599523491804e+00 7.709144772748546814e-02 -1.007078141594181658e-02 1.824562162848933616e-03 6.076033545563921294e-04
8.039525290598873442e-01 -6.223303224378223808e-01 1.078351605116720929e-02 -2.508923054630478669e-02 -2.326887867145261985e-03 5.528902994967619181e-03
2.218646367564980348e+00 -1.226026810949731455e-01 -8.625598328287530092e-02 6.827499310968918912e-03 -2.462328611604972569e-03 5.635601312322304803e-03
2.214054348685646989e+00 -6.401134675822375275e-01 4.311313530893107898e-02 -4.316093696233537415e-04 -1.220412311949395281e-03 3.491946565711903649e-03
1.668039812800299337e+00 -5.865412518302771661e-01 -1.343817806185459117e-02 1.748469317477772261e-02 -2.088663578087301270e-03 4.091943215456749459e-03
1.051624532803270506e+00 -2.867647618151774810e-02 -1.196331372857646624e-01 1.074027556768147700e-02 -3.444001531382740247e-03 3.264873474830382212e-03
-8.168173353627176114e-01 1.186754171205599340e+00 5.805982816511584370e-03 3.359796634517211306e-02 2.408813132686215414e-03 -2.865040372320680918e-03
6.275456125439445865e-01 7.237605443797016092e-01 -1.159597846281711503e-01 -3.047461941776572099e-03 -7.383115993939951167e-05 -9.272555241667394463e-03
7.651373713593220827e-02 -4.194836243035806600e-01 -1.085886210129543561e-01 3.041642236236099042e-02 -5.285683779404976544e-03 6.130180355665901942e-03
1.497131240451539780e+00 -1.140055678544057843e-01 -6.552400954309922643e-02 -1.750640426652230394e-02 -5.809398817858337817e-03 1.238000559830658778e-03
9.591276964404665817e-01 -6.578693114660150165e-01 2.733579780903129183e-02 -2.677116927638603650e-02 2.865365673455636669e-03 4.180379575244319752e-03
-2.222003225752462008e+00 -3.862980497986286399e-01 -4.366560346636844808e-02 -5.127208581460446050e-03 -2.975410464682139502e-03 -7.484536212088699326e-05
1.190064913434193850e+00 4.494105206000873487e-01 -1.515532977950278248e-01 8.901620114776531006e-03 2.841644240132190657e-04 -1.596543551304294064e-03
2.311075048587945435e+00 -1.465025028149238677e-02 -1.104892379140287040e-01 1.460101337077896258e-02 -1.028355794333877214e-03 3.924361399932279476e-03
-1.807988786915606827e+00 1.944130525462894193e-02 -5.360509977566574324e-02 -1.736495587056743721e-03 -1.583421815902642761e-03 -4.676419275755903590e-03
-1.622951062785740195e+00 6.637432177564929203e-01 2.554430476011445086e-02 -2.818545345144756083e-03 -5.014028871917645958e-03 -8.108540471780608522e-03
-5.412951817899785967e-01 -2.203297963577283414e-01 4.400867009876673758e-02 -7.349151863034841803e-02 9.954639073663442035e-04 -1.163548870597098678e-03
-2.344854501494125998e+00 2.261103270029907880e-02 -9.570997421378683867e-02 3.351184246861894228e-02 1.976908921451204712e-03 -4.394358278761707412e-03
-1.756915140202595094e+00 -1.180711385563959936e+00 7.300746645033398541e-02 -3.760394570004074732e-02 1.435515724359798110e-03 -1.232921766381816402e-03
2.483406527348844595e+00 8.171922709118798478e-01 -1.702914446168087848e-01 -2.868999176888085024e-03 2.323212259029980471e-03 -3.063575140065693983e-04
1.993567905129060680e+00 2.988059751609243309e-01 -4.550112118952605311e-02 -5.706492792304633521e-02 -4.251662540451645045e-03 -1.894621307394757414e-03
1.526431926739962863e+00 -4.432680367071799576e-01 -4.627071366043718909e-02 1.011426266767715722e-02 -3.258737677021092665e-03 2.975289624690737392e-03
3.397366156642295465e+00 -4.202678275984018663e-01 3.253137859680268335e-02 1.606415508111387613e-02 -8.087670300815689127e-04 2.229440601154494741e-03
8.889598482307046190e-01 1.235638894745135774e+00 -1.876233566033018788e-02 -1.610651418707792493e-02 2.635415509054854152e-03 -8.804523270240026400e-03
6.369833416302119744e-01 -2.477754928392104095e-01 -6.811897509884208557e-02 -7.203071281812232531e-03 -4.944529496650348042e-03 2.251527993307467224e-03
6.277977453287015841e-01 -9.386307455398555932e-01 3.238437158598296561e-02 1.565652744059352688e-02 -1.844140101469917727e-03 3.415842502872029922e-04
-6.770654024605936572e-01 6.913081531211447972e-01 -6.497163114413702367e-02 9.589965534522544924e-03 9.112905579308647197e-03 -2.625505533565841449e-03
-2.181480607088785995e+00 4.094012557687815024e-01 -3.559180425084373239e-02 2.087260102362921074e-02 3.570149594298575087e-03 -4.400905121185564282e-03
-1.404268050655493649e+00 -1.484388635571504578e+00 4.666127011236117367e-02 5.166772331505653515e-02 3.848543276639139390e-03 -2.262877543290476353e-03
9.348768703633241195e-01 2.996552629263008471e-01 -1.183311614807453366e-01 -1.741451821132307528e-04 5.614198247098946271e-03 3.643513267247727337e-04
-7.273844600162291396e-01 1.870439877084928981e-01 -6.614356956095474027e-02 -7.625707454314924021e-03 6.127177009817823782e-03 -4.836863872168830486e-03
3.294977697116102111e-01 -1.390498484518670752e+00 1.623189247446032712e-01 3.433075844644843493e-03 6.751209635002587174e-03 -4.178678634527194583e-03
-5.147950106247641822e-01 -7.246933709883053298e-01 -8.991006095441934909e-02 4.412936124448942760e-02 -6.188037735741722285e-03 2.961241526933675820e-03
-1.193037934135052547e+00 7.359929678289816035e-01 4.359189310641082421e-02 -1.508563604031904794e-02 5.939186071663445955e-03 -2.891790000973297383e-03
-2.366186573839955010e+00 -7.146207347734481186e-01 7.746884036981097760e-03 -2.589110968257501630e-02 -6.237939377883359657e-03 2.688451069595484554e-04
-2.176145342049328857e+00 -1.138255584985623958e+00 3.195969862168574621e-02 -1.444564141052134994e-02 6.983563802863434512e-03 5.342596949042357525e-03
