2.705489392583547481e+00 -3.143433960325015541e-01 3.049680818610147059e-01 -1.661445610847314680e-02 6.914100028297486163e-03 6.596492065464780539e-04
9.488423088105102376e-01 2.105439114828374092e-01 -1.383961223276546360e-01 3.987519544548684923e-03 1.505183098898279484e-04 6.691152827290503154e-05
9.538457388678385496e-02 -7.748434617664728963e-02 -5.772002602772070140e-02 7.885910092122448006e-03 -5.727143268968975208e-03 2.775274901514642335e-03
-9.994645987049884106e-02 -1.605855330441129658e-01 -7.315794535747899285e-02 7.920910412067007009e-03 4.804114714538633077e-03 2.833005466623896625e-03
-2.878040473468472249e-01 -8.303095684529644693e-02 -7.352119021328169801e-02 4.918295581848899402e-03 -8.787901940538536683e-04 3.736186705702184471e-03
1.829412798647854110e+00 -2.466420970731278972e-01 1.359155793297067982e-01 1.734475102569735553e-03 -9.412058905799866810e-04 3.614680266835595176e-03
-3.997098436085855244e-01 1.972903955816315558e-01 9.593574472457896962e-02 -5.920438971926698718e-04 1.400813553395809964e-03 1.708619054714861528e-03
-1.493526115418145617e-01 8.327153432278919243e-02 -7.268566424886550859e-02 -6.339200832874578246e-04 6.783933756933684589e-04 -3.955876711254828135e-03
3.322383140451831696e-01 6.511725190851115619e-02 -2.443795602718759966e-02 -4.238221000572525991e-04 -7.187366812605409765e-03 2.957859006332764357e-03
-1.743520095316616558e+00 4.047839586988852961e-02 8.416760676233678296e-02 7.168513982873983212e-03 3.540534631874352016e-03 2.034365860822329381e-04
5.261714525645255769e-02 2.970168695413267779e-01 1.685000158157773653e-01 2.870898457025105894e-03 -1.742373845561971321e-03 -1.175131423499035639e-04
-1.556657980271965724e-01 1.842735178776574168e-01 6.845362956314783587e-02 -3.411581347547217036e-03 -1.715270808170249982e-03 3.510729819518011100e-05
-5.989713266054613044e-03 -2.478177395022430896e-01 -1.880083806916732839e-02 5.445001485459806997e-04 9.677261558722812310e-03 -1.468314808317628187e-03
9.691729856910503704e-01 -1.725626516279206990e-01 -1.222804926077806359e-02 1.044933332080470213e-02 5.500273072959621819e-03 3.140289284454898106e-03
-4.457082519476849303e-01 5.631917327240953258e-02 5.661247265173687156e-03 -5.412471442277669645e-03 -6.239280485700515657e-04 6.083155543563267587e-05
6.414662628131481519e-03 2.918920779214644323e-01 1.050193153378440880e-01 3.877178474492822425e-03 -2.364577181503892296e-04 3.417828389439501405e-03
-6.186083124130806743e-01 3.052127936815935971e-01 1.875686736964878032e-01 1.710160041264179032e-02 2.588839878743780763e-03 8.373014088356113462e-04
2.780714775049149545e-01 -2.372010226180977510e-03 -4.261023142258613117e-02 1.094915053508822280e-03 -4.131119124861074542e-03 4.167443171720255912e-03
-3.149433370863093939e-01 7.806581593138671449e-02 -6.057836662645273151e-02 4.188591459030304299e-04 3.695212680690519160e-04 -9.924759852744167825e-04
-5.604560143176539055e-01 -1.081990297658584621e-01 -8.253972768327444420e-02 6.873644328170354541e-03 -2.158984659193665442e-03 6.476335775698754960e-04
-6.831126224951201975e-02 7.613987941527074199e-02 -8.802824789180298259e-02 -6.226853984627887979e-04 5.018109169133363329e-03 2.960815857216705926e-03
2.141550495857232228e+00 -1.893344409277693541e-01 1.194126940318693680e-01 7.739956631464733026e-03 -4.930956317958310083e-03 -5.928746118082450431e-03
1.936164005420499157e+00 -1.506991374121923188e-01 7.884412463867346288e-02 4.410452790158217104e-03 1.840515870859791431e-03 4.100986349343537537e-04
8.706531743424291703e-01 2.681208894757213246e-01 -4.733990226123372530e-02 -3.668887149753714220e-03 -1.371751688621118941e-03 5.487054426584059633e-03
2.591168294656395199e-01 -2.825830307179973480e-02 -3.560708453133561852e-02 1.731546654996332819e-03 -5.582730591073743059e-03 2.470247832412224721e-03
-1.116356477136985076e-01 -3.412419435688476832e-01 3.880897199736906000e-02 -9.627778194904344430e-03 8.334968873891825114e-03 1.491027607386924761e-02
-1.910731888562741121e-01 -3.662199248326085399e-02 -4.802350485354837245e-02 -1.280681571816978410e-03 -1.019494892489692550e-04 2.142906630343574623e-03
-1.456613187490093386e+00 -5.646889812341042425e-02 2.460649891109699047e-02 -1.788840710437990212e-03 -2.264553668396732805e-03 -4.909499468352924263e-04
8.268528267473784776e-02 -1.724012358323553096e-01 -3.989464264658990761e-02 2.874730379213454295e-03 5.133709194384289236e-03 -4.297375835206881933e-03
1.527618447983660532e+00 1.598901125864136616e-02 -3.892828900053277308e-02 2.554431478116020535e-03 2.466125797180104048e-03 -6.131272719092092406e-03
7.463391317777616774e-01 -1.092390289124735292e-01 -5.214231148686855610e-02 9.100864966863639674e-03 5.629933886570580998e-03 4.967379228900635491e-03
9.097795609796003324e-01 -2.040855642436963380e-01 3.248832512852922044e-02 5.831900101209600918e-04 5.432011016642408416e-03 -2.929698165550637980e-03
-2.294490736771375161e-01 2.142670926536037468e-01 9.188513658684820118e-02 -7.080954500562709536e-04 -8.046497905164094397e-04 4.294573009531327674e-05
-8.589422559501906917e-01 -4.501680018904193753e-02 -7.288455516472786520e-03 -4.137214251936327004e-03 -2.291412575847966582e-03 -1.297853884090586509e-04
-7.301676627524076972e-03 -1.516740495644599007e-01 -4.654056796025664300e-02 -9.225927631184480907e-05 8.258645677781305261e-03 -3.613287837496132089e-03
2.185951395042670387e-01 -1.740778464333286035e-01 -6.057977211838098258e-03 -5.321690143862908146e-03 8.801346302478241929e-03 -7.602893221744757212e-04
9.885905643789307806e-01 1.595229876280735981e-01 -2.815108603295226122e-02 -7.270724869461149022e-03 -5.331362066390649135e-03 -5.429486920033302008e-03
4.407807632510092333e-01 -2.474892365592171184e-01 2.905113580251684688e-02 3.925585596945671378e-03 -6.974066155726086659e-03 -4.605307959200673207e-03
1.528492674328916001e+00 1.257237207409040158e-01 -4.293836491505948622e-02 -5.310230237949744095e-03 5.534795033449550761e-04 -1.901818258170151705e-03
-1.030961481179496930e+00 2.133179665957191939e-01 1.128177790550006360e-01 1.132138165456587561e-02 5.163563622795022505e-03 1.445052074416320546e-04
-3.522247692902016891e-02 -2.040119968445410215e-01 -4.637624896598680629e-02 8.638444230544958455e-03 -1.199849476353225159e-04 -1.485474466810120589e-03
4.682224609874956478e-01 2.230937644771116817e-03 -1.564041841227083174e-02 -7.725009705076995616e-03 1.197831010935836117e-03 -3.112927985795590699e-03
-1.757205592471252853e+00 -1.695745946775806257e-02 6.248128935626032221e-02 2.636922926740584757e-03 3.968675116376354367e-04 -4.304646559205434209e-03
-6.216641025097346257e-03 -7.244535739183494139e-02 -9.619886936723338888e-02 8.424837733584586430e-03 3.115242390781050152e-03 1.964809292684349933e-03
-4.471948607899040029e-02 9.026312301650467329e-02 -5.420015293371630710e-02 -1.394207447525019601e-03 1.135607275193741559e-03 4.531279873804778570e-03
5.893402462066963388e-01 -9.530609908321163726e-02 -2.428191115140728926e-02 2.067555235078469441e-04 3.595377771107429940e-03 8.888760659145960794e-03
-1.159761943674737505e-01 1.335935809627994408e-01 -9.555238694122918097e-02 1.810205796326624494e-04 5.336512406101383277e-03 3.472867942517787049e-03
-2.418291622187177664e-02 6.503423920296746985e-02 1.879940761028821641e-02 -1.175476475169313570e-02 2.412928458242276266e-04 -3.785482102224181546e-03
-1.710294910928352063e+00 7.431290934283185656e-02 1.381689866902686137e-01 1.011283016886036293e-02 3.227564429369955429e-03 -1.719010370097785517e-03
-1.590901897581367797e+00 -4.038621944653340151e-02 3.564719296540154458e-02 -1.591242537764706337e-03 7.300345502304142475e-04 -2.940125048885638189e-03
-3.177589869688181995e-02 -1.422762412376808172e-01 1.475306348680881750e-02 -7.225128383008281273e-03 -3.692440464244250639e-03 5.177668680372975694e-03
1.592953246904045050e+00 -2.642616362016056430e-01 1.451929089713749899e-01 -1.100090636487535342e-02 8.517724259958095803e-03 5.532341359130247757e-03
-5.619845114703551081e-01 2.394038212347772143e-01 1.557302858081966168e-01 6.828716882293459078e-03 1.731736641448903104e-03 -4.453235633802631412e-04
2.839134403195142306e-02 1.801868306525754859e-01 2.837361339321305478e-03 -1.618576471713129104e-03 -1.921252273633565055e-03 3.161213288658430015e-03
-5.170058167892753742e-01 -2.221801303681239514e-02 -1.063738086151886225e-01 7.595978956570548224e-03 -4.326139610580857471e-04 -4.088686161575026809e-04
8.397536236845215551e-01 -1.606407807573373148e-01 -3.823169619812722374e-03 7.606743281521831032e-03 -9.038583344703592917e-04 4.096510966068218733e-03
-3.289585512158912373e-01 1.291203015991271852e-01 -5.550646466769279530e-02 -7.977339336522625045e-04 1.349898533033233637e-03 -2.884127454215100212e-03
3.743956660988603802e-01 1.815814702964966831e-01 -3.743388692307649673e-02 -5.262266516002382134e-03 -1.327546728251417264e-03 -2.242234972762088829e-03
6.070701854574105383e-01 -1.007187323702910114e-01 -7.682298122258984785e-02 1.005628140383552430e-02 7.872392036755484698e-03 -3.963244296786709239e-03
5.591443841398346937e-01 2.892270004565146158e-01 2.014325160050872698e-02 -5.029785260471582829e-03 -1.043064748331116055e-03 3.522246878164394211e-03
-5.884174512378274047e-01 -1.703769975151976299e-02 4.038630307493044891e-04 -1.143896326216199341e-02 5.042006264255070001e-03 -2.513612185867192435e-03
1.190376140700229124e+00 -1.518522926911683446e-01 -9.151756458509095749e-03 9.472826796122055595e-03 8.035697236101238886e-03 -3.465929645875058269e-03
-1.482007316110995343e-01 -1.613000529206111977e-01 -6.137211960915802539e-02 3.132274738043705573e-03 7.171108714621845896e-03 -1.520031107200337179e-03
1.428025424526025322e+00 -1.403325273700792020e-01 4.022655183531495537e-02 5.531829808564569725e-03 -3.480934349578118821e-03 4.333625939823732530e-03
-2.213671846939494203e-01 1.510357757212482110e-01 1.046258628827687193e-01 -1.120982125825235529e-02 2.670213144655111514e-03 9.213976540234494533e-04
3.206536804942770047e-01 2.078708831001949420e-01 -5.003295687978038392e-02 -2.601601642315401215e-03 4.664432781758262657e-04 1.616197898773418960e-03
1.057591597476164269e+00 -6.214995334065170907e-02 -2.711698228851057435e-02 3.796610503811994903e-03 3.169243524706556389e-03 -4.121186392328990249e-03
1.498542097593749123e+00 1.092800450691780029e-01 -6.783954996442706498e-02 2.288894109025000484e-03 -1.933631689904069745e-03 -4.219548215479877913e-03
1.552146359564495759e+00 -5.852927443132416307e-02 -2.755553214148260405e-02 9.400826730762821062e-03 4.387691833643373937e-03 -3.752709966750188923e-03
-1.185197373654307995e+00 -1.887595884205298113e-01 -3.692794893951540508e-02 -2.558651970331828236e-03 -1.610157645307171495e-03 -3.322129420070862264e-03
-5.911774709533914596e-01 1.671815516042387262e-01 1.561456430951285376e-02 8.592773804594469123e-04 2.533226051978078926e-03 -6.921987614995776849e-04
-3.780423894714725064e-01 1.516484785734321383e-01 -2.504629602777597164e-02 1.216733119464057577e-03 1.390752069156334829e-03 3.586478937599902814e-03
-1.146931011709853676e+00 4.271629322992841898e-02 -4.164029251521597468e-03 2.439548510101819442e-03 5.485511222083028172e-04 -5.040008454918391920e-04
-1.056938000846335823e+00 1.685733377103094399e-01 1.621772403844975452e-01 7.618663990888122767e-03 3.992423099860357982e-03 1.231013411513781587e-03
-9.645875643058086091e-01 1.329197877597507460e-01 7.069079964162384988e-02 4.267436362521805429e-03 6.596021864674581374e-04 -2.929881059086366073e-03
-9.809285047719462636e-02 1.383223255299114718e-01 2.440025557601354506e-02 -7.154100370035054723e-03 -7.275312657995322433e-04 -2.591176155285545863e-03
-3.262169129929361477e-01 -3.748838859579923383e-02 -1.002651631528706788e-01 2.673321678128122870e-03 6.044360600561222638e-03 -1.867904591622496962e-03
-1.060717105620740064e+00 2.067799325387349729e-01 7.786359545414150984e-02 1.372085613581398682e-02 3.998886266262088873e-03 6.960571309746592123e-04
1.698676746401462934e-01 2.196032557731318891e-01 -7.738131556439005465e-02 2.809247876090312668e-03 -4.237265491420880593e-04 1.452634810031561098e-03
-5.069482541749337212e-01 1.075881421137163813e-01 1.742959650589080006e-02 -3.521979847419725706e-03 -6.899511005791586710e-04 -4.289999122519109510e-03
-1.371115503929385415e+00 -6.589323336536916098e-02 5.906257866473457047e-02 -7.843284782313473397e-03 -6.979876634810355850e-04 -1.262505443750787772e-03
-1.075925675897327315e-02 1.202168869492819397e-01 -7.710694836151082976e-02 -2.699986318264047634e-03 4.554454569582862961e-03 1.072841245219822038e-03
-1.561019046429763080e+00 1.611607137292073444e-01 2.650735975843572789e-01 1.930727006136825213e-02 2.636234272101924212e-03 -2.714641920876757503e-03
-2.760517089015849801e-01 2.033216898890182200e-01 1.324707683817417936e-01 -3.549094692862419381e-03 1.521524855667316417e-04 -1.099079673791702972e-03
-1.034296392139553378e+00 -1.040084267309039495e-01 4.309224874312875958e-02 -7.324734476827512650e-03 -8.235771397365049956e-03 -1.319130874065878442e-03
1.030702793553544827e-01 -4.118141976373981827e-02 -4.172093158449081095e-03 -9.641807813779249350e-03 2.049994482388952429e-03 -1.262230291503969003e-04
-2.796042487764910933e-01 -2.478881055763001995e-01 -3.164594223830780582e-04 5.673557355923531612e-04 -6.045385003109076706e-03 6.024486892047268205e-04
-3.327691293407767925e-01 1.479144183590841155e-01 8.864083870292364942e-02 -4.395881569511712016e-03 -1.036439808902124646e-03 3.023370339227287370e-03
-2.675732492731867085e-01 1.486551761579924247e-01 -7.815467880172653758e-02 2.521524543466389760e-03 2.791655962845696493e-03 2.884312615959436221e-03
-3.711537962028874649e-01 -2.304555181724982360e-01 -1.227198765670090182e-02 -2.871788807407722396e-03 -5.289421043089996078e-04 1.162548890122136643e-02
6.205439540709627444e-01 1.543555359469979960e-01 -1.005070003126157380e-01 1.746143735686993010e-03 -6.319066321977149722e-04 -1.058202464764396731e-03
1.693282693842300679e+00 2.150885984149118468e-01 -7.462832196074074831e-02 -2.054836336113074861e-03 -4.605656064002334321e-03 -2.238841754366227999e-03
1.316274033876476013e+00 2.529615270858116549e-01 -6.330218567727707857e-02 -4.591266690397530909e-03 -4.451825479022630122e-03 -5.951338280028728315e-04
-5.950191283006291826e-02 -7.836939111019305959e-02 -2.896929905651341591e-02 -7.309250686474012826e-03 5.607837751551542418e-03 -3.909647185040610040e-03
-4.514182660306713113e-01 -9.833982116460528514e-03 -6.477019426992986634e-03 -4.037511870801186072e-03 -4.291422775315285529e-03 -2.187855865093074267e-03
-6.064599271046294815e-01 2.173354819714014841e-01 5.970058047208971763e-02 4.688227547593229114e-03 3.071658617582403300e-03 -8.573462444106159193e-05
-6.064582716468046586e-01 9.485789060597293876e-02 -5.624383351782574758e-02 2.008626791330562610e-03 2.076339921908264968e-03 4.927419191054791068e-04
2.812056059897150462e+00 -2.174428725315074862e-01 2.257476777263227319e-01 -5.309970739592608305e-03 3.394315997030205537e-03 -3.745899083838210696e-03
1.054843757064945375e+00 4.212233622302132691e-03 -1.116070315050600968e-02 -5.414541910519645070e-03 2.884040710582225046e-03 7.194249752875895958e-04
4.318816248785472545e-01 -2.189756678245793897e-01 -2.540283592134755936e-02 1.081947581226925040e-02 2.320694370188603611e-03 1.630887977307191256e-03
-7.836518023981784431e-01 -3.020755032476100596e-02 -1.610704904783556365e-02 -5.911028859165376459e-03 1.268755887159942180e-03 -4.550076947479189844e-03
1.100709467591730606e+00 2.938842283079012296e-01 -3.909127092508580398e-02 -4.731782625522997464e-03 -4.326030375620067842e-03 2.826019162154767405e-03
2.905036879612055145e-01 9.841852983719552583e-02 -9.269480154976812714e-02 1.528343946577585778e-03 1.743385313210451789e-03 2.702155379406274982e-03
7.520285343912123110e-01 -2.151922730792166505e-01 5.413417946630606770e-02 -3.887240857508051793e-04 -7.291450889075775342e-03 -3.318497671691711913e-03
-1.488098533319512666e-03 1.125533099839464563e-01 -9.826809662656966343e-03 -3.794701822543203838e-03 -1.684698351358757075e-03 3.876410645545132812e-03
-1.443957304304880340e-01 -1.840226418579014589e-01 3.365938177732158421e-02 -1.291888997479492124e-02 9.820131913878542458e-04 -6.432799802176998096e-06
-1.094475423850344464e+00 1.549646705269878966e-01 1.233859128438983405e-01 9.096082300179855057e-03 6.653701180771009202e-04 -3.090972914270732896e-03
9.250282042511207559e-01 1.561416121263330993e-02 -5.849648275340517400e-02 1.405706780041525786e-03 4.217598746150239171e-03 1.399282803759296055e-03
5.192020115596193142e-01 3.222153090643318368e-02 -5.161400510614372328e-02 -4.388125971066302554e-03 2.625034365038167276e-03 -4.196815369949075288e-03
-6.759375895952925983e-01 -4.206050017319636070e-02 4.534086345577410110e-02 -1.003729288387506663e-02 -4.243707859610625077e-03 -1.120462456791890575e-03
-3.580472033911298313e-01 -1.144235104261651093e-01 -3.347349828251941495e-02 6.805044321698344939e-04 -5.120668412714470333e-03 4.183794388307239022e-04
-2.549580624974166487e-01 1.089752879112105416e-01 -5.940528265357090248e-02 2.177547308313497725e-03 -5.094783022487004093e-04 2.162700505977476536e-03
7.869674711770815456e-01 2.388954265402873645e-01 -1.990732866957295802e-02 -6.588143210576880016e-03 -4.001908007062396008e-03 -1.798560870775658656e-03
-7.069011809149788883e-01 -1.041329845036545881e-01 -9.890433502975562799e-03 -1.787452980067480435e-03 -8.313907986317549056e-03 1.278260974010593347e-03
8.088202701786461057e-01 2.582058896256003155e-01 -1.309075166598544782e-01 2.312851570080399436e-03 -7.088975991862388024e-06 2.370755634101860427e-03
3.886835473788864959e-01 3.329137811718202999e-01 1.751659574856619384e-01 -1.046541520861759981e-03 -9.472225778307649582e-04 3.169630065257464900e-03
-2.146291108762752309e-01 2.029173861520728595e-01 1.037114611196778002e-01 -3.975101865577794318e-03 1.526833707361295416e-03 2.988276766293366648e-03
7.005178311813128333e-01 3.014547149016649219e-01 1.520416102231477752e-02 -2.185690794776144752e-03 -4.104553739233881941e-03 4.182916874890085790e-03
1.029381040292462135e+00 -2.603481706191957401e-01 6.010785102333029289e-02 8.526602431152476014e-03 -5.676557011538222244e-03 -2.027718809528990685e-03
6.859139150557352904e-02 2.402594591294456849e-01 1.204283215557482162e-01 -4.283427246393032087e-03 -1.479441198413292266e-03 3.392835630271210301e-04
9.194430777545725686e-01 2.143158082961684474e-01 -1.310593354053482540e-01 3.679248948042827382e-03 -9.612777342219594543e-04 -6.499551852135881935e-04
1.600620727666463572e-01 -2.313648833563888008e-01 1.086424208298068274e-02 2.658045867927859296e-03 -6.804631092212513020e-03 7.201569160379616384e-03
-3.607585902146378531e-01 5.908252193848301248e-02 -4.892879240467156582e-02 -1.852876702519895818e-03 1.772291963511030133e-03 1.342733018400634783e-03
3.758168156099815915e-01 -2.332325219933263638e-01 -1.532848016036715381e-02 9.978808270131362193e-03 -4.207538900147990034e-04 -7.235300125544811157e-04
-1.702401633800107117e+00 -1.932720588076539403e-01 9.012439481478959477e-04 -4.978699820704782404e-03 -5.073148561749698388e-03 -3.865763016143405548e-03
1.332321293896360448e+00 2.935814994485201890e-01 -2.663112294270753369e-02 -8.274998582209345394e-03 -5.022414929512527930e-03 3.834382299816789887e-04
1.967331281725133441e-01 3.010637726591856161e-02 -6.841624698827298255e-03 -8.349562237205428519e-03 -3.633638949560098102e-04 1.085340822017634693e-03
-1.320484237372434588e-01 1.573044761668490332e-01 -7.831267615076663302e-02 1.427961289509544103e-03 1.371022020961416149e-03 -8.735895623213718944e-04
1.981229934692185779e+00 -4.621198485644974728e-03 -5.257046006991454752e-03 2.434971069956324338e-03 4.993102429868201061e-03 -4.084477130576368714e-03
-1.595309719884923649e-01 4.470356219998924269e-02 -3.151953124408354151e-02 -3.764233199526246295e-03 -6.071719335232438324e-04 -8.477632201299733529e-04
3.212230689985096643e-01 2.041646629554221548e-01 -5.370643741981368652e-02 -3.680157454679301894e-03 2.676018462677046475e-03 4.852463681711055229e-03
-8.586698696848281687e-01 2.603921828238906205e-03 -4.626942217167182708e-02 1.898023851269345797e-03 -1.602268621797380737e-03 -9.531631716495192865e-04
-3.119030722162841607e-01 -1.245179868097233689e-01 -3.393685125966702798e-02 -5.757520341806526788e-04 -2.689964481238461824e-03 -2.625952013929033681e-03
4.826216186992071666e-01 -9.973920477120448713e-02 -4.592375381326402328e-02 6.210551071896142604e-03 -2.798974148247377995e-04 -2.426115827922772829e-03
9.761560373531285029e-01 2.046526977699249517e-01 -1.739722551969065736e-02 -9.052502620752448173e-03 -2.820902762661787588e-03 -7.303439201542491520e-05
-2.109445156026960699e+00 -1.217781380384182488e-01 2.698228373637005448e-03 1.547951658731851665e-04 1.078893836566790490e-03 -2.053495266016521544e-03
-2.116216983105918548e+00 -2.537090898139029993e-01 -7.728037931949178520e-03 -2.442956358242035896e-03 -8.037492235696946583e-03 -3.413946849293148129e-03
1.700123634693909258e+00 -7.650529058998054022e-02 2.575216307425452766e-02 2.753984143382947128e-03 1.512382980078286155e-03 -6.732975884603172598e-04
9.893665900524589718e-01 1.331653791877608906e-01 -4.603187396191801145e-02 -5.487228769575828655e-03 -1.202863930176179116e-03 -2.094307996070620629e-03
2.602517553410878953e-02 2.399471570503418638e-01 5.870035686385460631e-03 -1.665639231303542531e-05 2.350441665044421187e-06 2.620434373190695405e-03
1.715398076120055793e+00 -1.528939752088972204e-01 3.904637802445572181e-02 8.084792523196960082e-03 6.600241106304494468e-03 -5.989199085781855315e-03
-2.287602339880502877e-01 2.877133295505880928e-01 8.956265275726528474e-02 6.752428765482944815e-03 1.185329793096427014e-03 1.025161261467861596e-03
-1.024412468061628889e+00 1.200947217995858157e-01 2.946369351700723130e-02 3.574118311711729171e-03 3.432025352979262579e-03 2.951872733440085925e-04
4.786781532340489975e-01 -7.619664311318123662e-02 -3.802471836773056030e-02 -7.426201851584059025e-04 5.707928707538645861e-03 3.768056733685559777e-04
-1.218306419883119940e+00 -1.604296147132655212e-02 8.550599380398993254e-02 -4.957419357985433199e-03 -3.351909797405474688e-03 -6.499543140280862000e-04
1.018913824943045165e+00 -2.056284348038749377e-01 4.122500147512991875e-02 4.503174308956784180e-03 -2.174786615845337567e-03 3.473308975400904615e-03
-8.965753958301247994e-01 9.133760048394005959e-02 -4.184516404594691014e-02 3.785572560028471149e-03 1.704132942108219041e-03 -2.094927141417356892e-03
2.212326418530191907e-01 3.068768691902561407e-01 2.302782022843073359e-02 1.723627961757901979e-03 2.740095917187944851e-04 3.703675374157456776e-03
-8.236026063335524228e-01 1.037603900896332393e-01 2.951387639214486311e-02 -1.629769202697569112e-03 1.418593665445090635e-03 -3.870023757101733516e-03
-1.906104529976054396e+00 -2.268830267929941580e-01 1.496675556615073045e-02 -8.330359779270999146e-03 -3.871945416999655627e-03 1.964902978304316605e-03
-1.620425635180109847e+00 5.521863066825778710e-02 1.353699434158506243e-01 6.324711014504619082e-03 1.885356548506782670e-03 -2.725191835945045028e-03
1.939594873891158366e+00 -2.729313455733842764e-01 1.767774822212885844e-01 -1.018596378491861201e-02 1.089364436451484112e-02 -6.353399789068817256e-04
1.004517159891860911e-01 1.266182033981133326e-01 4.115220893805407454e-03 -7.297271735254668920e-03 -7.405589163075727258e-05 2.323905872502287241e-03
4.003453836533005933e-02 -9.072659971479650476e-02 -8.473115357027118100e-02 8.161220455520628442e-03 2.342672937944048021e-03 6.709016955755453884e-03
-6.517884968007575663e-01 -6.517355335843558195e-02 -7.241351073913801506e-02 -9.858477988314486305e-06 2.562178524568443395e-03 -5.098100410298707710e-03
-1.072207008175803056e+00 -1.861477740930570501e-01 -1.410187445589075259e-02 -1.486924541853584065e-03 -8.998958162352447068e-03 -7.168236299922689687e-04
-1.970547748391564269e-01 1.254372190623188610e-01 -9.736355547309367975e-02 4.639741940073619821e-03 1.389337615810798225e-03 2.606761746436748756e-03
2.047728469701127541e+00 -1.820682397093343619e-01 1.134576389488121534e-01 7.263216737882060431e-03 -8.700168116311867567e-03 -4.990474080019097203e-03
1.286346795889583783e+00 -1.012057541559831103e-01 1.631309234090465993e-02 1.232975260911910002e-03 1.635544084793181434e-03 -4.709032400694461266e-03
-1.370115402467728227e+00 -6.216059257416550049e-02 1.412058461820461276e-02 -3.079489627709368783e-03 -1.645688230335801182e-03 -7.587585672939020686e-04
2.832478222393038370e-01 3.575799082104639398e-02 -5.695894878962141916e-02 2.920690169748467110e-04 -3.438584849167120906e-03 -5.208915456834066829e-03
7.556443961072675797e-02 1.105296745355296151e-01 3.768964237645404391e-02 -1.058903308420256102e-02 -1.679298923380861648e-03 -1.816349208529695553e-03
-1.474252586457079905e+00 -1.596753149137263295e-01 -5.999258393930615579e-02 3.583601958189630457e-04 2.447211085274208185e-04 2.844380219024330225e-04
-1.208371956106792489e+00 1.667992987265378702e-01 7.370967365912527158e-02 1.194838322940834467e-02 3.672460008643629436e-03 -4.612987383059001002e-04
1.125670464602381404e+00 2.397050369447515650e-01 -9.740674103165881947e-02 -7.576804556280803456e-04 -2.970376506799279025e-03 -8.309602913476436554e-04
3.197612699418989068e-01 2.527555073722523304e-01 2.983991389678871189e-02 -5.588017864392193050e-03 5.060735359998555071e-04 4.097687189969687581e-03
-6.446925744762690424e-01 -3.660613743797302283e-02 1.176196845000126480e-02 -4.144109602559347891e-03 -6.671178107683218943e-03 2.036184527019698192e-03
3.081741077352354030e-01 -2.933151839260330074e-01 5.984356908720756679e-02 -5.577370130757362300e-03 -1.441104295288220434e-03 -2.560563610161723631e-04
2.236081950657443917e-02 -1.090185190800934401e-01 -7.960393447531251276e-03 -2.248827567313750348e-03 -5.289340224649014682e-03 3.024442269662805556e-03
1.144031060638257769e+00 -3.707965480232592453e-02 -5.475418808117167579e-02 8.840738928591071119e-03 2.994403595235129063e-03 -2.882450492936588626e-03
-1.258619028357408354e+00 -6.664447626268305003e-02 -3.035557071667339263e-02 -5.602009206509738805e-03 5.790749133105384770e-03 -3.803316150423551381e-03
-1.095033291561103184e+00 -2.768737129539172726e-01 -2.450686891965153311e-02 -2.442634699432408860e-04 -6.944593164542572049e-03 7.992475424169140103e-04
-1.665147658648006734e+00 -9.872954096442719887e-03 2.840211514033898557e-02 3.051076586371443376e-03 9.491067296681777836e-04 -3.474973561187085207e-03
1.219627378706739540e+00 -2.727192853972232323e-01 8.366597998914411527e-02 8.696463010952681233e-03 -5.883356946258951579e-03 -7.949871855638791871e-04
-1.371605435386896998e-01 6.383227061539692437e-02 2.030589484677926965e-02 -6.958881712831839657e-03 -2.766129772675010763e-03 4.480263260704988801e-03
1.058217814991132322e+00 -5.483192317777808855e-02 -5.258387485239099379e-02 7.204455308825525282e-03 4.867754349913404853e-03 -4.521723648279678265e-03
-5.713146628718229758e-01 -7.870745960512459671e-03 -2.781957470602220567e-02 -5.402862880571387104e-03 8.358820807274385456e-04 -6.185636096887724839e-03
-4.761897239978956087e-01 7.901166161512422625e-02 -1.840612881420511035e-02 -2.695148079554555726e-03 6.664575057179933804e-04 -7.962792388173784135e-04
2.885476589468057296e-01 3.054349600944267773e-01 1.329813745543776682e-01 -2.077378558274557609e-03 -1.245320693035571052e-03 1.537217728468570632e-03
-1.107052543158782543e+00 2.181976358239887809e-02 2.639753883663914502e-02 -4.807295410923455477e-03 3.805578319993426287e-03 -9.545207774215062283e-04
3.007962270560802232e-01 2.786046531801824044e-01 3.832136725498809515e-02 -2.249007847501521135e-03 -3.934915434466711181e-04 4.445860479865748963e-03
2.162997819791335985e+00 -2.811737935034026581e-01 1.910231035401890598e-01 3.099208350282030809e-03 -1.419935766304836417e-03 -4.048250717369653896e-03
-1.376932947266889640e+00 1.564363234677076109e-01 1.606701810322427593e-01 1.463507594811069672e-02 2.843542962508652759e-03 -1.073756697412777631e-03
1.623543334661796678e-01 4.100179888047757459e-01 3.260394692554140494e-01 1.716290126399909119e-02 -6.363729496516916601e-04 1.294648894053716933e-03
-7.943145415991101910e-01 1.097053311685610745e-02 -3.520185564145303370e-02 -4.068431413230471499e-03 2.551377842854019723e-03 -5.612567463276051799e-03
-1.375490354695022344e+00 1.631478246700055479e-01 1.208825890366647393e-01 1.324324938268071558e-02 4.569642542668400295e-03 -1.468386780077829716e-03
5.737056390967760766e-01 1.873108631202169694e-01 -2.357952389217559189e-02 -3.458189867947388408e-03 -3.617069797704665877e-03 3.067771248156332675e-03
2.594519178940740689e-01 -3.249362836542113442e-01 6.750482225807154235e-02 -5.382769238299505918e-03 -2.092412905101259657e-03 -9.373217050858348443e-04
-1.639120946528094258e+00 2.626505081533151917e-02 4.726245433850413680e-02 2.900894514876341430e-03 4.408702413884581575e-03 -3.115581335897078027e-03
-7.820802282100537406e-01 -2.329516448688068175e-01 -4.624258715924357138e-02 -1.069749467931022319e-03 4.533170719141722295e-03 -2.499354306144262357e-03
-5.072476357524156043e-01 -7.845456451749228954e-02 -6.715811048603784195e-02 2.569593106194937183e-03 -8.881747608314226414e-04 2.291491205418830918e-03
-4.454841561483477430e-01 1.929028582557686111e-01 8.812286800165911732e-03 1.681575731808826685e-03 1.167754139860549371e-03 -1.554016251892630530e-03
-2.319819646625239928e-01 -2.325534440319687035e-01 -1.223843639673792213e-02 -3.982028012398122763e-03 6.590979845828916737e-03 3.169219027217907644e-03
2.136310005362550279e-01 -2.360291430393915424e-01 -2.638035527395730939e-02 1.386372746741388814e-02 -5.846595625599294160e-03 6.120278629640804168e-04
-6.211890289749291694e-02 2.534449178182971579e-02 -2.225375389799011047e-02 -5.654323296585826372e-03 -1.648751732859871262e-03 -4.896798855652450752e-03
-1.219030659522605808e-01 -1.079979576262604102e-01 -4.321881878517647158e-02 2.873721695324780914e-03 -3.732611385588658921e-03 4.055884322896163852e-03
-1.188023301627809253e-01 -9.579032771263325252e-03 -7.336078912275359465e-02 -2.534815244810915622e-03 5.440300621820530307e-03 -3.133173158107880902e-03
5.435703551467195860e-01 1.811719523776149365e-01 -1.627516954860863327e-02 -6.714039896185119809e-03 -3.843511807388636826e-03 -3.386482516030238626e-03
3.114295975928449978e-01 1.804944641044496367e-01 -1.541113284477003097e-02 -6.406772084398266835e-03 -5.042199999159487382e-04 -2.171701046498434879e-04
6.862416203992910413e-01 1.566365619334097181e-01 -8.778461383535464402e-02 -2.138317209300991291e-03 2.152530802155020514e-03 1.550079816591868557e-03
-9.264250733312573427e-01 -2.512462261870675867e-02 1.689820416795343588e-02 -6.417946721504245999e-03 -4.986839123396407747e-04 -5.241425821883188320e-04
1.885392983520029375e+00 -1.985751940877137911e-01 1.145255264009298057e-01 3.523644246519124380e-03 -4.429011493701801722e-03 -1.551883291597289062e-03
-5.022098318552061791e-01 1.734734252319406200e-01 3.927101164843540410e-02 2.284114417075687204e-03 5.755277461714402898e-05 1.028510242224181526e-03
1.154583847379537564e+00 -2.907269913506738135e-01 1.034019241204242323e-01 -5.868144436593367846e-03 1.061217501034655321e-02 1.757543169005819838e-03
1.291986756014070759e+00 -3.407810821557485242e-02 -2.269615077570388481e-02 6.303459792408569289e-03 -2.444396515701310803e-03 -1.058218828428605051e-04
-1.215147459287531095e+00 -2.990755305208267142e-02 6.477118249424826391e-02 -6.821182020177984570e-03 -1.040961877261383081e-03 -3.277182079176520170e-04
-1.397182779781639628e+00 -5.177061882987466293e-03 -3.756424752034075859e-02 3.863039454788262574e-03 1.513299093670848489e-03 1.662063249260290658e-03
7.226643231859397609e-01 1.530563597593725400e-01 -1.084398074508702813e-02 -8.477962948278747538e-03 -3.017866464294783301e-03 -1.503497447241569206e-03
-1.058427749595713507e+00 -2.690378614884820219e-01 -3.957132878614393057e-02 -7.359325052915433214e-05 -1.555625187881627073e-03 1.850558779155615330e-04
-1.743099512062606937e+00 -1.189033111203169173e-02 1.893976902990867532e-03 5.434404263922006095e-03 1.739287812168814141e-03 7.405694136192473090e-04
-1.720040659189851426e-02 -2.104695869234430583e-01 -2.296177544501683265e-02 9.811045373827490673e-03 -9.767299414405518701e-03 3.213262142252446517e-03
5.982067009618271397e-02 8.981057906711994998e-02 -1.039044000121874672e-01 3.283392988134974447e-03 2.281219172714603598e-04 -3.570674009451680134e-03
-1.166087408657258795e+00 -1.192017623350355299e-01 -8.896952604389762875e-02 5.495059508736184310e-03 -4.694399515244830016e-04 5.658150656369670016e-04
2.214656020714116380e-01 -4.592513191909772252e-02 -9.655594419691512428e-03 -3.399795098743141862e-03 -4.759078043125000886e-03 2.438110848601645394e-03
-1.339159214676867382e+00 -5.393888058705887528e-02 -3.884691354454076345e-02 6.622386166799404004e-04 3.703464848673157527e-04 -1.807681073287255660e-04
-1.184348010050720656e+00 -1.191426092334369469e-01 -4.943839364294657507e-02 -4.971352881593593329e-03 6.082145795274863063e-03 1.308449467440529583e-03
1.327362370058590368e+00 -1.074430232145716368e-01 -2.627511240445760607e-02 9.317315036552153290e-03 8.504565381223053513e-03 -6.172348283036116490e-03
6.060259262331919583e-01 -3.214214994275269022e-01 8.613299806145116588e-02 -1.144016740384426467e-02 1.237601567548133295e-02 2.703931822196111671e-03
2.470989361381710214e+00 -2.240639723750044443e-01 1.931859152304971905e-01 2.637763620135832876e-03 -1.040921999658068683e-02 -6.963651894009251567e-03
1.528107620162531433e+00 2.295782159023896651e-01 -8.345292523653108363e-02 -1.652855084959445461e-03 -5.176086757409579381e-03 -2.591065045072175627e-03
-6.722651704629811764e-01 1.081603526673835802e-01 6.431271104447294773e-02 -4.323543186046957358e-03 2.003660433857596974e-03 1.258906710378885664e-03
1.454017394712316280e+00 1.980174904315911144e-01 -5.706923696156519094e-02 -5.533763267515823432e-03 -1.491121210632697248e-03 1.066716497985073205e-03
4.232964470569326454e-01 3.434744219478985672e-01 -8.701562943260894231e-03 3.801724372294004468e-03 -6.366308581095038183e-04 4.827661476318505056e-03
-8.052314902207367009e-01 1.800852332305452053e-01 1.557044434428336011e-01 6.190227223261853852e-03 3.099581841197562144e-04 -1.370011454308331161e-03
-5.443187061047376485e-01 -2.395091679326671885e-01 -3.755207907892833125e-02 1.390863359155247204e-03 8.835213622159420951e-04 7.160963513147687760e-03
-1.375643331257934143e-01 8.102350865096011323e-02 -4.545490898975668853e-02 -3.395495285487808417e-03 -4.533851582255145015e-04 -5.047532425176178526e-03
-3.344306735433960620e-01 -1.129708420959975590e-01 -6.611726854968513756e-02 -1.044210873910146999e-03 7.629673706679872616e-03 1.364457585699034375e-04
5.574490752906990920e-01 -7.745782452467211976e-02 -5.671879104693661883e-02 3.671794354611307692e-03 6.706044635333616860e-03 -1.624599256622928807e-04
8.320134473528699448e-02 -3.824915796703755033e-01 7.111672458784232265e-02 -5.664795229117497791e-03 1.204070791674814907e-03 2.921919199737857582e-03
-3.433060563207758209e-01 1.338364386030417019e-01 2.568930546911784782e-02 -4.392567343240202753e-03 -1.224540856169387864e-03 -4.169972494992137645e-03
6.584290312503268128e-01 -7.844684521798793442e-02 -1.431817155532972424e-02 -4.959332513751507805e-03 7.523097850731515039e-03 3.851847056029585308e-03
-9.775253906127467918e-02 1.576791783479151721e-01 5.929189461085721674e-02 -6.467090513985332585e-03 -2.853363889211529749e-03 -3.428259564451401325e-03
1.869042486459847607e+00 -1.753911911688524616e-01 1.051294131140354526e-01 -2.729776879831694210e-03 3.686784075953767389e-03 -6.823554253422288267e-03
1.454782196109603687e+00 -3.276045869369243468e-01 1.514861345631740852e-01 -1.975611532140411977e-03 4.465533428755528306e-03 3.417961135935569401e-03
-9.070187379936485439e-02 1.296302067558678661e-01 -6.055274549748378837e-02 -2.286401284976789534e-03 4.104649190162327869e-03 4.238212574076989821e-03
3.056321114987498033e-01 -2.129587619312398039e-01 3.578268213993864022e-02 -7.410679553611218377e-03 1.984565817476375421e-03 -3.780033030929507679e-05
9.835339430644987058e-01 3.595815341831662404e-01 -1.357154115731236052e-02 -2.590820157385523206e-03 -3.759526037397438892e-03 3.783280929195731619e-03
1.325510238083474068e-01 1.879238871018651391e-01 -5.036953774709045789e-02 -2.572315538035756070e-03 2.711815725605623128e-03 4.041761287228411680e-03
-3.483596059115607324e-01 1.636242484384496931e-01 1.580512392403214672e-02 -1.580188534450085915e-03 2.182988242196457190e-03 4.637096583454653788e-03
-8.314869189781902703e-01 1.071266558776272221e-01 -4.005587558046435140e-03 7.937229478980683747e-04 7.843199186705571710e-04 -4.771886949503573346e-03
-2.384513162125155572e-01 -8.659217474737249121e-02 -5.475947600752814788e-03 -8.081794772452174924e-03 1.632961216946260592e-04 -7.198996271893823252e-04
9.246368176505290193e-02 2.703570413943675033e-01 1.260660245079200104e-01 -2.371132956738126411e-03 -5.835853879192818379e-04 9.184975998903606919e-04
-1.165805746025019962e+00 -5.999980667477605549e-03 -5.460831828256385023e-02 7.335035633855626356e-04 4.107061604152630226e-03 1.245554863183397272e-04
2.860483966625611552e-01 -2.058941939406022104e-01 -2.766512692532568235e-02 1.433411700669838876e-02 -8.579056605438908911e-03 4.179170146528266038e-04
-7.518512247335233933e-01 2.238097753259169764e-01 1.462779273715757999e-01 7.485215538354489384e-03 3.158485591340871607e-03 -7.984909400686445715e-04
7.099957344972788187e-01 -2.158799741299421981e-01 2.099186161136536860e-02 7.494626256002849020e-03 -6.503458274478404570e-03 -4.150469730753649812e-03
-1.794361646012872402e+00 -2.200899257335953152e-01 -4.888855378884631592e-02 1.918835018556943987e-03 -6.198767391619689794e-03 -1.271183496340621384e-04
-2.630846784948338568e-01 -2.547429244454665898e-01 -5.520533226792630026e-03 -5.192901327201537333e-03 7.872400863178743644e-03 2.970110363897413269e-03
2.051271625392875608e-01 -3.419749315245275423e-02 -9.324372538097483454e-02 4.499149829945162105e-03 6.630136262924206728e-03 1.112624626033751550e-04
-1.844801627926656806e+00 -1.908890809406910971e-01 -1.966683395022464712e-02 -3.076333395755739483e-03 -2.671071457914537574e-03 -5.301117910863084766e-03
9.637952956086257572e-01 6.877792759227319142e-02 -7.238964800608067851e-02 4.345449681799432376e-03 -3.435189816060265321e-03 -4.519314439433275328e-03
-8.634795946275447553e-01 -9.243849785762120463e-02 -6.090907279742130420e-02 3.854401893491376293e-04 2.964373975922000295e-04 -1.288309154400585268e-03
-1.373799681269686435e+00 1.541491376537017510e-01 2.091682683114941821e-01 1.349925382460678315e-02 2.752365422214114472e-03 -2.130689206262176456e-03
-8.135727952778124550e-01 -1.744276351523074975e-01 3.836036726426564347e-02 -8.669340874514262427e-03 -1.126161225061902103e-02 2.937231048231719725e-04
-1.244202951744200814e+00 -8.360220230011573828e-02 8.988412579290379865e-04 -3.435634249795314985e-03 -3.882537171918339081e-03 -5.983459020723579103e-03
-8.214131728507266805e-01 -6.201996662643532304e-02 -5.034096387568969683e-02 -3.939596129822966683e-03 3.045640131444164646e-03 -6.830370645438497458e-03
6.399201900857242054e-01 -1.578206060806509048e-01 -4.094609019716307502e-03 4.264110176556110653e-03 -1.055021083150606796e-03 5.634715515255350748e-03
-8.427411349473246105e-01 -1.557201341024989361e-01 -4.530508243892578807e-02 -3.057648876696963339e-03 2.461093698792868323e-03 -2.034381418224799880e-03
-1.197208254426546770e+00 -1.680249402233432721e-01 -4.147426424585634597e-02 8.385198903098780394e-04 -5.236030562656298314e-03 3.587411532605384152e-04
-1.804180210018164476e-01 1.889408256947166798e-01 -7.351574632007039194e-03 -9.115908641877415409e-04 -7.457754594030440972e-04 -2.895056588708735425e-03
1.504153982077588159e-01 -1.704676132231028041e-01 -5.593470275759044458e-02 1.332874847758512213e-02 -4.413783693382112260e-03 4.324078580204482845e-03
-2.324192950402660662e-01 -1.843745933588559205e-01 2.322250378791837835e-02 -1.188231830441346080e-02 -1.787127314523797098e-04 9.760386099234158452e-03
1.137617852745122615e+00 -1.986474955305228829e-01 6.492739216735184116e-02 3.534602005960122556e-03 -9.405819300960798976e-03 1.632137029128475541e-03
-2.232348537700596380e-01 1.781903169646730511e-01 1.684567910510089556e-02 -9.217000736078002560e-06 -4.362793325202984343e-04 4.138472186242242792e-03
2.687191649617313161e-01 -2.473402607905524769e-02 -8.395181007839340459e-02 2.965318316693657183e-03 6.046434599536297180e-03 1.777095999460861098e-03
-6.513786330072447450e-01 -2.409250594170516124e-01 -5.723509656720028593e-02 9.442851668649235308e-03 -5.681601580603301213e-03 1.533933889020806535e-03
-1.018203271370516250e+00 4.737967999416063669e-02 9.943154587772565223e-02 -4.085337302491017127e-03 -4.234202254037687648e-04 1.197836409893843126e-03
1.842275886229730819e+00 5.722201942474169911e-02 -2.838338344428337559e-02 -3.873870198791913101e-06 9.810055503499093797e-04 -5.339670280883967481e-03
-2.253656789088615553e-01 -4.646229483377626451e-02 -1.031067559667608602e-01 7.161447806620600647e-03 8.105602380400380846e-04 -5.597760175443728357e-03
1.071745566463144339e+00 -1.468936749723912527e-01 3.777398070609661040e-02 -2.185873268996867385e-03 1.779176876181021551e-03 1.983325683896291353e-03
-3.846134333169055619e-01 -3.317883284219278472e-01 -2.397371373114433150e-03 5.298319537116198859e-03 -5.519774394327685817e-03 1.065354046313307483e-03
2.958549256236674418e-01 2.991760972163540755e-01 5.082648962319806507e-02 -1.293882802818187468e-03 3.270507765345421342e-04 4.752747142614175552e-03
-1.130945463645576105e-01 1.787608648233504904e-01 -1.644066813911845837e-02 -1.942512199005004721e-03 -9.963966460211592078e-05 -1.417850874072903913e-03
1.022947863066406171e+00 4.384532128966191211e-02 -5.877155890012424055e-02 2.858281516797357897e-04 1.423192318096343960e-03 -4.804058219692639888e-03
1.912400588490769382e-01 1.236492653729791974e-01 -5.418427257408529180e-02 -4.255106733481820239e-03 1.519380802082819296e-03 -6.312928339369157111e-04
1.292873924844211153e-01 -2.045986944333727520e-02 -9.223532316444471579e-02 7.847576145440560841e-03 -2.525352282277464554e-04 4.870381326202708958e-03
-1.010593741504479892e+00 -6.143699174946117003e-02 -3.524888104908369124e-02 2.397424541797016535e-03 -5.284979902337483791e-03 1.862558394606880210e-03
-1.188779454131757118e+00 -2.297817376871042969e-02 -2.409542837650139463e-02 -1.797682071285037000e-03 2.501575527107517162e-03 -4.489750173205456495e-05
-2.631245345000404745e-01 -9.772613536414929969e-02 -4.590319706724656917e-02 -1.106654120201795016e-03 1.130882793255075279e-03 3.426345907707541855e-03
-6.392658855555397590e-01 -2.197140582431808820e-01 -1.242923092265103314e-02 -6.642046380140246079e-03 1.949159960859524546e-03 -3.433369532219491919e-03
-5.003182268631126695e-01 -1.085911504343392286e-01 -7.488618787545488209e-02 -1.829070480923688212e-04 6.252159788829493234e-03 -4.486300472090443484e-03
-4.002039851239551360e-02 1.692370550939290563e-01 -4.982684852003219089e-02 -3.541334618157413751e-04 1.868667470477199805e-03 4.000436072749621007e-03
-5.582581911290948051e-01 8.909106151875276214e-02 -2.913568101568831878e-02 8.533487704872501486e-04 -7.907913982321823632e-04 -1.042646511302899263e-03
1.068884636889544826e+00 1.731958675359595579e-01 -8.739049560453258925e-02 -1.704261699055971305e-04 -3.487548735428685001e-03 -3.943829787585824073e-03
-8.136703975505721331e-01 -1.111993746701378377e-01 1.520619363486089108e-02 -4.557870011165032764e-03 -9.161999532469575908e-03 4.812790876095254127e-04
1.138412468122573573e+00 1.257240808725270109e-01 -6.444980059381522075e-02 -1.140460779925526764e-03 -1.865045919029764470e-03 -2.698421688529825495e-03
-9.308283791269933438e-01 -7.193588824129507064e-02 -8.000238382731525433e-02 4.932118830685171783e-03 -1.532159565696240670e-03 3.941053979896603880e-03
1.189513585356057224e+00 7.122223844081958244e-02 -4.174600571715051528e-02 -2.653330833936171172e-03 1.239824625729720039e-03 -4.711967551196782726e-04
-1.022678324093764912e+00 -2.487804467720801382e-02 -6.557673208789698005e-02 5.584796244005480479e-04 1.953266120873872053e-03 -5.881601457087636160e-03
-1.246135545107864617e+00 7.321443394941447302e-02 9.832771820052707556e-02 4.321655878003129170e-03 -1.090895823106310903e-03 -1.571982930837272476e-03
-1.650013689442446918e-01 -2.162982178887337681e-01 -1.270150206818532711e-02 -9.182830452976091865e-04 2.616643993317984166e-04 6.414729617718926448e-03
-4.055951673736287733e-01 -3.226107752925958666e-02 -1.020756705843799822e-01 9.420401943457681893e-03 -2.307290741997846447e-03 4.519197301463384608e-03
-5.032045316346213382e-02 -2.741502229311818528e-01 4.494689778548669606e-02 -9.050271031703950586e-03 -1.213977635001206113e-03 3.741067314978696167e-03
-5.080433560597964748e-02 1.398010700461728983e-01 -3.648221002034455346e-02 -2.457817611940968545e-03 -1.042975429898008490e-03 -3.367878480525822622e-03
-1.202308574597818147e+00 -2.291384818449079264e-01 2.001013596244073482e-03 -4.263803863751077644e-03 -9.574200676518793834e-03 -3.175031545113093153e-03
-2.747391872647670930e-01 1.960996557887125392e-03 -1.069391043037581646e-01 4.423196111877861908e-03 3.214873081431448860e-03 -2.527250965197110153e-03
-3.650234939417636437e-01 1.020209260007886448e-01 -4.793433804663544545e-02 -1.189594023505330476e-03 1.033906470258877267e-04 -4.593526109355915502e-03
1.891297925171810668e-01 -1.187542984513283023e-01 -4.703202027579415218e-02 9.580122230367292893e-03 -6.686858107040630217e-03 3.624214070766389011e-03
5.511648844213219434e-01 -1.082861801640321725e-01 5.112048015365029891e-04 -1.701727202231891490e-03 -1.301060124043086933e-03 1.380609667823308679e-03
1.177803893592247464e+00 -1.110163275586685191e-02 -2.109592182200314275e-02 7.567190634786466724e-05 1.370661645659978405e-03 -2.228281039431946497e-05
1.544401434825978692e+00 1.344629965944014183e-01 -6.871168011342207449e-02 4.009470288715059568e-04 -1.954882836623267860e-03 -3.739613209101636752e-03
-6.874165996915048149e-01 -8.272544616136404128e-02 -4.410241387673013297e-02 -5.337333053679003611e-03 4.284229362648737070e-03 -4.549415516981103989e-03
7.930119084493916226e-01 1.837184251353207454e-01 -1.055123583481286514e-01 6.963125287481973904e-04 -5.053372806476295697e-05 -2.955849301721113673e-04
1.862283499503982614e-02 -9.575626753869490027e-02 -9.332145108371361908e-02 1.113124487493793308e-02 6.346367017089099994e-04 -1.491918812169449399e-05
5.252583379637322247e-01 -2.827882342488654416e-02 -5.044806692204382298e-02 2.843672131210492134e-05 3.616098581576964854e-03 3.016608312037372228e-04
-8.179614193114526088e-01 -1.467764964180283127e-01 2.308364624836234391e-02 -9.013208169836651670e-03 -6.203663328860544585e-03 8.994908247157878988e-05
-6.211981597983831094e-01 1.011723306818077123e-01 -3.036573366371425955e-02 -1.580121190840759731e-03 3.282443319956534263e-03 -1.331507187999366945e-03
1.830761131998437596e+00 -1.045396783784294792e-01 4.562383752115434232e-02 3.693698235104769453e-03 3.181676778209825175e-03 9.649583683765955303e-04
-1.033801288748035896e+00 7.083605130108099057e-02 1.533954424499617830e-01 -2.125644315811894749e-03 -1.174432957766918936e-03 -6.402272622189666409e-04
-2.337633928443950404e-01 2.421170017877710967e-01 1.120922125705497013e-01 1.288084531810246335e-03 -5.345513512883059244e-04 -1.909886663851543143e-03
1.119988519928108994e+00 -2.655000478825302324e-01 6.868134081979929140e-02 6.979771186296279684e-03 -6.206002662850003578e-04 -2.149834732617103908e-03
1.919909134967487940e+00 -3.905584822605200762e-02 1.570648612811579095e-02 4.995279490212048944e-03 -1.025111354081944528e-03 -3.253089070510424997e-03
-1.291692140713574855e+00 -1.489370966769540394e-01 -8.684162353310379695e-03 -7.770760455224309457e-03 9.043918267033394061e-04 2.897847916785585543e-04
7.207575635850639317e-01 -2.975871961083540462e-01 5.847418155633172382e-02 5.198426691326618262e-03 -2.739026301217108855e-03 -1.882425833556053895e-03
-2.329020537376939592e-01 5.511401646244258601e-02 -9.854656458656756157e-02 4.155926994911674638e-03 1.077928162618891576e-03 -1.913741516354572976e-04
-1.925794670675069487e-01 2.494982469865547337e-01 3.075077063721913181e-02 1.733984755643553418e-03 2.196971628327160954e-03 2.568111329836979869e-03
4.280601360460479787e-01 -2.669540987521223374e-01 2.283802054560571740e-02 7.138942719590317572e-03 -5.777085214781322448e-03 3.177547912519711019e-03
2.584102805292580740e-01 6.619425266825394727e-02 -3.359956744424711511e-02 -2.599025131198897266e-03 -2.902580612101813770e-03 3.011086807835132613e-03
-9.036890990478756436e-01 9.782095147373772240e-03 -8.169322440878347413e-02 3.009410664240084066e-03 3.530089602993787424e-03 2.727075448713953392e-03
1.082462224901008963e+00 2.990584958945103899e-01 -1.261293348876416434e-02 -5.790270415612711052e-03 -4.803089790654815026e-03 3.378669630132583208e-03
-6.756517823820530344e-01 3.522160596246827480e-02 1.104169042088734565e-02 -8.804030690340218165e-03 4.117632026455030417e-03 -1.866429436011952632e-03
-1.294346469006303346e+00 8.269761813326641231e-02 -2.030857531167154506e-02 8.189065515382981664e-03 2.850380419159595068e-03 1.864233562835069212e-03
1.070160522956944638e+00 3.864192987985693439e-01 -9.985011005458723984e-03 -2.378675741212133571e-03 -3.726153115076692376e-03 4.361341153057969426e-03
1.874861282146093044e+00 -3.371569065297899126e-01 2.144102979582519219e-01 -7.365943893541027424e-03 3.197755633020868404e-03 2.721202418129813148e-03
-6.134194855907416644e-01 -3.314705055798163047e-02 -3.742458087147782636e-02 -4.217367783908993785e-03 2.334207310346663768e-03 1.580283034088369532e-03
-5.420837814483546735e-01 1.004007358428267958e-02 1.197618128804266331e-02 -8.083942048457420579e-03 4.875334642021046075e-04 5.958870953061771438e-04
3.786276172421044750e-01 -2.582556500010576572e-01 -1.976230216814716181e-03 1.220373312911792255e-02 -5.506126656755230137e-03 4.691704704710968933e-03
-3.231209135593915982e-01 3.844381726948450234e-03 -9.553876508226713526e-03 -5.703380814979598645e-03 -2.240333914007986652e-03 -3.532458709002073236e-03
1.245192548080582995e+00 -9.895465669651039298e-02 2.078700230505931001e-02 2.910918091326021150e-03 -3.661509596341124342e-03 5.392666870590864976e-03
2.019818558674359998e+00 1.437257379828843773e-01 -6.325000239455069728e-02 2.349954007711926602e-03 -4.352864095264189458e-03 -5.815457002698188466e-03
-1.600679894785888679e+00 1.748898641998478456e-02 6.980428663909064857e-02 2.055972781024188126e-03 2.816924602656036784e-03 -1.062634743581042460e-03
-2.711196955017997068e-01 3.627996663207714440e-02 2.506790581750881555e-02 -1.296726613931508711e-02 2.415796707247032642e-03 -2.987478137030615162e-03
7.877404659959350575e-01 -1.714121406419477356e-01 3.140343144286198568e-02 6.701607775942769940e-04 -4.987905987133202379e-03 -2.304014358265240453e-03
-2.259639630657987175e-01 -1.285390504350779617e-01 9.869419873381616096e-03 -7.500223651829850818e-03 -3.975742472416911137e-03 -2.674200247447873231e-03
-1.782481951797660891e+00 -1.344299637718990303e-01 -1.830884052308936333e-02 -4.088467398474250267e-03 2.952324500054557318e-03 -2.891398228852440355e-03
-3.106724491973044677e-01 -2.769492958806338834e-01 -1.598918904037317096e-02 2.908263853286480009e-03 -6.578782345411541633e-04 2.135294901757291922e-03
6.972439239749024242e-01 -1.574343368208869220e-01 2.336155660904508380e-02 -3.468770500918766462e-03 2.558544507593546024e-03 5.947111319979874562e-04
1.373919540404938466e+00 9.414297268460211643e-02 -3.998627048143808121e-02 -1.723480313385761459e-03 -1.165069537108851449e-03 -8.963270002852364465e-05
6.100638666519082598e-01 -1.112928892675043441e-02 -3.914643951069271544e-02 4.805311017379104927e-04 -1.003519737163964228e-03 4.635118066743815039e-03
-6.178326575862109760e-01 -1.787279573597354287e-01 -4.609949114534141884e-02 4.829904847884797410e-03 -7.287157952075551046e-03 4.537110431846157373e-03
-3.468678138880719741e-01 -1.109532290330353527e-01 -8.526888388710020250e-02 2.270042143790386609e-03 8.296708255749496094e-03 1.014186053069486776e-03
4.232684857926298783e-01 1.376540805715632532e-01 -6.110713872965778393e-02 -3.047704263709097566e-03 -1.527085187216630944e-03 -3.489571740984783853e-03
-3.337132208411512924e-01 6.320841869506277355e-02 3.477113473001085340e-03 -5.981388709706126142e-03 -5.299615995533688932e-07 2.147923262537263997e-03
2.244904615908328571e-01 -8.560667525251716703e-02 -1.363491963939872723e-02 -7.777337387190819823e-03 5.845395677363662314e-03 1.562896376050771936e-03
2.305172851293008085e-02 3.750114871407911332e-01 2.024039456623895894e-01 1.339002744972923875e-02 8.144654288319285200e-04 2.995867049732353366e-03
1.880885668541347977e+00 1.052543531284257233e-01 -4.712257973322821897e-02 1.529418358208883832e-03 -2.641145709966787741e-03 -5.592408795987115731e-03
-4.548173328265004423e-01 -2.377043146162377274e-01 -1.254110556957180843e-02 -9.484861675282183066e-04 -2.606700916153712778e-03 -8.227257759482794336e-04
6.731327364665959934e-01 -2.986682028378061585e-02 -1.109189630523480519e-01 1.320041041397013171e-02 4.556023019632256948e-03 -2.956824802495845641e-03
-5.858661743616221385e-01 3.817579932400887860e-02 -4.377542110923713509e-02 -1.777934818026128067e-03 2.262237166251106473e-03 9.523238424380882925e-04
-5.087693316667284416e-01 -7.150535549590028572e-02 3.969900384128592814e-03 -8.861878098307253079e-03 -1.516982160529181580e-03 -4.021800167645786864e-03
-1.019261696790930483e+00 -1.650010473698929614e-01 4.049050325214254183e-03 -7.540247731533103112e-03 -3.915986183086592534e-03 -5.155476661192217279e-04
-5.697857083291950342e-02 1.045219648712918392e-01 -7.383642443801759214e-02 2.092543484290133426e-04 -1.037740254239126085e-04 -3.073629766826374999e-03
-9.321692842330138173e-01 2.394142275913855450e-02 2.356016309456571839e-02 -3.257604648252589510e-03 -1.196492092277120362e-03 -2.944243371848925817e-03
-2.975197351423446435e-01 1.304172485585913463e-02 -1.999833234600769186e-02 -2.357162297294972814e-03 -3.872895292649117943e-03 1.710132954652381293e-03
6.429731167037966433e-01 1.872685868708919843e-01 -1.236385296243215498e-01 1.457481158326727651e-03 2.967803627828771371e-03 3.081046525688062136e-03
1.573013532538693804e+00 -3.985186869041784652e-02 3.943112834111333308e-03 2.651645836327959455e-05 4.117697046174980530e-03 -3.511955703556602065e-03
-8.428935301143629655e-01 -1.186766201790518255e-01 -6.143658541926592248e-02 -3.235619176245201935e-03 6.250483132168872455e-03 1.271756924276507515e-03
3.393411852782068361e-01 2.329693700504200382e-01 9.365330397765485315e-03 -3.485321789342925216e-03 -3.077502974243429609e-03 -3.976763139540280502e-04
-5.955752235886312418e-01 -9.410920864641363071e-02 1.146436108377680597e-02 -7.775808982775482894e-03 -4.292007984305875115e-03 7.064324062963913894e-04
-2.688779916291123562e-01 -9.193206529727458720e-02 5.406282512120226535e-03 -4.700485195679417888e-03 -7.629312118795888130e-03 7.237957616129346702e-04
5.339279898415505432e-01 1.852384891672510525e-01 -1.031464484693944694e-02 -6.047118219689639508e-03 -1.914139190590025781e-03 3.789087595283728137e-03
4.398519627214913519e-01 -3.192117443341349059e-01 7.930063176049677309e-02 -9.603721001559099163e-03 4.854094414912050667e-03 6.827103961262469094e-03
5.078171164467345511e-01 -2.127153326727897753e-01 -1.433375423503908432e-02 1.483104750638595745e-02 -7.920630422237369753e-03 1.897670420904329575e-03
-6.963034501069441384e-02 7.461923783729810730e-03 -2.474708472594010916e-02 -4.834853985505599069e-03 -1.511853147712773071e-03 -1.896618089715843567e-03
-7.899850165374089350e-01 1.038301748753520659e-01 7.043141509771447262e-02 -1.490721633919358819e-03 1.202748551244108639e-04 -6.377351163459070351e-04
-3.292810011404986859e-01 1.021093456489712420e-01 1.914518750065255168e-02 -5.540752294696272076e-03 -1.252156797508039571e-03 -3.407303504260021740e-03
5.074275486364441257e-01 2.426028095702895959e-01 -3.738122493471597585e-02 -2.123669603080640018e-03 -2.400591944907794033e-03 6.467077354608317214e-04
9.679963843602272869e-03 2.303732773557632951e-01 5.461655540512442425e-02 -3.164444568070310607e-03 -1.602530895210128208e-04 5.743641349689328993e-04
-9.705129089683739441e-02 2.160666869574825177e-01 1.234687734342046657e-02 -9.720367179033198145e-04 1.187451806208785453e-03 3.151766477516190941e-03
2.805231635558057546e-01 1.502653601561906860e-01 -7.233684919533998892e-02 4.533846654890843391e-04 -1.688371858872540071e-03 -1.072453856071003053e-03
8.643540492558925425e-01 -1.554107670322127377e-01 -1.632151945025999557e-02 8.184536133196258778e-03 3.916554618412346547e-03 3.087086680690205327e-03
8.993954237049153200e-01 3.507267514027505306e-02 -7.248872320503965683e-02 1.246910959403586469e-03 4.841421908101415511e-03 -1.250870243967770745e-03
-3.547718585238296418e-01 1.125090229837875794e-01 -7.805848633293618888e-02 2.291234221260456637e-03 9.548488860936152605e-04 -2.424943271708261076e-03
3.327390077458718398e-01 1.532789565377062069e-01 -2.894835930061242374e-02 -3.986244565989157350e-03 -2.469191320374394469e-03 -1.008980308820562905e-03
-3.464904431337594293e-01 1.098828885033480141e-01 4.688380530227848758e-02 -3.088706191826319676e-03 -4.132203542222805809e-03 5.382322406637574021e-04
-9.356560114425428454e-01 -1.402724058599109647e-01 -5.520809817185552693e-02 -3.412528618873750599e-03 4.901038386409570929e-03 -3.334608663240815757e-03
7.831080118357331976e-01 1.320008468985478800e-01 -9.293937856299021305e-02 -5.600566664764252290e-04 2.475494586121582217e-03 6.745592968872243626e-04
6.160046569320957177e-01 2.573697187182802382e-01 -4.596101710998196088e-02 -9.154588389885503618e-04 -1.945932898494875116e-03 4.621679080322980970e-03
-4.466199023705983984e-01 -1.339968094338407911e-01 -5.472352499209250792e-02 -3.520645656541902205e-03 8.206689813983154835e-03 1.820237525233497477e-03
1.748321934729636651e-01 -2.118028521287542987e-01 -5.032790110397111251e-03 -2.186935881639135056e-03 6.800895370015018135e-03 8.464772395056148133e-03
-3.243479246194067578e-01 -9.875472627150004568e-02 2.897984469430402860e-02 -1.229028121852236873e-02 -2.092675611380049889e-03 2.176820390132238898e-03
-6.287631755977604042e-01 -1.383874934286725145e-01 -8.606072817308059453e-02 7.021649705170314101e-03 -1.388490433736992431e-04 2.777236819591354620e-03
-1.598506608203012380e+00 -1.046655051419759369e-01 5.500796821560520466e-02 -3.035898093311341275e-03 -7.235089428021711060e-03 -1.660106707720447085e-03
1.493826828775862925e+00 2.068403866597564311e-01 -9.480825058003262973e-02 5.312785578500209965e-04 -3.796355169773027623e-03 -2.277241938601049908e-03
8.992423504146749291e-01 1.205273171338305804e-01 -1.461358202281152520e-02 -9.451287597150132350e-03 -3.558073991870816955e-03 -5.351668461976878156e-03
3.805942426717634844e-03 1.982509648786635048e-01 -7.566878498564798793e-03 -2.116024357953851822e-04 -1.460308283911092775e-03 1.706248909157290954e-03
5.136972901896448285e-01 3.295531605231712402e-01 6.146554887681663498e-02 -1.050347491172064478e-03 -1.612892607033583224e-03 4.876078372033243458e-03
1.424994163377028666e+00 -3.981801059271077026e-02 -9.988582658471648057e-03 1.365296272569026812e-03 4.564682641415365727e-03 -1.772162074683100502e-03
-3.593227944895813902e-02 1.011029477840285351e-01 -3.855346314908655175e-02 -3.836734720639742389e-03 1.498536602517647068e-03 1.900746669811460452e-03
-7.181693799152906177e-01 1.382877839030227929e-01 3.503247291490350912e-02 6.768387030277975714e-04 2.312850553365132771e-03 1.204768741889087865e-03
4.712712532481170280e-01 -8.804745422439241853e-02 -5.128001444214799753e-02 7.001635005199942884e-03 -1.056832078800585368e-03 -1.918445048605598889e-03
-2.327095328883769521e-01 -1.945937660131225322e-01 -4.714258596556151343e-02 6.877960657187185550e-03 -2.502802172000026353e-03 5.069351865991232435e-03
-1.834939507501968547e+00 3.265510001075827562e-02 3.125975682430900265e-02 9.905196029120343082e-03 3.618153462490668413e-03 5.142852883684068035e-04
5.425472594769291668e-01 1.025129334209938375e-01 -6.497183380449374213e-02 1.403726655338401273e-03 -3.182419605285213143e-03 2.907952454523680518e-03
-3.214529620273161997e-02 -5.758680481166544851e-02 -4.484123514318683057e-02 4.020786471928983023e-03 -6.860067749181270047e-03 1.175552915588608466e-03
-1.261045361570827472e+00 8.899599818983730537e-02 1.317355797393974792e-01 4.232579775624701821e-03 1.241497517601898885e-03 2.896477973764639835e-04
-8.271084408099134144e-01 9.221885068931376384e-02 -6.235706617256579071e-02 5.187282712678114964e-03 1.739061878544228765e-03 3.487519773169016238e-04
3.308222781378339916e-01 -2.008819373072546211e-01 1.281748294098692710e-02 3.306357853891204058e-03 -7.695618174583401111e-03 1.053198364538703025e-03
-1.298726952508811427e+00 -1.610547837059878862e-01 -1.850212218661461197e-02 -6.214592408602526499e-03 3.302449026139936297e-04 -2.139873360899933238e-03
-1.684933546588587072e+00 -1.108173740028128573e-01 2.044032677726220423e-02 -1.504366740607659383e-04 -6.011743318019577634e-03 -1.535163075847265513e-03
