2.532283580215934471e+00 -3.087662638217877897e-01 2.511002675825342312e-01 -1.642590280976698180e-02 8.993358675893198956e-03 2.208762512415275974e-03
9.351443280549514014e-01 2.167464873733659925e-01 -1.186165507315045525e-01 5.574606463423585276e-03 1.436648917621498268e-04 -1.017825499339614775e-03
1.001250017146467775e-01 -7.694658428660999805e-02 -4.767321920476615127e-02 5.555816405451589717e-03 -6.382020809851894280e-03 -1.085040335973536758e-03
-6.548870151860695932e-02 -1.513834442416158443e-01 -6.832679743132319405e-02 7.103633666126089007e-03 3.165061782395557025e-03 5.272397751601330500e-03
-2.572364673392593670e-01 -7.979444566729997079e-02 -6.333446114034987917e-02 3.399750399098875036e-03 -1.664579689935308119e-03 1.744837537813241158e-03
1.737287118528662022e+00 -2.412502478725006838e-01 1.146469821357703478e-01 6.782132729997156001e-04 -2.696015666067733043e-03 1.361266782415532185e-03
-4.508018256205968965e-01 1.791538169612727771e-01 8.481605808660751256e-02 -9.701093569146496684e-04 3.558750624099061991e-04 1.823778025133941010e-03
-1.114260919773992498e-01 9.230390543673641646e-02 -6.502216514381931045e-02 1.334521666435402277e-03 1.186100484642577173e-04 9.244919567999083546e-06
3.105410928800660386e-01 5.588913512499007336e-02 -1.005761220730818327e-02 -4.359902805917552013e-03 -7.168979959362816422e-03 -3.274865612567462534e-03
-1.753704811626737303e+00 2.276128301746359328e-02 7.171201367878735078e-02 7.318978599702566541e-03 4.083655362354376810e-03 -4.054483274918418111e-03
-2.661188114803595198e-02 2.737486829914159148e-01 1.532417338122242234e-01 2.764909479956577810e-03 -2.418153179672211280e-03 3.004532354890762907e-03
-1.958986090890518506e-01 1.720232794901613571e-01 5.943100123223141185e-02 -3.677176811939001592e-03 -2.281298607280800046e-03 1.375787488954905271e-03
4.057431205336620161e-02 -2.329062490402092067e-01 -2.225372476036500263e-02 -4.003899176862775184e-04 1.230480968432572271e-02 7.606624974938681200e-03
9.445723267377006405e-01 -1.656021395904361815e-01 -1.150454223905596207e-02 9.157651429601182044e-03 2.909562761685799588e-03 3.203053537421088944e-03
-4.519051233775709941e-01 4.758878036899747560e-02 4.843134349509119370e-03 -7.556648450184245795e-03 7.158958313133348232e-04 -9.407429218928652689e-04
-7.962407377536506736e-02 2.678546900166554057e-01 9.745240947288774658e-02 1.767047927710498154e-03 -2.153409856263003436e-03 4.558446663146174110e-03
-7.196829623988545421e-01 2.737588595371727718e-01 1.671013235968055177e-01 1.778503896856533165e-02 2.381927247578746829e-03 4.290087703997660235e-03
2.737394585487671339e-01 -6.742801599110201209e-03 -3.001237512030189430e-02 -1.839499553214740592e-03 -3.737682135023267290e-03 -1.334668451000647861e-03
-2.914639071815590676e-01 8.197876463334871633e-02 -5.298863995350494571e-02 5.616627109648268234e-04 -8.096037547928476834e-04 9.670083788343227394e-04
-5.093917155707455846e-01 -9.977045246333808570e-02 -7.315824884169577769e-02 6.179936056140029714e-03 -2.367429421472297922e-03 1.306942145385431948e-03
-5.919626099054126067e-02 7.513659736890571095e-02 -7.415066953872670452e-02 -1.911482384925653789e-03 3.852352071907334547e-03 2.036496819464572641e-03
2.057981381920980901e+00 -1.791678963018897841e-01 1.029823846066012655e-01 8.132962180920154383e-03 -4.844414811899496430e-03 -5.550000171985289971e-03
1.866809222469824281e+00 -1.466353371264889072e-01 7.211269281123378061e-02 3.791989227038035457e-03 1.411605230107787230e-03 -2.184879066501918803e-03
8.074995267333999749e-01 2.576298377291764696e-01 -3.447042523879760567e-02 -5.697153904070147677e-03 -3.507057487858690134e-03 2.271599200412494340e-03
2.614861600244625661e-01 -3.004254720587561100e-02 -2.502643086548895363e-02 -3.123504942006325954e-04 -5.120740567144081191e-03 -2.332401524790417725e-03
-9.939914538256507115e-02 -3.359206842389854675e-01 2.334611602571583580e-02 -6.618749555998513882e-03 -1.606769137250204770e-03 9.993281242804141068e-03
-1.610339856808476466e-01 -3.516159795982556902e-02 -3.791760331719384869e-02 -2.584182682018705806e-03 6.773736435535805103e-05 3.023696447530280717e-04
-1.432882221384191412e+00 -6.295652887086654326e-02 1.818156884909638907e-02 -1.996847404577398004e-03 -5.791107979947398166e-04 -5.057268248434937732e-03
1.405635465270886897e-01 -1.538552447889926789e-01 -3.998986671747064431e-02 5.652245565466403922e-03 5.084665449259477207e-03 2.414169223732250038e-03
1.530328372615586741e+00 2.877735341916925343e-02 -2.755107878483318770e-02 6.593118335753736688e-03 3.792339670659036592e-03 -8.053759089887356851e-03
7.310966804501201066e-01 -1.075030642270765890e-01 -4.324590151925450376e-02 6.733691587634681348e-03 3.538015665689783935e-03 2.514304999238994257e-03
9.164544542379530201e-01 -1.905231883809517246e-01 2.730201028162426713e-02 2.036439167639379939e-03 5.315930292278485229e-03 1.832941787461226692e-03
-2.798893618135943617e-01 1.983552592158475403e-01 8.058376820152350628e-02 -8.363092263352043003e-04 -1.825686070188345562e-03 1.997138651774347465e-03
-8.353901391363173223e-01 -5.094721166173803162e-02 -5.835430553448885636e-03 -6.282970066754420269e-03 -6.468903972766800944e-04 -2.764737488279844259e-03
5.086083406767553244e-02 -1.363300917834028014e-01 -4.615484257925000361e-02 3.978192966368765578e-03 6.769919103010605364e-03 1.558393020722101266e-03
2.612534840061377372e-01 -1.623527937586632941e-01 -8.548979821945856816e-03 -2.008222630266379496e-03 7.567885683980882239e-03 2.710321373255781228e-03
9.908506262833169931e-01 1.648981827382425824e-01 -1.994777834516780340e-02 -5.330937284055033837e-03 -1.415668642078330959e-03 -4.352095029189953675e-03
4.687245698610272848e-01 -2.283668512280822016e-01 2.078585186225681905e-02 5.418449339858505583e-03 -7.256148695038262646e-03 8.639208550162996323e-04
1.510916963358052367e+00 1.292697179288492815e-01 -2.952854500022113540e-02 -2.478091421150721042e-03 2.155646792067016353e-03 -7.285501915715709639e-03
-1.086139186068429074e+00 1.913299914564714210e-01 9.667992425859812944e-02 1.196503785039408456e-02 4.506685783363273412e-03 2.494124127342215672e-03
1.031742867481224256e-02 -1.875609885347499228e-01 -4.650382132821094527e-02 9.352158877791259123e-03 -1.492063445968591336e-03 3.606336210960040586e-03
4.975629084200553498e-01 8.828604717667705090e-03 -1.025127814858174669e-02 -5.465250275110641355e-03 3.430161269394947469e-03 -2.734385490399570979e-03
-1.730806677287884510e+00 -2.275967095198105569e-02 4.788835680359190827e-02 4.989460741493315782e-03 1.494829554101211131e-03 -5.759436488123818865e-03
2.731709736256872703e-02 -6.315750941375150584e-02 -8.589933501273910865e-02 8.515428732537211678e-03 2.016698641346033067e-03 2.515255616338231848e-03
-5.016325891565512340e-02 8.530639604941883669e-02 -4.211937305203489884e-02 -3.764151750655887144e-03 -3.364489542136116511e-04 1.253479543953393014e-03
5.771949542106340481e-01 -9.837605737359046698e-02 -1.737119811549584295e-02 -2.196570223574239103e-03 2.287498384863535794e-03 2.654108934892349808e-03
-1.204739223894958633e-01 1.314711798062392079e-01 -8.276574103217661238e-02 -2.121457113096414816e-03 4.865792547410013012e-03 3.805365912604228087e-03
-2.576005572917205565e-03 6.674070962173425658e-02 1.678033919068336668e-02 -8.962999111202851754e-03 9.595806669798432611e-05 -3.006023259466637874e-03
-1.732425452805811616e+00 5.285963150411267936e-02 1.204010581649060663e-01 1.182269568827423387e-02 3.677968073253777819e-03 -5.251387735814401318e-03
-1.557610486236177483e+00 -4.343916598860387418e-02 2.396294013299897496e-02 -2.533574906272561687e-04 2.926494801026301249e-03 -4.437947438854297766e-03
-1.204714451567747042e-02 -1.448019350664543625e-01 1.608159883989275854e-02 -7.904828835973508327e-03 -4.519933072602283844e-03 -6.497126838555492175e-04
1.538521075343863176e+00 -2.572406311266893231e-01 1.247876556968812445e-01 -1.058573217776887301e-02 7.178638106716742420e-03 6.413578666336813491e-03
-6.235173110600344959e-01 2.171280871344269670e-01 1.386569655873395313e-01 7.448697736294643094e-03 1.610016256723269083e-03 1.821996066474546342e-03
-1.323965246575967668e-02 1.689876798723445039e-01 4.613144633737397207e-03 -3.676983728879504483e-03 -3.714600594277699726e-03 2.316550727607567632e-03
-4.686929262497643300e-01 -1.388118170666027655e-02 -9.295029936958754124e-02 7.742662592893295205e-03 -2.345992480789609383e-03 9.089559275100454663e-04
8.240149485618818437e-01 -1.550411724189670604e-01 -1.888592117843645134e-03 5.785823676785642987e-03 -2.346295847164120950e-03 1.882939494918694275e-03
-3.101256020160336746e-01 1.344968947321632802e-01 -5.509512705381651443e-02 7.341521910586468365e-04 3.463583601008233528e-04 2.120260833827161944e-03
3.726053529729785319e-01 1.842425819045032942e-01 -3.310425671339968512e-02 -3.916102324356404880e-03 -1.565608273322825544e-03 4.968327589238611492e-04
6.395317639616311389e-01 -8.339232612305497172e-02 -6.840529242162451951e-02 1.268350602831764574e-02 6.827376115884889810e-03 -3.247285349283220547e-04
4.869376249455412697e-01 2.754891300645286867e-01 1.859328814461623167e-02 -6.564319181016262626e-03 -2.493020273631058221e-03 4.833140959152408198e-03
-5.452276540520647474e-01 -1.456982379412107009e-02 -9.099727242495899825e-04 -9.920160829220786569e-03 6.876022978523499939e-03 -1.806952136418519834e-03
1.177926480306305201e+00 -1.385392788192315594e-01 -8.460949623155949312e-03 1.063903300353957054e-02 7.387356217866127353e-03 -5.168231120014299759e-05
-9.246615572918720494e-02 -1.469936229317989063e-01 -5.900542344293396857e-02 4.311938659241305177e-03 7.839114574154898429e-03 4.181784081889190763e-03
1.379188133441602737e+00 -1.387388262791234284e-01 4.024163551427396152e-02 3.631639798085851186e-03 -4.261654349158554636e-03 -1.532385573219019600e-03
-2.575578186553214577e-01 1.367102760059972499e-01 9.017578986742984248e-02 -1.053376004587560331e-02 3.980834654025224538e-03 6.521883922707250585e-06
2.946444840201331017e-01 2.047080642840101716e-01 -4.315269622699361568e-02 -3.280104758487308383e-03 -7.890234356111459207e-04 2.929551255970324220e-03
1.060426068281466350e+00 -5.441851050963864705e-02 -1.901958023386503271e-02 4.030212293231591816e-03 5.021774210273601165e-03 -3.196765938539480358e-03
1.488206292938976993e+00 1.172212908596765163e-01 -5.073285435156699857e-02 2.950546056181622794e-03 2.449082019182139379e-03 -7.055401464618187013e-03
1.535381007480868032e+00 -4.630522531270504782e-02 -1.907982354954981807e-02 1.115050828308238214e-02 4.862317380128427548e-03 -4.613831080415515921e-03
-1.095052357252809694e+00 -1.779537140643499826e-01 -3.427200107897952763e-02 -1.614832549895354801e-03 -5.241140044347097644e-04 -8.833841836218780897e-04
-6.098319636296797297e-01 1.614228033467956236e-01 6.131424627768669415e-03 1.799734167112054545e-03 1.153098172666635517e-03 3.572513138304902938e-03
-4.051391802099558737e-01 1.430260456536869562e-01 -2.347526263572350530e-02 -4.619607907629343828e-04 -7.879816126903824679e-04 3.700188102585994041e-03
-1.135064285467917156e+00 3.879084649180292860e-02 -9.422184568213776493e-03 2.905201125333769889e-03 -5.606890136530090192e-04 -3.226975200784167920e-04
-1.113110412208688782e+00 1.416106160860398089e-01 1.455229832059678763e-01 8.268808530658299308e-03 4.069348545599485271e-03 -1.628012871329896551e-03
-9.748886088117331150e-01 1.248623881479809378e-01 5.743098787819830853e-02 5.997610048390530739e-03 -2.178013054093333727e-04 2.872239732758796195e-04
-1.017274139689184898e-01 1.371722937108438012e-01 1.754953158991278891e-02 -5.089097269911370923e-03 -1.453994234868982672e-03 3.688376062821902023e-04
-2.684342212375129821e-01 -2.600248763866958371e-02 -9.050270882290280261e-02 4.825875933604784930e-03 5.549027869075713951e-03 1.514969305318830456e-03
-1.107183229041583727e+00 1.881465002550092025e-01 6.693134413739386390e-02 1.378741619246868534e-02 1.788876288322225694e-03 3.465787234845945763e-03
1.445080430034003383e-01 2.180137166312781927e-01 -6.854111004113873362e-02 1.681814200240857758e-03 -2.621654076781093808e-03 4.375760552772357641e-03
-4.948005913379441290e-01 1.092681723988470910e-01 8.671354472452898893e-03 -1.745800745871573098e-03 1.150149538578449033e-04 6.803839271121221071e-04
-1.346116164879868515e+00 -7.356284440188089191e-02 4.791444525069701865e-02 -7.506053887079665310e-03 2.512101909684026114e-03 -5.656660406420124104e-03
-3.710446690809803515e-04 1.222464339933342220e-01 -6.732507374796634081e-02 -2.025526181077762743e-03 3.051091227778195310e-03 1.693705821785664034e-03
-1.643410896597210291e+00 1.245115288925143088e-01 2.323278367923501397e-01 2.408448419738009466e-02 4.546189499363815882e-03 -5.415760501153512284e-03
-3.248082816057676903e-01 1.857355923679366583e-01 1.163882864294413649e-01 -3.171141433026895308e-03 9.934135265078016148e-04 4.935048419074921505e-04
-1.005689581039697744e+00 -1.100265338023764805e-01 3.972362730924878377e-02 -8.419892877042547963e-03 -5.416358734765481554e-03 -7.196685727499890599e-03
1.352718134055949928e-01 -3.877057659081055430e-02 9.681510180269281432e-04 -9.095317447077156878e-03 3.823925049807727107e-03 -1.212006197911134810e-03
-2.371885350125253755e-01 -2.378602862934617868e-01 -5.734779858878937334e-03 4.445779462805282017e-04 -6.274053531681958798e-03 2.612543827973755686e-03
-3.808575990858666938e-01 1.290120335134531115e-01 8.075881335498447111e-02 -6.042220566914018390e-03 -1.308740669317329285e-03 -2.898155830101228881e-04
-2.802081381924640402e-01 1.451718386244073289e-01 -6.973745572572676021e-02 -7.186904342509399133e-05 1.732394548362738195e-03 4.780319446924868529e-03
-3.534168046806869801e-01 -2.331276606538568719e-01 -1.312265348049520240e-02 -6.943765529528547926e-03 -1.021674102091641540e-03 7.376368750236779286e-03
6.200582582826539291e-01 1.589732249116944662e-01 -8.456829615154272395e-02 2.005774101680767203e-03 9.758306619052798401e-04 -6.486056827951338158e-04
1.658228679976708975e+00 2.175709892052176408e-01 -5.649286337567361455e-02 -1.088105094600352093e-03 -1.667187872687646418e-03 -6.868553936073340700e-03
1.281604304189279953e+00 2.538260147691384083e-01 -4.859598186274285275e-02 -3.751995798323024163e-03 -2.341296377581784070e-03 -2.319044176517683423e-03
-3.728383304009666444e-03 -6.881290436509146513e-02 -2.545397067626405802e-02 -5.602248739562581091e-03 9.071234800647651544e-03 -4.892726314556711861e-04
-4.175168300886232808e-01 -7.762312478083796888e-03 -2.787057209288879098e-03 -4.065745500249438177e-03 -4.166007513168356116e-03 -2.879033118339934232e-03
-6.445767663931383229e-01 2.054535517603014727e-01 4.756507275630775938e-02 5.821656054261032873e-03 6.405020601409445666e-04 4.427675522793794206e-03
-5.973126649554602041e-01 9.482490093147676047e-02 -5.347188916956886751e-02 1.698332579029887286e-03 3.355272463332724798e-04 2.725151796417067587e-03
2.672296269101602118e+00 -2.120085409311316116e-01 1.935165523353237771e-01 -4.475748907629717790e-03 4.030948871965451576e-03 -5.158610803560045865e-03
1.047439334658029075e+00 4.946930868600845320e-03 -3.008036413909918015e-03 -4.472546707960460208e-03 3.684207390309351352e-03 -3.354207423220920657e-03
4.430435038831875838e-01 -2.044525834256493702e-01 -2.790412670136957138e-02 1.254611419328326496e-02 -3.034741177745062680e-03 3.372818700107602617e-03
-7.268213719156525476e-01 -2.327007839909123188e-02 -1.709654848894818016e-02 -3.646747500894089323e-03 1.850559195972423503e-03 -2.212820062485097716e-03
1.035219010095679959e+00 2.847723907921396735e-01 -2.724320026447664064e-02 -7.343188457291287795e-03 -3.495320760531597012e-03 1.711274208181683739e-03
2.823147836298133817e-01 9.505376291535591604e-02 -7.602100524387696290e-02 -8.952552943258613918e-04 1.905874789218871788e-03 8.221800478615215414e-04
7.668151346864969797e-01 -2.005729927631721421e-01 4.698155535120186049e-02 7.808743994407792589e-05 -5.751284147009755668e-03 -2.733783278037503413e-05
-2.309275199160030351e-02 1.036275613621797237e-01 -3.473100077603596091e-03 -6.515681764857933662e-03 -2.552244115157306821e-03 6.655648312201712519e-04
-9.490118618603783640e-02 -1.789418839679935702e-01 2.979368359203772923e-02 -1.189029106983240276e-02 3.351808867400483862e-03 3.482530619906680524e-04
-1.122403990674667673e+00 1.385439707195189052e-01 1.078402542554701277e-01 1.018857874590280502e-02 9.743285146112538918e-04 -9.332611580081908494e-04
9.195783174159586348e-01 1.835489154429520084e-02 -4.579091373390612590e-02 1.579359607806592181e-03 4.513354179157670273e-03 -2.042616574524725673e-03
5.502236848126738078e-01 4.132633643089425601e-02 -4.413388325962944170e-02 -9.623969341333628042e-04 4.118310691329655875e-03 -3.297192616829431721e-03
-6.608545483917043217e-01 -5.045208914708160242e-02 4.134893120722513832e-02 -1.134192614188478214e-02 -1.536544253348524599e-03 -5.132748546403973627e-03
-3.167602133270677189e-01 -1.099538688003613013e-01 -2.704463124985222872e-02 4.158307691263427280e-05 -4.943315646511080991e-03 -1.279151998940539735e-03
-2.567912814329979532e-01 1.067707232259018507e-01 -5.027152034553948601e-02 6.745989964642214610e-04 -2.758465094218186513e-03 1.813499408325986622e-03
7.621857398051294918e-01 2.390512288611238989e-01 -1.527994754840536831e-02 -5.482011744311534457e-03 -4.023887855637611408e-03 4.694709318588450144e-04
-6.778711516987465657e-01 -1.095046475821946502e-01 -2.331130472304149617e-03 -5.935563723348892540e-03 -6.451111444232045071e-03 -3.735364814090813123e-03
7.737128671842771199e-01 2.577390871408289930e-01 -1.122583390153592403e-01 2.568838594578120617e-03 -1.925727781315877789e-03 1.564799435641341108e-03
2.841799708997102547e-01 3.033389241916708556e-01 1.617456968130878969e-01 -2.376164960150717667e-03 -1.779738130623107059e-03 3.532536681373106991e-03
-2.730365832014681193e-01 1.828826939176337596e-01 9.303581866133110723e-02 -4.864230555414772970e-03 9.390487783510155289e-04 1.859105037657259041e-03
6.167132723597541499e-01 2.849995604789116177e-01 1.901036039090484714e-02 -5.333321585773463831e-03 -5.839940469138402666e-03 4.100934345575476744e-03
9.989583481508714780e-01 -2.447160206735556898e-01 4.634657771709212865e-02 9.012577782568349447e-03 -7.092432692916253965e-03 7.135541412482136791e-04
8.983556462482302635e-03 2.228711202432498151e-01 1.079658044533565592e-01 -4.726634342250264111e-03 -1.149916085004852942e-03 2.063028251715974624e-03
9.092529024179332175e-01 2.217074645330035787e-01 -1.119919611085571642e-01 5.107135735551211579e-03 -7.655299547827586963e-05 -7.539970255843879724e-04
1.578048287819766582e-01 -2.315495139826793947e-01 8.714691074925401057e-03 -3.477387801889575327e-03 -4.808244068913813604e-03 5.979088410565413722e-03
-3.544801891835646090e-01 5.481570512119540717e-02 -4.119907958059545322e-02 -4.198747720765978221e-03 1.662241440886895200e-03 1.010397586431415048e-03
3.967218495628294650e-01 -2.153677027251114096e-01 -1.915311237075362563e-02 1.048191904862215071e-02 -2.387607176001259063e-03 4.015309594855489411e-03
-1.625014283415899152e+00 -1.891719992711561882e-01 -3.254241596925280637e-03 -4.056878437008021657e-03 -1.429586458595527923e-03 -5.746272517031332863e-03
1.282112794798684785e+00 2.902666952228127872e-01 -1.651848042890817839e-02 -7.312370369584462321e-03 -4.773343975839217795e-03 -7.166341771207009829e-04
2.092444523859383620e-01 2.835387446309907758e-02 1.177181897468590780e-03 -9.218984283594553603e-03 7.754512623460241630e-04 -1.600604164385196907e-03
-1.247830948144788288e-01 1.613352130367168014e-01 -7.188723439366291601e-02 2.020522915536558748e-03 -5.484687093158679581e-04 3.206343998532751663e-03
1.951922242086969961e+00 3.634259201936188184e-03 5.161626666778344232e-03 4.487120535943620037e-03 7.632173267028284809e-03 -7.726183543936301565e-03
-1.368550431393469047e-01 4.619399791371323755e-02 -2.406797473217829955e-02 -4.728326097220221166e-03 3.968593447863684042e-04 -4.227576322721998789e-04
2.815718620986231713e-01 1.958408924193302536e-01 -4.472595110578938410e-02 -5.781989905366848731e-03 1.112085077148773984e-03 3.562518722444933065e-03
-8.245150496463645728e-01 4.650874715806815017e-03 -4.182229753212663576e-02 8.317426445054680985e-04 -1.446813069135461597e-03 -5.057670684714753000e-05
-2.509812849902671728e-01 -1.124099629158779451e-01 -3.130208411980129474e-02 2.194012250820543981e-03 -3.485921796019918716e-03 -1.086186798660617727e-03
5.137847355694691309e-01 -8.528984576031939380e-02 -4.038804059921367873e-02 8.079815913637468372e-03 -5.322262876974676385e-04 -1.006696113951906571e-03
9.486401400853925470e-01 2.016895034443335621e-01 -8.211554524291777776e-03 -8.638908232910387855e-03 -1.781372615020955638e-03 -1.822370786949847107e-03
-2.060577838735404121e+00 -1.252367493521537589e-01 -6.882339598519134766e-03 7.646579728032016753e-04 3.699193872646408619e-03 -5.390760499920113635e-03
-2.040281224188831288e+00 -2.538990397981057967e-01 -1.151859216959486357e-02 -2.052674536843962071e-03 -4.878804595133390959e-03 -8.094929386625574277e-03
1.669433703228978549e+00 -6.909961644753172261e-02 3.000624116030447402e-02 3.484479478037682317e-03 2.766331735829420744e-03 -4.278471729395647884e-03
9.853960171965295833e-01 1.367179012950066330e-01 -3.466836283906325755e-02 -3.565590177812331257e-03 9.946680467988839799e-04 -4.017206846096288246e-03
-2.914118579414943025e-02 2.278232836611422119e-01 3.544074561480219446e-03 -2.277828560641464647e-03 -6.951429598596683577e-04 5.442138759759834916e-03
1.677359861840269195e+00 -1.387019414044149135e-01 3.369680214598278628e-02 1.039484377299001658e-02 6.343963453173513678e-03 -3.198559228240608829e-03
-2.943389278986519031e-01 2.708017433433169696e-01 7.909138875077710573e-02 5.995247279116011109e-03 -2.449302288136106110e-04 6.189141348534168974e-03
-1.042729667956206807e+00 1.090703936697014070e-01 2.048318247238691339e-02 2.678799275802898252e-03 3.724054829441758412e-03 2.116923954776774291e-03
5.009436950068365535e-01 -6.908823324193090476e-02 -3.198101248751325509e-02 1.137421732485781859e-04 6.470785336767556281e-03 5.535939998625313222e-04
-1.221715327930460671e+00 -3.099097665334832330e-02 7.459821782762415809e-02 -6.153872294625938565e-03 -3.423341400526168756e-04 -6.900928940542408463e-03
9.937813200146667914e-01 -1.980934659305232937e-01 3.588940201574592620e-02 3.602658061116972062e-03 -3.820325428280961760e-03 1.864171191970321771e-03
-8.786389077383469637e-01 9.387578591545268913e-02 -4.530969016084203382e-02 4.863277109985540692e-03 1.119374698296608626e-04 2.738882803282016200e-03
1.460612005882792330e-01 2.921729559693776457e-01 1.956720660533255510e-02 1.694442779443342480e-05 -2.231347513511623259e-03 7.400219496588888481e-03
-8.221640464626490674e-01 1.000748794871944430e-01 1.630991177817275178e-02 -1.301585067996205902e-04 2.197136132467180161e-03 2.619351210391922513e-05
-1.849564881929571358e+00 -2.331646655947174906e-01 9.664675413568014212e-03 -8.656237740954314183e-03 -8.611696355615408496e-04 -6.388292302096214639e-03
-1.631516275317831388e+00 3.674685239959547128e-02 1.179015666388817385e-01 7.355123410194014909e-03 4.187738803601821248e-03 -5.695021629410513056e-03
1.862075206133664063e+00 -2.629730943291104794e-01 1.489427180653294935e-01 -7.393483613405764723e-03 9.041747928727934119e-03 2.433912909898286805e-03
8.147730701086583482e-02 1.193214054568700333e-01 6.819951945523456717e-03 -8.716684127114394248e-03 -3.028857790753398558e-04 7.027132341789679845e-04
4.836907101263391434e-02 -9.032946756384305220e-02 -7.427324374050489619e-02 5.885703185663684021e-03 8.642713054154520225e-05 3.216878301578518506e-03
-5.730756275004669220e-01 -5.096499385183892589e-02 -6.594600256049491793e-02 2.985300057115364714e-03 2.250940640300822231e-03 -4.811021621940938381e-04
-1.015088284959754894e+00 -1.858798489068802795e-01 -9.504540943486464860e-03 -3.590250156600089792e-03 -7.823356904533852393e-03 -4.135512233256003964e-03
-1.952190093549636685e-01 1.257406941573225301e-01 -8.369628518958470431e-02 3.288026736508439189e-03 -1.281283416122615130e-03 2.949194346915493762e-03
1.972033774467720324e+00 -1.724647905646097823e-01 9.976525124999574556e-02 7.430483296892077642e-03 -8.130551448984519453e-03 -6.060607306387408473e-03
1.290191237392875445e+00 -8.842857523926624108e-02 1.890280124629776029e-02 3.264636035865339358e-03 3.233800220409522880e-03 -3.601504171034710430e-03
-1.337455538993640447e+00 -6.552518347176945757e-02 7.613674014213667532e-03 -1.741660809202538653e-03 -1.681717997691390982e-03 -4.787163873206361046e-03
3.216215278245656561e-01 4.733319017799036271e-02 -4.798734300534705788e-02 3.158643143290660194e-03 -2.739483145580198960e-03 -3.021898903419584226e-03
7.054690973346665339e-02 1.069674395132846761e-01 3.394618191697738180e-02 -1.024644254535976573e-02 -4.197002326376712356e-04 -1.288802126797382623e-03
-1.401591954920279770e+00 -1.563009715145934342e-01 -5.472339259518329418e-02 -6.971437418340518727e-04 7.747239645126382168e-04 -4.995059317030219395e-04
-1.239258708027725975e+00 1.509756497534713027e-01 6.199333592618908040e-02 1.251270108249971300e-02 2.009236315534062168e-03 1.851208334918910117e-03
1.101675141852716200e+00 2.433275892110835503e-01 -8.100938986928082897e-02 5.001377414194074214e-04 -1.794266633953167829e-03 -1.551842983445527596e-03
2.520202897107574613e-01 2.372479926782641857e-01 2.657291921424178444e-02 -7.416756995172741132e-03 -4.724651843500297997e-04 4.225825766946379562e-03
-6.375434267344328720e-01 -4.652597866580403252e-02 1.545925531621943766e-02 -8.082791376008660600e-03 -4.740335733109191443e-03 -3.870621568319327233e-03
3.400962872018630234e-01 -2.768642805756724168e-01 4.552616455463587286e-02 -2.076934702297141347e-03 -5.086103590564069674e-03 3.780821625340789315e-03
4.107472713996840330e-02 -1.094546485047586670e-01 -3.313229151359411984e-03 -3.788956485909456776e-03 -4.811825349130713532e-03 -1.038420361390984380e-03
1.132457722785297660e+00 -3.184035242066603211e-02 -4.238031516130156412e-02 8.027355691754500810e-03 3.905462468402776804e-03 -3.545341365101955210e-03
-1.195585800556046907e+00 -6.133275421309213049e-02 -3.372189766456246129e-02 -3.786368485071196343e-03 7.503433160358994637e-03 -1.276169850118005246e-03
-1.026474154312167597e+00 -2.695454115621986335e-01 -2.714619154466967055e-02 7.274188773062743602e-04 -8.823884403449392538e-03 5.537180417824618626e-05
-1.636565338874026665e+00 -1.301401388526467542e-02 1.693501605834472901e-02 4.446801750775016167e-03 2.122671814978895153e-03 -3.615913471988180857e-03
1.165067858241676024e+00 -2.612828697589712479e-01 6.590984952972064881e-02 7.896460889897103166e-03 -7.689374693908131164e-03 1.363359673520012300e-03
-1.559855342853523619e-01 5.228424067733207503e-02 2.340984256813449446e-02 -8.344855878954608730e-03 -5.046112809776167295e-03 -2.458568708123405350e-03
1.072300521729838030e+00 -4.057442772363184513e-02 -4.298098472686498472e-02 9.751497386484999849e-03 5.161029150165304807e-03 -3.623056598429128666e-03
-5.104315250276201255e-01 2.096618732062769091e-03 -2.627623445046848791e-02 -3.603026254133757933e-03 3.112349387894417473e-03 -1.774087775901266994e-03
-4.655535733715874258e-01 7.830545687036546965e-02 -1.895263244618411447e-02 -2.341217505342459322e-03 -8.661718825172250679e-05 6.383066157019448832e-04
2.027177273342727348e-01 2.828292914267386826e-01 1.198690709854060704e-01 -2.127950818464417748e-03 -3.530592514005938872e-03 3.412348638504434598e-03
-1.096334116664389624e+00 1.518973173268469909e-02 1.664660560932193153e-02 -4.654127174228474620e-03 5.768735675159290983e-03 -1.193304413770525287e-03
2.235025328070060213e-01 2.611420027571023650e-01 3.495906311736864808e-02 -4.231889827910295838e-03 -2.631855077029591691e-03 5.252364642491265737e-03
2.031637308507545647e+00 -2.731433241267469669e-01 1.549069751107314818e-01 8.283932060806864462e-04 7.021724819755772182e-04 -2.451237625169862565e-05
-1.428369652546864543e+00 1.302288003770954716e-01 1.424294345958167229e-01 1.599405444240430824e-02 2.639799276043867417e-03 -2.406247525788533619e-03
3.563914150289493148e-03 3.643268761321378224e-01 2.996241885746309674e-01 1.914011940645906143e-02 -1.672305452387995136e-04 3.698969149378279579e-03
-7.397515988802251252e-01 1.928314580860913605e-02 -3.768561545257199247e-02 -9.711305102529925893e-04 2.270773653186689868e-03 -1.514871183776677352e-03
-1.415326918352078023e+00 1.423147057749371835e-01 1.034837184469004634e-01 1.417413967045935870e-02 5.127690358743022987e-03 1.174509753604984852e-04
5.360555371914973444e-01 1.792831866806324781e-01 -1.267914015134986166e-02 -5.602459357715332787e-03 -4.830755787560443021e-03 7.120857983670312002e-05
2.919028141044902047e-01 -3.059513345964128272e-01 5.064838900713750786e-02 -3.664738797553585524e-03 -3.254006226609751622e-03 6.221021558328515555e-03
-1.624121762038385652e+00 1.887297800683085391e-02 3.277427069852491964e-02 4.043931146159324835e-03 6.351082032918445829e-03 -2.241725167243489424e-03
-7.023453441427264243e-01 -2.190712751505050349e-01 -4.894144169349069762e-02 1.016757923867892422e-03 4.813767090184057316e-03 4.083246435735024896e-03
-4.692373898113839648e-01 -7.712769896726601182e-02 -5.637923252271805075e-02 1.720097536659264737e-04 -7.723450787475389994e-04 1.068417466430617762e-03
-4.641978498779699147e-01 1.894845515909190370e-01 -5.403880649011413633e-04 3.185731126133613776e-03 -8.997847686039903928e-04 4.335055326710345394e-03
-1.875628075356066682e-01 -2.245612623357344240e-01 -1.657789439468158529e-02 -3.157767579555824031e-03 4.829520225151227864e-03 6.293947119148698109e-03
2.202514399732463657e-01 -2.236341837284931411e-01 -2.838046033518923719e-02 1.229917768574937016e-02 -8.132084368680759026e-03 2.782443241585916965e-03
-1.856696007787937350e-02 3.346248274301565767e-02 -1.728259965913480148e-02 -3.483923837088450954e-03 -1.024974729006533419e-03 -2.598204015109107333e-03
-1.027218841514835335e-01 -1.079139469672142776e-01 -3.609965742117451221e-02 8.547253755424993058e-04 -4.262622612347896113e-03 5.540341850104394924e-04
-6.722488583421185049e-02 3.794875464983040966e-04 -6.519342184425118425e-02 2.899807108693912500e-04 5.964616148114235995e-03 -6.653506538684627290e-04
5.367760552641963612e-01 1.824202072766821503e-01 -1.235777831824417215e-02 -5.576508623196227248e-03 -3.530301227148307987e-03 -1.050310041941957765e-03
2.916907132007209302e-01 1.770588627282846106e-01 -1.330779896508118079e-02 -5.957330987353157831e-03 -1.675237290635503721e-03 1.021352031441285883e-03
6.727666819207404059e-01 1.562673600329844981e-01 -7.238398806416791731e-02 -1.794590485392868464e-03 2.431604989626821433e-03 -8.040231994749805428e-04
-9.085204877945304291e-01 -3.165271866107289417e-02 1.311174989984833193e-02 -8.273858474638065216e-03 3.036788864151727073e-03 -2.416828157160526985e-03
1.814388049013117898e+00 -1.926158172365541599e-01 1.007847172251084417e-01 2.958346109042344317e-03 -4.898207702200631751e-03 -2.352565578695673450e-03
-5.365915137737424789e-01 1.620145829517657676e-01 3.316124886100671465e-02 1.771039728519978361e-03 -1.608155047062121562e-03 2.526629417462414751e-03
1.124987783991106882e+00 -2.774321340153733662e-01 8.366194574647611848e-02 -4.271881290272194244e-03 8.756936395739475798e-03 6.833463621829725422e-03
1.273763749418682645e+00 -2.868315150578206255e-02 -1.241664157612585619e-02 5.756377034520132434e-03 -1.469039191148580146e-03 -4.400372026493510995e-03
-1.205474612588763206e+00 -4.055636320682925317e-02 5.423463815122744197e-02 -7.286409261463594467e-03 1.802056188864885116e-03 -5.039954317074945428e-03
-1.378512436884077541e+00 -9.957544824696839061e-03 -3.880110521790256645e-02 2.491666873735596914e-03 1.310295433114479343e-03 2.578263199756591494e-04
7.126577251159018633e-01 1.522901719197428949e-01 -3.079860325873319017e-03 -7.762819110328183884e-03 -2.130772795399592939e-03 -2.416616532729074299e-03
-9.830154754134994288e-01 -2.598985841689199217e-01 -4.234265562188605642e-02 2.844763820296341964e-04 -2.226582606153036138e-03 3.725358919703144166e-03
-1.731276324113739440e+00 -2.115867892577349973e-02 -4.470113162137820915e-03 4.694856389408036054e-03 1.727435145508621466e-03 -2.594454295628572348e-03
-2.021363511701060323e-02 -2.097828734632614656e-01 -2.201246265663545781e-02 6.065118152784338551e-03 -1.116740176391740370e-02 5.700470005034600791e-04
9.918250181543664112e-02 1.022387228540301563e-01 -9.151686527129442028e-02 5.968350803407579917e-03 -2.519049165003034441e-04 4.497129841927477190e-05
-1.095395640141176408e+00 -1.112134174702280737e-01 -7.880944365020536857e-02 4.943390890710303888e-03 -1.898521253699285557e-03 8.021621949172019891e-04
2.328853653519859790e-01 -4.708223939183200230e-02 -1.978178061335403477e-03 -4.913474681362955780e-03 -3.724198094231742379e-03 -2.006681405368443416e-03
-1.307584876502581928e+00 -5.808039592147581920e-02 -3.859485244926499914e-02 -1.001848143371391643e-03 1.577105311538483032e-03 -1.550150841423276245e-03
-1.124499489067420033e+00 -1.182247935363384406e-01 -4.453348614406022615e-02 -5.448344720958145544e-03 6.751967026627943985e-03 8.284069392770614939e-05
1.323786619332283809e+00 -9.215173954740966955e-02 -2.075147025820281779e-02 1.066350756241152622e-02 1.066368192887807986e-02 -2.817143826356715945e-03
6.169435012708832655e-01 -3.055843596664939987e-01 6.759023427830262998e-02 -9.293837426150306988e-03 1.059476591696516604e-02 9.818946204114000278e-03
2.358480118328170061e+00 -2.144780843530848247e-01 1.658683596854410580e-01 2.230711008781274991e-03 -8.143356751257420020e-03 -6.642306396812502726e-03
1.496772479374374187e+00 2.325831505842612390e-01 -6.619915429053591094e-02 -7.232866630986576478e-04 -2.132617553206306131e-03 -5.349597135417504673e-03
-7.001568134969536894e-01 9.376496114095971002e-02 5.428739859946236923e-02 -5.664677919850468271e-03 3.466620086323137558e-03 1.432734964905594622e-04
1.414196028665451799e+00 1.953212544304824549e-01 -4.092455891892071707e-02 -5.443951370368308763e-03 1.149855894810914792e-03 -4.650847475894392957e-03
3.364508790940529126e-01 3.286396164172096790e-01 -6.429078644288913416e-03 1.061447820970624466e-03 -3.625586856249980294e-03 8.505501716632911380e-03
-8.526784360214253455e-01 1.581627802362509105e-01 1.399932597365391163e-01 7.091311214414084026e-03 9.988713005041846039e-05 -1.687371440652547881e-03
-5.046536062344405549e-01 -2.342197427281683120e-01 -3.913205155122217310e-02 2.803869040339510878e-04 -1.327718146812139569e-03 6.441631649680206947e-03
-9.943823341921423364e-02 8.983492183181797375e-02 -4.161152708704421443e-02 -6.892224937067700959e-04 -1.110509101903845363e-03 -1.102824732254725684e-03
-2.815135590845839197e-01 -1.049076590265188985e-01 -6.127917346006293148e-02 1.114833102579110106e-03 6.119928282082693315e-03 2.517523186041635032e-03
5.796652703586725464e-01 -6.742154151378930427e-02 -4.909485007340267521e-02 5.353474149774137096e-03 5.760948825771952664e-03 4.034850183343046998e-04
1.004957476497271435e-01 -3.675753447789736894e-01 4.988665414158568318e-02 -6.350571963324505402e-03 -7.222174879540838640e-04 1.090197982905488291e-02
-3.445546130152798425e-01 1.324897088261197120e-01 1.550372477955839004e-02 -2.378723504460500404e-03 -1.503417761354382699e-03 2.969068825461018929e-04
6.616341484886683055e-01 -7.754902131834526258e-02 -8.879907031066799558e-03 -5.055245035057215688e-03 8.264934551649410002e-03 7.342223349696727457e-04
-1.102682190815826996e-01 1.545797873481480067e-01 4.887319682121147452e-02 -4.689300449301391643e-03 -2.573172450798755836e-03 4.055604245438643239e-04
1.831953003940148816e+00 -1.637604094116953679e-01 9.494915673658618771e-02 -1.807102653449762066e-03 7.756308311549458927e-03 -2.599294048791479794e-03
1.366027738079240494e+00 -3.199615966441316517e-01 1.200253304419709316e-01 -3.116674167242703027e-03 1.662804720682368098e-03 7.343794472074780151e-03
-1.036712511035829676e-01 1.243076395842062087e-01 -5.149199156735709271e-02 -4.117938787753118619e-03 2.289007416841823666e-03 3.184526280307796962e-03
3.424259392914960620e-01 -2.018679366965654143e-01 2.989171074213880716e-02 -7.268987153776547243e-03 4.532828805541065306e-03 3.649622853520398825e-03
8.951143862198924772e-01 3.469723663885321274e-01 -8.370929140992869333e-03 -5.044961513061632825e-03 -5.200533774162609257e-03 5.755269703153240851e-03
1.014448826710007412e-01 1.812471983224222816e-01 -4.354141794425165496e-02 -4.229928153230756195e-03 9.291821893746245653e-04 3.813956586213016788e-03
-3.908827087581310256e-01 1.496166989312116835e-01 1.323392888371686428e-02 -3.665855387702549300e-03 8.880764461043327406e-04 3.530948519134910740e-03
-8.183917432387644020e-01 1.081645596424000988e-01 -1.447388284278799953e-02 2.102195577616094123e-03 1.770432038267604315e-03 1.421468356375992902e-03
-1.980848092270053595e-01 -8.554105699290563691e-02 -6.395209662161730185e-04 -8.778131277988975370e-03 2.263166664237187872e-03 -1.462059965214928961e-03
2.062689241605889304e-02 2.502372550773872550e-01 1.128153294767852005e-01 -2.753272363645488038e-03 -1.251725680879222334e-03 3.036464957267612404e-03
-1.128249170177722416e+00 -4.503336350852440995e-03 -5.372707182685728527e-02 4.971063155644640796e-04 4.169105090268665145e-03 1.404138684335265409e-03
2.822411318000027092e-01 -1.983334573449078153e-01 -2.675795328770578033e-02 1.188402646297126788e-02 -1.044093085430957552e-02 3.464044050901378922e-04
-8.083961118733734574e-01 2.019590468505894632e-01 1.278336704629563503e-01 8.854339976317033428e-03 2.610840111524831593e-03 1.509248511234995019e-03
7.207270301965491566e-01 -1.985098052335962648e-01 1.564807492830984012e-02 8.642339089184448639e-03 -7.087622294534553884e-03 -4.889581575883959492e-04
-1.722967574903589094e+00 -2.202351625342056640e-01 -4.471640881970265213e-02 -9.658110463304591222e-04 -3.284794662284083212e-03 -2.789428378842905010e-03
-2.150226814086519112e-01 -2.453739492842258174e-01 -1.166635103352953000e-02 -4.073913915871278310e-03 5.965772155386219779e-03 7.237842507242184427e-03
2.342454819834466351e-01 -2.621848366413673942e-02 -8.254191953858154573e-02 5.922032507080019284e-03 5.576915130093645055e-03 7.459307159883948836e-04
-1.751381215628064592e+00 -1.813696729963748810e-01 -2.438354585035411998e-02 -1.556160221899619131e-04 -7.082112246634058661e-04 -4.906326017302225541e-03
9.748086035063235899e-01 7.962699659489197446e-02 -5.865685125052896159e-02 6.273619116746563182e-03 -1.755510192224052704e-03 -5.256663441933909567e-03
-7.941618565046237865e-01 -8.339033534369440226e-02 -5.318885679666408850e-02 3.953140034114782024e-04 8.491331403541371291e-04 1.331177005293761588e-04
-1.432052438265785987e+00 1.250728390705481974e-01 1.842515647790271827e-01 1.641030922411880824e-02 3.772528766301638716e-03 -4.183770425542648712e-03
-7.751564343883047270e-01 -1.803461877351908993e-01 3.992878681023832171e-02 -1.142294966868470131e-02 -8.710018285723059722e-03 -6.507603856993901016e-03
-1.180009502926745668e+00 -7.676886022385244479e-02 -4.053681653778704735e-03 -1.459059937672626791e-03 -1.776581936091334605e-03 -4.584403929054601395e-03
-7.383758301551663905e-01 -4.844795464561847675e-02 -4.718984340801123806e-02 -1.453493206537077517e-03 5.169577769100998886e-03 -1.431388169836217156e-03
6.299081545400121440e-01 -1.558230630954666740e-01 -1.903356465336465903e-03 2.075982224388297961e-03 -2.733476246392365153e-03 2.346409231846101600e-03
-7.688879522300682279e-01 -1.476417549422718578e-01 -4.119073692423596417e-02 -2.617030839382900216e-03 3.741633101594996156e-03 6.824912961781378100e-04
-1.133623536550053990e+00 -1.649540583315624309e-01 -3.534605772717415439e-02 7.020007581057928102e-04 -6.927473477754408915e-03 -3.338677684160822143e-03
-1.870586202756032990e-01 1.905478149591120218e-01 -1.381521430851341027e-02 1.174671095608848057e-03 -2.396744549187645578e-03 3.418511066057703090e-03
1.528016087899937980e-01 -1.662209182439043920e-01 -5.083520753095242817e-02 1.021888058168733682e-02 -6.807143324941511073e-03 2.767879347444972965e-03
-2.150558413763834498e-01 -1.918134176214478792e-01 2.392972432707936303e-02 -1.572823429190304753e-02 1.673338911799871409e-03 3.425104870632163147e-03
1.104361248743664481e+00 -1.948018376020921871e-01 5.975517966126580455e-02 1.972638845590375472e-04 -7.902613966037407359e-03 -2.260405257149289708e-04
-2.710487524883840038e-01 1.636930418866340553e-01 1.592403706548648976e-02 -2.209159458552637303e-03 -2.505234815717732790e-03 2.898872604768109977e-03
2.874197894409070697e-01 -2.026337139530587014e-02 -7.251232726218093116e-02 2.822862105701271721e-03 6.130252555092740967e-03 1.351144178032516767e-03
-6.062549378239431297e-01 -2.309922202950277226e-01 -5.762063091110240093e-02 8.394582143731841792e-03 -7.446735347544418057e-03 3.408719799228002081e-03
-1.039166938049699729e+00 2.932979740996906337e-02 8.813311753267234760e-02 -5.283428145079355383e-03 1.453106335283597126e-03 -4.281781975906518052e-03
1.828130254741598071e+00 6.591574963204971382e-02 -1.496164084066652425e-02 2.701876810669325696e-03 4.144954852776670633e-03 -9.388336709217922835e-03
-1.582979009964168016e-01 -2.882087651057506014e-02 -9.429669731256641596e-02 9.928973523906958407e-03 1.457056343986048389e-03 1.859712351003144320e-04
1.062830117599344426e+00 -1.416845532514703909e-01 3.707583032742532703e-02 -2.537995362854370603e-03 1.897866738619560919e-03 7.051260491996745377e-04
-3.451902724689298041e-01 -3.159853712603866160e-01 -1.368423755737647844e-02 5.385443294695119176e-03 -8.150781222630517492e-03 5.570967550681048958e-03
2.118352186982682406e-01 2.799808027830321677e-01 4.626936453604982291e-02 -3.377109560278102659e-03 -1.747988649423638579e-03 6.051527843186700270e-03
-1.251218935463785931e-01 1.778011882924154796e-01 -1.963622054468566053e-02 -1.167782837879470254e-03 -1.363217332488663672e-03 3.117131296398079673e-03
1.040479471534607292e+00 5.560004063079614783e-02 -4.748876012738966618e-02 3.353248194180617845e-03 3.689101866352811291e-03 -5.379452349435823871e-03
1.973235125798537548e-01 1.248700366440398807e-01 -4.530085064543740853e-02 -3.778983986127120581e-03 1.285291140376650012e-03 -6.286377194215896894e-05
1.358542407140228558e-01 -1.920495209691753039e-02 -7.795249922282648791e-02 5.746829371005385441e-03 -1.113911790202092977e-03 1.182078796695080602e-03
-9.893379284928013329e-01 -6.744907486773897565e-02 -2.782604402534117824e-02 -9.390305039973800578e-04 -5.224831258982094544e-03 -3.022034507755054847e-03
-1.155719586517048203e+00 -2.403947922088161410e-02 -2.643190224082102649e-02 -1.865878454222703355e-03 3.164308496721160088e-03 -4.157788080304523925e-04
-2.333186887471271898e-01 -9.804212686122115716e-02 -3.873737734134800881e-02 -1.861507118211636535e-03 -3.069033270630307101e-04 7.607607863549305802e-04
-5.522309532757867512e-01 -2.028135573581041629e-01 -1.693209339467390342e-02 -2.973153166031658121e-03 3.132627398746934584e-03 1.960979243828728322e-03
-4.216521159614596281e-01 -9.310892962537556383e-02 -7.061616454370903129e-02 3.236456440864584824e-03 6.577982218427524778e-03 1.282016039842114822e-03
-6.542225836629453339e-02 1.632642810732730654e-01 -4.327964965629253757e-02 -1.575333948467907670e-03 -1.082088157856492565e-03 3.545478872042864479e-03
-5.499666898296431405e-01 8.873305933021040370e-02 -2.908004170660517113e-02 1.039892104390314695e-03 -2.328840648702379564e-03 1.051027794929570254e-03
1.064590960414243170e+00 1.799708316004688391e-01 -7.273483318601263459e-02 1.046948049216135743e-03 1.321172003393339173e-04 -3.832718157563901745e-03
-7.866583801018712796e-01 -1.176720949963913909e-01 1.913804362267149811e-02 -7.597249174544177218e-03 -7.278049154727483407e-03 -5.845101623367645813e-03
1.131561813496911650e+00 1.309909740493504504e-01 -5.050485636411156110e-02 4.998474318850559166e-04 2.488337300352656996e-04 -5.111486045138103479e-03
-8.947288935004009680e-01 -7.363146283329714825e-02 -6.717543629742646349e-02 1.271954555233565341e-03 -2.442918997640564863e-03 7.092745246394321305e-04
1.177537841173549538e+00 7.322589788320549298e-02 -2.867347243988042915e-02 -2.639069703441282184e-03 4.151708252559791271e-03 -4.262789565036725209e-03
-9.478634975142902208e-01 -1.152438027967824137e-02 -6.371272124030498418e-02 3.446156022215665204e-03 1.570227563241084192e-03 -4.298932469873259759e-04
-1.263765245995334352e+00 5.696740116253679043e-02 8.675015905541511030e-02 4.459829853625884612e-03 -9.117030848668079531e-04 -4.511542895901928495e-03
-1.368261206672873875e-01 -2.116551878911279438e-01 -1.528791191617175083e-02 -7.335914906370435973e-04 -2.920036305351355298e-03 4.242671823394468869e-03
-3.893480383225759733e-01 -3.320121268394978647e-02 -8.546730587785023037e-02 6.258692880155022377e-03 -4.211561477717577252e-03 9.702289931461673643e-04
-1.503314858000871605e-02 -2.664554627308526324e-01 3.420050658317375092e-02 -7.611588780868494726e-03 -3.459244350770459761e-03 4.704627387217257678e-03
-3.447167724516755211e-02 1.460569564579373425e-01 -3.473238203299629234e-02 -5.134978508522037091e-04 -1.975170603289144820e-03 1.236769838730185323e-03
-1.127794784266062944e+00 -2.237891234257073092e-01 3.209632677308788505e-03 -4.632092814304257684e-03 -7.534286615660607846e-03 -4.900656875330076413e-03
-2.232826181271666266e-01 1.285051026365596413e-02 -9.521175374745100006e-02 6.274981038336476143e-03 2.395173679698286810e-03 6.666332441192711561e-04
-3.316852739918086379e-01 1.106406018852170020e-01 -4.759956248676185109e-02 1.417412679288712358e-03 -1.141570888267231642e-03 8.434183291678370520e-04
1.861339557908505415e-01 -1.185801557100604614e-01 -3.946108941504659906e-02 6.433211217245406871e-03 -7.641730076393271273e-03 -4.370293705482178890e-04
5.637889540869803762e-01 -1.038402086641812966e-01 3.137992285039927030e-03 -2.018465249160945451e-03 -5.250542600457539779e-04 -2.351314971572362187e-04
1.168392154780868442e+00 -7.441403680765071131e-03 -1.099364710894340860e-02 -2.335727329924815231e-04 3.681771955118521948e-03 -3.521133840775414209e-03
1.532449691642644884e+00 1.423614549260096840e-01 -5.203802259767184579e-02 2.657780497314991049e-03 4.846008711079939678e-04 -7.479653439872999306e-03
-6.106905634404132810e-01 -7.154755221256266229e-02 -3.992040411163514518e-02 -3.065552894797587188e-03 5.410757436136195281e-03 -7.150104577981188309e-04
7.839195839187006465e-01 1.877629984727234025e-01 -8.914033116212199959e-02 1.849123246385561302e-03 4.817588624948749361e-04 -9.473146895313795755e-04
5.726722371703647091e-02 -8.245462178877135950e-02 -8.470301087047668598e-02 1.250868745968463334e-02 -1.652465672779493888e-03 1.118612537696417721e-03
5.431995837944327832e-01 -2.214408997556860381e-02 -4.155810780926507547e-02 6.515630557512237016e-04 4.752131017485205708e-03 -5.189466045025141819e-04
-7.722252379094589614e-01 -1.499783313507484506e-01 2.454801568825559430e-02 -1.066440786862124859e-02 -4.160627149363601424e-03 -4.557751843351780414e-03
-6.123159301817326927e-01 1.011737352125482714e-01 -3.401807620087075879e-02 -5.205744233275078070e-04 2.354407217641044277e-03 1.848924396285417078e-03
1.771738325716034401e+00 -1.043375878425515102e-01 4.747303250705958017e-02 1.106384897867182266e-03 5.366206297070050084e-03 -2.539839981614690906e-03
-1.061241972537737777e+00 4.958730157127533289e-02 1.383618683330309906e-01 -2.174321411572998665e-03 8.456784932590200986e-04 -6.276966059746320013e-03
-2.795216622255574657e-01 2.292218424017501144e-01 9.706309424099397731e-02 2.564294415916827403e-03 -1.561379929721906559e-03 3.068920480572694641e-03
1.086196910422990047e+00 -2.519006060299638916e-01 5.322683225283252051e-02 7.246927333097079663e-03 -2.857955000610011738e-03 2.729629444667847592e-03
1.887050348399502919e+00 -2.937562206301994744e-02 2.232603789609424738e-02 6.723301357705513751e-03 5.982438531472983973e-04 -7.439048259458145261e-03
-1.238629293368974205e+00 -1.522287448678371347e-01 -8.960402586325178637e-03 -8.535538814845644584e-03 2.700855232545672224e-03 -2.722096070329131211e-03
7.141030967913499783e-01 -2.791743650392083942e-01 4.221144668433677444e-02 6.119333353758382200e-03 -4.741691187250028985e-03 4.268565131280576026e-03
-2.035142423105748000e-01 6.039722703741449983e-02 -8.457409046991201662e-02 3.348805909236187914e-03 8.337588334405276200e-04 1.474170635919752528e-03
-2.506669398288768891e-01 2.352972738503005812e-01 2.382301894073336757e-02 9.181328276298963628e-04 -2.373868144719702280e-05 5.654746667208606498e-03
4.214240239206923921e-01 -2.573147476281013590e-01 1.424753441828510367e-02 6.740769781723348134e-03 -1.012055932956185816e-02 3.247633993908557223e-03
2.530120037628145746e-01 6.148470557653191310e-02 -2.085527360854627990e-02 -5.286066679434747902e-03 -2.472040185026589971e-03 -9.828887480724959966e-04
-8.775410538843440023e-01 8.584522384697236552e-03 -7.283801261079846101e-02 4.023762091416609372e-04 3.049195022039609924e-03 2.577245086909874406e-03
1.008810039475961151e+00 2.871537169570587689e-01 -3.755216814146692794e-03 -8.288207626393742991e-03 -5.217922040451500494e-03 1.856996375578907031e-03
-6.538518670106246988e-01 3.446669529298063139e-02 4.422168909248415034e-03 -7.128704248495013225e-03 5.188622264561229200e-03 -1.016862803341369442e-03
-1.300211413549644979e+00 7.495114105150406381e-02 -2.372817175824409874e-02 7.601050250763475777e-03 3.618060229572273175e-04 1.907238619553679095e-03
9.721585559308713043e-01 3.724288030751477518e-01 -4.744385812830762168e-03 -5.054906195825318270e-03 -5.283217451862889762e-03 6.583261691834971230e-03
1.752151414977741961e+00 -3.309789687601208952e-01 1.728504607662893766e-01 -8.328967098706677868e-03 1.739840488300475017e-03 6.135000262058655854e-03
-5.729808242965516163e-01 -3.144401972121992073e-02 -3.063948366240966392e-02 -4.745046003028984341e-03 2.102888746637253132e-03 9.644752584451343367e-05
-5.226878921848546744e-01 7.133352970992376703e-03 1.099617355007937586e-02 -7.994171131849246367e-03 8.584881105328320437e-04 -1.540219993174244241e-03
3.621850586586899956e-01 -2.516851896759808582e-01 -7.210622740774805944e-03 8.890734886865469047e-03 -8.678209970373733720e-03 5.103560778423739570e-03
-2.827423500942631285e-01 8.805240450403184135e-03 -6.271393000687772862e-03 -4.661802279135738442e-03 -1.828618134437570838e-03 -2.473217312088977268e-03
1.207693529800733412e+00 -1.005526594994165246e-01 2.555031589755048585e-02 5.662702578929769501e-04 -4.020258709456993665e-03 -1.993980950708110125e-03
1.995315229839582427e+00 1.517928401572964936e-01 -4.429023452642368019e-02 4.270819006930409723e-03 -6.683769386750843151e-04 -1.049182113569171321e-02
-1.596186249735945362e+00 5.482300250103168925e-03 5.648812034247460701e-02 2.593945326551961531e-03 4.327176597983112098e-03 -3.996853981888716031e-03
-2.466916212112987561e-01 3.642898695132833903e-02 2.164159309943639031e-02 -1.215206099423732714e-02 5.473494034739517441e-03 -1.912932773419458469e-03
8.027367251850463514e-01 -1.577285620837294011e-01 2.843372242596231558e-02 1.956979087522732735e-03 -4.466410836023004816e-03 -1.140778583690751392e-03
-1.707760792109772052e-01 -1.211399226204830648e-01 1.109624391799133789e-02 -6.911984204210072820e-03 -1.376320663427707839e-03 -1.697961749983682147e-03
-1.721388106773006132e+00 -1.344115742437490824e-01 -2.389783379153840454e-02 -4.067231455809358284e-03 7.238987011471511787e-03 -3.207192176076961807e-03
-2.640080803149210120e-01 -2.625184337382494570e-01 -2.286227492337571110e-02 4.018512551596888083e-03 -3.871127211504744956e-03 5.950726744836344444e-03
7.074175581329661400e-01 -1.517461622722213466e-01 2.289048268136060355e-02 -4.806039698573206891e-03 4.952629843996284378e-03 1.756383893351015158e-03
1.342452727664206868e+00 9.110424427052067620e-02 -2.471586734115740688e-02 -3.768729122464333121e-03 2.620180477869034439e-03 -5.144101824569717943e-03
5.965046409501895130e-01 -1.583581733260716606e-02 -2.796810338948099717e-02 -2.260339505580096983e-03 -3.362652100391858392e-04 -8.430643034853974342e-04
-5.907032103468888851e-01 -1.807867026467356864e-01 -4.042145856635396411e-02 1.477114893748118123e-03 -8.185046872285979200e-03 5.499450434036309843e-04
-2.973822273451289799e-01 -1.029418942341989024e-01 -7.834457990757083545e-02 2.919512913691023857e-03 7.896624941068011369e-03 3.802778378823961931e-03
4.386927520009694659e-01 1.442092626053945725e-01 -5.206398905533404786e-02 -4.678500324737986217e-04 -1.936802030762685856e-03 -1.597450861091633152e-03
-3.373118702990599016e-01 5.624593906202715599e-02 4.837076077543147300e-03 -7.743800384707928176e-03 4.358514961626847343e-04 2.583369476157571860e-05
2.499063497550367274e-01 -8.346039123116726077e-02 -9.988091984694105058e-03 -7.130595998331514668e-03 7.132938085236070931e-03 5.953146894812636402e-04
-1.016820839754543626e-01 3.400442049534336264e-01 1.857899039402506336e-01 1.310575898281983280e-02 -6.838141781191732016e-04 5.996903449032320484e-03
1.862714440669077431e+00 1.136831363454648969e-01 -3.064104469977500800e-02 3.538743780881677906e-03 1.062698194278923402e-03 -9.820972982386266814e-03
-3.973325345007161502e-01 -2.272114368786013749e-01 -1.715322660345287506e-02 -2.067125497443335336e-04 -2.830464875180599416e-03 3.095437690639192899e-03
6.990567459165503150e-01 -1.371484786179064282e-02 -9.659050808694873147e-02 1.517097452358749654e-02 3.928029674870525331e-03 -1.623836962347046699e-03
-5.639636091371311721e-01 3.792558080687021688e-02 -3.888165693891632024e-02 -2.615149714515789189e-03 1.785370785519308987e-03 1.205869777332261314e-03
-4.460254563255080518e-01 -6.323011994396984803e-02 5.266003927418538670e-03 -6.236761963321631186e-03 -1.135343242301977990e-03 -3.490898558176272655e-03
-9.547385324042891863e-01 -1.625235510808386574e-01 4.905870574576065221e-03 -6.249336693745497114e-03 -4.616403345174159047e-03 -4.469440446018145031e-03
-2.617392314935814215e-02 1.134521678321981086e-01 -6.501994981063688450e-02 2.008233962823968016e-03 -9.048855090552208489e-04 5.569169382605614407e-04
-9.092467991712500641e-01 2.321922729615904027e-02 1.578154620105667177e-02 -1.633842449550395974e-03 -7.992288646179338072e-04 -2.239667496571424478e-03
-2.865015048994389302e-01 8.651887787679772568e-03 -1.156416093283599289e-02 -5.086269400948601610e-03 -3.735740340191395000e-03 -1.679394142645559496e-03
6.210518686282630041e-01 1.862314316782657242e-01 -1.041664820932746705e-01 -1.979309151917801857e-04 4.246981539894996265e-03 1.692120078462290567e-03
1.560579663166971054e+00 -3.191307152076083842e-02 1.121641131795113495e-02 2.254709415759716291e-03 5.298264512181100061e-03 -5.873019280545966822e-03
-7.819235664029243749e-01 -1.147702827325369213e-01 -5.405161529117587238e-02 -3.443551387213021186e-03 6.280759426423373516e-03 1.545734683030928472e-03
3.029057620551345309e-01 2.281403501292432190e-01 7.666170314290936955e-03 -3.440835313529697157e-03 -4.262760839526982641e-03 3.016042868665257375e-03
-5.545416368739716217e-01 -9.487558129234803517e-02 1.518478510037755969e-02 -9.292135381225008137e-03 -2.740887474058577560e-03 -2.934222173139270067e-03
-2.404597190322319000e-01 -9.381628743180971119e-02 1.203075639765429673e-02 -7.262437205998119663e-03 -5.727833627762016731e-03 -3.474796623742612729e-03
4.938121779963429714e-01 1.756446892386292480e-01 -2.068741847895950742e-03 -8.278697069424200555e-03 -2.829895452370997239e-03 7.998631204302840674e-04
4.434007960709467899e-01 -3.107425904684543716e-01 6.341905087832050425e-02 -1.102431279733011478e-02 3.416706789014225306e-03 1.088015396738526742e-02
4.856185758817545550e-01 -2.069995652095278915e-01 -1.500831637964935607e-02 1.256571756667718143e-02 -1.127114956160741449e-02 2.490321746657830817e-04
-3.440917584004087038e-02 1.224502809545688700e-02 -1.765291027902185506e-02 -3.698854188085130487e-03 -1.678806923251146459e-03 -2.089761368808564293e-03
-8.074005496727688636e-01 9.238670307266169668e-02 5.943524283928796476e-02 -1.046229379867366378e-03 -5.123981544754123294e-05 -1.147175676160938499e-03
-3.221369339875021498e-01 1.020833999027738470e-01 1.274645216936840311e-02 -3.959124280879330708e-03 -1.161459960177424868e-03 -3.580166150449646742e-04
4.727813416393569224e-01 2.396804089041946195e-01 -3.140071999112690332e-02 -3.119295154911087657e-03 -2.897686669069689420e-03 3.168956227295428689e-03
-3.669718024316114685e-02 2.196080830236303572e-01 4.567581986656510384e-02 -2.984164650592118894e-03 -1.255765430122250800e-03 3.779601540490870430e-03
-1.469793667620372946e-01 2.037588444407585908e-01 8.788367463882602523e-03 -2.026910468697328601e-03 -1.153835306320415187e-03 4.478863863631101123e-03
2.862557725639329198e-01 1.547991260594477059e-01 -6.062637804402411928e-02 1.117577621096608629e-03 -2.584935789781579989e-03 5.375677958564559038e-04
8.516428520267844693e-01 -1.488505660572188583e-01 -1.338555466831936255e-02 6.790651077224992872e-03 2.260229795221084179e-03 2.653091895538139955e-03
9.048301296790760562e-01 4.126855659753170258e-02 -5.878137361924512527e-02 1.449688146759679904e-03 7.770440967647450868e-03 -2.811446796099523974e-03
-3.264736461383616617e-01 1.205849491323561923e-01 -7.191114749140434248e-02 3.606627314299957858e-03 -6.278336516350512073e-04 2.386730905714672200e-03
3.262737500209151875e-01 1.529278769632864687e-01 -2.181124208815319807e-02 -4.127560126953352948e-03 -2.789481255835558806e-03 -4.743822454563438075e-05
-3.722092191290877206e-01 9.844037752945514197e-02 4.282297543012909824e-02 -4.156368527107547409e-03 -4.707111034003470112e-03 -1.421377791770965342e-03
-8.492134934546626823e-01 -1.284117985113047422e-01 -5.106661942815921007e-02 -1.534602613257147032e-03 5.644219958485429713e-03 8.229609111361504362e-04
7.762498430303452768e-01 1.345546860669712963e-01 -7.730382248181631721e-02 4.943644038097987081e-04 3.158244352796158762e-03 -1.875469162239476245e-03
5.572280175017666481e-01 2.473145490399299706e-01 -3.478621475058123191e-02 -3.618573466701682870e-03 -3.925543824890447703e-03 3.228193817937351391e-03
-3.953018176840250586e-01 -1.287118317197813444e-01 -5.025169287847289223e-02 -2.795877444395758037e-03 8.246741414732651140e-03 3.084364140673628591e-03
1.894291266908142146e-01 -2.080803071950555749e-01 -6.762566980209808523e-03 -3.767875417075834329e-03 4.774492498097767865e-03 7.814197853319868048e-03
-2.945317751685978536e-01 -1.037675823752246679e-01 3.223392958952914916e-02 -1.442057656799902894e-02 -1.458061933831412396e-04 -2.474841074837272857e-03
-5.777579527789925562e-01 -1.305662069563171546e-01 -7.835910540471749397e-02 6.325882557659005465e-03 -1.376627022421562712e-03 3.154561947985727415e-03
-1.582342270438116705e+00 -1.170327488663843729e-01 4.720632592410251710e-02 -4.351970363418542799e-03 -3.817619423352727834e-03 -9.799637094454631547e-03
1.465014627669736891e+00 2.102473139715425876e-01 -7.595157264561069876e-02 1.314044773009709300e-03 -1.307834131957429265e-03 -5.764558761806825443e-03
9.090576083506817229e-01 1.256760434029054185e-01 -8.324058171199596665e-03 -6.404618822147650249e-03 -7.741711827004833617e-04 -5.341232719980560859e-03
-3.257667277733012484e-02 1.904403010389574824e-01 -6.720385795507855496e-03 -1.439419907913330830e-03 -3.235815330413461741e-03 3.275412430663683216e-03
4.175274668745191931e-01 3.082525193853897783e-01 5.811688504435670588e-02 -3.574690540186785653e-03 -4.029028999471914556e-03 6.054081914793337654e-03
1.409541393421760436e+00 -3.453678072843072849e-02 -1.771091806373891299e-03 3.443486895837104961e-03 3.761436295886424683e-03 -5.289842523319342182e-03
-3.655130673111009476e-02 9.811113618013526938e-02 -3.074101626314469302e-02 -4.973782974792093775e-03 6.789642446122844208e-04 9.758979573057966839e-04
-7.455750308621040823e-01 1.264908423994099418e-01 2.674249825483611745e-02 4.175872149464343206e-04 1.094402592252443447e-03 1.675885831624962258e-03
4.986096184517657681e-01 -7.534500555804121702e-02 -4.432908004471538405e-02 7.739088539250802735e-03 -4.874724187706535412e-04 -9.009995200248760092e-04
-2.072582560876317648e-01 -1.894625837967678916e-01 -4.492616606501168008e-02 4.394336038332597068e-03 -3.509407156167809565e-03 4.351032245800549522e-03
-1.835111410146476052e+00 1.990626644592760619e-02 2.269148802633202955e-02 1.075636624747352936e-02 1.430399787667350564e-03 -2.910803025662543706e-03
5.266272933378237653e-01 9.909437972278345441e-02 -4.888305234234394808e-02 -2.446811750039616369e-04 -3.712745093034517090e-03 -1.619678746382420109e-03
-1.688713686797206279e-02 -5.762018468824874062e-02 -3.423723857126379638e-02 1.204741607777362134e-03 -5.559763213993918624e-03 -1.883774689197348015e-03
-1.291108907175737119e+00 6.678723425028876282e-02 1.183523001176939177e-01 4.157982114094235966e-03 1.951262200232790033e-03 -4.466256799356590514e-03
-8.167183568285812933e-01 9.264923348612891241e-02 -6.055625943972588882e-02 4.994751525280939804e-03 -5.018908105738989706e-04 3.169009284012705690e-03
3.424654106680505294e-01 -1.930281329881218533e-01 1.032246440590254069e-02 2.090837872038692896e-03 -7.994071522331527152e-03 8.201639140168682151e-04
-1.219755111638452627e+00 -1.551064921211300351e-01 -1.802624330699036798e-02 -5.589817125617368467e-03 2.352238083997915379e-03 -1.842038718553567827e-03
-1.661253560380483885e+00 -1.201966052322128026e-01 1.561657334859348212e-02 -7.990533981660434115e-04 -4.356480446743678757e-03 -8.802806963942051005e-03
