2.567954752362138660e+00 -2.975119579057730057e-01 2.076808278125507334e-01 -1.729727143010939897e-02 7.154754994670874460e-03 1.551875090609757413e-03
8.757382818900801835e-01 2.419951112117461889e-01 -9.048264551489217100e-02 3.587798800059809751e-03 -1.285711793228758431e-04 2.790619915248029534e-04
1.408542862317309352e-01 -6.725113324843290386e-02 -4.005338523641923526e-02 5.673837250119806962e-03 -5.445749626124418534e-03 -4.901831758351111665e-04
5.022342001035121073e-02 -1.382010844906783886e-01 -5.583136607366925852e-02 3.749861701769226664e-03 3.392442414015855306e-03 -5.458873465613817838e-03
-1.976381082328843852e-01 -7.260145454365672657e-02 -5.503277097984045352e-02 2.537344773596542265e-03 -1.049719283850030892e-03 -2.751008567760994568e-03
1.801504113156459752e+00 -2.251696874946528537e-01 9.748819768910933770e-02 3.595100964552583501e-05 -2.567503736319465095e-03 -8.097540003216440645e-05
-5.866059305257778078e-01 1.558183628007368260e-01 7.194089261095336363e-02 -1.628649830419667084e-03 2.384463500913218588e-04 -1.675706238626620097e-03
-1.166132519040112281e-01 9.837877938595449012e-02 -5.479009601458617595e-02 1.775767856829580304e-03 7.030599158603093772e-04 2.715256061310074190e-04
2.657535349337753483e-01 5.959599893697837408e-02 -8.119919422641497936e-03 -1.056531184421150753e-03 -6.820530843231471622e-03 2.448308445323787563e-03
-1.811704969140810917e+00 -1.702441413337923981e-02 5.789023967391139502e-02 5.227295340947980644e-03 4.513883355101938957e-03 2.430283580777184687e-03
-2.385452928027426700e-01 2.446970034051794696e-01 1.300357248494933837e-01 2.147522651952916799e-03 -1.899408387607521382e-03 -3.727126448409612269e-03
-3.106218304331509472e-01 1.556591980433232325e-01 5.346764361837518659e-02 -2.797054357962515305e-03 -2.573275382519881523e-03 -2.434485902154954323e-04
1.920149198420154912e-01 -2.216796071314636185e-01 -1.907191048363033117e-02 -4.928748887684820772e-03 1.107922387778423681e-02 -6.222319004604614026e-03
1.040778314702639262e+00 -1.456232118539253495e-01 -4.786568357578974836e-03 6.353343042390401964e-03 3.531667354653055240e-03 -3.119484995072129355e-03
-4.761330535464162184e-01 3.878668486480785216e-02 3.814816612008608675e-03 -5.829220451238226013e-03 -2.639171633751053424e-05 2.197082210259133396e-03
-2.735834405213879439e-01 2.455372380691199508e-01 8.646747702594799467e-02 7.346368098127673994e-04 -2.081150776330841119e-03 -4.401155469462970579e-03
-9.418374691974060742e-01 2.296448089105018464e-01 1.453045109831519188e-01 1.245532770147804967e-02 4.197730086920275008e-03 -6.698949611800962371e-03
2.746630386839832294e-01 1.863852062142061722e-03 -2.632010840205504035e-02 -6.575926133729598742e-04 -3.601825787994122549e-03 -2.963694366269957567e-05
-3.069426755953748032e-01 8.245760628072149045e-02 -4.306321146321047399e-02 1.230660960514781601e-03 -2.419553105603617119e-04 -4.312686187947206012e-04
-4.338464890020042319e-01 -9.483912404308195154e-02 -6.378157072723054932e-02 5.243645362895926754e-03 -1.242152578604782199e-03 -2.282973447993718718e-03
-6.578568089684788678e-02 8.374927949287271078e-02 -6.206632628958480558e-02 -2.695301515341546553e-03 3.697501015534761584e-03 -1.653027113387542900e-03
2.098706391121043513e+00 -1.582566405496259321e-01 8.985243533812865835e-02 8.637484751524739102e-03 -2.763371319143684713e-03 6.225009752520346482e-03
1.907469602238605733e+00 -1.243529950201090750e-01 6.313868396491785495e-02 3.299109006834816289e-03 2.182186435935696851e-03 2.499662413868137395e-03
6.762014579244377543e-01 2.677993225091032103e-01 -2.104801650936703045e-02 -5.023472427907903735e-03 -4.166608673805834509e-03 -1.154640555648792566e-03
2.720909091910286293e-01 -2.184965697202683257e-02 -2.251230366513517697e-02 1.134925391811764626e-03 -4.721669028844059472e-03 7.444156446828255769e-04
6.678720854282153840e-02 -3.305693992301951267e-01 1.478388507879411194e-02 -9.119254881419815856e-03 -3.567842775465706294e-03 -7.664690404790611665e-03
-1.301240286525019996e-01 -3.074499018562589989e-02 -3.576543237559791366e-02 -1.720268792936017251e-03 2.370093010918942762e-04 -9.778434201652256869e-04
-1.412995378370195176e+00 -8.920720050853210570e-02 1.592982571558291052e-02 -8.099651907635944297e-04 -1.229402364251987179e-03 5.420469652516551884e-03
2.567307678195435150e-01 -1.411041037516126417e-01 -3.301462029139037163e-02 3.395354202077436115e-03 5.303977329825057541e-03 -2.543956319108266282e-03
1.542252557304834681e+00 5.590695851649585962e-02 -2.017458526512915309e-02 7.524369796908353045e-03 4.566319888906886573e-03 6.132270096971964742e-03
8.054450677439767281e-01 -8.682228323890103794e-02 -3.376416932701019336e-02 4.696440455078344442e-03 3.601412943193274367e-03 -3.320742762804156870e-03
1.015116612803076857e+00 -1.746838042513142453e-01 2.321484454213720156e-02 7.703582015940580287e-04 5.084390854918800946e-03 -1.626960003727101305e-03
-4.212824347563929872e-01 1.779388798752110090e-01 6.895517485442552441e-02 -7.479632068297066083e-04 -1.923821285360677834e-03 -1.485055485279585495e-03
-8.070266772117186127e-01 -6.187961001984954024e-02 -8.846218906138408541e-03 -4.006267452025914950e-03 -1.058005628587829674e-03 3.205870267097486910e-03
1.634234034503021793e-01 -1.237983077863265974e-01 -3.944941361237070537e-02 1.817247015143364994e-03 6.897418123307563591e-03 -1.584554296557048403e-03
3.645229468157512032e-01 -1.510456031732408111e-01 -9.889159982440876712e-03 -3.712858281256076025e-03 6.941128255851566030e-03 -2.591060670097461091e-03
9.286734226868086362e-01 1.801352397720180076e-01 -1.584309505625618869e-02 -3.324874225555846368e-03 -2.120281270127174870e-03 3.952800075021397318e-03
5.755678040100629111e-01 -2.184707313372508397e-01 1.651465927892778809e-02 5.873532650473977518e-03 -6.482007745443904220e-03 -1.207637211559059237e-03
1.466292694359625282e+00 1.543093690577220789e-01 -2.261263403402400188e-02 -6.613327819932323650e-04 1.507391835036299291e-03 5.550121093205453646e-03
-1.239775188820733121e+00 1.566615802915388433e-01 7.926910163990565084e-02 7.491081965073720719e-03 5.256651445877299697e-03 -4.200422993764993569e-03
1.360908198327528962e-01 -1.759384812637631856e-01 -3.750016696128586485e-02 7.177583985683350445e-03 -6.842649705380239372e-04 -3.894556264704613236e-03
5.094157576383492314e-01 1.935345450564602762e-02 -1.164117522652972567e-02 -4.250992679154553221e-03 2.911328142354922040e-03 1.997912562385675481e-03
-1.742823926921653221e+00 -5.734934714917892806e-02 3.721827669595735577e-02 4.682819419550452063e-03 1.830888442154768011e-03 4.875778302770176868e-03
1.000007189477903208e-01 -4.888920503105435855e-02 -6.937400341999989950e-02 5.729187536116432666e-03 2.603111370591177070e-03 -3.514740403018376622e-03
-8.306005865632336282e-02 8.779185418562998611e-02 -3.378704809575534818e-02 -2.998448817323315710e-03 -3.569588876479943261e-04 -8.683147523966006651e-04
6.284889639066303380e-01 -8.341142167509242589e-02 -1.573824561517953025e-02 -3.138659643046706835e-03 1.350468725014838164e-03 -3.695785057719331527e-03
-1.532145831489567234e-01 1.385543033683274694e-01 -6.660424462943977109e-02 -3.868686358834061510e-03 4.372007684037879094e-03 -2.701321680350411876e-03
-2.797443727113048395e-02 6.395421803234653535e-02 1.035724908767463558e-02 -5.623038317200746046e-03 -3.474365787923529791e-04 3.696657065010113506e-03
-1.825114019260503539e+00 5.365100612954921445e-03 9.850140822715071354e-02 9.426125409739735672e-03 4.740152356164546721e-03 2.663233997313262016e-03
-1.542166881121445732e+00 -7.128800438900109726e-02 1.846077041263854968e-02 -4.310237038772971561e-04 2.452874493409210044e-03 4.552383518807057335e-03
4.487221607102138271e-02 -1.419669177765615908e-01 4.554437032661179038e-03 -5.493224308861852437e-03 -4.923802668460707486e-03 -3.908111745790649317e-04
1.617010631934745479e+00 -2.436881275659375512e-01 1.024291911845843089e-01 -1.202707257703836304e-02 5.336546505342492849e-03 -4.397583179831516913e-03
-8.019953051064505622e-01 1.822824884036399473e-01 1.157161153187833275e-01 4.946704498727268369e-03 2.402797549305375410e-03 -3.384980521845437629e-03
-1.094201385831075485e-01 1.620180945204696410e-01 1.110197913600504023e-02 -2.531902861720480933e-03 -3.841184048457085224e-03 -7.619337425433653482e-04
-4.238291710499564324e-01 -7.850333312513290557e-03 -7.828544689583094573e-02 7.175212455223908305e-03 -8.817366097528816929e-04 -1.710203590398547092e-03
8.995304304781631677e-01 -1.382642887571123302e-01 -1.407835488637603871e-04 5.097315262967297943e-03 -2.123381304200107084e-03 -2.795495299345457114e-03
-3.414720151691461592e-01 1.349150084859147558e-01 -4.471924614509936724e-02 8.050973951101742399e-04 3.603708732377462667e-04 -7.821250975458863500e-04
3.032865635912150304e-01 1.910726491218038559e-01 -2.642650313297478099e-02 -2.618421968386533405e-03 -1.869249936292720349e-03 4.715869892552273981e-04
7.330146186098343009e-01 -6.175709743039206612e-02 -5.200674441682259785e-02 9.800522281900260826e-03 7.828951667172899184e-03 -5.098555358541749733e-04
3.308740620835310398e-01 2.735498163776739489e-01 2.217575944690478029e-02 -6.195452484624128751e-03 -3.434558503805268653e-03 -2.902169665648829475e-03
-5.200734536353639470e-01 -2.098036631789796519e-02 -6.395666019658194715e-03 -8.551905389262840981e-03 5.769520259026390818e-03 2.644585945719222196e-03
1.269018379268168628e+00 -1.161716870784206407e-01 -7.873628286149359987e-04 7.524513841217990266e-03 8.465890670836417886e-03 3.504281834098605546e-04
2.664833741631704445e-02 -1.350870768243600528e-01 -4.923230117548693663e-02 8.092278955739212656e-04 7.674070094080834986e-03 -4.095325474425409035e-03
1.419248931793921198e+00 -1.197153487048363829e-01 3.410170423552016938e-02 4.493426308354989997e-03 -4.002749306882449030e-03 2.473528202507608133e-04
-3.604692914280754890e-01 1.177400892677264027e-01 7.438975059519224720e-02 -1.005102240234951975e-02 2.318779230230686057e-03 1.035637509038083662e-03
2.074564165300535612e-01 2.101832388687945863e-01 -3.139880107467415971e-02 -3.243032398697715327e-03 -1.065038490601896487e-03 -1.590278652754506571e-03
1.107173394758911078e+00 -3.296354814109689335e-02 -1.498016756025119002e-02 4.016811613369274114e-03 5.277606392611777081e-03 1.953338595150130776e-03
1.456558635796262768e+00 1.443454029932905724e-01 -3.841873386319149403e-02 3.728220912068027412e-03 2.489314281258953043e-03 4.897577643530295205e-03
1.575996158205852593e+00 -1.919267959693622683e-02 -1.037411922553062478e-02 9.715544786270837938e-03 6.324902861812055181e-03 3.695841977004848608e-03
-9.851014533095692194e-01 -1.841567984806252722e-01 -4.005066249615638757e-02 -9.960857334181759783e-05 1.006545592146023478e-04 4.370780930030233381e-04
-6.938710023169953889e-01 1.474441756112135071e-01 7.864924536195633600e-03 3.636564555435103192e-04 7.948935147943986994e-04 -2.151004944968409275e-03
-4.751128070758637856e-01 1.346808737406385015e-01 -1.245057128428484795e-02 -1.119019474012777123e-03 -8.819857684491056241e-04 -2.082086109729814130e-03
-1.151948746784729138e+00 1.951036923280249913e-02 -4.154413016566394987e-03 2.416868155622494026e-03 -2.962571882626419324e-04 1.154957086335415672e-03
-1.260264339969759062e+00 9.864343713200884878e-02 1.214832754558224648e-01 5.501986881228565322e-03 4.824677622256999705e-03 -7.221257749216640574e-04
-1.068000915977837195e+00 9.795781824224554513e-02 4.839373873323896125e-02 4.887991676804580646e-03 4.899039024594867807e-04 -5.074437515550398814e-04
-1.677928317710977169e-01 1.297182824258613087e-01 1.660888686502044742e-02 -3.344699700175684381e-03 -1.754630311444734230e-03 1.114332453607120611e-03
-2.015590352949304664e-01 -1.527984871632250691e-02 -7.690379138813278892e-02 2.610264324754444417e-03 6.146643747920551258e-03 -1.931786331682802758e-03
-1.250150357576061078e+00 1.558059681766366944e-01 5.799027613834919354e-02 9.804451252762727900e-03 3.053146456707492209e-03 -4.632128962436731119e-03
5.672246108316687796e-02 2.236044604055840990e-01 -5.016723531117715101e-02 9.368272575990811658e-04 -2.213651262908822824e-03 -2.994614045201718280e-03
-5.416767010010877792e-01 9.738660208598533263e-02 9.441475259609522636e-03 -1.239239910374066332e-03 -9.053927597179556807e-05 7.002160057046613855e-04
-1.325372839945744730e+00 -1.004861826670995217e-01 3.672364890826127631e-02 -6.154295295543478310e-03 1.268497095871376967e-03 6.035705302228529245e-03
-2.686417558361596514e-02 1.295747343888084269e-01 -5.532697074552223732e-02 -2.533877116848084945e-03 2.751290398106854326e-03 -9.304934094404155014e-04
-1.811666910617754089e+00 5.601883820451722396e-02 2.013457269581495068e-01 1.940987607027090667e-02 7.143704843037064489e-03 1.251497207229800013e-03
-4.711552318016453134e-01 1.610925483001073577e-01 9.479863934916141210e-02 -2.982456083952846927e-03 2.805918676211711536e-04 -5.567356680166197103e-04
-9.744649776912591710e-01 -1.309976163044040132e-01 2.959210373338836894e-02 -4.016415257668499994e-03 -5.991132427384248359e-03 7.371026163292479505e-03
1.605513869031957586e-01 -3.407442018663076749e-02 -5.570288261313061963e-03 -7.569345628407504745e-03 3.248522889929840538e-03 6.669117713917164115e-04
-1.170604300500173583e-01 -2.337687868345621200e-01 -1.009022388640010322e-02 3.699154149057960923e-04 -6.192721898983606296e-03 -2.602119103524608117e-03
-4.884396497286564998e-01 1.070488453196854622e-01 7.098444097325425084e-02 -4.895162812511876134e-03 -1.868401988573931269e-03 9.418057927739516147e-04
-3.288537306253368486e-01 1.464601222858192275e-01 -5.333332321354718186e-02 -1.315202226339618396e-03 1.625681791273235000e-03 -3.201940007281772315e-03
-2.382932852077812302e-01 -2.291475046732883714e-01 -1.806902564747408721e-02 -8.468786078061315073e-03 -2.418790764415949465e-03 -6.756466332353049629e-03
5.776836450620300711e-01 1.765807782265308434e-01 -6.567581438014082063e-02 7.698720789474248821e-04 7.787871442558567947e-04 2.135784199097019742e-04
1.572879653612503370e+00 2.456353257044064098e-01 -4.164381242247575110e-02 4.812819650936606564e-04 -2.270203017938964701e-03 5.151559876869821544e-03
1.171066384936327864e+00 2.738372117387978255e-01 -3.348937124464881204e-02 -3.400903857055517093e-03 -3.324980669554890213e-03 2.062742293213861832e-03
6.163893295120792537e-02 -6.094722814907679170e-02 -2.698843643506014869e-02 -6.192132532553041094e-03 8.322054940982450549e-03 2.682789801911175036e-04
-4.121422196150349992e-01 -1.441124968648300336e-02 -5.172604303374505989e-03 -6.539913862033605585e-04 -3.618154889990423534e-03 2.818184070959438466e-03
-7.778883390761515138e-01 1.844853862007471701e-01 4.041398402301037140e-02 3.394965588809659672e-03 9.591921415728413280e-04 -4.119179355861579510e-03
-6.210259542973251001e-01 8.979771802367092493e-02 -4.085705082585836673e-02 1.252644161317575640e-03 5.770669061019001022e-04 -1.394148149591853446e-03
2.686302531879735778e+00 -1.929402032584812965e-01 1.626695474726352619e-01 -4.056053490153596966e-03 4.553344778426955675e-03 7.610969404951760907e-03
1.050185360614485752e+00 2.272148115716633374e-02 -3.356776573356647000e-03 -3.426756098755346768e-03 3.020586865745437163e-03 1.954564091499173470e-03
5.684580796597638042e-01 -1.892467439356272374e-01 -1.910308176308230313e-02 1.047615372337394775e-02 -1.978319132981226809e-03 -3.464929672390060136e-03
-6.923613550427070162e-01 -3.092910134687435614e-02 -1.865019649553411457e-02 -1.848326958033682946e-03 1.962962543156207464e-03 2.643202889531021636e-03
8.909185244301829343e-01 2.973675736824833993e-01 -1.582820186137364263e-02 -5.459226394005014561e-03 -5.507022136107403432e-03 -2.783931019085922852e-04
2.611169105006814761e-01 1.084943805566955105e-01 -6.185853185220950567e-02 -1.628640136752537671e-03 1.729240148898823987e-03 -9.561429074605076652e-04
8.442670125658717772e-01 -1.898643173549815211e-01 3.637460403612773757e-02 1.604236317019560763e-03 -5.660062325305991772e-03 -7.016895149806396444e-04
-8.249427672388216781e-02 9.974872309846057050e-02 3.355837306252244670e-04 -4.536479635906369608e-03 -2.726567104058595127e-03 2.716816652264182922e-04
-1.095885083428574207e-02 -1.772354470182453123e-01 1.385663200397966449e-02 -1.055993886492737066e-02 2.202518906220479831e-03 -5.439031960736687892e-04
-1.249447138097526944e+00 1.012668361109010512e-01 8.953623912284444653e-02 8.129427565941446318e-03 2.271201174359975712e-03 -7.950482574088278903e-04
9.331761022756813739e-01 3.921988180018490255e-02 -3.618318346375239830e-02 9.799766450457271429e-04 4.254469379834328359e-03 6.483773792581895264e-04
5.667558605809813743e-01 5.681864595359654296e-02 -3.784861293614222993e-02 -6.111748436802781192e-04 3.658215377515642696e-03 2.554779303208624952e-03
-6.503461073602172515e-01 -6.536230259900940864e-02 2.988801366802837020e-02 -7.579408539597640160e-03 -2.491819011288880573e-03 5.661742682488523151e-03
-2.594336057275912766e-01 -1.079206110281817482e-01 -2.854295888280250840e-02 1.575266754017137652e-03 -4.127823050380972913e-03 1.062105238246874441e-04
-2.967188406456658933e-01 1.056691648455956589e-01 -3.783170791715363690e-02 1.285732937238792803e-03 -2.159400266938258511e-03 -1.068025409699850225e-03
6.514514743032818744e-01 2.473175303976892503e-01 -9.039349476795311908e-03 -3.758896990013596562e-03 -4.304866942932219359e-03 5.356756716608295985e-04
-6.354699581013550924e-01 -1.173069326066638468e-01 -9.969647493088776291e-03 -1.838850037761216843e-03 -6.226822301807918847e-03 3.055877905328820403e-03
6.825874527662304514e-01 2.791297140065886473e-01 -8.555470285641200712e-02 7.566198711971367169e-04 -2.247025415546322763e-03 -1.179907874885372486e-03
5.137914318349085657e-02 2.781113534773044238e-01 1.371219815745400306e-01 -2.706709048137677289e-03 -2.184803093331954063e-03 -3.993556521790187983e-03
-4.132418723003400962e-01 1.612431529168667776e-01 7.890713510789457152e-02 -5.003120097299687194e-03 2.631538362694868386e-04 -1.388152374166792520e-03
4.479243989989060148e-01 2.830693650408805939e-01 2.622111884173799340e-02 -4.094406443141260753e-03 -6.312529269771883535e-03 -2.368534019209957240e-03
1.098271623643159334e+00 -2.313321566926168360e-01 4.223785003777039831e-02 8.120717869023501984e-03 -5.882660690240082597e-03 -5.581530776607835460e-04
-1.540227825639954584e-01 2.026948567693556968e-01 9.149462251580278704e-02 -4.113629318741040229e-03 -1.810761592443476146e-03 -1.507406329352291080e-03
8.441988651276888245e-01 2.452547949783277781e-01 -8.467097503999813923e-02 2.901106750095099832e-03 -2.486073862065722837e-04 2.526788368135584397e-06
2.615618741240239298e-01 -2.235306529148358423e-01 3.221938808722766851e-03 -4.010881600933625772e-03 -5.869523636836173827e-03 -5.647518092876679247e-03
-3.647567523501523690e-01 5.415823768416291872e-02 -3.515210624269890505e-02 -3.463491171407066024e-03 1.561545316952587343e-03 -1.789599067435971365e-04
5.228547147242210702e-01 -2.019605475422821261e-01 -1.236346811434767962e-02 8.279585033135907976e-03 -1.571635826378282256e-03 -3.941294091895215963e-03
-1.525800517953519675e+00 -2.105711248892828402e-01 -1.009054226407013997e-02 -1.782701855348649582e-03 -2.039181887330850877e-03 5.863249864276980777e-03
1.137440771948796892e+00 3.050600102523383650e-01 -7.316142066229604571e-03 -5.816337714556097001e-03 -5.601073389376794512e-03 1.277298622568214491e-03
1.944909754226561427e-01 3.155403264025823801e-02 -2.899091730118626489e-03 -6.930101326828734358e-03 4.215470019118706534e-04 1.268688162561299945e-03
-1.709152458522741058e-01 1.655577444684420418e-01 -5.654645716926944010e-02 1.476729848392580339e-03 -1.148358163343123029e-04 -2.009729030665628920e-03
1.955480096315687755e+00 3.333168682162419155e-02 7.493916584065139774e-03 4.343008118601976095e-03 8.284983805072204319e-03 6.629867517434391566e-03
-1.465477271998085473e-01 4.647909732986676978e-02 -2.188160670808794381e-02 -3.066612268971445187e-03 4.654146526736671055e-04 6.454656103823355100e-04
1.942821916071445776e-01 2.018666725952771857e-01 -3.297025717668866651e-02 -5.934912154055482433e-03 2.419813596873905486e-04 -1.954491677943856476e-03
-8.092273625728985120e-01 -3.855014010581763687e-03 -3.423390937137856666e-02 1.717411477921198778e-03 -8.422939090487087388e-04 5.312322897691822534e-04
-1.784741282354306291e-01 -1.081481916865066617e-01 -3.128217235072439789e-02 2.973667794406737157e-03 -2.352188925743681647e-03 -6.287258333585581951e-05
5.804192584714649161e-01 -6.955553241315030888e-02 -3.166547939643623438e-02 7.347092900015676081e-03 7.971802532291804981e-05 -4.680084466523959591e-04
8.517342864590716767e-01 2.130306687185237469e-01 -4.317483432545642097e-03 -6.677727306508723405e-03 -2.701659595413497504e-03 2.212632191333896610e-03
-1.992302969708727778e+00 -1.545670836691346861e-01 -9.444429700791965102e-03 2.430116776524367229e-04 2.782567285078868611e-03 5.483144618338283913e-03
-1.913261295563002173e+00 -2.796810912966102292e-01 -1.862095618607416403e-02 5.376525518655002464e-04 -5.573936501850256485e-03 8.023318536844034274e-03
1.689713515515347320e+00 -4.563911168008760733e-02 2.660977691717359220e-02 3.766787287944219423e-03 3.283099013624074785e-03 2.899202690421422753e-03
9.380468393667331650e-01 1.540675400500438053e-01 -2.663510108015759020e-02 -2.665146026158085862e-03 2.162583577019631172e-04 3.190904609303397716e-03
-1.549133237742011671e-01 2.208708497035486440e-01 9.393648956729604496e-03 -3.070308148769890395e-03 -1.392585865149085405e-03 -3.485188606844471983e-03
1.747984694686442575e+00 -1.149889564284004434e-01 3.561231767648041779e-02 7.607629993446289075e-03 8.077830363548955950e-03 4.042629193685792072e-03
-4.787081768429429229e-01 2.482356913134952936e-01 6.963203280746106671e-02 3.174065376053366184e-03 2.371972491969085502e-04 -6.108353287365110400e-03
-1.112937867440091155e+00 8.715354067662341164e-02 1.846606654693225963e-02 3.341776823700367866e-04 3.550908240463531654e-03 -1.559994890652414545e-03
5.597375551924920201e-01 -5.389025374427328097e-02 -2.693442027697901670e-02 -1.277693827870268967e-03 5.908965154041837843e-03 -1.369652325505182769e-03
-1.242787650515107423e+00 -6.142379317838232017e-02 6.013678737416466857e-02 -4.036639656327711649e-03 -1.287946936915310625e-03 6.691816425931227524e-03
1.073974127380179278e+00 -1.830819322682373518e-01 3.071064629651941436e-02 3.303183368965107499e-03 -3.640392294490410463e-03 -2.316931576018616858e-03
-9.009700545465972876e-01 8.326049305187448180e-02 -3.338585722292237989e-02 3.650378008800897207e-03 6.301744260126715923e-04 -1.319497493431822949e-03
-2.506264677998086207e-02 2.841139552600133178e-01 2.384365471940621400e-02 -1.294420882560988386e-03 -2.784729332586740810e-03 -5.589475444216675595e-03
-8.708268011478149662e-01 8.391097732860033909e-02 1.285700379210463588e-02 -7.132416016350562110e-04 1.648416619641640286e-03 1.064717037970202033e-03
-1.739958852864431194e+00 -2.586687429112685122e-01 -1.046256920534860109e-03 -6.570144526754655503e-03 -2.808052075245168720e-03 6.704256013005191125e-03
-1.711842884190892811e+00 -7.657159599920218725e-03 9.478620935877161979e-02 5.714183779080564234e-03 4.748319938638776924e-03 3.490419050749776590e-03
1.935865980119113372e+00 -2.481581307931224056e-01 1.244399803879036176e-01 -8.986216299535396482e-03 7.909454501958701825e-03 1.487503795843428097e-04
1.773935713956278915e-02 1.163161382019707313e-01 7.445822973926032214e-03 -6.731181735017504469e-03 -9.680006239334386624e-04 5.774440332311396107e-04
1.208639841620604560e-01 -7.626286026664716444e-02 -6.124059052064944469e-02 3.657243001548943391e-03 2.029617660512614437e-04 -4.233674406349361048e-03
-5.029141400992869215e-01 -4.771393829678891724e-02 -6.032177333892831811e-02 2.967159460246583929e-03 3.390990551501364518e-03 -6.300184215236221167e-05
-9.293815206323132738e-01 -1.953397287514096470e-01 -1.982269496925430363e-02 3.873434268869654549e-04 -7.283240720502223708e-03 3.317205497538983690e-03
-2.305599182084548948e-01 1.302140732131585321e-01 -6.517572803225440969e-02 2.529756447699609782e-03 -5.935579982323931037e-04 -2.386944695457467441e-03
2.003562137678567279e+00 -1.525077167880306006e-01 8.555489065211063782e-02 9.039651880976258200e-03 -6.271953911629364262e-03 5.889113561971230475e-03
1.335232593371635579e+00 -6.829732042354226540e-02 1.603792203296761781e-02 3.926738295055597940e-03 3.589047273918730303e-03 2.291271186832685713e-03
-1.306404473262130495e+00 -8.799836607231352470e-02 6.506366798589290588e-03 -1.522376530914608915e-03 -9.147942411835383340e-04 4.535429098649693125e-03
3.251264052893874101e-01 5.818363543185457037e-02 -3.972697075805110833e-02 4.027758386486971105e-03 -1.828203005301002725e-03 1.870995663252031501e-03
1.140677014397352765e-02 1.008172169432811766e-01 2.831717138963211686e-02 -7.402546391827976614e-03 -1.182867551628457529e-03 2.549840540509681550e-03
-1.297118612679489358e+00 -1.658182414729077458e-01 -5.438415005478456493e-02 -6.063089094102815460e-06 9.716017576316269199e-04 4.476987878789181487e-04
-1.358084230753856536e+00 1.183539505150191379e-01 5.252724956189144812e-02 8.998405468433905499e-03 3.249332008002435261e-03 -3.072611106344104795e-03
1.012138601771441104e+00 2.654726346352227484e-01 -6.023762044671810562e-02 -7.604617989813014847e-05 -2.428804547697770936e-03 1.221972592413793357e-03
1.130031034748383012e-01 2.317952726161717214e-01 2.754702900528339937e-02 -7.403434695374085973e-03 -1.628904791216741676e-03 -2.337980293821149622e-03
-6.310392856136199935e-01 -5.891878221488303785e-02 1.021483780495598299e-02 -4.220791325804135186e-03 -5.217937354834161802e-03 4.089754691394236266e-03
4.656523910114956366e-01 -2.698388523526804583e-01 3.347637835215785257e-02 -1.664025877481441641e-03 -5.387517019338111494e-03 -2.971871366596303722e-03
8.682607875879286286e-02 -1.047401286522991748e-01 -8.687912876537031218e-03 -2.008624348240499024e-03 -4.693932513142657324e-03 -2.609585360699867313e-04
1.173279537818334939e+00 -6.949377721075628532e-03 -3.267183653287894507e-02 7.561147607679470813e-03 4.729503817818218880e-03 2.121683063049820215e-03
-1.130509536945698335e+00 -7.232321520118568936e-02 -3.310059671568420236e-02 -3.852217832724998126e-03 6.722589034681375128e-03 2.370694068906923149e-03
-8.871422846990809630e-01 -2.734628123753888307e-01 -3.455882041344306155e-02 1.968707946929547023e-03 -8.156466355294730505e-03 -2.557787096758939679e-04
-1.637453646464703150e+00 -4.192485782230172264e-02 1.334085987080012303e-02 3.495480592110663046e-03 2.287981809104782868e-03 3.411397897596061320e-03
1.266078465175088708e+00 -2.473687353271761813e-01 5.836617711322719670e-02 7.238379289614123129e-03 -6.780656777994343784e-03 -6.110413962723431659e-04
-2.016787969499750643e-01 4.357879519764338433e-02 2.095800239594438827e-02 -4.648615100483501766e-03 -5.324930715200232659e-03 3.043167258926254403e-03
1.126546441565358991e+00 -1.682730585987522731e-02 -3.202596230248745679e-02 8.603163483274616982e-03 6.140805241391203081e-03 2.197938485661702235e-03
-4.813271623668355925e-01 -9.780344107457076500e-04 -2.657197541437565994e-02 -2.189721322148785454e-03 3.211372518738013580e-03 2.015130688345007689e-03
-4.917758570246918426e-01 7.121533781849405387e-02 -1.396273678603040906e-02 -1.522997490012948079e-03 -1.736936576017062079e-05 5.093952586067823076e-04
-8.228143792810693876e-04 2.633672683700820638e-01 1.010936079212988309e-01 -1.737418934884524084e-03 -3.886482985923040388e-03 -3.121672638790947037e-03
-1.103847953914969260e+00 -4.316084516890113590e-03 1.293143062806464613e-02 -5.265811092187843746e-03 4.592501599209490755e-03 2.367024492533335422e-03
6.394768993078546460e-02 2.528411941875947644e-01 3.608368166803089389e-02 -4.304590757161727045e-03 -3.347938129066038195e-03 -3.485934756169281699e-03
2.099912786251665331e+00 -2.580591696249519562e-01 1.329422063396885345e-01 -3.926948427980207898e-04 1.246688312083292505e-03 2.716398405199756637e-03
-1.569739845811488399e+00 8.141679006515634143e-02 1.210434568857950005e-01 1.242956904351563002e-02 4.433334985766245254e-03 -5.183705425124717804e-04
-3.032615222823938916e-01 3.071689027383719406e-01 2.627179564272218992e-01 1.531920180106051931e-02 2.518419798439860708e-03 -6.963569269169650293e-03
-7.113825504906174935e-01 1.404476384387277725e-02 -3.476323661128354059e-02 6.371011251960905257e-05 2.399132015374907945e-03 2.271543155099024335e-03
-1.545802504406868172e+00 1.016978363604878199e-01 8.471350949303518840e-02 9.743382471779889545e-03 6.295821617487980075e-03 -2.377596244220053952e-03
4.388478277660501359e-01 1.837910071494140429e-01 -5.770106364355075297e-03 -3.500435012531830700e-03 -4.843845177714463206e-03 5.330251240168981100e-04
4.311442732682412293e-01 -3.000071223632863049e-01 3.851872619726777469e-02 -4.247606685528378979e-03 -4.077972915539944225e-03 -4.571798996283694613e-03
-1.648396844116861049e+00 -1.100071331336196709e-02 2.368802949645242364e-02 1.706912807499197599e-03 6.217564993654633478e-03 1.902379858717001201e-03
-5.530415776364890901e-01 -2.150933743432981993e-01 -4.725036533123729010e-02 -1.395058083578271492e-03 4.684447903518845248e-03 -3.527938716301770063e-03
-4.107582096436517838e-01 -7.366073216419816161e-02 -5.228266656855341116e-02 4.111959318133826891e-04 -1.677874106786783723e-04 -1.881360235170123282e-03
-5.589515886150986379e-01 1.780156967719299377e-01 2.914836596814884915e-03 2.061607637649389476e-03 -9.641910447860514797e-04 -2.753021030957612802e-03
-5.395391493765858137e-02 -2.171193247194334874e-01 -1.875530011925251317e-02 -5.411899921693923837e-03 3.988448387388255495e-03 -5.341243730912587258e-03
3.408783404726774546e-01 -2.119371656501619627e-01 -2.061329777736740573e-02 1.092030854594753034e-02 -6.949200750922784886e-03 -3.014934136425625067e-03
-1.712101590423011077e-02 3.569988906066909329e-02 -1.814615974181900751e-02 -1.144325435899720689e-03 -4.336553677206427481e-04 2.280110010186959038e-03
-4.341049535977497403e-02 -1.010721360933399676e-01 -3.396255241768652428e-02 1.231667924628873341e-03 -3.922375334778883949e-03 -1.728779523162913547e-03
-2.211759583703808499e-02 1.047214153981923870e-02 -5.729067926583769621e-02 -6.225044893046689006e-04 5.935050853419063591e-03 2.644559897117328444e-04
4.586721316291618722e-01 1.888447229868181199e-01 -9.553318296918675290e-03 -3.126391426512843338e-03 -3.655205651922753107e-03 1.834573850294916224e-03
2.120718816523053107e-01 1.795888547984997863e-01 -9.078419387658602166e-03 -4.358077185852010996e-03 -2.003921467686825119e-03 3.097111731994554320e-04
6.248872321984608735e-01 1.737179231359188003e-01 -5.695531093312822951e-02 -2.642308724676582961e-03 1.686293215137501947e-03 6.309718136420684612e-04
-8.934611971702437483e-01 -4.717531736713021645e-02 8.878222510875015752e-03 -7.010065788869905383e-03 1.822312811010399439e-03 3.390790288427981448e-03
1.861979991284785196e+00 -1.739873573981026156e-01 8.503321712001937760e-02 4.140062552763021896e-03 -4.086293301213001980e-03 2.628818922864392324e-03
-6.416015606975536967e-01 1.431938984163111661e-01 3.364177166216152093e-02 1.068676382596432575e-03 -1.398005556507925804e-03 -1.620567507501710202e-03
1.243021351988097933e+00 -2.646894593666276330e-01 7.128125774373855750e-02 -7.376652928972968898e-03 7.290547404530780054e-03 -4.509227716045023822e-03
1.288045256922867754e+00 -6.692119245535825892e-03 -8.244394345324474252e-03 6.571178851911555624e-03 -8.133327660622311720e-04 2.130175803753098576e-03
-1.207401854202432512e+00 -6.716903806038228286e-02 4.330413072620244164e-02 -5.928385327322200152e-03 6.676595157503399224e-04 5.408593749389406166e-03
-1.360041696587299453e+00 -2.785463947892551084e-02 -2.904961554177847363e-02 1.262997746749574364e-03 1.218939477209784539e-03 6.694094404250263515e-04
6.409406938834614209e-01 1.604863794458613879e-01 -1.826469862354499277e-03 -5.181549354526838146e-03 -2.660119335336176647e-03 2.636688277368983997e-03
-8.273267801900217044e-01 -2.602144111656295444e-01 -4.547473760928319453e-02 -5.169185938726574307e-04 -2.059422584673633282e-03 -3.288930111119073817e-03
-1.728114554068949316e+00 -4.910262624864624587e-02 -2.761816920346260411e-03 3.334745742720769505e-03 1.701226321074246527e-03 2.562047243909148543e-03
7.604427487517086137e-02 -2.020856391002182895e-01 -2.019470310968047091e-02 6.344214079170272698e-03 -1.026872894918843399e-02 -1.221469679843626907e-03
9.591133987627820101e-02 1.142532149330597463e-01 -7.367611664409018379e-02 4.796276246186127398e-03 6.648449054787861816e-04 -5.048878968208714508e-04
-1.008993560888049812e+00 -1.145095408957843564e-01 -7.134885472840091225e-02 5.135216743577655785e-03 -6.180777845231562621e-04 -1.382761652860012075e-03
2.466336607402538628e-01 -4.162352610127148522e-02 -5.798694039347815007e-03 -2.768389199528422870e-03 -3.700072609030843548e-03 6.787076170882169702e-04
-1.260063724621731218e+00 -7.208956530022800346e-02 -3.377496925513910619e-02 -8.012820194507047763e-04 1.154665902504781010e-03 2.297380854754601642e-03
-1.038782280868620012e+00 -1.248900059855946321e-01 -4.572116633292031690e-02 -5.459528782916845020e-03 6.176702626321482585e-03 1.946389672955468994e-04
1.401692720678806348e+00 -6.681426707343811333e-02 -1.057082518608140620e-02 7.397208472959457791e-03 1.161488081220729204e-02 2.835913099869255029e-03
7.604814709785493454e-01 -2.966899630580746572e-01 5.478094075096921062e-02 -1.272992862637457347e-02 8.321278954562317740e-03 -7.017568631598838404e-03
2.377360204099800978e+00 -1.965694653067627806e-01 1.386300003413266646e-01 4.641113441873806304e-03 -6.535972407960180530e-03 7.536712335833878167e-03
1.409027191481848407e+00 2.591981859229018914e-01 -4.898638278485623054e-02 1.793242937166611200e-04 -2.820690668328546848e-03 4.098844934985647857e-03
-7.726758086162734962e-01 7.295118848612891505e-02 4.585924848977992324e-02 -5.883250300304790174e-03 2.369796860185322679e-03 8.053676565680813453e-04
1.330864639545135564e+00 2.183663365142354817e-01 -2.929046097513613930e-02 -4.889123246803742801e-03 -6.462873303977577648e-05 3.551740695156927960e-03
1.512733062425523634e-01 3.253114785985859458e-01 5.826960193658665445e-03 -6.313256770057483003e-04 -3.919488161495498016e-03 -6.574081681096658955e-03
-1.003369911742302278e+00 1.196739748205532805e-01 1.173599818323113331e-01 5.862986960734358974e-03 1.214939221336056203e-03 -2.498439492715245317e-04
-3.693894705432915204e-01 -2.293331018988184755e-01 -3.732265234364379181e-02 -1.956100965520663967e-03 -1.806759367967217473e-03 -5.965928611687616907e-03
-1.107993701515971180e-01 9.296221882063918085e-02 -3.625813684505201778e-02 9.453043145391221798e-04 -6.211636713885256011e-04 1.502646093723219566e-03
-1.889215134843288957e-01 -9.588138763241128848e-02 -5.498554760988495771e-02 -8.602041207718831009e-04 6.294834619566411216e-03 -2.664721155130724776e-03
6.468583179639829650e-01 -4.916269537318185973e-02 -3.900674277544186053e-02 3.583745239504965499e-03 5.793544236243093094e-03 -1.315529898501848404e-03
2.786470634943603586e-01 -3.627977913149768585e-01 3.894519713064626548e-02 -8.831916790112852300e-03 -2.604224726105305691e-03 -7.490452552596557796e-03
-4.059915054177337668e-01 1.222869811107050730e-01 1.420525146246248357e-02 -1.204425169403594955e-03 -1.785979859415290491e-03 1.190440286609165078e-03
7.099576265568083855e-01 -6.244625309190925122e-02 -9.228706917446297467e-03 -6.292751542166978053e-03 6.996418752010685402e-03 -1.639166303043903183e-03
-2.018584432516697391e-01 1.416071452677429288e-01 4.378429781984644747e-02 -2.775582203611057664e-03 -3.018978039255638957e-03 1.066261127168136686e-03
1.882345894032890543e+00 -1.440565886253949990e-01 7.996093563034489815e-02 -2.258190239224679759e-03 7.725399290241816673e-03 3.148816490315005639e-03
1.480916713336690060e+00 -3.081759703292930030e-01 1.019548301956552799e-01 -5.515304878516421455e-03 7.627310335224346104e-04 -4.340329692165387047e-03
-1.481431194929153650e-01 1.269288293327366091e-01 -4.037466991628171215e-02 -5.123386766305723476e-03 2.597617950496941986e-03 -2.137155827792948729e-03
4.405907426735212185e-01 -1.937540867400898703e-01 1.978836710877709265e-02 -8.110852557177227959e-03 3.377649236878096060e-03 -3.497394086932820775e-03
7.065139002229054999e-01 3.526598047830906135e-01 3.017690074170352107e-03 -4.770195473501455570e-03 -5.918851480578118246e-03 -3.980201173741659132e-03
2.326009954752206177e-02 1.843212378456204059e-01 -3.172218353222915066e-02 -4.624707031873646554e-03 4.657643814406660756e-04 -2.236646940823565875e-03
-4.809017540138341151e-01 1.367758781491212050e-01 1.688420085831550052e-02 -4.329525952201441694e-03 1.378517757525653264e-04 -1.892680666875750251e-03
-8.547941849660276592e-01 9.581775871666266264e-02 -1.117645809730838553e-02 1.097057527652129478e-03 1.478482360775021983e-03 -5.313820735254989647e-05
-1.507930550755752219e-01 -8.435075123772135808e-02 -9.519717440386507232e-03 -6.716721056792025225e-03 1.919424901383409623e-03 8.532911925389549939e-04
-1.614694494065289088e-01 2.295192795646150141e-01 9.474797923932598565e-02 -2.926006862351394813e-03 -1.637411227646115791e-03 -2.793775831131418107e-03
-1.096575527932338590e+00 -1.494812095265513410e-02 -4.436651392308038622e-02 -6.021683898638054491e-04 4.030995665365015579e-03 -3.576754446333552063e-04
3.813089308487741524e-01 -1.863579417234107471e-01 -2.044948975672824035e-02 1.161200660275406998e-02 -9.012401223739838901e-03 -1.271653225220825689e-03
-9.750017236602083193e-01 1.669119039693166551e-01 1.048761255272229742e-01 5.843193981933337590e-03 3.357848367185669106e-03 -3.191693892542761275e-03
8.129405853086786315e-01 -1.852579445125236701e-01 1.424025001939967748e-02 9.048537967530212792e-03 -5.984571045464699875e-03 -2.918091676039296744e-04
-1.599798300269212659e+00 -2.355087595046723437e-01 -4.756688138261075394e-02 5.783922108389452079e-04 -3.473160765226705228e-03 2.686681017896482265e-03
-7.056827581954704109e-02 -2.383579950816119009e-01 -1.493645593239278230e-02 -6.645727383421297027e-03 4.898952859470361021e-03 -5.832947159142720488e-03
2.943037683165945495e-01 -9.276710530979699956e-03 -6.715007053654155345e-02 3.530481938540355052e-03 5.797085447460287137e-03 -1.508534061013230886e-03
-1.640835323974362270e+00 -2.016861040716064479e-01 -2.703285612269080984e-02 1.261005957362710530e-03 -6.776215276225300808e-04 5.006965380494426271e-03
9.636721196355312324e-01 1.006299212950629712e-01 -4.497575979106521737e-02 6.840939862635627734e-03 -1.140624495420393967e-03 3.212063700554944595e-03
-7.254264329529372946e-01 -8.563591549342548792e-02 -5.043679120902848367e-02 9.641680362968911133e-04 1.607037570050719915e-03 -6.368994547632903002e-04
-1.582641390731261311e+00 6.983846193738602048e-02 1.561048796303663444e-01 1.290387922097593031e-02 5.448845532405230049e-03 8.109465483790380316e-04
-7.156772375289368604e-01 -1.932627032886263252e-01 2.024029633420416918e-02 -5.386483274040185579e-03 -9.132936645105753024e-03 5.844654962449570036e-03
-1.130281829762727508e+00 -9.381555395977715650e-02 -6.327085044123749447e-03 7.536607874779084745e-04 -1.552766282893368798e-03 4.796671692349179471e-03
-6.717350372346180265e-01 -5.009124755983215133e-02 -4.634464659847309376e-02 -7.931271081007706556e-04 5.424918781243661704e-03 1.414561779725384896e-03
7.048076526926189134e-01 -1.412634361541877381e-01 -2.409832814260564563e-03 1.800232903821421052e-03 -2.908947556579440357e-03 -3.322593962873377806e-03
-6.675584831835978949e-01 -1.477811753789673166e-01 -4.410301246135415326e-02 -2.600821599307165215e-03 3.998464548542440822e-03 -1.063093492586908960e-03
-1.045973631886204958e+00 -1.737150816798973818e-01 -3.895767697834248006e-02 3.647378860880768313e-03 -5.857090651327835108e-03 2.552156217101999441e-03
-2.701199030434815462e-01 1.846963476531099935e-01 -7.184696368928600307e-03 1.240238656891666340e-03 -2.262113857888688965e-03 -1.714148151960426204e-03
2.518054845081004745e-01 -1.528503571485454182e-01 -4.065155324586573055e-02 8.942204712931908425e-03 -5.992167352959583936e-03 -3.700137232232521452e-03
-1.374556176123985507e-01 -1.910325523150496196e-01 7.922530537053388416e-03 -1.464735967987088744e-02 -3.414123792690585183e-04 -3.465731442272723759e-03
1.164356957714855367e+00 -1.810143240897020833e-01 4.775767457699479218e-02 1.958549314863353239e-03 -7.879131473253741039e-03 -7.438620515298288802e-04
-3.723353453145297753e-01 1.511525929988709049e-01 2.089795955026099022e-02 -2.179882941953357935e-03 -2.622862891795118764e-03 -1.461819861844600730e-03
3.351928171067292683e-01 -4.060183042728074745e-03 -5.935365737324359986e-02 4.289631546896012222e-04 6.003164627212698515e-03 -2.139568255191731140e-03
-4.710812456106837076e-01 -2.264755442700041033e-01 -5.052048743275323883e-02 6.772045792337353688e-03 -6.401287670731206983e-03 -3.399920134699659698e-03
-1.098667919576632013e+00 -1.371802252683052741e-03 7.252222728088512926e-02 -4.333735504257903680e-03 8.003914842747611490e-04 3.963611901911742036e-03
1.812691173179679538e+00 9.522292012120679716e-02 -1.058473000706735070e-02 4.415719880570211607e-03 4.587893418944727006e-03 7.399412795141536124e-03
-8.794507021414890713e-02 -1.656120256748088923e-02 -7.788562082297074973e-02 7.950112941106878689e-03 2.714946533141899317e-03 -1.164058428804618699e-03
1.119568673435882511e+00 -1.256576636440208949e-01 2.854424970905149184e-02 -2.029914649612260969e-03 1.423527055575321641e-03 -1.593530729002046349e-03
-1.762922738792686295e-01 -3.114205893542466574e-01 -1.312701774296960201e-02 3.558376367840492254e-03 -7.932646758543295679e-03 -4.265748979338213585e-03
3.589578104523179214e-02 2.698193283677175480e-01 4.497752485010517859e-02 -4.097244499865867334e-03 -2.595947612835362243e-03 -4.493414531228064404e-03
-2.007298424414932780e-01 1.741771772396597806e-01 -1.240308435598744090e-02 -9.669399235615078626e-04 -1.412613849201576526e-03 -1.386726527999323534e-03
1.047540418388557271e+00 7.746562100280365848e-02 -3.704977333299749875e-02 3.501934417937231647e-03 3.632819809043154758e-03 3.647021749770779173e-03
1.601737909560164153e-01 1.320860244528078153e-01 -3.747884819383464489e-02 -3.165955015288531103e-03 1.016515887684171131e-03 5.559497707369808828e-04
1.674522459031000110e-01 -5.986368410757990713e-03 -6.301699863010717939e-02 4.162220157357345365e-03 -7.031811799886282651e-04 -2.522259824884789600e-03
-9.589046526018354388e-01 -7.982029114742890397e-02 -2.428962221461286597e-02 1.525335629934083904e-03 -4.706859016803974748e-03 3.051945227996089374e-03
-1.126621465633737884e+00 -3.856917096894849767e-02 -2.209693800339243563e-02 -2.066919535605439735e-03 2.665995100744619675e-03 1.410459572803622434e-03
-1.690368791239615365e-01 -9.202927958794583641e-02 -3.835032164905081281e-02 -1.486613477093649653e-03 -9.357219844959192845e-05 -1.595159517968890075e-03
-4.298248716025917515e-01 -2.017221508998324198e-01 -2.269416589336986298e-02 -3.657898172643821253e-03 2.989697823670572213e-03 -1.911386157211833123e-03
-3.223132165900388646e-01 -8.516021347621756388e-02 -6.299717422823712665e-02 1.272499890203587346e-03 7.136663768015384483e-03 -1.531374078770191167e-03
-1.367027465155520594e-01 1.631560287709289958e-01 -3.027792732439042039e-02 -1.779187641167802227e-03 -9.914944683006210371e-04 -2.161871191217174578e-03
-5.806275048659456095e-01 8.067917940531237064e-02 -2.033076752365354720e-02 1.690234041791266939e-03 -1.809657346924304060e-03 8.682691251521687027e-05
1.013540445832549652e+00 2.026113846815521258e-01 -5.602807776791941807e-02 1.044698889979922161e-03 -4.021452432137452245e-04 2.899017124200270554e-03
-7.500396492847485330e-01 -1.311097609249400331e-01 9.133831215548648616e-03 -2.648586070889438499e-03 -7.294599949453782657e-03 5.482399724494152818e-03
1.091960405685999724e+00 1.525152824621866521e-01 -3.844867400381801054e-02 1.152069367073809639e-03 -6.698284371233148410e-06 3.593764138485627205e-03
-8.403853582460555360e-01 -7.678615489736308197e-02 -6.013807917981455614e-02 2.069948176830696193e-03 -1.743576325883374693e-03 -1.139639684832020970e-03
1.156847593291009169e+00 9.437581393237713667e-02 -2.231988469550357304e-02 -2.092588137663465089e-03 3.461650724369363680e-03 2.778990316606835646e-03
-8.966139595423467945e-01 -1.655835823746568472e-02 -5.579065189902524674e-02 3.726654266192914750e-03 2.448437230233530514e-03 7.333335194157230728e-04
-1.343021056870521646e+00 2.136650975775179068e-02 7.251627271378847939e-02 4.731197693387688766e-03 -3.451802956436837949e-04 3.355621226296341079e-03
-2.411988559354256642e-02 -2.049666496045548791e-01 -1.720306907456580631e-02 -1.682958380663389288e-03 -3.241775517428090950e-03 -4.321693360238587807e-03
-3.558397120199791042e-01 -2.732222434496574953e-02 -7.153774240485753777e-02 5.833272044158469873e-03 -3.042477080365680285e-03 -1.932336131129310311e-03
1.062753779447064284e-01 -2.626045181401244766e-01 2.030766932028635688e-02 -7.119022981811381351e-03 -4.608784955718541951e-03 -3.804771502800197505e-03
-8.392488425049882128e-02 1.466786273047572808e-01 -2.680572885981268721e-02 4.887542195314145211e-04 -1.521902438098088296e-03 -1.996168893001115045e-04
-1.028909835402297190e+00 -2.360442095536254281e-01 -1.091606386863584049e-02 -5.134400821974298423e-04 -7.009597983310937239e-03 4.238341167604085628e-03
-1.781660537232781505e-01 2.346800462956281919e-02 -7.989070502335664237e-02 4.778936284764541062e-03 3.344465021998173707e-03 -1.222976559958682688e-03
-3.521580737336151845e-01 1.099069473377995293e-01 -3.906447029462838810e-02 2.084629254526014584e-03 -4.718506660167549882e-04 7.624211849381684278e-05
2.452080397245092191e-01 -1.075651791302177779e-01 -3.294255019836411780e-02 6.536902588743460051e-03 -6.913973392646346333e-03 -1.052802792470396848e-03
6.148579108237589574e-01 -9.183555401451938549e-02 4.320546338238785754e-05 -1.412214853332913189e-03 -8.694608929322753888e-04 -1.021002126914716387e-03
1.178440192065680847e+00 1.299026436047416924e-02 -8.432157947214123997e-03 2.207838828323271301e-04 3.284948190402153453e-03 1.716100777906285312e-03
1.488588376094605703e+00 1.696821399094306793e-01 -3.934068816103496180e-02 4.041831960845266268e-03 5.538841669403630477e-04 5.332274164235752296e-03
-5.394978142630607598e-01 -7.143649800312573683e-02 -4.127689279735293620e-02 -2.391192782680451150e-03 5.652209440849808100e-03 6.100043617396331847e-04
7.286680853206477515e-01 2.078734273253810272e-01 -6.860870895229040367e-02 6.056189546601675831e-04 1.369391771556870499e-04 5.381778036411744752e-04
1.390755092739124066e-01 -6.791427427111183801e-02 -6.739599367368206972e-02 1.033913205488715473e-02 -5.160288451886745542e-04 -2.388450434144511868e-03
5.789788745479402809e-01 -6.458428344726980901e-03 -3.416968390288678548e-02 -4.710466623408468036e-04 4.472387256748823134e-03 -6.390469653833474742e-04
-7.116683382437963834e-01 -1.608409264695211116e-01 8.762616735880747812e-03 -5.947408151941591635e-03 -4.729969278599511183e-03 4.175888258863022159e-03
-6.394412448042630093e-01 9.420721057228870210e-02 -2.624696889666386368e-02 -1.090079711164443398e-03 1.983104253243181490e-03 -3.090912514260612848e-04
1.802049831941887614e+00 -8.033966729640032445e-02 4.102650899302080767e-02 5.784182518741494980e-04 5.439531896598475205e-03 2.087367644070390032e-03
-1.154418146079777330e+00 1.055508001923691729e-02 1.132388770708419173e-01 -8.734858848261450957e-04 6.951773089954512439e-04 4.819636011377330040e-03
-4.414944322954596490e-01 2.060436743093876921e-01 8.155608643459640039e-02 1.788031211619260132e-03 -1.197750119096115161e-03 -3.004121299282856098e-03
1.199245535893287196e+00 -2.370807578851356345e-01 4.812672032659332660e-02 6.021080364763295792e-03 -2.280821829772499126e-03 -1.548256559629097862e-03
1.889162250995216841e+00 -2.861835665191635788e-03 2.156190764534410970e-02 7.514210196960535888e-03 1.904946317028354116e-03 5.730339618522189288e-03
-1.153003972429142321e+00 -1.651460942907404805e-01 -1.726496701967188824e-02 -6.682359706369036742e-03 1.715086006571718428e-03 3.209418894191314216e-03
8.444450856201978217e-01 -2.680421859726192513e-01 3.792923009049845723e-02 4.564904181735513627e-03 -4.176570862623844860e-03 -3.265434858641815419e-03
-1.972262074273739285e-01 6.770811261038263418e-02 -6.975374461179274788e-02 2.501069809865517392e-03 1.583406573626677501e-03 -1.679951720079405882e-03
-3.909301228482613411e-01 2.226757744145180240e-01 2.425036865975950875e-02 -9.538125543896951294e-04 -4.718408186928919716e-04 -4.307209862551040352e-03
5.414006468176811859e-01 -2.468335694659753721e-01 1.224266203412101295e-02 6.530887580718318895e-03 -9.461394766877496976e-03 -3.127243251576952449e-03
2.207102813559014276e-01 6.651111635547975187e-02 -1.773126187393146008e-02 -3.391021748553200901e-03 -2.488471022997552559e-03 5.502135276158183572e-04
-8.520841682339823642e-01 4.510516067933780134e-03 -6.055612454638917286e-02 -5.619759562744112589e-04 3.230716280268026465e-03 -1.867114007630476776e-03
8.528746970727134613e-01 2.954942285658819223e-01 4.766157958863584919e-03 -6.611151120891043710e-03 -5.960628666740019031e-03 -5.601387051203943201e-04
-6.583854749264503869e-01 2.351998315620080007e-02 2.269394474868974537e-03 -6.521492108811095811e-03 3.989084421869903106e-03 2.371695947767241911e-03
-1.339310523390396357e+00 5.378547819159065074e-02 -1.410337229136059481e-02 5.279680220934184279e-03 8.975198480908885834e-04 -1.271295209997502004e-03
7.663295568791721468e-01 3.781409150271267672e-01 6.825530028302615251e-03 -5.021891796735908700e-03 -6.152502646752357196e-03 -4.790678941894305209e-03
1.842025574696519730e+00 -3.201793848174447898e-01 1.439135363037755688e-01 -9.840971868852603152e-03 5.408355907660336755e-04 -2.893111251592127633e-03
-5.417667212713264124e-01 -3.496303132162865285e-02 -2.998951395088716998e-02 -3.617966005845822761e-03 2.123748941755596205e-03 -4.166732506862576410e-05
-5.267219245159033836e-01 -3.196743695587258086e-03 7.555005597524871649e-03 -5.932183200669200601e-03 3.379889226945356350e-04 2.298983546805689372e-03
4.902903056912963353e-01 -2.395191610438463514e-01 -3.622516008579833129e-03 7.416047700562267316e-03 -8.053271578476954573e-03 -4.810729161611909319e-03
-2.772898643582211720e-01 5.274487171637067852e-03 -8.953706269740463117e-03 -1.680972838606158018e-03 -1.405497428635653356e-03 2.470393126038882437e-03
1.233432961365693359e+00 -8.256710681287092457e-02 2.041537974423288798e-02 1.968950737782582984e-03 -4.083473800413598039e-03 1.318683846848989622e-06
1.942805368888518958e+00 1.850366129700204421e-01 -3.357427920432456275e-02 6.840885220237890099e-03 1.322718922955244908e-04 8.061563403038854783e-03
-1.630071810452007774e+00 -2.831138067180745399e-02 4.427967984994390926e-02 1.315866309626058687e-03 4.242783662087813365e-03 3.179984673060994374e-03
-2.573322076454881979e-01 3.001806134313299290e-02 1.399832668908138240e-02 -1.012593240457558032e-02 4.064504670389066342e-03 2.997207504697496465e-03
8.672961434642375567e-01 -1.451240227970167496e-01 2.219756214644390269e-02 3.221333632869016576e-03 -4.174944407009497163e-03 -1.083912215541713302e-04
-1.128704849413184746e-01 -1.206846932557923274e-01 -2.083226747736714973e-04 -3.596026110665969874e-03 -2.093669029728816456e-03 1.162903242348864788e-03
-1.631257848203154559e+00 -1.542214327120197959e-01 -2.535780503236680430e-02 -4.649254586502611468e-03 5.851964539335143684e-03 4.039145396900116133e-03
-1.149152138451135924e-01 -2.561029681532829838e-01 -2.126330328279068746e-02 2.130218789890135200e-03 -3.772804861736873960e-03 -5.147090079905001017e-03
7.809927319937661760e-01 -1.384300228467790772e-01 1.579375082679333742e-02 -5.060474713182197028e-03 3.811498109875706159e-03 -2.220652909829151297e-03
1.305262952521560882e+00 1.139399895731197376e-01 -1.911287030171360951e-02 -2.482705088511795964e-03 1.879567560623806016e-03 3.557435769389960881e-03
6.080360678719272105e-01 -1.364860685737103894e-03 -2.423374280776864620e-02 -1.731892190986685518e-03 -8.958763022237569654e-04 -5.612744831530794547e-04
-4.989986886366783447e-01 -1.789159576726926937e-01 -4.122474017057875528e-02 2.419179557207261268e-03 -7.495765296841563202e-03 -1.402812474635281408e-03
-1.987650473969871656e-01 -9.209157464169168139e-02 -6.729150392461684393e-02 -4.426173862874506156e-04 7.911911126343804113e-03 -3.930292514727655624e-03
3.983894990663266467e-01 1.556447838650130422e-01 -4.235086942664448989e-02 4.230091398712773360e-04 -1.611372706771857640e-03 1.588817616269378157e-03
-3.683037552112183866e-01 4.815331423111977177e-02 4.979962113961287559e-03 -6.149713357429044923e-03 -1.320708971504957671e-04 1.040684515246954531e-03
3.043204605373465155e-01 -7.388417695335666724e-02 -1.317488205265908430e-02 -7.699406006237414016e-03 6.165986731145386458e-03 -1.147328037967401551e-03
-3.658448566241159772e-01 3.012000425954671212e-01 1.637067600833761183e-01 9.232460627472524953e-03 7.470843769479240106e-04 -7.593344833654315854e-03
1.824714587120663145e+00 1.440313172009992093e-01 -2.275934521098464322e-02 5.720785340905220652e-03 1.690193151493364935e-03 7.437908498783051339e-03
-2.688581039631015024e-01 -2.233289367367848610e-01 -2.099257385689094757e-02 -5.724561018156831046e-04 -2.779548033510504008e-03 -2.902203305048834617e-03
7.613754412528521698e-01 1.037656212897531890e-02 -7.392882339506358369e-02 1.254090193416268657e-02 5.157837965296923309e-03 5.661431464501189221e-05
-5.637499988874427048e-01 3.333199572222241697e-02 -3.247031545364344185e-02 -2.173364658693064180e-03 1.791598092516660497e-03 -3.790382526622972244e-04
-4.083463478385180312e-01 -6.852687468103250967e-02 -3.337360911734200009e-03 -2.760865364198518065e-03 -8.126990051385487180e-04 3.075980608040187504e-03
-8.767077863737595678e-01 -1.732757090771447073e-01 -7.437536646268654711e-03 -2.159374540152087050e-03 -4.460227420169430267e-03 3.931753447431888052e-03
-4.719102763369985298e-02 1.194183704552595759e-01 -5.267848166427500228e-02 2.150127815386762391e-03 -1.890891031415660938e-04 -3.115023078078589134e-04
-9.214263014122924256e-01 4.694126341901177363e-03 1.496174071459597903e-02 -5.494220399588299044e-04 -8.764082225173379587e-04 3.071758721336705165e-03
-2.938284121660824089e-01 4.755281861498560081e-03 -1.157307997223251672e-02 -2.164597843953276497e-03 -3.502327312834115774e-03 1.586322145030387258e-03
5.663472765181707391e-01 2.063116762665383186e-01 -8.104188120175107035e-02 -2.939743091617450909e-03 3.405295534984419201e-03 -1.582996619077444182e-03
1.580049250087383950e+00 -7.680512498302036369e-03 9.870716453025491985e-03 3.179761819354870109e-03 5.673265347825604508e-03 4.378537336998854224e-03
-6.937937007848106186e-01 -1.142518387526456486e-01 -5.372056870369457116e-02 -4.052137531830837108e-03 6.245828480161655372e-03 -1.751079557050973061e-03
1.833541899711729206e-01 2.251068054300703059e-01 1.286087837944681518e-02 -2.190403700361345796e-03 -4.334346782212674179e-03 -1.323801400993537304e-03
-5.174429135865634688e-01 -1.031883915724543938e-01 4.536940550193765270e-03 -5.554707174621034520e-03 -2.824240334364765039e-03 2.540134437312036725e-03
-2.108276697060616767e-01 -9.660975939493712805e-02 1.717958818585977546e-03 -3.229749316257496828e-03 -5.536918608341294921e-03 2.410827658305200218e-03
3.974017321883188680e-01 1.785595047298317306e-01 2.242836775883927207e-03 -6.315959383704379364e-03 -3.249478114967419787e-03 1.680347548043452583e-04
5.812587221786624792e-01 -3.032266132311259854e-01 4.841179894414849444e-02 -1.287593801073508813e-02 1.001054903592334339e-03 -8.232359868842476988e-03
5.831895764881797062e-01 -1.935318975853098089e-01 -9.881858887001680747e-03 1.235609519405748979e-02 -9.743789784862415607e-03 -1.125546856025790238e-03
-3.002674934335197721e-02 1.439366985653401342e-02 -1.841584159133860532e-02 -1.375012563141557150e-03 -1.175352301404718192e-03 1.568946454943963243e-03
-8.822053290682301263e-01 6.816451091050371169e-02 5.104363902725726071e-02 -8.181847475513756313e-04 -1.676457428775761165e-04 1.461808951647136081e-03
-3.685567730674182974e-01 9.238475417485984831e-02 1.242868275484007405e-02 -2.329498859480989576e-03 -1.346832389891077821e-03 1.672081637816006999e-03
3.611873694440489446e-01 2.447943301957301865e-01 -1.978128741287657130e-02 -2.718908446187459291e-03 -3.053985655176093446e-03 -1.767499421012667070e-03
-1.697545166075453971e-01 2.071408191672837462e-01 4.227600947891435590e-02 -3.055110069904234515e-03 -1.813121611871205616e-03 -2.294042814736114121e-03
-2.616863761852991077e-01 1.947200506611091730e-01 1.325498924028421441e-02 -2.626405470185526857e-03 -1.551199031492546052e-03 -2.723750999778975796e-03
2.337407328818871810e-01 1.633555595300233421e-01 -4.666100801233920292e-02 1.382633317050708036e-03 -2.047478374627900027e-03 -3.140376425174271503e-04
9.372423920921872931e-01 -1.299404921594456697e-01 -8.634418788477159906e-03 4.964840841394517305e-03 2.538300229008669945e-03 -3.124334925922867771e-03
9.205080923229038703e-01 6.335943058610041256e-02 -4.646517349717062262e-02 1.281035248232804187e-04 7.132335613033475609e-03 1.595251626037027561e-03
-3.494237772208312331e-01 1.222364878273726613e-01 -5.716164992906588166e-02 3.128046687422637254e-03 2.432768586968034482e-04 -1.593272584088277488e-03
2.593748298841043187e-01 1.571455646174742538e-01 -1.618650739140432143e-02 -2.201024458276423096e-03 -2.759955554522008307e-03 7.719706375080869799e-04
-4.464592838672532538e-01 8.170586182980130174e-02 4.111957911788625963e-02 -1.891123215482878699e-03 -4.788379786721583438e-03 2.449088460525803129e-03
-7.470176531286155663e-01 -1.288419634193320451e-01 -5.183875588319328265e-02 -1.769759614552317110e-03 6.058171479562176644e-03 -9.488328690953859749e-04
7.445375702232596149e-01 1.545399565479182724e-01 -6.031506730322652721e-02 -7.771157422428301214e-04 2.680587137978337423e-03 1.073259151158194487e-03
4.313360229239684984e-01 2.532050694250613798e-01 -2.016771012188981610e-02 -3.213366840663972948e-03 -4.167487489364244541e-03 -1.940404182721628583e-03
-2.980205314063990585e-01 -1.220983323767670659e-01 -4.789714836779951357e-02 -4.880875385015925189e-03 7.724390865223223178e-03 -3.132059673267855067e-03
3.031086468698951930e-01 -1.972905873574975488e-01 -8.452037333575666139e-03 -6.281604451638376531e-03 3.519447945292337662e-03 -7.150460993157603876e-03
-2.579702987123137503e-01 -1.085347519410955197e-01 1.563818241296108247e-02 -1.031585994861816506e-02 -1.044619501451032276e-03 2.163190030856659406e-03
-4.815523948423916512e-01 -1.247468260649437499e-01 -6.824404164026187658e-02 4.468233704364612049e-03 -4.766754429349498662e-04 -3.865745101196381428e-03
-1.554604434431563265e+00 -1.489454979494677644e-01 3.763527685504421127e-02 -1.181859890038344406e-03 -4.759892562257857403e-03 9.616606517067036522e-03
1.392396864179031191e+00 2.383245951438975330e-01 -5.751466542422811745e-02 2.203745606742179078e-03 -1.827595846937318455e-03 4.259748986716553783e-03
8.645712040288593414e-01 1.395095170134337259e-01 -8.293947403855143202e-03 -3.742742032380353030e-03 -1.502455829586013579e-03 4.794888461422200550e-03
-1.327917357939499277e-01 1.843575567356116052e-01 2.130946738912446736e-03 -1.041109976351627282e-03 -3.225203049219983829e-03 -1.658412482230262183e-03
2.197534150583452250e-01 2.985486073966380771e-01 5.612406417034483674e-02 -3.679601515395673414e-03 -4.674115491983798706e-03 -4.588448829497875081e-03
1.433774255157008737e+00 -1.067853346213716928e-02 -9.207037411788774250e-04 4.428809571376677440e-03 4.223867837727303398e-03 3.741877893803366613e-03
-7.316118345078696794e-02 9.947866111818189083e-02 -2.500607829521356643e-02 -3.934382044624647017e-03 4.877828969213878277e-04 -1.833373657464339493e-04
-8.261649717818413396e-01 1.075447712996914634e-01 2.516925193967473398e-02 -7.382142010123908180e-04 9.448463043556909859e-04 -8.648061051261087461e-04
5.601748694110609827e-01 -5.956199839455658673e-02 -3.487666208469693968e-02 6.835254338013044446e-03 1.279730092578407533e-04 -6.685627963170278753e-04
-9.589236988388896710e-02 -1.810939731062428115e-01 -3.908518087402085978e-02 2.545777324841737646e-03 -3.300195098280527071e-03 -4.724229466778023280e-03
-1.873304810076223514e+00 -1.485676943300878045e-02 1.966532032013785375e-02 8.536016192620737505e-03 2.335847555133205734e-03 1.788954168753389019e-03
4.842411497489161332e-01 1.110783426317360212e-01 -3.770482650811394360e-02 4.340762850908187189e-04 -3.453872008504279070e-03 6.563988957868624246e-04
1.146177689990670635e-02 -5.180032572498037557e-02 -3.133223880579548426e-02 2.667968935660243457e-03 -4.956482178607343227e-03 5.021982190841890823e-04
-1.390189802206860170e+00 2.623245792126125547e-02 9.785170625476025119e-02 3.503457062188587798e-03 2.369471920164955680e-03 2.713408219975039538e-03
-8.386271539450694812e-01 8.435643355940647403e-02 -4.461694359748059890e-02 3.816279818982372049e-03 4.117908034360838704e-05 -1.831452133638722824e-03
4.254901449060610186e-01 -1.842247310575258479e-01 6.226762599342216750e-03 2.871403531364648699e-03 -7.594760486096140649e-03 -1.646285984692075644e-03
-1.125771716617868679e+00 -1.667349547489754280e-01 -2.497957926897879932e-02 -3.879841277992003741e-03 2.034946511854123907e-03 1.999779724795147651e-03
-1.619642930240259071e+00 -1.493355298843988266e-01 1.285378011290853016e-02 1.705508958010742895e-03 -4.763576833879511717e-03 8.765212810893967949e-03
