2.548655372159685850e+00 -2.722585397417778830e-01 1.694171305913304559e-01 1.746416191947889815e-02 3.610350199262319770e-03 -4.169193734977548298e-03
8.052045369666726016e-01 2.541989193507958045e-01 -7.041739523004648948e-02 -3.855909644574998657e-03 9.369139326698615279e-04 3.160503630753983169e-03
1.810326319967963116e-01 -6.153783614709541078e-02 -3.159928237862092565e-02 -7.016066835448957900e-03 -4.010246698895444419e-03 1.112614035262160945e-04
1.601815116722191679e-01 -1.296646859423493670e-01 -4.190912795727676221e-02 -1.544552784784594766e-03 2.723888980856433231e-03 5.157595826662850214e-03
-1.326101381120182165e-01 -6.956871719575849489e-02 -4.377143531546437427e-02 -2.599568502947583772e-03 -1.225965933912370048e-03 2.179012472274660921e-03
1.823806066510321511e+00 -2.032399337431853859e-01 8.212030181381226035e-02 2.594146130868662885e-04 -2.506242278234734836e-03 -1.720203185867552262e-03
-7.023074378511418026e-01 1.361362977435523480e-01 6.008947224301462026e-02 1.623514659708912662e-03 -4.151535795682685138e-04 3.123858871226051779e-04
-1.156920193663122237e-01 9.941907551485829053e-02 -4.430287885645981666e-02 -1.871101720221980376e-03 1.119811840514892132e-03 -9.263713644243836256e-04
2.217811716546289336e-01 6.164499901612260219e-02 -7.333574269437541544e-03 -2.144764101467108979e-03 -6.032060040978686269e-03 -2.832161620957087539e-03
-1.835067075803472614e+00 -5.072354510258675342e-02 4.874432291019212271e-02 -3.453984153677095575e-03 5.527766494886267312e-03 -4.928432367677410171e-05
-4.307986298603567188e-01 2.219868525995956632e-01 1.102242312943901986e-01 -2.145196672279610708e-03 -2.249019282903946901e-03 2.946191891494555175e-03
-4.154690906163393538e-01 1.421355662130183162e-01 4.352029851195208382e-02 1.693329776341990405e-03 -2.752090142454624924e-03 -1.663917016206845545e-03
3.325748737838796210e-01 -2.110469537674148910e-01 -1.193271530675473445e-02 8.879041458132220371e-03 7.717508657146861760e-03 5.494445372927925231e-03
1.110215488715431853e+00 -1.282450310432438900e-01 2.636610743742206445e-03 -2.871587590451713662e-03 3.503172697413801766e-03 2.561286719642443151e-03
-4.956710890438294492e-01 3.265763400969895480e-02 -1.292794782644012637e-03 4.663522265389386488e-03 -5.050050986057595106e-04 -2.965310291021403238e-03
-4.496057248828014274e-01 2.252156268523602123e-01 7.621774025383823425e-02 -3.410574186983336242e-04 -2.838356578664105560e-03 2.946652960971513861e-03
-1.148066798524437715e+00 1.951660873341418134e-01 1.240546887296063994e-01 -8.082413295303443254e-03 4.442154559751865760e-03 8.625456126058679215e-03
2.750847610026286860e-01 7.628993245454625954e-03 -2.220416394000869487e-02 -1.443785663464197157e-03 -3.425348941797631570e-03 1.860806788953232258e-05
-3.152351042056121821e-01 7.933769064018908468e-02 -3.446221999634332955e-02 -7.923515007355431483e-04 -7.747966771529602641e-05 -6.913424280193933204e-04
-3.485801468138295944e-01 -9.435196194045625262e-02 -5.009898611564405496e-02 -4.635897728067885429e-03 -8.060879048470470437e-04 1.444222646791925571e-03
-6.688185326010266663e-02 8.620811744826407941e-02 -4.961695150381179725e-02 3.508464862981626898e-03 2.661229349406356477e-03 1.235925683650128610e-03
2.094209980952296046e+00 -1.337337465189208652e-01 7.744926898020787487e-02 -8.419447394657574024e-03 1.269452062446641677e-04 -6.963417248827891842e-03
1.907834141275028594e+00 -9.988503158370097557e-02 5.469342246298408011e-02 -1.547198181511123252e-03 2.886344514880454567e-03 -2.653601072045874264e-03
5.447562261246690074e-01 2.703145105412514959e-01 -1.233428595105768612e-02 3.683040589021169351e-03 -5.319296198867004728e-03 9.513230536816894229e-04
2.819316235884801736e-01 -1.595429744986266024e-02 -1.915675003130472287e-02 -3.436504924134355359e-03 -3.941580622724484909e-03 -8.196958903977664274e-04
2.226376250257073586e-01 -3.208646022109623575e-01 1.182483825941742922e-02 8.560053580670731743e-03 -7.066475674254237525e-03 7.122904694675379934e-03
-9.332268489990103166e-02 -2.823146462192014164e-02 -3.026575634968563591e-02 1.233430505934758701e-03 -2.718149610741548805e-04 6.857609745424651662e-04
-1.382879302674587807e+00 -1.085405866925326646e-01 6.299171819599871588e-03 -7.110176781115202637e-04 3.615752524178577135e-04 -3.834346658687962876e-03
3.632080690142115431e-01 -1.307219255959496118e-01 -2.436628399972821588e-02 -1.452917289610960398e-03 5.190835668402425836e-03 2.398227989047188504e-03
1.527630242943403438e+00 7.808189692839813401e-02 -1.315582129560155349e-02 -5.442422417882814001e-03 6.658448625522177429e-03 -3.353817435613802665e-03
8.626104835291373840e-01 -7.091185260067504881e-02 -2.296233131886871517e-02 -1.939007322345743601e-03 3.398742851648988046e-03 3.693048808607895910e-03
1.089419743825513764e+00 -1.574222602376414148e-01 2.178866706303430115e-02 1.292593195341551395e-03 4.305026010363133954e-03 1.167274991055380819e-03
-5.451134412792544293e-01 1.605981598765356677e-01 5.748560760595110980e-02 2.765390192180344070e-04 -2.086538899424549790e-03 -1.884039964631840935e-04
-7.713591626236667720e-01 -6.856880124439404534e-02 -1.377371105026134294e-02 2.591633614362037243e-03 -1.082928766769439537e-03 -2.727647001803404359e-03
2.680795596424723759e-01 -1.136850499868961167e-01 -3.103452024756956154e-02 -1.762479691057187504e-04 6.630146312701269348e-03 1.698595096921332081e-03
4.571592688587192144e-01 -1.392348771166612431e-01 -8.688995768633108255e-03 4.869931710759991747e-03 5.371369835250879715e-03 2.672612791855674772e-03
8.586993660644650639e-01 1.912351263808250434e-01 -1.496399454230583348e-02 -1.689241493835850485e-04 -1.282902831907168631e-03 -2.191568705171854578e-03
6.672466992432768418e-01 -2.066217162841887112e-01 1.480306927464300135e-02 -7.246397094549968457e-03 -5.051582297862267611e-03 1.823534356645757117e-04
1.399615404793525641e+00 1.743833926356422592e-01 -1.993701974555057987e-02 -8.074121502059011845e-04 2.838997699990934796e-03 -1.692887537099382672e-03
-1.362178132646100437e+00 1.264488517765008369e-01 6.851774390557663352e-02 -3.648762398168050886e-03 4.761415684377759069e-03 4.762095784761010558e-03
2.540595913571383480e-01 -1.672837714352456151e-01 -2.663350612489098074e-02 -6.040902773407698899e-03 -7.615150704943565165e-05 3.202812723855076767e-03
5.160693278205925605e-01 2.893757019085483814e-02 -1.224602494485437822e-02 2.851257478270025417e-03 2.930366963350831619e-03 -1.251575360115659294e-03
-1.726700184373968439e+00 -8.543758986218191742e-02 2.759881934933880801e-02 -4.591281680714425807e-03 3.894786127611350648e-03 -2.938955278675147668e-03
1.689856463240248796e-01 -4.137887192739962000e-02 -5.328918014873711140e-02 -4.188260569210426262e-03 2.803672294570032537e-03 3.584709118163767125e-03
-1.111692366041900359e-01 8.675253570070097509e-02 -2.696044499392011642e-02 2.740659258670046644e-03 -1.186212979206276684e-03 -5.888971514171738124e-05
6.674944811625279639e-01 -7.001454890984913637e-02 -1.348112592632854170e-02 3.179409989144692597e-03 -7.256319726527743952e-05 3.921732824535847407e-03
-1.793748901013308417e-01 1.383053029695174851e-01 -5.196787372013890460e-02 5.613918595058971575e-03 2.435204342395249147e-03 1.452932671697291199e-03
-4.970959095008833928e-02 6.381149177760415958e-02 3.904776097378697547e-03 3.461515754535706129e-03 -4.828964201964655329e-04 -4.786152703530763275e-03
-1.882929232295493804e+00 -3.264007863663476866e-02 8.219793152560241067e-02 -7.129829357583296161e-03 6.514948759517634989e-03 5.980142153421938488e-04
-1.509422204796517786e+00 -9.252157605337156532e-02 8.924746585289957887e-03 1.022858695957947194e-04 3.518202042614777380e-03 -3.048229273529659816e-03
1.038676608597812190e-01 -1.358175776544619240e-01 -1.181131456457268662e-03 2.463176810540994646e-03 -5.691652529755098465e-03 4.316237837180411587e-04
1.656735613148645481e+00 -2.216151919867805076e-01 8.263982184353392546e-02 1.319723814648143638e-02 1.641707384040096010e-03 3.348906528920600478e-03
-9.545685901594074263e-01 1.542555541409560138e-01 9.809254480399737242e-02 -2.801959792657757707e-03 2.129465335574317990e-03 3.463552753950909033e-03
-2.029356279504925531e-01 1.539778825447131738e-01 1.075333557234874754e-02 1.620901612108040799e-03 -4.280282837344367292e-03 -1.121302694203620822e-03
-3.692389390589607134e-01 -8.298292836897579530e-03 -6.137296245929650673e-02 -6.431145957056439398e-03 1.101772589298542277e-04 1.142617959336889727e-03
9.557460676898230645e-01 -1.228217774765194281e-01 3.225870390368304995e-03 -4.127844317548577148e-03 -1.643336002015416712e-03 2.288342476277423383e-03
-3.647284080134018946e-01 1.312750430527165890e-01 -3.620189533966257367e-02 -5.533702513517339101e-05 3.774047265593518470e-05 -8.820818094639154387e-04
2.371443927444114586e-01 1.933848934559413701e-01 -2.115774102661019396e-02 1.292266509632629965e-03 -2.265045563642836650e-03 -1.201035566143052397e-03
8.086946786599135129e-01 -4.685351152865112334e-02 -3.517082605626985214e-02 -5.395159786597684623e-03 8.790784469742107463e-03 9.960453605309717035e-04
1.796996046896718879e-01 2.686378085008687688e-01 2.156245423097617395e-02 5.633772594312659414e-03 -5.340158386567436279e-03 6.072978165474222575e-04
-4.881158372375264953e-01 -2.370339700967934865e-02 -1.106812917450659094e-02 8.654142768720195222e-03 4.208688250923452515e-03 -3.401919384018149521e-03
1.328906023161048555e+00 -9.691268187928131495e-02 7.279522383435583707e-03 -2.652782985180600957e-03 8.929234014997122770e-03 -5.354260085650802648e-04
1.402549686492265968e-01 -1.266363735664664258e-01 -3.770192854976506941e-02 1.791041868705952602e-03 6.409082652433450121e-03 3.809859685845384467e-03
1.432292322321319977e+00 -9.981584381330017852e-02 2.960824507349619356e-02 -4.339846473871430445e-03 -2.890089259436336763e-03 -5.916273939219799478e-04
-4.515881759059737210e-01 1.049211763776236872e-01 5.720135988432568930e-02 9.118787242295018844e-03 5.702801123372471925e-04 -2.690986992758843694e-03
1.245159719240566537e-01 2.096351393615170089e-01 -2.265045056393030082e-02 3.094655256479891120e-03 -2.259811152980468595e-03 2.919081372311836762e-04
1.132816160149795470e+00 -1.440213422329115339e-02 -1.039471251822082602e-02 -2.327311201974523788e-03 6.206492452481730988e-03 -5.002493603749477930e-04
1.401948973086492245e+00 1.645702562972220784e-01 -3.001511812396402343e-02 -3.271851016788174683e-03 4.061602196179957790e-03 -1.049630533132280908e-03
1.586306707444547603e+00 2.783310685586922514e-03 -1.230105834837966336e-03 -5.292593836406068487e-03 8.008382878890859050e-03 -2.356350016477977947e-03
-8.571780538868689625e-01 -1.879125693322385438e-01 -3.639189496031255272e-02 3.460726123195457648e-04 -1.452969197163564311e-04 -1.165971836202166423e-04
-7.621420049333629265e-01 1.328294725489050365e-01 6.864131336131059496e-03 8.347201676565238135e-04 2.775438729024370141e-04 8.306820503187465515e-05
-5.389942340323246039e-01 1.240714360992753451e-01 -8.375538421964610902e-03 1.747056177204474054e-03 -1.631361375375290322e-03 1.314749107680672957e-04
-1.157350410384779593e+00 2.190837910313678336e-03 -5.646702412028106050e-03 -1.982432116716453026e-03 7.208287869098956068e-04 -1.599997231061625700e-03
-1.379593267078057961e+00 6.497856782718522406e-02 1.022726420798422547e-01 -2.991677655672824940e-03 5.069423879078698708e-03 2.525343754830522511e-03
-1.135545590105208724e+00 7.406884060870543018e-02 4.073650448176376754e-02 -3.905638196003923934e-03 1.405301094014507193e-03 -2.852353147177806472e-04
-2.292568936812546254e-01 1.237190024109980496e-01 1.153006335105754079e-02 2.129522152804699461e-03 -1.995461176261180587e-03 -3.004827026040322088e-03
-1.299985779177719181e-01 -1.096239367453461823e-02 -6.079788973150729303e-02 -7.531130274458782770e-04 5.895714430628847501e-03 1.827461314713260936e-03
-1.362146401928718165e+00 1.251112710088810587e-01 5.360829351191516434e-02 -6.026936112355959704e-03 3.397164496223850898e-03 4.677082144018590397e-03
-2.518316731772391251e-02 2.208630757549481516e-01 -3.575381810718569753e-02 -2.613905077382768947e-04 -2.835536265750539676e-03 1.736416314016415909e-03
-5.808613147035177615e-01 8.724666186233889786e-02 5.407339527700697965e-03 1.189294053812796695e-03 -1.110685127787016763e-04 -2.535469068155324964e-03
-1.293754199710721808e+00 -1.177796766449640126e-01 2.045906263971134301e-02 4.227960413828006810e-03 1.855329299710750971e-03 -3.669245096667101639e-03
-4.825637336229726682e-02 1.309834454746134080e-01 -4.410555434757949811e-02 3.105261065542120561e-03 1.756051633421372438e-03 5.451584035185759485e-05
-1.965331114759128361e+00 7.403169408923697230e-03 1.659192690167924644e-01 -1.493742881209543516e-02 1.076392795521188481e-02 4.871832408060363696e-03
-5.956584291677133880e-01 1.423470137585699791e-01 7.703940241274161160e-02 2.648148370129493803e-03 -3.888063227891761973e-04 -6.951271151771047522e-04
-9.386775153444566477e-01 -1.424345503547748415e-01 1.440940036498523057e-02 2.280136076035739544e-04 -4.305827216209371505e-03 -5.765316555636473828e-03
1.873640391360673618e-01 -2.816486432507853133e-02 -8.265884239425027799e-03 6.372107180467636613e-03 1.959956375295012626e-03 -6.670652106382812287e-04
2.693186088304510596e-03 -2.279166308356392334e-01 -9.425987500402195629e-03 -2.172167061733620407e-03 -6.182081323624442210e-03 2.005820226638856726e-03
-5.856054095360810896e-01 9.025519005987771293e-02 5.720726190403332967e-02 3.374546245880784452e-03 -2.110661375704067904e-03 -1.954574366553841688e-03
-3.698132039919214131e-01 1.415310300236116980e-01 -4.046040000682905174e-02 3.133561848244684981e-03 3.292254080704529098e-04 1.524917494734406853e-03
-1.202481132016233051e-01 -2.236531557089119771e-01 -1.667787000735719560e-02 7.851975021210265068e-03 -5.417081309355767371e-03 6.300608677391249073e-03
5.304401490608465775e-01 1.848954018859072235e-01 -5.149694525884800783e-02 -1.218941977576504417e-03 1.268071548720285744e-03 1.399832314733183251e-03
1.465769830561779008e+00 2.653383446338238305e-01 -3.435012501489005665e-02 -3.014917697914887111e-03 -6.056286803622491603e-04 -3.318315304614800681e-04
1.050014009371454726e+00 2.852629070741534711e-01 -2.596173961705071018e-02 7.483364041024147782e-04 -2.940306496127954861e-03 8.266069877640127477e-04
1.272240078373722549e-01 -5.358318033859378604e-02 -2.439155598706461980e-02 6.739849691955821648e-03 6.747202959093769568e-03 -3.571329205063716698e-04
-4.007606794201039047e-01 -1.852926127557150485e-02 -7.943536155793717510e-03 -1.241178245243177011e-03 -2.844679557892343998e-03 -3.484264973911842603e-03
-8.857789825187362132e-01 1.637718369658953399e-01 3.577954582285349655e-02 -1.850841159103931840e-03 3.701388791855511834e-04 2.379097732754289259e-03
-6.363580793825275306e-01 8.165629200183088798e-02 -3.260618966010863512e-02 1.325289747694809552e-04 3.736903579280727414e-04 -2.018467797653464952e-04
2.646023898212250369e+00 -1.649403524463309290e-01 1.348181914592083697e-01 4.583631687715952231e-03 4.852990920736904856e-03 -8.850699465484952733e-03
1.035326381370280213e+00 3.930665682875563588e-02 -5.455120015310077793e-03 2.361608224846852358e-03 3.219058112935400083e-03 -1.321583825294126368e-05
6.750541372946042840e-01 -1.766626222915369249e-01 -9.167358551118722290e-03 -8.520399339976966399e-03 -7.099116053351601716e-04 2.477935892606654509e-03
-6.495943655722036247e-01 -3.586301098631281686e-02 -2.005865291073138240e-02 1.872323556138614934e-03 2.125035727114873464e-03 -3.158499803190114186e-03
7.451204110576824524e-01 3.022808277647341391e-01 -8.817366882003770459e-03 3.067930378653348222e-03 -6.394784579217317917e-03 6.388237177035840150e-04
2.400847965971629472e-01 1.145350656370629494e-01 -4.924200813118894543e-02 1.431043322268531637e-03 1.363473481565749329e-03 1.451865512288020698e-03
9.044445650737390485e-01 -1.755186677903695369e-01 2.866116960816477224e-02 -3.534986882690962368e-03 -4.877790489538216291e-03 4.650135505263888139e-05
-1.389185030218057781e-01 9.540527801515465145e-02 1.339118874319916741e-04 3.277542705685282821e-03 -3.428845665202330962e-03 -1.627777457229041044e-03
7.439105154113105633e-02 -1.701517340880327744e-01 5.128753202982599263e-03 9.085699955670600847e-03 -3.481654321278240426e-06 9.790920873762698311e-04
-1.345754671012395542e+00 7.001786579533783583e-02 7.646752156047428861e-02 -6.333749327311246312e-03 3.232259467222083852e-03 1.348115420955402254e-03
9.301381536774112613e-01 5.509598516977479848e-02 -2.898993794655027947e-02 -2.524073118256979237e-04 4.677582918295226759e-03 1.386606725537381773e-03
5.759385439708675225e-01 6.816915730182519784e-02 -3.198513526344011482e-02 -2.198390732079727721e-04 4.315847312873187687e-03 -1.306993486119305183e-03
-6.356589344378185125e-01 -7.221213457295398708e-02 1.521247609600568165e-02 4.498647722687019318e-03 -2.254730285311407241e-03 -4.687268744319360129e-03
-1.940437755684141785e-01 -1.063099515930502476e-01 -2.469493941837315465e-02 -3.053754843579167128e-03 -3.608506462936886348e-03 -6.411712815849381509e-04
-3.300800020280090785e-01 1.004525631790847001e-01 -2.878245961266215000e-02 -1.061722901312353714e-03 -2.155791561850124369e-03 -3.176150922040062445e-04
5.415916408956824579e-01 2.506074470241043683e-01 -5.557243109189703191e-03 1.591305124366880399e-03 -4.672059703919434134e-03 -7.655156222755798382e-04
-5.826023059275502458e-01 -1.211322783954988935e-01 -1.352090288001846392e-02 -6.287705671359563198e-04 -5.701414890146997913e-03 -2.810785460104384820e-03
5.879422666743505665e-01 2.871711316801840441e-01 -6.540519247117577983e-02 -1.433143811770812466e-03 -2.128269656085724718e-03 3.179305561477266916e-03
-1.655504453768485706e-01 2.592112930270673021e-01 1.155366045986212092e-01 2.166966030880362274e-03 -3.582221122600266327e-03 3.034393721443781698e-03
-5.367146311459987107e-01 1.439130041586372533e-01 6.500364768369146229e-02 4.661118596309979378e-03 -8.435694918857556106e-04 -1.083212615482957253e-04
2.808160227852699031e-01 2.774880303339928855e-01 2.733505251126734648e-02 3.900886892443776108e-03 -6.981510605304914498e-03 5.208405914358234462e-04
1.167339544022322873e+00 -2.155422109071550851e-01 3.861276147392856545e-02 -8.112789232401058925e-03 -4.149855464604825135e-03 -1.325935458161491042e-03
-3.014695501918400744e-01 1.870031882588565342e-01 7.563531392248992735e-02 3.276680061273686776e-03 -2.678943542504045629e-03 -4.431269575077300175e-04
7.693812176305890871e-01 2.561309720173255422e-01 -6.547950482786742132e-02 -3.148078002067878321e-03 6.117152012121676759e-04 3.162254523772417992e-03
3.579343344261749493e-01 -2.137037837061353529e-01 1.806597312530443863e-03 2.511884176036368460e-03 -7.411359384451091797e-03 4.720507516377567096e-03
-3.682139326270967850e-01 5.162165246153321840e-02 -3.005794424959971553e-02 3.618228276827580199e-03 7.247563656615273273e-04 -7.839962952103169324e-04
6.314027714555433546e-01 -1.902576422415853397e-01 -4.313207484641281425e-03 -6.588634399400730701e-03 -7.946710440558034340e-04 2.676353000896740386e-03
-1.415499547514996515e+00 -2.231680885784722568e-01 -1.891746361415494807e-02 3.263664188243185142e-04 -7.690564187227032699e-04 -3.313918227233946835e-03
9.879085224331991544e-01 3.128612536154294910e-01 -3.482712180059484904e-03 2.485634190003866394e-03 -6.103452167640169637e-03 1.633362239607596695e-04
1.823013137730175870e-01 3.513162250670233411e-02 -5.229180068592260283e-03 5.201414894788766209e-03 -4.178318703606108582e-04 -1.556127319997763127e-03
-2.094324298775654958e-01 1.630354873071420130e-01 -4.339850086248417393e-02 -6.653542898400204193e-04 -4.830793974055271338e-04 6.468124781215180445e-04
1.925913766705936503e+00 5.916325880577112672e-02 1.091924591476411445e-02 -5.993025801045088249e-04 9.167972736302543169e-03 -4.381216291932150605e-03
-1.506794377820763198e-01 4.579859379359643712e-02 -1.934840368566544816e-02 2.541774083172590459e-03 8.302607585144731648e-05 -1.464275238381332377e-03
1.108192202478140015e-01 2.018400129923444419e-01 -2.417183275813412913e-02 6.203702418595104066e-03 -1.553856223743284477e-03 6.420780016985642774e-04
-7.853515211880678359e-01 -1.240430423591087038e-02 -2.981186568893248387e-02 -1.393341485146524930e-03 -4.426893721709039206e-04 -1.476367649672336892e-03
-1.007731165748117497e-01 -1.046718866344028137e-01 -2.666717696084846406e-02 -4.221968281079527263e-03 -1.567072176430252652e-03 -3.130387040219712752e-04
6.345002823995036234e-01 -5.752156548231490002e-02 -2.337449673720454202e-02 -6.669706593672479304e-03 1.538417330689373710e-03 8.441113290949844817e-04
7.506156404799985138e-01 2.203618055467652104e-01 -3.804294650784885348e-03 3.720646543211046653e-03 -3.060911599906442158e-03 -1.594799962315671636e-03
-1.904856382479016119e+00 -1.768924715304386330e-01 -1.620955659953824887e-02 -2.401373757500103925e-04 4.275058782131027461e-03 -1.976587893277152903e-03
-1.772427085358593057e+00 -2.953743462143964549e-01 -2.799026504878473348e-02 -3.019780798062159880e-03 -2.900512113445804022e-03 -3.913396564655012393e-03
1.680386330391531846e+00 -2.302473967504025179e-02 2.466378953223540005e-02 -1.605546174532733981e-03 4.123226261472813688e-03 -1.874761117124745628e-03
8.796961547580279817e-01 1.663299671769349342e-01 -2.294175205814421442e-02 4.478331580754115588e-04 9.241502926151827285e-04 -1.075163740674735160e-03
-2.718478187662245471e-01 2.111505701012417191e-01 1.067833579830656208e-02 3.795008307265399644e-03 -2.763395806393050512e-03 1.102688767748939399e-03
1.777395105745333659e+00 -9.236306609825450931e-02 3.683797871538651431e-02 -3.336329054116167134e-03 9.211886896197106836e-03 -4.287780948057350223e-03
-6.407181276877771392e-01 2.264590487447563916e-01 6.241177367700269374e-02 -1.163405543197486942e-03 -8.006640435659784921e-04 4.444692433800427958e-03
-1.162001897856719035e+00 6.648475581872204110e-02 1.539859697713997187e-02 1.409249008480829976e-03 3.049745953370624173e-03 6.272488615780326144e-04
6.065218057012954356e-01 -4.118944047109477508e-02 -2.201498018149521813e-02 2.401100918142223904e-03 5.249295433000512358e-03 2.039731654116679581e-03
-1.248551003515371516e+00 -8.251071428176795508e-02 4.269267011326319250e-02 1.408740498679232579e-03 -3.681191130196443604e-05 -4.496485663104717555e-03
1.129395450216684749e+00 -1.662991870417379059e-01 2.725204569114590344e-02 -3.129145716721272452e-03 -3.323889559876012315e-03 1.265944904977509781e-03
-9.126304453722522414e-01 7.067953376458178949e-02 -2.721512099998828899e-02 -2.025177642454440742e-03 1.009418176822638770e-03 -3.302683397083026559e-04
-1.840252766032520471e-01 2.723038741468132296e-01 2.515419953869565614e-02 2.404852584893518459e-03 -4.217160657157269753e-03 3.209930883044502699e-03
-9.039393913734382613e-01 6.996278899094166004e-02 7.044078201892981991e-03 8.543879646599328434e-04 1.565376525928096479e-03 -2.404898484739219182e-03
-1.619339857530836646e+00 -2.728818244380203928e-01 -1.491147844764144532e-02 3.974658678638593075e-03 -2.048545999022595692e-03 -2.241142394860237176e-03
-1.757065441922818883e+00 -4.275742285353174160e-02 7.809516721176229526e-02 -4.131554366190737411e-03 6.055609298955815824e-03 -7.564446805655004359e-04
1.963668591797509633e+00 -2.245155835618339035e-01 1.026117787557878636e-01 1.053821550871095365e-02 5.265888366404917510e-03 -1.590680522050436215e-03
-4.303684336026048635e-02 1.134992320690241807e-01 4.974445381861026388e-03 5.538631188099009915e-03 -2.030019655993211235e-03 -2.023123180971150761e-03
1.892978144752737180e-01 -6.786190810640119198e-02 -4.775601684388670887e-02 -2.668481135228941217e-03 -1.418039113230347562e-06 4.252053586366687406e-03
-4.218618261442916295e-01 -4.740024964442660776e-02 -4.944086713394575672e-02 -1.965050423088133408e-03 3.664293519467950750e-03 -4.964544078615059763e-04
-8.274737052580825036e-01 -2.000869295472907927e-01 -2.210116194844103168e-02 -2.792705657253317670e-03 -6.276251631671974328e-03 -2.585696765657034477e-03
-2.588175352061450329e-01 1.271722858603954454e-01 -4.939939442002991982e-02 -1.462768039331066756e-03 -7.972830263882277335e-04 1.297458383797307768e-03
1.993526144414062173e+00 -1.285483476367180189e-01 7.215279592297071942e-02 -9.703155545014649497e-03 -2.885598214539714622e-03 -6.493467105631644219e-03
1.356009327807019327e+00 -4.857239057706386198e-02 1.504634625432551935e-02 -2.370926107930211406e-03 4.592920962770249277e-03 -1.377147216084099405e-03
-1.267404185769862135e+00 -1.038738002514695835e-01 -2.421537172201399055e-03 -1.323133976093395555e-03 -3.566689341859110088e-04 -3.853530024383711606e-03
3.270278579571708755e-01 6.450100187308013822e-02 -3.233274235865904456e-02 -5.737189739380057357e-03 -1.296542678445681282e-04 -1.214238030431548853e-03
-4.542840219890297709e-02 9.776253922117396356e-02 1.967593616832536557e-02 5.411048146687683601e-03 -1.854679290268623076e-03 -4.089082937331327966e-03
-1.175684355533018977e+00 -1.731855164447144990e-01 -4.912455487800777149e-02 9.926983614435181021e-04 5.883923701107622150e-04 4.187959139045482481e-04
-1.445006732981781061e+00 8.795706345202562726e-02 4.764007714855245795e-02 -5.909416677893533643e-03 3.755460818222123697e-03 3.107168036284517054e-03
9.128480723707170785e-01 2.769172779916756477e-01 -4.704008312687864291e-02 -1.797404084000922813e-03 -1.664162057812554286e-03 1.874701688196832305e-03
-2.012113247264128366e-02 2.250756271215178517e-01 2.427606067490318403e-02 7.102924122906773344e-03 -3.627773391316802248e-03 -8.880439395463040470e-05
-6.197077668607657852e-01 -6.603419572266949755e-02 2.123070125501024408e-03 1.540748958941359032e-03 -4.697578620348153051e-03 -3.791463284501128510e-03
5.773319409595576435e-01 -2.578432052219977733e-01 2.615206900578844265e-02 -1.195848853598114643e-04 -5.798023907189949269e-03 2.451680081342770112e-03
1.341474144272257751e-01 -9.908684210914539547e-02 -1.001375994564714447e-02 -5.108046470205849067e-04 -4.761575328297178167e-03 3.689103733661141676e-06
1.192123786991829082e+00 1.247918001706164667e-02 -2.272958100757519612e-02 -5.135877897120444402e-03 6.185799218848277679e-03 -3.442646496713476934e-04
-1.054887497511646011e+00 -8.002967168371066808e-02 -3.353385108628061106e-02 5.468714721506674238e-03 6.079586059342612959e-03 -2.153968926175490496e-03
-7.308361549427577764e-01 -2.749706894396974355e-01 -3.091300419730873619e-02 -3.685768192858137737e-03 -7.487311447839253495e-03 4.156048987489103369e-04
-1.615356978254625986e+00 -6.624190212304814640e-02 7.639283279253875417e-03 -2.774329990891769102e-03 3.851830644545931482e-03 -2.260774643422808206e-03
1.332287308639316326e+00 -2.299403337893790589e-01 5.178897014312353747e-02 -7.646052543286244521e-03 -5.282242613110854981e-03 -1.381443535005158008e-03
-2.457054651598783168e-01 3.803939350755734805e-02 1.395630564946252240e-02 1.767894440639025157e-03 -5.201662776184554256e-03 -3.963753316069493042e-03
1.158789538548966602e+00 1.461032925225673766e-03 -2.085380562157329587e-02 -5.254276676718318967e-03 7.591110370765254307e-03 -8.089481308802769742e-04
-4.437685004921432808e-01 -3.238896366455575743e-03 -2.499039254238516125e-02 2.374043160198246322e-03 2.892312252710814262e-03 -3.019792348901482234e-03
-5.115391111258265067e-01 6.413672023034194813e-02 -1.301391302500770272e-02 1.463622146406917983e-03 -2.321051107109273789e-04 -1.976049010228150046e-03
-1.870051646264719314e-01 2.476135682634730273e-01 8.495217425875657702e-02 7.156565761401228673e-04 -4.656695560606815935e-03 1.531400208036272489e-03
-1.100029777683995347e+00 -1.889845507699998428e-02 4.537092297977784322e-03 5.655311480662770542e-03 4.114320177336848634e-03 -2.239167033903490932e-03
-8.734389081673121780e-02 2.429146849404317243e-01 3.314665647442301827e-02 3.999551236073902241e-03 -4.740715676542352035e-03 1.132777880854397628e-03
2.119182138458997056e+00 -2.359528422562536532e-01 1.137782495855971382e-01 1.183453842470009012e-03 1.401006712111746520e-03 -5.015355305315283459e-03
-1.683948700555605527e+00 4.259496290302453025e-02 1.027959882241577250e-01 -9.219461174479205365e-03 6.079515274219454181e-03 3.377504960527754046e-03
-6.103737594059105431e-01 2.691862913449936667e-01 2.216334695395119903e-01 -1.169142546674494833e-02 4.092248995852096685e-03 1.055325159295039672e-02
-6.742291262148071285e-01 9.425202921186729907e-03 -3.239759727519418014e-02 1.850038493570309599e-04 2.632482194577755175e-03 -3.318667118831629837e-03
-1.642923324179524469e+00 6.742251845721998482e-02 7.240918879675767306e-02 -5.573976572237092364e-03 6.678458428247589264e-03 3.947930442921290459e-03
3.425021800436707231e-01 1.843537224515586215e-01 -2.370436331230629367e-03 1.459461595685784341e-03 -5.126860417675075526e-03 -1.209386782952586890e-03
5.548103632291859766e-01 -2.884570217454882624e-01 3.083638322900282905e-02 3.132496457997810489e-03 -5.444758494616955095e-03 3.791842086171881825e-03
-1.643438807108483113e+00 -3.648143805357016711e-02 1.704092446036173381e-02 2.670076731922667291e-04 6.561800449789160355e-03 -8.790309146639428304e-04
-3.972151560385164815e-01 -2.115983379017819244e-01 -3.876635342332813983e-02 2.918953983467082250e-03 3.159703091426485991e-03 3.405196971111442653e-03
-3.424737825586997575e-01 -7.272216196921604814e-02 -4.316886014137311794e-02 -3.648663976561828705e-04 -6.821957063319886898e-04 1.489895040221421007e-03
-6.385162554220645825e-01 1.647226913534551307e-01 3.733277871295312498e-03 -8.305006483482295625e-04 -1.118297450695436351e-03 5.524260243254556710e-04
7.591424621214599988e-02 -2.086583295659372450e-01 -1.611108956492742286e-02 6.203347404646681294e-03 1.577091299187574104e-03 5.373637120049563724e-03
4.486207022137779776e-01 -2.024873854525933714e-01 -1.164096265599145856e-02 -1.054411870586052617e-02 -4.943235358864182978e-03 1.547205680710356203e-03
-1.027494894648151892e-02 3.735209835177713544e-02 -1.668835224041604823e-02 6.875153882869925988e-04 5.181483868768293598e-04 -2.779494683294823475e-03
1.849329860353726707e-02 -9.607327391529868477e-02 -2.845254987021454338e-02 -2.552903431238223546e-03 -3.786493785568217398e-03 1.366776416759230093e-03
2.629124319332111839e-02 1.596773293032363594e-02 -4.664949464067336127e-02 1.464587793288762421e-03 5.552815509726664531e-03 -3.648177953032316102e-04
3.820466085909877130e-01 1.921726035359474227e-01 -8.246473070053519233e-03 5.096524181462575064e-04 -3.546589527582578484e-03 -2.341067225367504667e-03
1.357781586765944015e-01 1.794211638298535139e-01 -7.195867336203317678e-03 2.981126512662048405e-03 -2.736675018878305214e-03 -1.696576674309656710e-03
5.721010846240159875e-01 1.828652072530018158e-01 -4.537488315883621282e-02 1.958509033704804343e-03 1.496268014549552786e-03 7.252110801711260510e-04
-8.722533523748731143e-01 -5.689206926546063608e-02 -1.140767629076689066e-04 6.261516642962986628e-03 1.335455072636520862e-03 -2.857063987143186167e-03
1.869094411718991378e+00 -1.503177922623142593e-01 7.055415425629746329e-02 -4.621790429508913431e-03 -2.452177844824189601e-03 -3.246818203821113906e-03
-7.330077130246712702e-01 1.251567187321497021e-01 2.968559468133031426e-02 -7.721705150430472481e-04 -1.363884538037892120e-03 -1.403615535438149586e-04
1.325188107253271852e+00 -2.461384440754923741e-01 6.081064881503435438e-02 9.915697662898124640e-03 3.988686095406627878e-03 3.083924730383681961e-03
1.280309043123814883e+00 1.204209212333700284e-02 -4.737246469831805917e-03 -6.181092778847692946e-03 8.852642093189636106e-04 -6.096853073826449462e-04
-1.198042389299275534e+00 -8.494582981807262401e-02 2.745103641844675799e-02 3.955338636927609695e-03 1.164529131951076669e-03 -3.592562728567253068e-03
-1.330992478633769460e+00 -4.441639422770959911e-02 -2.689295767416350486e-02 -2.924040768047705117e-04 1.665070153935712966e-03 -5.040806270186679559e-04
5.668908931848088972e-01 1.662800162373006541e-01 -2.652523206957355280e-03 2.232199381856627297e-03 -2.543448720961927981e-03 -2.447984924681282336e-03
-6.583103610293623564e-01 -2.594603472671814237e-01 -3.875309964881778341e-02 5.610265268905869924e-04 -2.919796394246641086e-03 3.689676018567012751e-03
-1.702942031633397635e+00 -7.394813074439958445e-02 -4.592756982341427742e-03 -2.672510655781018367e-03 2.988746531404033648e-03 -1.048670523563970851e-03
1.685361787516409249e-01 -1.952376707117997046e-01 -1.582272616185579836e-02 -8.677048885549107707e-03 -8.521600047659784807e-03 1.197110259893861188e-04
9.512853161230674925e-02 1.179100567953822176e-01 -5.756482172657403917e-02 -4.597157263483700289e-03 1.633961657221460594e-03 8.771562689549307302e-04
-9.052165002865164567e-01 -1.202193316850648647e-01 -5.804944248938916085e-02 -3.700403865126482717e-03 -2.466707585255869541e-04 7.261305462312896532e-04
2.605335612027790959e-01 -3.596542618456508023e-02 -7.285817108241712456e-03 2.194174601237244577e-04 -3.671607714396493694e-03 -7.914784010244486478e-04
-1.202631445187787307e+00 -8.341685941272329596e-02 -3.345270979852716514e-02 1.185549229602377626e-03 1.484824826791822329e-03 -1.422291484917950202e-03
-9.387490256082033913e-01 -1.295748372226656342e-01 -4.206960272995929201e-02 7.348233082658436541e-03 4.333115374643255885e-03 3.074520486692891900e-04
1.447795484822572032e+00 -4.611842691653232629e-02 2.729637716046823582e-05 -1.732329498467066135e-03 1.197647492399174333e-02 -2.616846841289134640e-03
8.781444647983213114e-01 -2.813989318592965971e-01 4.537243921151281473e-02 1.488152054522448760e-02 3.445106264668260695e-03 6.039285902627153715e-03
2.348425356000794384e+00 -1.706559176705596814e-01 1.140919378801696360e-01 -6.604520766430414802e-03 -3.572815579134765770e-03 -8.842641608872259945e-03
1.302753110785818125e+00 2.765935947238337689e-01 -3.999524592044812615e-02 -2.967323837921921094e-03 -1.343388704001224985e-03 3.475923302757415179e-04
-8.312376187821832740e-01 5.667889220425858382e-02 3.473335636151774625e-02 5.636470246840589830e-03 1.502455730427881787e-03 -1.598389471269144992e-03
1.230228460030913240e+00 2.345915503372002775e-01 -2.487854473951978118e-02 2.523213998309114907e-03 2.339121893888867273e-04 -1.186434788172697780e-04
-2.432736962167416847e-02 3.151414161222750310e-01 1.335188439036443485e-02 1.963609856902364878e-03 -5.636614028434338945e-03 4.321679799794378440e-03
-1.126939811167104066e+00 8.910846036146226334e-02 9.931353170925102947e-02 -4.824982681537763954e-03 2.038901714252144923e-03 9.515085925594836836e-04
-2.305512701157354516e-01 -2.250506165139690429e-01 -2.996569853306181586e-02 2.256227944918551363e-03 -3.455500835442494069e-03 5.361939536595738791e-03
-1.163246550443728655e-01 9.331578061562979809e-02 -3.058813132392158504e-02 -1.665410821186690460e-03 8.055285599718015836e-05 -2.338734301208992943e-03
-9.391879184984917861e-02 -8.998564170929852779e-02 -4.489676703159968529e-02 2.248266768032486634e-03 5.274100742756554494e-03 2.698792832133144279e-03
6.996946369275625077e-01 -3.534052097438105527e-02 -2.927409530177322097e-02 -1.370795950967501750e-03 5.994077370557352596e-03 2.165124852333570084e-03
4.374568287062802208e-01 -3.515754867792814653e-01 3.204607100083912280e-02 8.565045933994609381e-03 -5.864666144431659490e-03 6.888761301595798872e-03
-4.600424967104105312e-01 1.137791408991095654e-01 8.835964436265069180e-03 3.954321731032986540e-04 -1.512927508876994644e-03 -2.987060998219527586e-03
7.441492385532791909e-01 -4.800743680058819352e-02 -9.246853042046773372e-03 7.142806366843414828e-03 5.100350719871650160e-03 2.280645915956998164e-03
-2.871710952004014605e-01 1.317565196161520069e-01 3.408543909083897733e-02 1.500307727551576480e-03 -2.864501701448568267e-03 -3.061734447610688081e-03
1.893030062126908719e+00 -1.196108085652670960e-01 6.668653907274041392e-02 4.533718386245061925e-03 7.156768281024047766e-03 -3.283816724694902343e-03
1.554374272806939628e+00 -2.891918792034504637e-01 8.689414234959448591e-02 6.318418241786537964e-03 -1.509309933384626228e-03 2.326250202655014490e-03
-1.866396727531210165e-01 1.249232115403901555e-01 -3.160338803535799046e-02 6.142604123268446958e-03 8.614732434614198308e-04 7.568750822539563111e-04
5.280870174286407259e-01 -1.818810245864590502e-01 1.353135465133250594e-02 7.882541254950152856e-03 9.915497946495139322e-04 3.311589948878410506e-03
5.209018722455485140e-01 3.510308824517612836e-01 9.664871383020186973e-03 4.158763332773249277e-03 -7.866932484217730240e-03 2.672656868720783493e-03
-5.013370127486179578e-02 1.821062828359742980e-01 -2.336739900549042806e-02 5.112623093253939460e-03 -1.217190458742343313e-03 5.874491323642446524e-04
-5.627346512942493773e-01 1.240296294607240307e-01 1.453092182540942010e-02 4.787259970910494669e-03 -1.007663592865725485e-03 7.368627350549208411e-05
-8.783380116656146486e-01 8.363158511560560282e-02 -1.159460815061504405e-02 -1.907627745423393377e-04 1.421408959861847430e-03 -1.667957552029032588e-03
-9.723657902769194949e-02 -8.079579892379272488e-02 -1.222322261349093053e-02 5.568548983543619366e-03 6.850588335641378526e-04 -7.841415937111052619e-04
-3.247696685657838755e-01 2.127446811898724421e-01 7.928152465036349128e-02 2.412934764718998454e-03 -2.788684847641197725e-03 9.943914616134270218e-04
-1.054554344757648199e+00 -2.538441645853267009e-02 -3.914461451358506455e-02 2.486416452190419197e-03 3.461196689989078611e-03 -2.857667416003154058e-04
4.691805400710659102e-01 -1.766634210105252900e-01 -1.303860832598585130e-02 -1.254997636020566652e-02 -6.398740329745660448e-03 2.011068500026410764e-05
-1.113145965311529428e+00 1.384154122949708410e-01 8.844990743854407034e-02 -3.278851705777780130e-03 3.107245538013435251e-03 3.558574343587863568e-03
8.855787154705331288e-01 -1.713760184158011346e-01 1.445635136506455767e-02 -9.598995439000166871e-03 -3.845150501578121355e-03 -6.625979727707562118e-04
-1.458292468452613733e+00 -2.459520846743566136e-01 -4.620170896854438464e-02 -8.400937459743580043e-04 -2.789763019887121689e-03 -6.208691864911802675e-04
7.041689067181831907e-02 -2.299488159917286445e-01 -1.187284085861890770e-02 1.084643849083181955e-02 3.475334541383262935e-03 6.111164484409012561e-03
3.471687011981546833e-01 9.921678675355234157e-04 -5.268303123745959188e-02 -1.849863267353793602e-03 6.007084680521079800e-03 2.352069925124051185e-03
-1.517632114113143249e+00 -2.147696129468985027e-01 -3.156273534545855908e-02 -1.683138771260201142e-03 8.506735150558623589e-04 -2.833796215892447554e-03
9.376648804518785685e-01 1.149006857398680581e-01 -3.536790978675317942e-02 -7.626476163924608351e-03 1.372097806317437371e-03 -4.550761340893744828e-04
-6.430824467630966712e-01 -8.879876464294771121e-02 -4.230788843718034931e-02 8.923770357458278991e-05 1.291378956202492113e-03 2.818594029098836720e-05
-1.710778522323279871e+00 2.894481367644642644e-02 1.294444860067015257e-01 -9.544216360233179555e-03 7.583542070825117880e-03 3.229661711512560665e-03
-6.449992981238383827e-01 -1.971493353713855701e-01 6.785367089219801300e-03 1.054151749735128714e-03 -8.278745222511228741e-03 -4.223015252291654684e-03
-1.072018731804058156e+00 -1.050348678790692519e-01 -1.240732561356395862e-02 -1.877229868390149076e-03 -6.881160708201841994e-05 -4.271367451485938785e-03
-5.926807428599883965e-01 -5.197401763889362286e-02 -4.026681334038114540e-02 2.174358150701907050e-03 4.982612288012270262e-03 -2.178070656024144996e-03
7.648965307631144794e-01 -1.272411181250896750e-01 -9.633790517785854272e-04 -2.133404188563165285e-03 -3.067811192470250824e-03 2.992739192625256794e-03
-5.527609315771875309e-01 -1.474954919271077858e-01 -3.835226588472162579e-02 3.625102076551844129e-03 2.733511002393288793e-03 1.055103608409528647e-03
-9.412814522957276830e-01 -1.799942709312786493e-01 -3.578228497773171257e-02 -4.834348298831135649e-03 -4.526445601656481181e-03 -2.285837826407189841e-03
-3.450433158621840635e-01 1.765452612996235571e-01 -4.733683963315192186e-03 -7.621986557415425098e-04 -2.346833899031633853e-03 -4.464770790458527368e-04
3.423738377451220338e-01 -1.434600181001514652e-01 -2.945382053139934675e-02 -9.112128815539279059e-03 -4.725364600114923160e-03 2.849357224803802154e-03
-5.500048989040735858e-02 -1.852272936739879361e-01 2.678123425226980065e-04 1.300977105417304262e-02 -4.041092747907534984e-03 3.892590480987083521e-03
1.200891548914067242e+00 -1.634974673833398673e-01 3.826370189469203986e-02 -4.048263260328700298e-03 -7.039047657442999879e-03 -1.561693788452128250e-04
-4.671586501297200211e-01 1.383891398190255917e-01 1.882774832654198968e-02 1.719638477070043955e-03 -3.165580938490944549e-03 -4.589606021802618285e-04
3.760640966806597651e-01 6.160257870860555256e-03 -4.706598678022542309e-02 1.137428316011615537e-03 5.538552752686002473e-03 2.942948643084160928e-03
-3.303823727534168642e-01 -2.244163002038650490e-01 -3.888720449973470661e-02 -7.243575293617598478e-03 -5.430348215812977504e-03 2.278871281633917164e-03
-1.139907296835788619e+00 -2.393338414873281972e-02 5.603107036918849454e-02 2.974535486978023818e-03 1.103341747944106476e-03 -2.793476774066660194e-03
1.767729646959194989e+00 1.200982730357495060e-01 -6.784058922305878300e-03 -3.067585405939696197e-03 6.193154852769950335e-03 -3.912387992288296479e-03
-1.587916660842055711e-02 -1.144571992342108269e-02 -6.056606275867641720e-02 -6.676807982697184791e-03 3.971772733453164672e-03 1.304266841610615939e-03
1.155526076543422542e+00 -1.076340009481293603e-01 2.277398230597811948e-02 1.967438046338183463e-03 6.320296806798731326e-04 1.732984916028837332e-03
-1.246443989097554585e-02 -3.057062884959991789e-01 -8.198091803114782375e-03 -4.451076560692806411e-03 -7.698570266139879298e-03 3.024114336981926360e-03
-1.291599443931671920e-01 2.582012812352173503e-01 4.098660204986900868e-02 4.282127933558877060e-03 -4.297636785990307205e-03 2.102871748505599596e-03
-2.696668029011712875e-01 1.680221668608898600e-01 -9.310126149792643732e-03 1.051024846548339253e-03 -1.975772350571529910e-03 -6.754003624718193152e-04
1.036637817727787070e+00 9.394608286198422031e-02 -2.949434845592196347e-02 -3.065880720077040090e-03 5.103897336989529632e-03 -1.106935871294052178e-03
1.260773425574107931e-01 1.348225290714573366e-01 -3.053155902469338948e-02 2.530233092485303491e-03 4.633593252471886041e-04 -1.186666026966824456e-03
1.977355272995551527e-01 3.440456434244145139e-04 -4.879962713895907855e-02 -3.867644597819239801e-03 -3.752016699868673377e-04 2.645697339187679919e-03
-9.204180821047687200e-01 -8.968630452768960870e-02 -2.376365516909168668e-02 -2.784229706688834231e-03 -3.516565040122926825e-03 -3.152807536149862012e-03
-1.088602259934251082e+00 -5.033013696700282952e-02 -2.301020499765678295e-02 2.863447030071015423e-03 2.498218485826498355e-03 -1.413699404057500598e-03
-9.989964529416507644e-02 -8.732296511240454640e-02 -3.310678929568591083e-02 9.224142806608736462e-04 -6.821829455657589742e-04 1.684967877778754735e-03
-2.999827852093880365e-01 -1.986620587805900395e-01 -2.079383292293885202e-02 4.142687008790038074e-03 1.686669785639150322e-03 1.730095933952181288e-03
-2.175802243311750483e-01 -8.089156701046704145e-02 -5.074733464277918216e-02 5.791398528165532696e-04 6.631489710976472100e-03 1.262779554268223664e-03
-2.027872110650097148e-01 1.582871817995871455e-01 -2.183212919465279955e-02 2.264792233999076039e-03 -1.989251023147562466e-03 4.407017508873166205e-04
-6.045199333537411013e-01 7.163651187446581914e-02 -1.693426603633560804e-02 -1.644429897631022666e-03 -1.357500801565526176e-03 -1.619867279898125172e-03
9.496755200617985615e-01 2.165180600683105916e-01 -4.525604269894466236e-02 -2.613563041613005747e-03 9.079784985292720491e-04 3.174210237538645663e-04
-7.059120966268780384e-01 -1.377284322803338512e-01 -6.061453118865493741e-05 -4.491525074058765098e-04 -6.004825702480864370e-03 -4.657054590417541995e-03
1.037030336989137380e+00 1.675120261258805088e-01 -3.155534670744222780e-02 -2.888815149814484042e-03 1.459353769003342381e-03 -5.870334198724215958e-04
-7.724273563410412047e-01 -8.190969176745988012e-02 -4.980466062405893013e-02 -1.513148806250025477e-03 -1.853244606293728749e-03 6.258210348566677203e-04
1.117991886149754199e+00 1.113766450808623548e-01 -1.945298732144576381e-02 1.482129439087607635e-03 3.915064038492972916e-03 -9.336741439119620512e-05
-8.339399267395780635e-01 -2.270788727359590586e-02 -4.748735431395124940e-02 -2.441860828116362500e-03 2.941420596629889302e-03 -1.802059031840625141e-03
-1.394371672115534810e+00 -7.920376369428482402e-03 6.041261391205760695e-02 -5.071396565919394396e-03 1.404371263708258967e-03 -2.226009717728511320e-03
8.621790538997563258e-02 -1.976079251473278897e-01 -1.491512528779283427e-02 6.359602827004007166e-04 -4.334558959308888043e-03 3.838940285736390165e-03
-3.131530441489391303e-01 -2.780725321878793274e-02 -5.560662711717313106e-02 -5.663041331591379957e-03 -2.389302146668952423e-03 1.110035352665720730e-03
2.229939430218006446e-01 -2.535374043160037449e-01 1.279641983660930772e-02 4.874584484261092546e-03 -6.285978883168531588e-03 3.881625785051263239e-03
-1.271461971333098795e-01 1.438826312050323353e-01 -2.089234620458470595e-02 -6.385386113095714491e-04 -1.412338060335556391e-03 -1.200594137022187140e-03
-9.120191284186824898e-01 -2.418945778117843337e-01 -1.572160612964093249e-02 -1.918223464927879983e-03 -5.862889536217530048e-03 -3.316220235341384766e-03
-1.275355518774537178e-01 2.685693122509099501e-02 -6.301472557097585747e-02 -3.728231657152090810e-03 3.834163711117360551e-03 1.149913597049056916e-03
-3.646821277857129617e-01 1.061456295727921384e-01 -3.209057532129411250e-02 -2.038416986400557081e-03 -1.961660665637726469e-04 -1.632994458024359568e-03
2.994272357062244816e-01 -9.968294423371767965e-02 -2.592517760340144750e-02 -8.177695184172854501e-03 -5.346782716169859971e-03 4.875935350974833367e-04
6.543284124238629706e-01 -7.931370325758459183e-02 -2.187122925129571151e-03 -2.337884449484330297e-05 -1.000151999730423133e-03 1.366472420913417271e-03
1.168366005895058901e+00 3.097049588730900124e-02 -7.137198837611968480e-03 2.055129864922625594e-04 3.701653746982968597e-03 1.695409500081905834e-04
1.422052459856132600e+00 1.898285852232065585e-01 -3.131359714770155095e-02 -4.634989296464728584e-03 2.556528971064518912e-03 -1.099822270277797404e-03
-4.570274042537675885e-01 -7.131162760286169355e-02 -3.617547452984360562e-02 3.429450385296345296e-03 4.872669345859156897e-03 -1.045197090856770337e-03
6.662895014023141327e-01 2.177969798327338558e-01 -5.389925142079825954e-02 -1.442311246327828084e-03 7.092708715721234101e-04 1.657405116223722953e-03
2.157880133186975413e-01 -6.018810511034192179e-02 -5.074155418327815081e-02 -9.161520673471765588e-03 1.057917734592922748e-03 2.382258503762391989e-03
6.041204375778134184e-01 5.517398792112126506e-03 -2.793825909173955346e-02 8.694750273504994482e-04 4.242034924176036476e-03 1.582222058580190494e-03
-6.403649270688043238e-01 -1.641758319670381105e-01 -1.563040201197277721e-03 2.987369328849281708e-03 -4.759324973414374819e-03 -2.841529793711188110e-03
-6.580084127071469391e-01 8.597331432664011286e-02 -2.271445853656945540e-02 2.220037159217816240e-03 1.413333049067767551e-03 -1.470239521725640475e-03
1.797822652144867028e+00 -5.586211677054978009e-02 3.613278846350925083e-02 1.908370704695469457e-03 5.199731262359025101e-03 -1.540920681017313165e-03
-1.221783940468602836e+00 -1.803189589236362314e-02 9.173688913220200136e-02 -4.423073919032526535e-04 1.618193840664524296e-03 -3.063420214319330370e-03
-5.813813487104873001e-01 1.862513748841666261e-01 6.878984930680069609e-02 -1.539772158264138139e-03 -1.525744945959947195e-03 1.338877687297256903e-03
1.277702579403083405e+00 -2.193715383659642637e-01 4.391737020826192578e-02 -5.065990620524427231e-03 -1.465918051997169890e-03 1.926037400084113860e-04
1.859194532888601259e+00 2.137835469478538072e-02 2.147421534193763581e-02 -5.511988706543508379e-03 3.930313738307386097e-03 -3.998363164995613096e-03
-1.056018576549250243e+00 -1.715172196063121934e-01 -2.340565980094131207e-02 6.145781144305922580e-03 9.307985240990870879e-04 -1.103056421026731536e-03
9.467597699179491899e-01 -2.536697727457441487e-01 3.475106744628183447e-02 -4.381786402325409460e-03 -3.862660735997660785e-03 1.558202749516353564e-03
-1.838364130894497572e-01 6.824304446652514067e-02 -5.476116675025349129e-02 -1.592376728991701587e-03 1.577690802668026962e-03 1.184086543975978621e-03
-5.152029758720519936e-01 2.081854787080964497e-01 2.304928257114042048e-02 2.201187486747133767e-03 -1.724465786871391508e-03 2.011474105996715386e-03
6.439417339008085550e-01 -2.348726148968745819e-01 1.242067700422359519e-02 -7.926625349225772943e-03 -8.197106979207949978e-03 1.662975154439645664e-03
1.901122657318568554e-01 6.923933630755739477e-02 -1.517463342222986900e-02 1.498643985206227170e-03 -2.754004708894290925e-03 -8.382911811772220025e-04
-8.165491276836973622e-01 -2.277061745785559106e-03 -5.010616516071792620e-02 2.626960665788542586e-03 2.278868048114275884e-03 9.870994022622529840e-04
6.947263675557386886e-01 2.981610171028680201e-01 8.114541450898356267e-03 4.340894543203158325e-03 -7.159539533286318237e-03 1.255298225954387973e-04
-6.564049322921597929e-01 1.612847301012557133e-02 -3.521407766460740198e-03 6.667164019186224387e-03 2.977809544501782302e-03 -3.431985675236272088e-03
-1.359996386705715654e+00 3.163566474798625017e-02 -9.889864438298425278e-03 -3.429524370404814660e-03 1.678868840246796647e-03 5.930252699485373275e-04
5.639501697309642347e-01 3.761051944139525705e-01 1.373316106585538952e-02 4.675605283022280304e-03 -8.400269628025126833e-03 3.478521544412073625e-03
1.886026255994983414e+00 -2.991213683088081443e-01 1.192480290790553926e-01 9.393022361835319523e-03 -2.215142473288309391e-03 5.890629539337047119e-04
-5.011194873022369878e-01 -3.798889318593687975e-02 -2.714167031825726745e-02 3.948405028627088864e-03 1.136779442126864938e-03 -5.658843886266793450e-04
-5.254105564034933229e-01 -9.547643276752983132e-03 1.160314266719321289e-03 4.816639009377786905e-03 -2.680738015679043026e-04 -2.954808968450947648e-03
6.003027934514364450e-01 -2.277774077648138107e-01 1.439394918936646051e-03 -7.669799594697012703e-03 -7.190171886075563158e-03 3.157029798203524976e-03
-2.656155729614330663e-01 3.391733121775362004e-03 -1.066830730690486971e-02 1.600127883344314107e-04 -9.994129717035477901e-04 -3.210551166690889247e-03
1.238144769781262866e+00 -6.430448485666485914e-02 1.650269553429247610e-02 -2.866818096945014660e-03 -3.375860085125833524e-03 2.860629781481299435e-04
1.860816481942700662e+00 2.108269130748512965e-01 -2.533932258748955446e-02 -6.786737126713528710e-03 2.524132442344232969e-03 -3.148513509896633950e-03
-1.634733565885689188e+00 -5.604741334080000359e-02 3.446182571380792398e-02 -3.862848206312718426e-04 4.948839133308643654e-03 -1.492281829193494499e-03
-2.635509794989734922e-01 2.779658480683139254e-02 5.684325186446102102e-03 9.357294003498760684e-03 2.485011872816784203e-03 -4.182761213314937880e-03
9.150129212020552405e-01 -1.307168518521099609e-01 1.780436508952714866e-02 -4.474959168336287325e-03 -3.020421855073984838e-03 -1.584228257430648763e-04
-4.909839171032728822e-02 -1.169591014595683515e-01 -4.651716301783030173e-03 1.600878672007166733e-03 -2.156160075639427295e-03 -1.078815840319205608e-03
-1.529065955798594834e+00 -1.675134607733227976e-01 -3.062120831756401027e-02 5.637991086586241832e-03 5.588428031093386865e-03 -1.505544438203905390e-03
3.058054227864162242e-02 -2.496025704421431235e-01 -1.535011184048062048e-02 -2.303330574841042956e-03 -4.222797646847300905e-03 4.241204617711143675e-03
8.385978541446745815e-01 -1.231335301496976620e-01 1.136526885456757424e-02 5.300500050806475003e-03 2.258787473302849985e-03 2.416884634069488540e-03
1.247895548463262561e+00 1.325899304636872778e-01 -1.748741595426835452e-02 1.110973099516035295e-03 2.586699845693902090e-03 -4.164778869853983279e-04
6.105565607837677433e-01 1.026816787918154519e-02 -2.127153418656977171e-02 3.016277328364135729e-04 -9.356806458956375789e-04 1.504579985451916929e-03
-3.961215862349976580e-01 -1.777800192872463769e-01 -3.474600732006039028e-02 -4.207180498583092815e-03 -7.077001807009770940e-03 8.758968001503375121e-04
-9.869185482303571844e-02 -8.602956652952606365e-02 -5.339713453651830782e-02 3.020381918073412365e-03 6.527511950957983096e-03 3.862447747828216208e-03
3.581825950415836735e-01 1.612606859332171294e-01 -3.440308109765727318e-02 -2.248044204281032452e-03 -7.829199795271776612e-04 -1.104001984355138704e-03
-3.950809378850695941e-01 4.211890827608283372e-02 1.124688513316985912e-03 5.358555150715069854e-03 -1.012967829681941673e-03 -2.130408661367548268e-03
3.535939215726030538e-01 -6.399436991048412793e-02 -1.389860074242272800e-02 7.649884127701333039e-03 4.273640257751907916e-03 1.469976312700606086e-03
-6.189144837559585888e-01 2.710231944265498183e-01 1.411671771662886543e-01 -6.586880947223983963e-03 5.102471180101578749e-04 8.732414522592248096e-03
1.758299293840159816e+00 1.684733631644725615e-01 -1.695905681081652863e-02 -5.260950726223219062e-03 3.851130794133714435e-03 -3.165835987049566303e-03
-1.380719583713799492e-01 -2.179645754474162644e-01 -1.883477818989058930e-02 -4.198949358392380549e-04 -3.213591841322062815e-03 2.885534127824229429e-03
8.069436210350632299e-01 2.504117568819532597e-02 -5.305177141711567290e-02 -8.680943754970226953e-03 6.942385904147273246e-03 1.399807638131673462e-03
-5.557507086026095555e-01 2.784904500383943854e-02 -2.800963580052555357e-02 2.895945450334814607e-03 1.104342209693553447e-03 -7.279291591922765377e-04
-3.617827904784816639e-01 -7.008148189390936422e-02 -7.599104362243576903e-03 1.314563575107760606e-03 -5.597899400392636511e-04 -3.346532242494958728e-03
-7.853663526544873985e-01 -1.777656268201892320e-01 -1.353907468252407188e-02 1.877547707654485682e-05 -3.871556559386251685e-03 -2.810623527805978551e-03
-6.282462455237920740e-02 1.196722736074382620e-01 -4.142932934798419092e-02 -2.073251810794148314e-03 2.515756614054970243e-04 -3.141401695074528579e-04
-9.260626663495905575e-01 -9.256816385750019777e-03 7.640030176086350273e-03 -2.059354122941175471e-04 6.662250145616500344e-05 -3.565340103151870901e-03
-2.957383403058594373e-01 1.811070676982161863e-03 -1.201246267137354856e-02 3.951698333464493664e-04 -3.430148377847475581e-03 -2.330832239308560511e-03
5.074831881308645709e-01 2.149933217069129598e-01 -6.307524387254917486e-02 3.479631939088511337e-03 2.371906182976616945e-03 3.053721860361332217e-03
1.572608354940586706e+00 1.483025351432977305e-02 9.894367744769004547e-03 -1.313703395772771376e-03 6.679928247738955993e-03 -2.495638896965381853e-03
-5.920418367808123472e-01 -1.145150193751154344e-01 -4.573514082509897577e-02 5.874430062630622840e-03 4.292688358575255658e-03 1.593348572649921045e-03
6.731438198085798463e-02 2.198088716585672731e-01 1.304307950996587070e-02 1.455684335187715315e-03 -4.789155964935871458e-03 -5.891537456226209665e-04
-4.715664227612869630e-01 -1.062259637862344452e-01 -2.419521249112890036e-03 3.492076034812496843e-03 -3.174992375284472514e-03 -2.349504860705320473e-03
-1.732976766372319732e-01 -9.608383702633767343e-02 -3.011163559518087104e-03 4.626626711771296852e-04 -5.322692390781975751e-03 -2.605344681696549793e-03
3.020327004389877223e-01 1.787613629024610573e-01 3.254290400080421444e-03 4.413788301992614162e-03 -4.269522034846656364e-03 -1.246242686860801795e-03
6.998297658856402759e-01 -2.891887328690138093e-01 3.825006163331133580e-02 1.292395350565605887e-02 -3.281314244267444832e-03 7.752411659387024000e-03
6.646264698832885509e-01 -1.818451028368760214e-01 -3.855997680718333594e-03 -1.315704239112880716e-02 -6.945759932168183055e-03 -2.929850204662546686e-04
-2.033821931183489237e-02 1.597161804099799312e-02 -1.696343605528062223e-02 -1.163599586647825422e-04 -8.468755145775179374e-04 -1.992867380187740393e-03
-9.409294886159467186e-01 4.865960060783993540e-02 4.020921808763541078e-02 3.006969751104401835e-04 2.952737634914014793e-04 -2.092268445232983286e-03
-4.096427934829277029e-01 8.473977669064575169e-02 7.599528504154614249e-03 1.579330444007896305e-03 -1.158836083632263552e-03 -3.258060443266434531e-03
2.526511805631935226e-01 2.438334781880729940e-01 -1.211567514543269129e-02 2.181742059291857851e-03 -4.051708100281045839e-03 5.647271011365363226e-04
-2.916954305992177088e-01 1.952148073462163236e-01 3.596599953836493446e-02 3.030323285888337874e-03 -2.746770415106097440e-03 -5.944890079634457730e-05
-3.673407943928593822e-01 1.839756033725093998e-01 1.296415529757282900e-02 3.132407758505589314e-03 -2.474105195766540879e-03 5.384247825234019999e-04
1.835430739886600160e-01 1.651344114965543342e-01 -3.562508039318863784e-02 -2.177530631705142626e-03 -1.610513598198355916e-03 2.141767720908997362e-04
1.001480286802765685e+00 -1.134655914827334133e-01 -2.219449467226288549e-03 -2.469189953662163668e-03 2.399721479967877134e-03 2.827690802592883104e-03
9.195044879047609143e-01 7.937224329612699303e-02 -3.686309159535978985e-02 1.306704394267824447e-03 7.147354119839575623e-03 4.739039228587396419e-04
-3.638040000240141958e-01 1.181924408708972807e-01 -4.435688201276354742e-02 -1.930390257744517496e-03 3.218910756077983815e-04 1.673920181377422432e-04
1.955007169041581561e-01 1.579284071361718444e-01 -1.244700129516336691e-02 7.237891283488540788e-04 -2.680437448220127170e-03 -1.512308194995853851e-03
-5.165900766638972241e-01 6.874490527676097029e-02 3.189826727468259709e-02 -2.205230551943272472e-04 -3.960361896485169869e-03 -3.624440322592623661e-03
-6.303833743666868994e-01 -1.294872650459393537e-01 -4.422152658407090681e-02 3.429137602155694301e-03 4.877057155255845253e-03 7.236000080360549189e-04
7.033203460929342565e-01 1.660911875322847453e-01 -4.815164660323874996e-02 4.157092446438066780e-04 2.934609797767074538e-03 9.950169750170836068e-04
3.064911513726918946e-01 2.521013774954802278e-01 -1.097742756339350860e-02 2.578961566008142973e-03 -5.292573628310083718e-03 9.301579413283321551e-04
-1.958200595568286018e-01 -1.171507000602788617e-01 -4.009760797530976389e-02 6.616392058535977734e-03 5.444564913639004557e-03 2.971732710201986129e-03
4.072959749430347665e-01 -1.860154964019715418e-01 -6.413999432120112351e-03 7.612525855312394889e-03 5.869497612758640915e-04 6.812877098721049733e-03
-2.139753089980865886e-01 -1.071729546081864881e-01 5.370429368898016649e-03 7.806650129297378407e-03 -2.500193818108736518e-03 -1.542165862867084280e-03
-3.761567334944850294e-01 -1.234804234641098952e-01 -5.352079674819252425e-02 -3.435175029178767422e-03 -5.761293063504619111e-04 3.094049120614345959e-03
-1.515000224739826207e+00 -1.706496744704023849e-01 2.159767800007478256e-02 -2.653170773476293265e-03 -1.827834727934019455e-03 -6.143161586463454470e-03
1.300475612432321126e+00 2.566656007365107905e-01 -4.630146962089160684e-02 -3.996128870005415633e-03 1.637968418693670883e-06 3.404390889260015427e-04
8.125244269928165730e-01 1.508964171219085160e-01 -9.954992583522894248e-03 4.297598464220636670e-05 -5.744879137863685573e-04 -3.333191936468033866e-03
-2.286007837679859822e-01 1.758673454759767385e-01 4.547041354442500453e-03 9.184063194424421997e-04 -3.686915631595623702e-03 -4.323674483904993882e-04
3.141337912788381981e-02 2.873923752728496650e-01 5.118373012634186425e-02 3.276385376615750019e-03 -6.115198575665056931e-03 2.343034708185328871e-03
1.433139431728399638e+00 1.076537717600282128e-02 9.670723738421608141e-04 -2.911433325394831902e-03 5.572602614787494635e-03 -1.809042251962953178e-03
-1.047928196369133091e-01 9.835058788867188928e-02 -2.066368779770124536e-02 3.511780031999041374e-03 -3.852969703183051751e-04 -9.448043631929686900e-04
-8.911165316806195502e-01 9.012843065409890941e-02 2.042563732447335786e-02 1.293578419823628207e-03 6.530333934139454302e-04 -4.796504610038323613e-04
6.098565208706123730e-01 -4.781102674270243380e-02 -2.613976983583229247e-02 -6.180427601509035779e-03 1.463116678573706973e-03 1.119317440510409715e-03
1.401093702006127664e-02 -1.749254044870909575e-01 -3.039973838118323335e-02 -2.718710808047384263e-03 -3.710855481498501543e-03 3.877191681401024465e-03
-1.877996458621903564e+00 -4.713180235217474812e-02 1.849649242091287726e-02 -6.741444360907171418e-03 4.119312481260366601e-03 -2.246661853948063523e-04
4.388141493758708211e-01 1.171895878668815227e-01 -2.981431602401789921e-02 -2.443572017406303587e-03 -2.755629509805705788e-03 8.831617520743150255e-05
4.337404998331526734e-02 -4.831004945033496450e-02 -2.594466436034572818e-02 -4.479204116398028887e-03 -4.031981886597936146e-03 -9.252827496402239553e-04
-1.459243042623799891e+00 -6.044600228228330999e-03 8.181447127315648327e-02 -3.023148227492103522e-03 3.308119259971882987e-03 -8.391755242630305044e-04
-8.513541405458417977e-01 7.268621277152437221e-02 -3.497656110647368033e-02 -2.051663429309756159e-03 2.182335478680911406e-04 1.524881098222656962e-04
4.988682959531634542e-01 -1.740414909023161871e-01 4.367632770154523253e-03 -5.207824409118295451e-03 -6.643267658705206274e-03 8.182470337907850853e-04
-1.017630679795211268e+00 -1.731373607091028499e-01 -2.733355616597754612e-02 4.189578562413619374e-03 1.435927873900624428e-03 -8.940263912303568353e-04
-1.567837733643075993e+00 -1.701945656524281036e-01 2.086920532508607443e-03 -4.728520641694990492e-03 -1.549971400859174878e-03 -5.910683546553329414e-03
