7.100622276638937969e+00 1.249015992464670211e+00 5.070090030541671844e-01 6.096366309153070095e-02 -5.636484951471056222e-03 -7.271375518443696020e-03
7.763374766914623581e-01 -2.188639338502391674e-01 -3.657406635163539810e-01 -7.830681521079851937e-03 -2.984638944190166524e-05 1.369784629925712913e-03
2.020223004674805978e-01 -3.123667297832141698e-01 -6.937971413891347652e-03 -6.571654328315819533e-03 7.753209992314069078e-03 5.997947966600703125e-03
3.655606314018948200e-01 -4.252318807079609742e-01 6.293361435221753175e-02 -1.732144311184124694e-02 5.098172613476420695e-05 1.932171349827632246e-03
-4.011319135307104267e-01 -3.768583019285520197e-01 2.866580502181485714e-03 -6.529690069249437234e-03 4.556917293880877705e-03 4.347483900408106658e-03
4.577063534666298672e+00 3.982333500124869419e-01 2.758685738337644522e-01 2.699403381255195342e-03 -1.104131258882359292e-03 3.156541981660383744e-03
-1.223371534873049615e+00 5.758557116221409977e-01 -1.217026484531332636e-02 -3.760506039773788586e-04 6.699369272443173430e-04 -4.649866730381688401e-04
-6.096991004961107574e-01 -1.897250905506860652e-01 -1.462943456033459488e-01 3.114792666006046336e-04 -1.566684188415207960e-03 -3.342358471843239962e-03
1.733357408410147182e-01 -2.369348814100558521e-03 -1.016036487395262644e-01 1.236753772764078926e-02 3.508103455183476677e-03 6.884493409479128766e-03
-3.167602025909775687e+00 3.163646237633201408e-01 1.980229963867103926e-01 -1.559741980085918578e-02 1.301709252708036640e-03 -1.867656478256613873e-03
-5.829287154207202226e-01 9.616419109045276636e-01 -2.730135458381089536e-02 -6.986866783108132591e-03 1.490523369088477988e-03 1.803635545724220851e-03
-8.011947194159828589e-01 4.673822817748974900e-01 -5.665771327682128655e-02 9.533886218729392334e-03 -6.571114357575181403e-05 1.616473840175072897e-06
1.033621162643640679e+00 -2.950144609914652771e-01 1.829449684809390797e-01 -8.743089038674144511e-03 -3.691799448926204319e-03 -3.584382660251423953e-03
2.518560597184464012e+00 -1.345191549705569978e-01 9.790414298642113877e-02 -2.198641810636704774e-02 1.192802959821150696e-03 5.509989520240901216e-04
-1.036390366921957185e+00 5.705723823640425352e-02 -2.699004272391410109e-02 1.119660623130519159e-02 2.840885781449737843e-03 -2.419255420259390152e-03
-7.618447739446754241e-01 7.745535373949100633e-01 -7.735612663942746658e-02 -6.768270291902194966e-03 -1.101163117842658646e-03 4.702747554955179210e-03
-1.792733457056082447e+00 9.983273221575581502e-01 6.215928107346841563e-02 -4.384466752244234322e-02 -6.283440367193184224e-03 4.835520330196291586e-03
2.877446369499345735e-01 -1.797921206180891074e-01 -7.293357395622802886e-02 3.469157255214357083e-03 5.185218101150715526e-03 6.149927571941967222e-03
-9.135342337351161079e-01 -1.320584697585411582e-01 -1.069912227027083884e-01 1.074450419306330990e-03 1.836554224551838069e-03 -1.257164891285987140e-03
-7.865782185767266066e-01 -4.300970561841380713e-01 3.608744352446777853e-02 -7.373761957261854363e-03 2.103558872977822573e-03 2.105200449368303198e-03
-5.196233358288444570e-01 -2.352161729332256646e-01 -1.558157525994599280e-01 -3.206657949891023821e-03 6.612879591809453766e-04 -9.888110725205314939e-04
4.863936933877824664e+00 3.692914913787910258e-01 1.897017288621107856e-01 -7.515147990426004031e-03 4.525068614102112081e-04 -3.848672629948593320e-03
4.157422711281489214e+00 1.664743967943801140e-01 9.873826427706408615e-02 -1.411811596005617224e-02 -4.434169465232553828e-03 -5.539334897521187937e-04
5.432444213809207723e-01 2.218616244606844978e-01 -3.024231153237231240e-01 1.141773815042301451e-02 2.044933475472209374e-04 6.010988576354099958e-03
3.402032242055070821e-01 -1.909663075542983313e-01 -4.492713953414519817e-02 3.086852282581326566e-03 7.305473440141916665e-03 4.467876039574959594e-03
1.168414046523252647e+00 -1.858284533679076533e-01 3.201220581677321486e-01 8.162738424717545099e-03 -9.818969831447284594e-03 1.057899818302653581e-02
-3.612279251478480169e-01 -2.493613645325047090e-01 -2.579433045355113488e-02 3.147859667276636970e-03 2.431913359123355576e-03 1.775927344515095766e-03
-2.476462169467342100e+00 -9.780109095481276035e-03 1.652230815482539361e-01 6.966707172134921702e-03 4.936272630788955153e-03 -1.280491324984853836e-03
7.953838307023546328e-01 -3.366761757742326444e-01 8.515169920072369891e-02 -1.164783331452136361e-02 1.250260277187397167e-04 -5.838081878748018101e-03
2.609880061293406328e+00 -1.534634240647470282e-01 -1.639480030333490823e-01 -1.579608956202868675e-02 1.577448814902595827e-04 -6.739401787979260733e-03
1.681653540733616836e+00 -2.877801929289522387e-01 -6.840800911635561490e-03 -2.203373721535249394e-02 -2.650579161870973786e-03 3.564984950858644201e-03
2.496574222479625682e+00 -7.503200343621937995e-02 1.442377417949917695e-01 -7.824763376586923308e-03 -9.627538108465805503e-03 -3.014449223259428948e-03
-9.748374394809085075e-01 5.838292252734885723e-01 -4.387165933353665004e-02 3.240505438544758528e-03 -3.809825085235610427e-03 8.057182318998796155e-05
-1.476993191351813950e+00 -1.244293554454332235e-01 6.224327095353425487e-02 1.014884179726963445e-02 3.667260366295705450e-03 -1.208312160200978799e-03
5.459051692192229410e-01 -3.589734125360855010e-01 5.726402549088444732e-02 -9.576501021069308908e-03 -6.786997436583406922e-03 -6.525864296422301779e-03
1.004013112142994046e+00 -2.604149099543867085e-01 9.348902050315813228e-02 -2.079968649141034076e-03 -1.183916194144829341e-02 -2.683730994427925478e-03
1.151470691188556161e+00 4.978079525671432609e-02 -2.503297398425177733e-01 1.540541320321487176e-02 3.294844663220321550e-04 -2.516867795753055352e-03
1.674833812344366901e+00 -1.542596044379773990e-01 2.038147867091138210e-01 -3.518790223255289194e-03 7.086749033851285316e-03 -7.366092192371115864e-04
2.143178516562788793e+00 -5.589694220965664428e-02 -2.737037739091398580e-01 4.219699567948655486e-03 -4.184045295040413927e-03 -1.808921414122126791e-03
-2.372366740223132098e+00 6.066956065177298019e-01 5.167224181590084758e-02 -2.980322596529908635e-02 -2.666433416408280424e-03 -3.392100632866871970e-04
6.840681578461380585e-01 -3.601667144979750490e-01 1.270395520206307194e-01 -1.279036547050316913e-02 -3.300958227720075973e-03 1.041763814697248486e-03
7.385357357048059068e-01 -1.199896487245355609e-01 -8.522392181246356280e-02 9.875281975093836914e-03 -2.295649219553798619e-03 -3.883072665266399260e-03
-3.040564479351642202e+00 1.462322159529762244e-01 1.983224875732894910e-01 -3.960617918102514630e-03 2.456856127132074716e-03 -5.981362933064073538e-03
1.244708665785293211e-01 -4.264693605691897704e-01 -3.934147352082681404e-02 -1.621698018700031690e-02 -3.040531305014180542e-03 1.534616571160538501e-03
-5.204766252782684344e-01 -7.963746102492821888e-02 -1.255068283468617762e-01 5.149562403953277835e-03 -3.195185874606569585e-03 4.079944786191378771e-03
1.224793124959968171e+00 -2.477923449841989978e-01 -6.548147366368927205e-03 -2.227670419262835558e-02 7.452331508028775531e-02 -9.593750235005841023e-03
-7.906227962362262218e-01 -1.756123275163264663e-01 -1.972184847735253266e-01 -4.067706282083560429e-03 -4.115615398380505219e-03 8.695415452923758570e-04
-2.634022533670669075e-01 8.092492657675748324e-02 -6.710699897682781412e-02 1.985192496067632664e-02 -6.009591400810334466e-03 -4.377432333507994336e-03
-3.123476295413458281e+00 5.314149224051158971e-01 2.336724087110452208e-01 -2.168207987526535319e-02 -5.242567513875326900e-03 -9.635125775146752150e-04
-2.711063925708840472e+00 1.965944581499643601e-02 1.644932394634941453e-01 2.880643713188991376e-03 3.227266424484202031e-03 -6.062988553121400302e-03
2.633645763883294411e-01 -1.892688611350315797e-01 9.218950996646746443e-02 1.274426090328498358e-02 2.475715007153508548e-03 6.941304257010743120e-03
4.079072859839182996e+00 2.961668590961304415e-01 2.708860013661322785e-01 7.905028828665647961e-03 -1.032339902885076079e-02 6.730722412573278456e-04
-1.532595894012817039e+00 8.101077729960033391e-01 4.424532563440695954e-02 -1.760508763365260104e-02 -1.487748659637232098e-03 3.222295958980217305e-04
-5.806763795905662828e-01 2.665361735002151344e-01 -1.254646142373607720e-01 9.590634572663540511e-03 -2.021693289348899629e-03 4.243174109302631780e-03
-9.945463193446325567e-01 -4.051639909241764870e-01 -5.521922373180550292e-02 -9.342015702702826871e-03 2.002676733975543646e-04 4.353734825115951530e-04
2.043039734929858131e+00 -1.778606543585761202e-01 7.875645051869017976e-02 -1.597522023958815665e-02 4.767240477172171413e-03 5.166453181572907422e-03
-1.053009125473973073e+00 -7.610297064860403748e-02 -1.503067723263606659e-01 1.890178747772856393e-04 -4.091324264047156017e-03 -2.883144824714918564e-03
2.178651145188320593e-02 6.349379267871486932e-02 -2.231809951254088709e-01 1.004690798332249536e-02 -2.807022883569197571e-03 -1.209335731356394900e-03
1.519669476323475710e+00 -3.380158391004773333e-01 -2.042123358505890107e-02 -2.508824530329494332e-02 -7.338082114786848541e-03 -5.929712777673408486e-03
6.326662335448390850e-02 4.616268036178656220e-01 -2.315332221449937500e-01 1.080804193186067803e-02 -3.246661741693520481e-04 3.701854285420113407e-03
-1.016623484047460169e+00 -9.720686770810128829e-02 1.268758051086845903e-02 1.331577776827400257e-02 -3.157904640684813368e-03 -6.557429680866946192e-03
2.913106071883058590e+00 -8.801302069176281107e-02 7.416917744500690912e-02 -2.348368470213863315e-02 -9.069102040755192082e-04 -7.275912605250232576e-03
3.137261174745242243e-01 -4.055392201715157796e-01 6.772480837999132752e-02 -1.252260046082277235e-02 -5.525765889658854589e-03 -3.668540049814566183e-03
2.983007378841596502e+00 -2.685664513819148100e-02 6.342570116649048906e-02 -1.474671627964429035e-02 7.791787056778577171e-03 4.696970208169534526e-03
-7.733051464685478660e-01 5.059202350527401970e-01 -1.334350325291685548e-02 1.560062145472131991e-02 -2.404141789026645500e-03 -3.149585874038904505e-03
-1.983939859186726051e-01 8.877378257376954129e-02 -2.346810767698129796e-01 5.379050212184477257e-03 1.105696209628206916e-03 1.395431705175896337e-03
2.059314717630715386e+00 -1.943207524412173537e-01 -6.007793603753153883e-02 -1.358312301098638271e-02 -4.536868548554499891e-03 -4.145269336416139774e-03
2.129828626257189494e+00 -1.441116609376862090e-01 -2.694467395268145271e-01 -6.340629586079539470e-03 -2.392846677806220127e-03 -2.262016472376550576e-03
3.021967042285053751e+00 -1.300302998733462445e-01 -6.310499981494172017e-02 -2.670368605534326548e-02 1.662708157997962524e-03 -5.753466644038871328e-03
-1.553017009732942766e+00 -4.044133876217951840e-01 1.621757020531488513e-01 6.997606485027924907e-03 -2.105768156976799230e-03 -2.482901585019749689e-03
-1.576978006018517675e+00 2.300456595016716066e-01 -7.237552362938037831e-02 -2.874158025407210545e-03 -4.744987779367829811e-03 -1.918306781508274592e-03
-1.238180831621049860e+00 1.198162343374447464e-01 -1.031021925338528739e-01 -1.868629767420143506e-04 1.928037925194788687e-03 1.845535033924150742e-03
-2.225764773601087043e+00 2.097597062358557210e-02 4.588957455197582858e-02 -1.963695560208738450e-03 2.810120558336236338e-03 -2.465760360076834235e-03
-2.202938393664722661e+00 7.477189017080050348e-01 1.457540719449893496e-01 -2.168163080927582032e-02 -3.636939951577122061e-04 2.217770372113468929e-04
-2.053550051287352129e+00 3.849443592815912085e-01 4.970298202497244050e-02 -6.695850899242208193e-03 -9.908357270892080104e-05 -3.983484101712216584e-03
-6.077852183765519722e-01 2.188663532737131212e-01 -9.350318644114175015e-02 1.398498210021121083e-02 -1.847635097437112881e-03 -3.192272656136417672e-03
-5.243737528117953239e-01 -4.246092335932770134e-01 -6.482532202656650366e-02 -9.781681712075112820e-03 -6.695868610541366381e-03 -3.589945483032927660e-03
-2.439943606812648103e+00 5.204726911593420269e-01 3.781897103289730278e-02 -2.897295788965932942e-02 -7.387651614170854869e-04 5.306677209356432893e-04
-5.321584337921587693e-01 2.979950334050167349e-02 -2.472803026742078636e-01 -1.194887901291425553e-03 -1.563882233263593066e-03 2.442693791172568553e-03
-1.233419753432566157e+00 1.493132589236403351e-01 -4.544181733024012931e-02 7.562913605529391486e-03 5.075116669794609058e-04 -4.972363029352964113e-03
-2.242398421921196316e+00 6.499056314306578264e-02 1.808364425011105836e-01 1.396827218186702871e-02 2.882739952701395686e-03 -3.929160123016455647e-03
-5.185020540734214256e-01 -1.486701640927027834e-01 -1.850457098841228887e-01 -8.709762998182256431e-05 -1.573519011808370257e-03 -7.937635698604093588e-04
-2.944034189139884017e+00 1.040384684672092108e+00 3.223908965248070690e-01 -5.047874798649431421e-02 -6.085665796764941869e-03 3.207242729591964440e-03
-9.646632212862464861e-01 6.790540675095962930e-01 -2.542782784802498971e-03 4.770179484294206559e-03 -1.292045405984212306e-03 -1.549206380398390108e-03
-1.612019044743323581e+00 -1.449763629259317836e-02 1.756628494000694873e-01 2.206384528319787000e-02 1.752335304285991633e-03 1.719011056381425460e-03
2.242077121846420273e-01 -1.337118173604646965e-01 -1.697809713630855227e-02 1.305334754938704094e-02 -2.441467431018876522e-03 -2.747569231080036669e-03
2.807658788504092673e-01 -3.111426418794696613e-01 1.989488290597234144e-01 2.075089281658215861e-03 4.974487778434810194e-03 4.560991680210745719e-03
-9.955041006480011001e-01 5.072916370031076427e-01 9.755246104310723657e-03 1.127703049154420503e-02 -2.775215504728869957e-03 1.995247701713561295e-03
-1.088401462924250662e+00 -8.061768419966920673e-02 -1.703689888209967973e-01 -4.425370887065635007e-03 4.086607631065647351e-04 1.169283743518081866e-03
1.475031265570908752e-02 -3.473556111859970597e-01 1.718276578755313089e-01 1.755416867594959294e-03 2.177035664371906355e-03 1.205583773452967127e-02
4.291467270973017278e-01 -1.713304551080942206e-01 -2.698297373851077374e-01 -2.333823503525516048e-03 7.028884290998857606e-04 2.503743523374853445e-04
2.089778724790018138e+00 -2.106103017915848460e-02 -3.744689273831873777e-01 6.016180917590477871e-03 1.296086488411524228e-03 5.170509678729833837e-04
1.349770430935860688e+00 9.889973052196109060e-02 -3.563823671221622580e-01 1.259916555786816904e-02 2.220260577617820270e-03 1.608412088051703551e-03
1.219334293721583834e-01 -2.650545089946667043e-01 -2.608978144577079120e-03 3.500038797941876657e-03 -1.690420741496674378e-03 -7.456888022693923188e-03
-8.649416045717525092e-01 -6.757503082706220465e-02 1.437412672627580608e-02 1.271145340774127580e-02 4.954474041588898502e-03 -1.719895802782060159e-03
-1.690375573203118265e+00 4.522099441134386222e-01 -4.911180616521498843e-02 -1.111237429951824653e-02 -4.483938027840558664e-03 -6.960431178910849457e-04
-1.477905261041057905e+00 -9.058509528483915663e-02 -8.896460859637964069e-02 -2.795995693909138820e-03 1.257823912423547885e-03 -1.015108590540658284e-03
6.454724538743464635e+00 8.085412535688073499e-01 2.946806628292089614e-01 1.238436326561776282e-02 6.170732117857813739e-03 -8.851286721546277464e-03
1.721380337629782709e+00 -1.031623236306920127e-01 -1.178913056827134431e-01 3.116659965282099834e-03 -5.018473338645172525e-03 -1.196833704661795722e-03
1.719516971425266272e+00 -2.257973841122246361e-01 1.573471593382211042e-01 -1.784695257884192157e-02 2.885075445182177113e-03 1.014749071330530361e-03
-1.332061417572099282e+00 -1.556752277779508975e-01 2.985663684397258516e-02 1.020687094897058077e-02 -6.158818306373045788e-03 -5.276659867787892276e-03
8.883416091500031531e-01 2.755483265115044600e-01 -3.360865149896049564e-01 1.555555476266544564e-02 -1.302187226052476440e-03 5.001722677037625728e-03
5.632117624125547103e-03 -2.146240955401883255e-01 -1.989559619149867398e-01 -2.601740320179180867e-03 -7.486955873289199417e-04 2.250544382951923800e-03
2.037463177689166294e+00 -8.335950906582603737e-02 1.646588654914289684e-01 4.242900643249446950e-04 6.910012586874348696e-03 4.253779221691125594e-04
-4.674713660409645644e-01 1.150047286019324627e-01 -9.734966166567479706e-02 1.185291490865054975e-02 3.809682060358176789e-03 3.557295750134702866e-03
2.900141235238721804e-01 -1.882443183343092408e-01 1.390165887505204201e-01 1.747547852022484846e-02 -6.739564658935967394e-03 1.028226983756046816e-03
-2.273131963843370240e+00 5.958955169858020096e-01 1.124691919538178958e-01 -1.729361923208036153e-02 1.448688746842539260e-03 -2.718970023149483439e-03
1.444888654187633570e+00 -2.260926170709171568e-01 -1.496200663076533433e-01 -8.913841092798217500e-03 -3.993864183972119404e-03 -7.892248402789794719e-04
7.453177210911428041e-01 -2.024273432194866051e-01 -1.441705972916654810e-01 1.218903937960018596e-03 -3.152481132846060921e-03 -4.989706982003550527e-03
-1.119974215785856320e+00 5.122045474616611360e-02 9.167767813537570920e-02 2.135353999653759674e-02 3.997778211685795204e-03 -1.963912810736815305e-03
-4.203150013418939790e-01 -2.925287655288617006e-01 6.276624097186001006e-02 3.713600590525510496e-03 6.929565415695234688e-03 2.191233379285325265e-03
-9.364270875088579471e-01 -5.922759393556548124e-02 -1.197158326193215189e-01 6.358026472983109622e-04 3.305225580437730175e-03 2.085486799924303556e-03
5.733796155452473009e-01 2.233611215399076977e-01 -2.691816381184551354e-01 1.560892784414327425e-02 2.943920413321129970e-03 -6.247663773424777815e-05
-1.081235446126614486e+00 -1.972208418940252506e-01 9.885831962160455955e-02 1.224398429834968119e-02 7.539584481872398970e-03 4.238273080777277095e-03
3.760511951116748963e-01 -1.118680374289212909e-01 -3.809606339061626934e-01 -3.596303294867588159e-03 -1.489736617152990139e-03 3.429487974868155545e-03
-9.582488982161110891e-02 1.042925649213341632e+00 -7.454888806816858948e-02 -2.307622759112315167e-03 -1.021859762381251407e-03 4.590329988983180703e-03
-9.089607778768515889e-01 6.134344289124733507e-01 -2.607261732538918367e-02 4.973819665880336097e-03 1.287233396709094001e-03 -2.218231795395954917e-04
2.609562395170045845e-01 5.101667392818951541e-01 -2.367227180226691430e-01 1.165413315275616417e-02 3.016676213494579473e-03 6.429273125761081342e-03
3.019300123075634890e+00 7.587591949715433159e-02 2.547079058838600529e-01 -5.974443482508869085e-03 5.353011482863915919e-03 1.198395614433876737e-04
-4.800405555327174612e-01 7.177546315263800825e-01 -5.813935958853742175e-02 8.683130543228377921e-03 9.177015635212862083e-04 -3.956727548496473770e-05
7.212880900974109055e-01 -1.852323019415958727e-01 -3.575940527112563272e-01 -6.300711881742960402e-03 3.636570731129158945e-03 6.244581724383083598e-04
1.003349076164569142e+00 -2.431757017148733768e-01 1.727147788482760460e-01 -1.705350234426570612e-03 3.510229929219953714e-03 1.271732118312181997e-02
-9.477265709727119569e-01 -1.225356627135433529e-01 -8.514060762150188477e-02 2.882566135414264472e-03 2.825216586229340431e-03 -1.123323879124490075e-03
1.647338654779354483e+00 -2.162058664681809073e-01 1.791146214952877291e-01 -1.376259147945235739e-02 -6.021087816887683635e-04 6.446359231804490346e-04
-2.499638861109870547e+00 -2.913433612387177907e-01 2.397374663902085423e-01 1.332388516201804540e-02 2.350187537610346974e-03 -2.957717909862103527e-03
1.319538771762653218e+00 2.976673998054325532e-01 -3.481238505189755972e-01 1.984224702661138012e-02 5.465697089541998212e-03 2.017583632633403439e-03
1.401639131529201499e-01 -3.406930626887228614e-02 -7.170885822901826301e-02 1.473395510071690180e-02 3.030132643169211517e-03 -6.703151735119125152e-04
-8.394679193773321169e-01 -9.104178931760947835e-02 -1.953944807953221785e-01 -2.564149576936921790e-03 -9.449384629874083789e-04 -7.922261700400605238e-04
3.518555274288239776e+00 -5.043578338321860755e-02 -1.347992113062794206e-01 -2.075301178095469851e-02 2.065845326318210048e-03 -7.044229250489458111e-03
-5.238646063844324408e-01 -8.739998321456633745e-02 -7.382140192917788224e-02 8.750360844818417042e-03 5.234428023295076759e-04 -1.089350671377766096e-03
-2.148604773451987526e-01 7.767672736349233442e-02 -2.354894692604205253e-01 5.047668528580767644e-03 8.235402349748025203e-04 2.787870395046532831e-03
-1.642502126774851856e+00 -1.750431373588629547e-01 5.671488153810015642e-03 1.719004800544672758e-03 6.958513106284850000e-04 -8.050049790765536695e-04
-2.448150498699873112e-01 -3.108278366041130614e-01 6.324487282044792547e-02 2.730569830909869520e-03 2.866443698064477519e-03 -1.389722947934103527e-03
1.124443035112707490e+00 -2.911156846057544323e-01 -2.679827194756005670e-03 -1.346118826400175168e-02 5.001787516282876420e-03 -2.434891468078316783e-03
9.780953728934080882e-01 1.794379634641667665e-01 -2.606867987611641846e-01 1.862315689056917925e-02 2.587385493938767263e-03 7.693512111384352269e-04
-3.425720734678887602e+00 -2.008254307470184463e-01 2.251307673630015271e-01 -8.228829227429018765e-04 4.326949628606305102e-03 -5.504492766896297053e-03
-3.078919233997203797e+00 -3.863638467553541789e-01 3.099146223806903411e-01 1.171431662878727464e-02 7.030781804983099112e-03 -6.064504466590937403e-04
3.248659816045952109e+00 -2.446538557296957031e-02 -2.728954491529532803e-02 -1.569722828209249577e-02 3.525821715333199956e-03 -2.143913630143021859e-03
1.185818353789349633e+00 -3.898133482675818912e-02 -2.415499861518753677e-01 9.381989255619111248e-03 -2.129486134045297310e-03 -1.207930688156170357e-03
-7.427003374129319546e-01 3.397627137360433869e-01 -1.675705379778827941e-01 2.223818871622439391e-03 -3.399972733906002180e-03 2.463668759219488514e-03
3.959657502924836425e+00 1.167267138208490929e-01 1.028694113364774371e-01 -2.008496159412627088e-02 1.387981216178014445e-03 -9.653285795437374986e-03
-1.184210415264526972e+00 6.785938481897729746e-01 -7.895323510557963886e-02 -1.435271484410653893e-02 1.287306083408545692e-03 1.639482459929507939e-03
-2.195910487178695192e+00 2.252094646052808513e-01 1.562118144975322559e-02 -8.644300358535087631e-03 -1.761508199917591712e-04 -2.867058847315470411e-03
1.033648575237937628e+00 -2.663356444525256106e-01 -3.053220820873974242e-02 -7.373781473338217839e-03 -3.794022668943857531e-03 -2.698740497924802771e-03
-2.101623134307586405e+00 2.463998191825759465e-01 1.744360821652990445e-01 1.258574717195294623e-02 7.433485535211112284e-04 -1.972635637274376859e-03
2.598203188563827037e+00 -5.080475577266371778e-02 1.535600907839838880e-01 -1.006037917442594194e-02 1.685632086818808061e-03 4.126928024257956081e-03
-1.943897376707689473e+00 -5.695888752043831715e-02 -5.130508821713528067e-02 -4.851657969980774192e-03 -3.897986482536974339e-03 -2.612986167375991840e-03
-5.671817932341579604e-01 5.037514615605249713e-01 -2.003329959819125650e-01 -2.518261672912685146e-03 4.780954570350304765e-04 3.790295450733390664e-03
-1.770190375130274107e+00 1.638144157328918216e-01 -1.326122256872050431e-02 8.105464827177397916e-04 -3.964328335463785150e-04 -5.825739701913322521e-03
-2.779665516013705151e+00 -2.909315107459501948e-01 2.879417519916212531e-01 1.560172084395675292e-02 5.449229631694700766e-03 1.686168932459511122e-03
-2.913920385342773756e+00 4.936250390873856975e-01 2.268191305783434641e-01 -1.325763635528398945e-02 -8.622875901810704569e-04 -2.925468683043868506e-03
5.015443669462156251e+00 5.329640189420356000e-01 3.253497967947212022e-01 1.303499450381265592e-02 -8.647033184214105274e-04 -7.699371288776459335e-03
-2.904399839400202965e-01 1.597094236944216761e-01 -1.128150101242304387e-01 1.526271960301580841e-02 -1.187211929368988316e-03 5.631923764745288630e-04
2.348276234165910248e-01 -4.113817892253952557e-01 -1.916803870167924778e-02 -1.633269763183075457e-02 3.237233448257896464e-03 5.438052278746910613e-03
-9.924584371485891676e-01 -3.759119412575352426e-01 -8.803703394923176155e-04 -1.915377546072818482e-03 -2.882717212493443766e-03 -5.475995633358809837e-03
-1.445503930657581648e+00 -3.174108072809275205e-01 1.791229443902697671e-01 1.307753505927248053e-02 -4.026701445769610178e-04 5.155185736071501122e-03
-9.190725671373979333e-01 -1.675054273098426083e-01 -1.716834242595423332e-01 -5.830612589862439916e-03 2.066803024140260840e-03 2.427185365379259073e-03
4.482232055600811726e+00 2.757557139394760659e-01 1.628033541347089774e-01 -1.079116756746983583e-02 1.060515022008943174e-02 -2.883555998714667275e-03
2.631250300626901684e+00 -8.803576116496049375e-02 2.532338923630016517e-03 -1.133842561602627780e-02 2.163227576381988784e-03 -5.953361258466227483e-03
-2.304174073480995677e+00 -6.551955813717959265e-02 1.443507682619398214e-01 8.215452772177188334e-03 4.000340519039834349e-03 -2.458346142854556885e-03
2.679621862109612396e-01 -1.896848352216277123e-01 -1.211462809616121183e-01 2.808183499740000803e-03 8.717376514412648967e-04 -3.412744632488066802e-03
-2.224028912552179771e-01 2.295360227239830742e-01 -7.772607590050896464e-02 2.063800977778650070e-02 1.851391923053716335e-03 -3.252772264418290777e-03
-2.199772565909878352e+00 -4.432317282482875487e-01 1.423611952967963612e-01 1.368783797520805624e-03 -1.690890721178337983e-03 -3.424614588549749171e-04
-2.588881405945543168e+00 4.451959850466678525e-01 6.503442823478691737e-02 -2.437725363967176498e-02 -5.348711238557224672e-04 -1.169026325241650979e-03
1.031809679039560335e+00 -4.091147218772581834e-02 -3.650455744077089615e-01 3.811762429494095460e-03 1.256495515604960037e-03 1.517818812556887432e-03
-2.406762594332313432e-01 4.359180595241075595e-01 -1.822312933498374810e-01 1.008044675336181722e-02 -2.078319177390595181e-03 2.451262038317721017e-03
-1.154681049957826833e+00 -2.652601549506970746e-02 6.967370184308128989e-02 1.657700508583638196e-02 -3.327829238613819814e-05 5.026523722979570931e-03
1.648508056208892958e+00 -1.124889334186118389e-01 2.652597497677224858e-01 7.809167851147116000e-03 -5.854463893032666767e-03 2.348178274399656453e-03
2.296086082493977165e-01 -2.128878670088828751e-01 5.000477081799363510e-02 6.972490355202542317e-03 6.790658356013271578e-03 4.267106544930690526e-03
2.110385457629573303e+00 -2.389938669916503444e-01 -1.018275496696947197e-01 -2.032695710983899520e-02 -8.196297102273066709e-03 -2.430771287773868510e-03
-2.052376162948214233e+00 -2.638045285167256448e-01 7.089192371950731042e-02 3.879858680525183866e-03 -4.292763936339288010e-03 -8.341946439857594181e-03
-1.117470247092271274e+00 -4.398564480191097803e-01 2.458954368414750791e-01 7.994977331378863919e-03 -2.613673758340482808e-03 6.702507162606266902e-03
-2.935852921759413814e+00 4.062302402370901455e-02 1.497806923344622843e-01 -4.589961384405862217e-03 2.775327461651145872e-03 -5.627389333958279435e-03
3.567599784866175128e+00 2.130595795163619244e-01 2.913407032106760663e-01 -6.431384983164383732e-04 3.042945269716784088e-03 1.346110394745019413e-03
-5.431916408438036692e-01 1.479089432911953605e-01 -2.639737293005396321e-02 1.727753760409038788e-02 6.125540788835551198e-03 3.082200674703482971e-03
2.081559275186239066e+00 -2.416586474975263021e-01 -7.486245347336772937e-02 -2.076696397813806994e-02 -6.305826000197316608e-03 -5.420171045277999769e-03
-1.018744303313088517e+00 -1.709795895624548201e-01 -1.540537984484270304e-02 8.463207006969548571e-03 -4.681306244133738928e-03 -6.455412557003870760e-03
-1.158268229586748577e+00 6.397646756392404328e-03 -5.821268779216267480e-02 5.913857415542178586e-03 1.839945640714375817e-03 -2.259408448852218056e-03
-2.670289142398686866e-01 8.488120940042247486e-01 -1.028340104684591361e-01 2.785894690107079685e-03 -1.966631315677510542e-03 2.383074010194612732e-03
-2.049445585334438658e+00 5.962271326595693088e-02 6.459379466387278612e-02 5.211332305934215404e-03 -1.948494973091150460e-03 -5.343163472987076321e-03
-3.307986742926213863e-01 5.205224366941108016e-01 -1.771464843183052917e-01 5.553328523150322278e-03 1.651324493257711877e-04 4.021041411709332797e-03
5.875388784330453973e+00 8.576751213985617239e-01 4.077770419877345121e-01 3.105336459423573350e-02 1.733054042170283689e-03 -7.152264046769882429e-03
-2.737715668730347662e+00 7.235353479927031373e-01 1.896602034849197149e-01 -3.275780807195274869e-02 -2.032050574699188501e-03 1.023881851767800312e-03
-4.462416432922443055e-01 1.618754495280340100e+00 9.812070188937033199e-02 -5.616577776597217464e-02 -8.973056241860456663e-04 9.043897744679148601e-03
-1.464331856408609189e+00 -1.810572146330705345e-01 -2.297703390778063279e-02 3.404293970436916665e-03 -1.013190575388851983e-03 -7.367002185569477418e-03
-2.817040085996915355e+00 5.660742849688467082e-01 1.245875774205556091e-01 -3.122763795224552108e-02 -3.344345897174856846e-03 -1.200112235021923504e-03
2.953176611050736255e-01 1.805800471992653200e-01 -2.033914107574307240e-01 1.365223351684553658e-02 4.370981351060079789e-03 4.354003390810358420e-03
1.742450841153244223e+00 -8.205383290708927191e-02 3.122890463133374261e-01 1.026291098269755710e-02 -6.324246222667724050e-03 2.037225294196903964e-03
-2.969842701805756047e+00 1.283995101483466350e-01 1.338094727286278651e-01 -8.776867402651631483e-03 -1.881591783173777949e-03 -6.149051260818599353e-03
-5.716533067670741541e-01 -4.531962136954288956e-01 1.686579603100800961e-01 -2.196691815451216282e-03 -5.274178827154755306e-03 -1.710733911333660751e-03
-7.858537051614830071e-01 -3.576292213046521340e-01 1.296120956585232638e-02 -1.616665053291988429e-03 -9.515695499097366530e-04 2.561188484540465743e-03
-1.399578147578898868e+00 2.413308122956290269e-01 -1.074857534295222128e-01 -3.546921064082652134e-03 -5.815417111679894958e-04 -1.945537787008783234e-03
4.107288420778091864e-01 -3.311966314709152148e-01 1.660189687927952351e-01 7.003212761374550841e-04 -1.457834833685924675e-02 3.793545079473843902e-03
1.256238091533721235e+00 -2.733323054172085431e-01 1.804096553837352124e-01 -1.551157250627936517e-02 5.197704732206696356e-03 4.216027515786069900e-03
-2.570947698486379940e-01 -9.816578193042557743e-02 -6.582325892405206658e-02 1.154739328536825115e-02 -6.854315952764141167e-04 -3.969016393526268553e-03
-2.785168347188935953e-02 -3.139802492463729111e-01 3.403824380837733310e-02 -2.580539783650604119e-04 -2.214578073302796591e-03 7.892236376674474987e-03
-2.407108195602325473e-01 -3.184822280965718955e-01 -8.499844882638515897e-02 -2.558620973458431216e-03 -5.465290683312323643e-03 -5.114331915151959160e-03
3.348980345667671443e-01 1.388314477146619652e-01 -2.152362447321582717e-01 1.536489997069548537e-02 -4.111753702233840197e-05 -1.301582291655205758e-03
-8.076080478324247636e-02 1.514483021845802746e-01 -1.914826496027238201e-01 1.273026028243062595e-02 -3.341781035583307833e-03 4.185143301787358180e-05
5.353733678231569204e-01 -1.324122109975239547e-01 -2.699194680023445647e-01 5.913521544241455213e-04 1.097168823578810763e-03 4.482797632615677136e-04
-1.622929914147338115e+00 -2.122529737237840650e-02 7.498148960197251189e-02 1.342244307032476255e-02 -4.316754761249499972e-03 -1.746592484377181747e-03
4.278181994198357430e+00 2.536853539593573736e-01 1.784443856036847242e-01 -6.709985451096538503e-03 3.393519290656600140e-03 5.611355352566790812e-04
-1.420741682611150303e+00 3.697996209914912735e-01 -3.723118712224209037e-02 -1.870187508311353230e-03 3.601495085663256566e-03 8.625736388985974349e-05
3.564020600323453802e+00 2.247119142050155727e-01 3.072346751293215106e-01 5.317084036525983326e-03 -2.095103481262192494e-04 -4.473861481225662601e-03
2.266078833020903183e+00 -1.524702767985433305e-01 -8.807517475057714817e-02 -1.325605220675856247e-02 1.124809002604417168e-03 8.728076110762948920e-04
-2.072594239061187782e+00 1.418334482263662044e-01 1.547816677735400770e-01 1.289884729151459866e-02 3.348278196328466610e-03 -3.111211937458000995e-03
-2.571777049593894304e+00 -1.530707686069506246e-01 6.498324479715174296e-02 -4.913254513610743057e-03 1.943586957201366532e-03 -3.491933087304390296e-04
7.037068706991511657e-01 1.250743365954613273e-01 -2.005455118008775683e-01 1.784363447242397205e-02 2.435069791738762868e-03 -6.962764248977328964e-04
-9.909087441371643434e-01 -4.736276264802946057e-01 2.207920567229018360e-01 2.114639832262104040e-03 -1.189590751983048015e-03 2.490696528006176684e-03
-3.125550345002620301e+00 -2.919319346731550149e-02 1.404520293313429591e-01 -8.473242971514765090e-03 1.027694374792211755e-05 -1.691745929031796729e-03
5.373338230122042258e-01 -3.239974550764896377e-01 1.466387270407260579e-01 -7.692193740302094747e-03 7.602976892090340839e-03 1.099653779555698728e-02
-3.057345397944338239e-01 -2.710094623360829735e-01 -1.853582903128808967e-01 -5.504322375460794260e-03 -1.338910072864092594e-03 -2.331215972701485960e-03
-1.814421522491690419e+00 -4.699070245058024065e-01 7.707895605200164313e-02 -5.736650946149273768e-03 3.633685197457122481e-03 6.372788948324565250e-04
3.633654975310669499e-01 -1.383914164472827002e-01 -1.264584691449798307e-02 1.015786821350065684e-02 5.386324276020794388e-03 4.441685921630792420e-03
-2.311355648720248901e+00 -2.398742267484988422e-01 7.867357565960175769e-02 6.804819429543111295e-04 1.718300014654630656e-05 -1.018418926293680749e-03
-1.801079954387011961e+00 -3.725461210134502488e-01 9.268183534698289094e-02 3.741354833930278685e-03 -5.818029692254808767e-03 -2.482295372404836383e-03
2.964182655494745688e+00 -1.239567098980863397e-01 5.455115943818621312e-03 -2.767180567333078073e-02 1.284605167002861705e-03 -1.070726848609820751e-02
2.552157019469914800e+00 4.987881978100901920e-02 3.199946036453927278e-01 9.834355167875692000e-03 -8.466010702275266961e-03 -1.321092310906186703e-03
5.620457788937242682e+00 5.987490048600185855e-01 2.709586525884377650e-01 4.054171225399349002e-03 1.243650056822242882e-02 -5.269921375013961184e-03
1.762493703623386976e+00 -2.564748910962253575e-02 -3.809710966585497793e-01 5.944087714084182218e-03 3.057600450393957968e-03 3.238527361442804773e-04
-1.505530127723382350e+00 3.301893422122339494e-01 2.220190453709958503e-02 6.906077586485592779e-03 -5.108908623631390131e-03 -1.905722990443586840e-03
1.735378161639625105e+00 1.995480142529068926e-02 -3.297567627078564212e-01 1.072870275140315986e-02 -2.616991834402032646e-03 2.111042715283708172e-03
-3.712215085449644403e-01 4.793691231689040100e-01 -2.599139864438194669e-01 -4.390504159917672788e-03 2.225827431450110548e-03 6.072910548305199795e-03
-1.785754018495040452e+00 7.563970469612130154e-01 1.102993136374971483e-01 -1.247621620586546361e-02 -1.557793890896100840e-03 -5.417523436224389336e-04
-1.978362485364379419e-01 -4.161720092945759286e-01 1.773437400374250350e-01 -3.931251093340458816e-03 6.552006496693989950e-04 8.078939985766354220e-03
-5.528879528894642403e-01 -1.081794579954605123e-01 -1.240118814348941251e-01 5.393216006926236650e-03 4.763356078818843002e-04 -4.737295123462909908e-03
-2.642826596149857599e-01 -4.035557193539660026e-01 2.211031920010742696e-02 -5.915023018191152733e-03 -7.852281469039301340e-03 -2.650189098574990895e-03
1.211581610058733993e+00 -3.065586138719151310e-01 -4.039127330476876415e-02 -1.554860141262356943e-02 -2.708174936476104386e-03 -3.549963657154165449e-03
1.871228348277732101e+00 -1.583190573121005112e-02 3.990320679733153630e-01 1.683048209085552874e-02 -1.055031229541201869e-02 4.526178704677182550e-03
-1.014913675765179102e+00 2.040481699646025104e-01 -7.369580585624728453e-02 8.767624554352180383e-03 5.494119553237884757e-04 -4.507738735768367089e-03
1.335836935819771032e+00 -2.033947094941682687e-01 -2.509396676669168463e-02 -2.931087845002714690e-03 -5.206717520361658740e-03 6.671962718926851242e-04
-6.214736750430241985e-01 3.779736643712185429e-01 -6.398423677442451052e-02 1.546683572160012163e-02 -6.147683434457305342e-04 -3.087819965032618380e-03
4.149404293117615161e+00 2.011186401872317453e-01 1.328362792193393815e-01 -7.258655726325989946e-03 1.073132029467285028e-03 -9.107795493675260520e-03
4.633040277601750745e+00 5.870373254883424208e-01 4.240047949204339139e-01 2.661592544311568512e-02 1.443187839406403182e-03 -7.834032460441906712e-04
-7.075111369611585266e-01 -5.631842267058143059e-02 -1.608212586477084094e-01 2.179082390506812805e-03 -3.059051002734645107e-03 9.012958665807768461e-04
1.254871569034345713e+00 -1.736557607524776836e-01 1.543950187550402475e-01 5.701648591505137538e-03 -3.162169754308053783e-03 6.285025281855658895e-04
5.464878625501951026e-01 4.774638669617374265e-01 -3.331438933355706511e-01 9.836274189424641656e-03 2.895260435145521373e-03 5.693658295454971999e-03
-4.816902622166601144e-01 6.498313568583724553e-02 -2.053831658710995878e-01 3.573835728165029174e-03 8.015451541146462536e-05 2.091287844608144975e-03
-1.172810862414314315e+00 2.721662036534972517e-01 -7.514819447057485835e-02 2.686502588880890999e-03 1.166004071870539900e-03 1.616996952628195830e-03
-1.821574557552451346e+00 5.516262663238099412e-02 -4.736045514196501188e-02 -1.974175579968537927e-03 -2.183768307011338221e-03 -5.126616451921132099e-03
-2.319241424470460666e-01 -1.912324152952522560e-01 3.987744589032195253e-02 1.291722420811641792e-02 -2.210568204333948194e-03 -7.170062581700757708e-04
-5.193833036166025652e-01 7.715122448482848450e-01 -7.321236126937544220e-02 3.277545758788734300e-03 -6.060859513364862811e-04 1.440832916571612842e-03
-2.141048452382909861e+00 -2.345910892240581080e-01 1.794354044587246483e-02 -3.168505075932666684e-03 2.000389713274282777e-04 -2.762705234813441543e-03
1.164313132678470808e+00 -2.874239788893040992e-01 1.383967383811672558e-01 -1.620477081989991561e-02 9.696382073627749648e-03 5.589761731347811687e-03
-1.847271664668863389e+00 7.355948053426314415e-01 5.304602082311488109e-02 -2.085348078973418839e-02 -2.811628374983643139e-03 -1.994403693154420804e-04
2.058273374636338193e+00 -1.301784003171418125e-01 1.630394392949906235e-01 -9.709428884793189218e-03 7.007243270125420968e-03 -1.926415328983082048e-04
-2.609383059027828633e+00 -4.723109057346992490e-01 2.247729737995701471e-01 3.849800061286800731e-03 6.028842161005302375e-03 2.579203698178356239e-03
4.699187844857984908e-01 -3.225640204589706461e-01 1.939100205889355832e-01 1.513623455179490852e-03 -1.418557364169371546e-02 2.178037554417391192e-03
3.922140871614693824e-01 -3.882908440568494379e-01 -9.105361586313033551e-02 -1.568336329688885603e-02 1.839343541669951471e-04 -3.587207784568991181e-03
-2.739070133439094334e+00 -3.600602502939413974e-01 2.282869602674253429e-01 8.737271560467900836e-03 1.016574533838999822e-04 -4.769287866183982705e-03
1.321306146280486038e+00 -1.969267024740506133e-01 -2.016230178891967872e-01 -5.472919426831298305e-03 8.050617936079547789e-04 -2.319277452620708072e-03
-1.331510811498265223e+00 -3.600794956208638320e-01 5.210591796334257397e-02 8.269558716104620684e-04 1.569553796538358283e-03 -1.773500685399531955e-03
-2.660401418807504914e+00 8.611336790376965533e-01 2.377663689416112947e-01 -3.444951182347692764e-02 -8.009595576766312874e-04 6.080915292848677542e-05
-1.030485526724042478e+00 -1.404680071416277709e-01 1.932079558060371127e-01 2.467858541731186850e-02 5.259612014432652437e-03 5.920965435129133501e-03
-1.997910596302285180e+00 -1.519914461912096615e-01 1.286811543422882731e-01 1.021855970908644787e-02 5.306705128473522722e-03 -6.117587531747564235e-03
-1.276366601269448564e+00 -3.162283970209751049e-01 1.955314057648952983e-02 3.663098321828364787e-03 -6.133651098239686732e-03 -7.579487964638359845e-03
1.614512889187941669e+00 -2.107636130302782684e-01 7.297980246150000128e-02 -1.043879805444226407e-02 3.326091240310853885e-03 7.139750039413728620e-03
-1.037410312225291564e+00 -3.949614680790370924e-01 1.031616287440934726e-01 3.087449685586362777e-03 -3.104224723419725211e-03 -2.010383323193140354e-03
-1.728765063917059974e+00 -3.788955848815775407e-01 1.550224922042834630e-01 6.466994532016440665e-03 2.793098186414633122e-04 3.660263716489242040e-03
-9.326042671869657630e-01 1.827669226511366707e-01 -1.455292821512423618e-01 3.026707146973212255e-03 5.656326062892324093e-04 -2.141417058546672778e-03
7.836279676577848630e-01 -3.632521037684453558e-01 8.200092582032399158e-02 -1.840544128892608947e-02 6.771068333898259614e-03 7.737395748890886146e-03
6.123709177824737671e-02 -2.177966529540378837e-01 1.386107530543918831e-01 1.738838228402638658e-02 -1.076142253625764732e-02 1.267061726463391755e-02
2.673446611357997771e+00 -1.266869965926357110e-02 1.457469091833536179e-01 -3.150101955895181355e-03 -1.852325581291868742e-03 9.716538113171239999e-03
-9.961396229808547886e-01 3.161607763642530489e-01 -8.526301086723662992e-02 4.804395892799740754e-03 -2.635944894291675309e-03 4.241723879138621471e-03
4.421581793908802016e-01 -3.511734731534915666e-01 -9.627409885487840657e-02 -1.211722216301549040e-02 -6.513801477991789431e-04 -1.163426036279870124e-03
-4.142695442083516033e-01 -4.605371866923985702e-01 1.812355297183993741e-01 -7.809899976141776272e-03 1.305329216307475008e-03 6.522353800780682047e-03
-1.902659523973387889e+00 3.851698885074584244e-01 1.359229745032221048e-01 7.705712262157628049e-03 3.285580223181107460e-03 -1.608312130597736381e-03
2.985868605725626956e+00 -8.774802413234077114e-02 -2.158756237862965166e-01 -1.091625559305305429e-02 -1.578704958556335219e-03 -5.121245699969750528e-03
-3.109207524054646843e-01 -4.320407884018107603e-01 -5.951938279444363850e-02 -1.241957973762024270e-02 -2.798279249305052601e-03 -4.690606576609163136e-03
2.376922587059144831e+00 -7.904247027900677958e-02 6.580672804613522942e-02 -3.529024771756486805e-03 -7.458981624534589787e-03 2.677108053919646184e-03
5.960164505188644268e-01 -2.963918149728141938e-01 3.064178145195106673e-01 -1.188279647325741605e-03 7.818426287160283247e-03 2.927944676609297268e-03
-3.774454470015943808e-01 5.910493007714436864e-01 -1.756158142431945846e-01 2.764427175546205033e-03 -2.841129014766400306e-03 4.377455318215769421e-03
-8.056943030034426911e-01 1.426749272275738278e-01 -1.539472769632457549e-01 4.480126924735094128e-03 -4.879728941179925180e-04 -1.391188227986831687e-03
1.570236154776597504e+00 -1.991629117072682142e-01 -1.818572680543268927e-01 -6.324235232673887201e-03 -3.560513428247738012e-03 -4.745648366563306499e-03
-1.576723751567313259e-01 -6.690607081713353943e-02 -1.820489409353131249e-01 5.947916944338545869e-03 -1.803963980406298904e-03 -8.369878778517121946e-04
8.940584380848448642e-02 -3.558869231031496772e-01 -8.537721238393601586e-02 -1.173125686250950546e-02 4.929433343871512420e-03 5.259633183484135541e-03
-1.773461094655078174e+00 -2.032287080509795063e-01 8.155326930810335995e-02 4.242958689910644038e-03 7.747443059695879007e-03 3.154500488569763825e-03
-2.114284228016215295e+00 -1.547098448361924061e-01 5.996736989164585391e-02 2.026733206975015866e-03 2.060914015857492898e-03 -3.673961410778438935e-03
-2.694059292193874411e-01 -3.218414251050123465e-01 2.353116331919493515e-02 5.215065420684028910e-04 -4.798172898428176652e-05 2.694081056538137533e-03
-4.216036221223233849e-01 -3.542267126845503600e-01 1.717592507880273400e-01 7.555244615379350798e-03 -5.868180072456831084e-03 -3.051688537914070808e-03
-5.353813296116100018e-01 -4.301779980165015282e-01 2.028002761574733068e-02 -6.650974050570473625e-03 -4.221305478796138003e-03 -6.284371510289759634e-03
-7.287433495987212240e-01 5.421696378945676381e-02 -1.707309135726307325e-01 2.325118640617655427e-03 -1.627325626600202276e-03 2.799473358361034229e-03
-1.349915997023836356e+00 -2.008364514399514199e-03 -6.082913027037972070e-02 2.247452464565004564e-03 2.590005288505253366e-03 -1.590928027010294959e-03
1.176980194973414218e+00 -1.208589641162826078e-01 -3.124164550740181623e-01 1.975715984462746416e-03 -3.057889548068603355e-03 -1.047608899335340359e-03
-1.245422886485068270e+00 -1.187506663521597922e-01 1.375803080600712935e-01 1.720138921530084755e-02 9.146289030309289955e-03 2.580148376356051782e-03
1.443272936750191304e+00 -1.075269460440239772e-01 -2.585258007134697000e-01 1.815877529061947710e-03 2.254389802455419260e-03 -1.521587195899671728e-03
-1.596092475973069247e+00 -3.776394403277911760e-01 3.467296321470248605e-02 -2.801684604953405978e-03 -8.876445130365794066e-04 5.570911404524720584e-03
1.716355971370271849e+00 -1.125372541531393517e-01 -2.030487352031861981e-01 7.659715658632457484e-04 -1.006472561772169807e-03 -9.012890970803815989e-04
-1.782815402755721479e+00 -3.097945092740700956e-01 2.478849870894794631e-03 -2.035111229096177397e-03 -4.978566066615739208e-04 -6.363946197341451005e-03
-2.359035229713679627e+00 4.313312429362484712e-01 1.537566717799444260e-01 -4.959840664997080054e-03 3.277022689986499020e-03 -1.901096285072038797e-03
3.793709091015965429e-01 -3.221511548265065805e-01 1.524129039960463172e-01 -1.500016060955958229e-03 1.614054226921762597e-03 7.338370390797842313e-03
-8.488683410305908339e-01 -3.897959349863591161e-01 -4.276597147840952018e-02 -9.732059781643579224e-03 5.575732964359579082e-03 6.449692245257232850e-03
8.209540890484502418e-01 -2.051507403025650822e-01 2.348853399487055849e-01 1.266126376130480465e-02 -1.064240345443567479e-02 8.344956769395173168e-03
-5.899605817545190423e-01 2.021718975633981716e-02 -1.527433281880710980e-01 5.852171241553678731e-03 2.072365757099898023e-03 -2.940161039901766516e-03
-1.534920538169593174e+00 -3.187986646358139664e-01 2.350487369207787669e-01 1.716554269170944558e-02 1.881836617626062285e-03 2.107378446689010462e-03
-5.925233372850823299e-01 -3.945048933637728128e-01 -1.016076395987926678e-01 -9.191560471213382211e-03 -5.563487521453341217e-03 -2.580955689034134665e-03
-1.018041662834468841e+00 -8.467057049928498891e-02 -1.199017926260830397e-01 1.819790498667228336e-03 8.543240982061706817e-04 -4.443022836544484322e-03
5.344024015776269732e-01 -3.196854607615765009e-01 3.182464221479593125e-02 -8.934513525153385885e-03 2.130553644929692857e-03 9.453592439401799913e-03
1.226724098868142709e+00 -1.835766755612274481e-01 2.306578853226586359e-02 7.698896522259650235e-04 -2.126762749986793079e-03 1.916202772061551722e-03
1.991509808278064897e+00 -1.414609402163477803e-01 -1.118750700682288324e-01 -6.647594966579014469e-03 2.503025606955518265e-03 -1.621861589963646127e-03
2.121639232939862119e+00 -1.163694237968439932e-01 -2.948805970260307552e-01 -3.021897348115587089e-03 -1.039119280272670981e-03 -2.161339083027241301e-03
-9.831739109261792287e-01 -3.171889621072681575e-01 3.215932388750245702e-02 4.658610371293486069e-03 -3.767903164801271985e-03 -6.359289880655898640e-03
6.295142535941017359e-01 -1.507579693206449745e-01 -3.096117085525286194e-01 -1.210347756495913077e-03 -3.330507189034174510e-03 1.054196341406532034e-03
2.655031369157349608e-01 -4.295246070814855988e-01 -1.256454340484446097e-02 -1.835002712717435577e-02 -9.445956961737299968e-04 9.846763964078649508e-04
9.127643462638967975e-01 -2.538410000169837311e-01 -8.331463113451856306e-02 -5.767739164684987895e-03 -2.183173855394875216e-03 -2.058836769775922778e-03
-1.087934928566536952e+00 -1.636051707076313921e-01 1.547987590082459675e-01 2.087658631524021841e-02 1.976180373823918125e-03 2.972620763467725274e-03
-1.476434664797774188e+00 -2.252421219012201020e-02 -8.063749043163222219e-02 4.358641577851475233e-04 -2.195594185058037402e-03 -3.006058919397793395e-03
3.663113280497439561e+00 3.971519836555322674e-02 1.296844651260978601e-02 -1.598062714399854298e-02 -7.286399249121560014e-03 3.070752299600676134e-04
-1.903423556432322528e+00 6.083251877150408493e-01 1.865327745246590507e-01 4.682528546265089624e-03 2.553211335854093343e-03 -1.551356906180523677e-03
-1.020679657438349874e+00 6.712415382554243193e-01 -4.149676968862402865e-02 -2.660810819079076697e-03 1.494589557826445135e-03 -1.422431401409740342e-03
3.382223982671934248e+00 1.556614907150653260e-01 2.691721840621698059e-01 -2.244156280511118429e-03 -2.803216594161771734e-03 -1.781280241009463141e-03
3.482061022768982550e+00 -1.656846151726128549e-02 -7.850577060624096271e-02 -1.741841502319677742e-02 8.230421521485764644e-04 -2.777653726352925442e-03
-1.897501003744155756e+00 -2.803103286676184580e-01 1.558567401288701026e-01 1.258059383564869363e-02 -3.254169700943527078e-03 -5.174001662492647884e-04
2.693767150964495372e+00 5.207136415083768455e-02 3.005358479848925235e-01 -9.828968724982722286e-04 8.823962725138209326e-03 -2.374451207803452476e-03
-7.368425580726905011e-01 -2.880099469603569218e-01 -1.304996956077968395e-01 -5.883450092289875533e-03 5.757301195124919085e-04 -1.700567860970798721e-04
-1.115778439865883209e+00 4.229047650298705663e-01 -1.315250456959070890e-01 -4.825231465651042169e-03 -1.780278632045240303e-03 1.872749110930925628e-03
1.802203782077172134e+00 -1.426381622874030031e-01 2.318080781436397120e-01 -5.234415875295276438e-03 -1.934660188578475690e-03 9.037394049070040375e-03
7.851106741701657787e-02 -5.046338601198159524e-02 -1.140096123859893201e-01 9.877270724800903817e-03 3.423064943891566438e-03 4.122224018613980003e-03
-1.775381233155155947e+00 -2.890366728923167705e-01 -3.327381253411391265e-02 -5.277116955090963880e-03 -2.718639545095374345e-03 5.948487600262468878e-05
8.816378341464041757e-01 3.861268841247209038e-01 -3.078566194071813422e-01 1.821833784730068559e-02 1.819818233928606910e-03 5.734082638852554779e-03
-1.328608505287271369e+00 1.483378486132046550e-02 -8.950465824094555514e-04 1.064431854433870069e-02 -1.575186821211236069e-03 -5.740859487840863258e-03
-2.633340741121295903e+00 3.755750506881882361e-02 2.856985853812079104e-02 -1.379388791689543751e-02 3.275720256321017990e-03 -7.362369918845423043e-04
6.258439897852858813e-01 5.368034985776919399e-01 -3.501831936380619403e-01 9.560307801804007397e-03 -9.424904401370797337e-05 7.127351991378011453e-03
5.555781192061058249e+00 8.597516126705218031e-01 4.789015210991855453e-01 4.304079322234985461e-02 2.124114220187622772e-03 -1.954644976605893116e-03
-1.087013008380635748e+00 -2.124199558880010275e-01 9.076188113181818742e-03 6.356111534565052172e-03 -3.843323046140553669e-04 -3.662130954738123940e-04
-1.054611563433317967e+00 1.170039072010225535e-02 1.923752300637004975e-02 1.423231750003006377e-02 2.716239578329409602e-03 -2.492359786177384458e-03
1.737828780909400628e+00 -1.794618450191211023e-01 2.167362324450941846e-01 -1.103060086374579515e-02 -1.310600009351241008e-03 1.032838679265553512e-02
-6.556201081849835077e-01 -7.484468035540906006e-02 -1.538702070654144119e-02 1.265045655203747739e-02 2.868540792656072876e-03 -3.745946461802615243e-03
2.398122249076064971e+00 -9.118392890248240568e-02 3.414998742601505280e-03 -8.133840724689991863e-03 1.494826308435168779e-03 7.322289883821215054e-03
2.931600691702754613e+00 -9.451970419170213633e-02 -3.275059940683759385e-01 -8.931458131598093292e-03 2.697432675139573195e-03 -2.899807737586346506e-03
-2.863642907048865371e+00 2.197280463999623512e-01 1.707432467570406398e-01 -5.080397133593400616e-03 -2.922639409503644415e-03 -4.114365238860037688e-03
-6.042635249335756020e-01 5.785977219061330667e-02 -2.507816371547495413e-02 1.817635265664163668e-02 3.570092492322360150e-04 -6.225209790585474467e-03
1.913286945244661919e+00 -1.216707084935463867e-01 1.036271506796598019e-01 -2.360280315746034110e-03 1.936487591979885224e-03 2.122134385150631244e-04
-7.812804194434379290e-02 -1.896044942959647095e-01 8.866956251477256523e-02 1.431190469858764462e-02 3.437172080478893572e-03 -1.997481107643070842e-03
-2.797356476443927598e+00 -3.008659480869283476e-01 1.747584595542395203e-01 4.949058532470587690e-03 -4.789436607240184565e-03 -5.726482297636189753e-03
4.594028296190361682e-01 -3.384122858664229683e-01 2.278850270044069926e-01 -4.785292466645932850e-03 5.229847262650849128e-03 2.039928375095493174e-03
1.746759553092086303e+00 -1.486246893148189530e-01 7.673009280501273677e-02 3.040281839304896780e-04 -1.228621985702231002e-02 2.778098456688885172e-03
1.934322332339646788e+00 -7.508297273410372008e-02 -2.324169185964737039e-01 3.152709137216247980e-03 -5.376750745255577321e-03 8.432534072720525341e-04
9.285358428750446480e-01 -1.939104764718945495e-01 -9.289221442842410248e-02 3.414373095910321629e-04 -3.850453195952017842e-03 5.727253574830302139e-03
-6.762701618706956630e-01 -3.985308183809701532e-01 1.220357424287670800e-01 8.104959892806090898e-04 -2.222974297343158732e-03 1.176622053467107215e-02
-2.924463887673528495e-01 -4.525683340215160277e-01 9.914603066882042570e-03 -1.222010221444297558e-02 -2.963294503534678794e-03 -2.221992673590801517e-03
2.125939539231950504e-01 -7.744357255042570720e-02 -2.167388676458788799e-01 5.556667412439642711e-03 1.187992816366091175e-03 -2.415767802377629270e-03
-8.683559028960230464e-01 6.942101211919785020e-02 -3.562038493495382763e-02 1.299761318223794856e-02 -1.872540846245172473e-03 2.338446335616171836e-04
5.956649307338830468e-01 -2.194887662281078122e-01 1.824412278504052151e-03 4.528187185472163159e-03 -4.080123579145504727e-03 -1.099913791498097421e-03
-8.089856597020609330e-01 1.188695092063134506e+00 -9.966625445431837038e-03 -3.686585382687259521e-02 -2.483088246002895620e-03 7.611240536328734048e-03
2.834249098752291474e+00 -9.023245535365359560e-02 -2.734590504582276038e-01 -8.503407992525522860e-03 1.790673487793081105e-03 -3.666378087676531918e-03
-3.045512847963400410e-02 -3.506017813318594301e-01 1.829094175691165225e-01 2.651723971108411494e-03 -2.933179112590581991e-04 2.480571552757584054e-03
1.267867147360902891e+00 -3.942416421143896677e-01 -1.163051332110106029e-01 -2.837804831245658438e-02 -2.147362788751793362e-03 -4.150573765725596928e-03
-1.260301304625957464e+00 -1.325738023786357800e-01 -4.558907621438824942e-02 3.509162883543185795e-03 -3.138772977712854864e-03 -8.259920988863956020e-04
-7.370680752669714897e-01 -1.366291085100994340e-01 6.032772124957422322e-02 1.654160545802981289e-02 -2.067924369277775564e-05 -3.944329321748475843e-03
-1.376785449139354078e+00 -2.476837129492918121e-01 1.676633920896388741e-01 1.646841120008695619e-02 1.277132789434313976e-03 5.727470776749261396e-04
-5.345321105457394584e-01 -1.509253961283892886e-01 -1.613265686825564038e-01 5.386145452825966129e-04 -4.177017568763146380e-04 -2.656924617408726753e-03
-1.752432968807518199e+00 7.660430881435519035e-02 5.911325710192909255e-02 8.894664081852814499e-03 7.587972544700548024e-04 -4.177205047158303979e-03
-7.063883497895593333e-01 -7.176327225755534112e-02 -2.134842991852460917e-02 1.021526363379178168e-02 4.967892853261201072e-03 1.988033192727377621e-03
3.148757630106671646e-01 -1.979745562637180434e-01 -3.163251777248372587e-01 -4.708637921870679512e-03 -5.684068673353357033e-03 2.992795999685016108e-03
2.891620847369184677e+00 -7.676434973213376589e-02 -8.359213067729215352e-02 -1.121385802081865252e-02 -7.734538872064078939e-03 -5.005624081909300707e-03
-1.185319337143265539e+00 -4.050306621953772002e-01 6.030764533848859132e-02 -5.506270577198195230e-04 -9.779601285229404944e-04 -2.733335326677735141e-03
-1.539514832163688118e-01 3.385722198993799670e-01 -1.883204457807106935e-01 1.142427214885820275e-02 1.986612032963200325e-03 9.848344144301561780e-04
-8.690294031303519295e-01 -1.275029653165408450e-01 9.596259744855900609e-02 1.795221859762858793e-02 2.516344824346154925e-03 1.368191136134858099e-03
-3.407289477376111431e-01 -1.414166153826957872e-01 6.912845060828062826e-02 1.544586548135908413e-02 7.164562808226484190e-03 2.938483176871969742e-03
2.567196187654467998e-01 2.129578211747882033e-01 -1.918385927898558774e-01 1.570615675459687346e-02 2.232871789484827760e-03 3.925833323592045621e-03
2.096998940983012538e+00 -3.029097361748594314e-02 3.040573203720078332e-01 1.174379610161153248e-02 -1.598612600286675178e-02 8.421065921665065596e-03
1.645069358299840800e+00 -2.217508142180184549e-01 1.523082000609092823e-01 -1.677569366739595572e-02 4.713828986962085611e-03 7.982082356905376500e-03
-2.504926214624066394e-01 -1.202165700041566837e-01 -4.905268275659647320e-02 1.058266229886885464e-02 9.595928153790809828e-04 -1.407150032460869737e-03
-1.681047096077883829e+00 3.547768731505253070e-01 4.972099944645792802e-02 4.409166573743183125e-03 -2.616828213647971139e-03 -2.107907004104496700e-03
-9.137066862468236073e-01 1.550685366250213193e-01 -5.375670696494655454e-02 1.181509207673327698e-02 1.633726972208556991e-03 -4.102593973351886802e-03
4.069557120643439718e-02 1.935389903012784407e-01 -2.545036064749801041e-01 7.952773078316030531e-03 3.151536414083019964e-03 1.591175846949398429e-03
-6.590909412869849771e-01 4.731904544061339979e-01 -1.170443307179162146e-01 6.041082918771830020e-03 1.225868930632249398e-03 -1.520836229721703918e-04
-8.799974215459994697e-01 3.253691944603813169e-01 -1.363744559055223016e-01 1.933942374446087978e-03 1.073405502691409698e-03 1.426016262548634094e-03
-1.175896050986721675e-01 -6.611310700524179740e-02 -2.099098214264733253e-01 3.026235523903932339e-03 3.555364533274361829e-04 3.023760196279026897e-04
2.150730203770542026e+00 -1.888846863946427590e-01 6.725218825943493628e-02 -1.944815777703287965e-02 6.347287124761605195e-04 1.809938978472182486e-03
1.364187256543150095e+00 -2.508787736002947022e-01 -1.785669118134477207e-01 -9.915517659018815641e-03 -6.287225037827806444e-03 -3.244427702859966657e-03
-1.082782983134258803e+00 -1.494465647095951089e-01 -1.450411454512438303e-01 -2.937271869149229997e-03 -1.614763015507381582e-03 -1.895776203659392143e-03
1.262063454852897781e-02 8.037361049581476236e-02 -1.803944209788445607e-01 1.210922913638501526e-02 -2.805373945780246549e-03 6.878701301588477151e-04
-9.770828420842443407e-01 3.154437842804841408e-01 -5.512372918407539013e-03 1.277148692435270232e-02 4.805054655277245235e-03 8.705355348977060698e-04
-1.231247707076082554e+00 -4.136722887700339801e-01 8.688693664231325609e-02 1.210329512176965125e-03 -2.841820421207484366e-03 -5.448022716921616972e-03
7.831485082220480676e-01 -1.873218714225314829e-01 -2.629437797874762395e-01 -2.689085153157153105e-03 -3.560563796388809270e-05 -1.502926556392863283e-04
1.414767994022787245e-01 2.203125761153274798e-01 -2.680898912598900785e-01 7.362598116649624568e-03 3.440700131341675044e-03 5.565876654463913602e-03
-4.015394845705798632e-01 -3.959603953437694779e-01 5.304301008325573025e-02 -2.944865820858190084e-03 -5.018817695261411013e-03 -1.413471991946071201e-03
1.048522940394046588e+00 -2.697183838842348025e-01 1.390647237651731483e-01 -4.056186303434640948e-03 -9.857361431177717043e-03 7.382088977665160826e-03
-3.585532010943449643e-01 -9.226759644928350657e-02 8.400847997338167783e-02 2.228271109387462701e-02 -2.024731511665705782e-04 1.885599601330309287e-03
-7.775655620485042441e-01 -4.741955529855672591e-01 6.062540175878104731e-02 -9.481061095691424231e-03 -9.884879520186443894e-04 4.156863871458691025e-03
-2.585525805343154016e+00 3.832123882497441569e-02 2.408953784957814370e-01 1.330189299433034295e-02 5.988772909078660285e-03 3.305366730815042500e-04
1.761768602985638088e+00 -9.644711867869856792e-02 -3.709725892034297368e-01 5.619224469485846604e-04 1.875045360210141326e-03 1.941340904044945408e-04
1.134840610139089101e+00 3.259326293410981512e-02 -2.081542868681255931e-01 1.712701564677015717e-02 -4.255581668279152970e-03 -3.256699236724426138e-03
-6.769494133382255585e-01 2.490637753288979517e-01 -1.464281634470143423e-01 5.462186262795473701e-03 6.457781948912312553e-04 1.978351673321064423e-03
-6.230042610418618648e-02 6.889336733084022724e-01 -1.950834506851753802e-01 3.792361441839343494e-03 1.651747055730733030e-03 5.439821074111722901e-03
2.610638778263678628e+00 -1.214148777321595735e-01 -8.681549162815752063e-02 -1.393477960099920830e-02 5.910505662454120781e-04 -4.889928884721696928e-03
-4.940600814289891618e-01 -2.691421410764842370e-02 -1.266557296767573670e-01 7.462899435850047294e-03 -1.278467134686052387e-03 6.721025322195046297e-04
-1.706425193955216413e+00 2.789681639534175028e-01 -1.501761307713761658e-02 -1.784927398107700623e-03 -1.710498787446911246e-03 -9.057617913714303449e-04
1.045291137152349226e+00 -2.979060063994202756e-01 -1.711328164669755070e-02 -1.336913280461445031e-02 4.516329539789813892e-03 -1.517169798902152835e-03
1.670282563925777342e-01 -3.913133734790300022e-01 1.191735109306111956e-01 -8.856335078432432326e-03 -5.154497487992296166e-04 7.785845168118205560e-03
-3.377351503012318457e+00 1.400989787910155993e-01 1.624753310080555013e-01 -1.867511632860769169e-02 2.073439350858076805e-03 -1.817970415613768360e-03
4.187201612194613731e-01 -1.034187521436087803e-01 -1.854807663526474859e-01 3.215744732100524281e-03 5.328535498106148037e-03 4.393810786963739563e-03
-7.267397227897968992e-02 -2.520608492479751161e-01 -8.532094656873875221e-03 2.169113891421162003e-03 2.092537568625432547e-03 5.437073302982646517e-03
-2.384827869617622387e+00 5.603894001161343619e-01 1.805695709790337000e-01 -8.547127010936777375e-03 1.273405151397961248e-03 -4.726154837157651566e-04
-1.867669403519831572e+00 -1.037169804571116544e-01 -6.824536880997381094e-02 -6.483389046249812999e-03 -1.646617950629631396e-03 -4.816290270418331886e-05
1.160835181555010864e+00 -2.127537075949665624e-01 1.405318104677925339e-01 -1.518767491726840963e-03 2.404576295398879685e-03 5.994876525080311373e-03
-1.851999712801545961e+00 -3.231953024390504803e-01 1.610204393441948267e-01 1.130810115574080316e-02 -4.448004972039559281e-03 -2.425187032832514140e-03
-2.758123031357421429e+00 -8.115523003997317242e-02 2.223283921914885053e-01 8.274073573297211631e-03 5.203096008286992556e-03 -3.650699742595553388e-04
