3.485840924358527104e+00 1.974120472316624464e-01 1.307825610205013422e-01 1.362390094262137460e-02 -2.002195133547564950e-03 4.724431535138681922e-03
3.854345204807979597e-01 -2.554687581380151729e-01 -1.059511656697328767e-02 -2.142745945496049229e-03 -8.307048946650757819e-04 1.220013386683963105e-03
3.836732201107836415e-01 2.095670810788718627e-02 -1.723994994104199527e-02 -6.728053230906168650e-03 4.280730225006009436e-03 -1.215023292389817841e-03
7.229140278968693156e-01 8.847032438420532330e-02 -7.895536384311859987e-03 -2.205613912791353447e-04 9.415714494233762147e-04 -2.480444768434981496e-03
1.554587161746008583e-01 4.846662351855796080e-02 -1.802770996801672174e-02 -1.729017560825566336e-03 3.260114847009979236e-03 -7.067425076113961714e-04
2.480185465325015493e+00 1.082154449895956216e-01 5.737940082212089621e-02 5.087352528992836144e-04 2.892500510904802511e-03 1.069029645150820123e-03
-1.301910438764965816e+00 -4.673167601907849550e-02 2.855473707916707238e-02 2.398203275765193460e-03 8.169998909024641081e-04 -3.134138440518701341e-05
-2.266706570994953818e-01 -7.648256569727682197e-02 -1.377320463026195270e-02 -1.966573858691153878e-03 -4.801358969507463388e-03 7.874243668047748151e-04
-2.990034517945330123e-02 -8.433949784697479524e-02 -1.241534280034792270e-02 -4.588246333670930981e-03 6.181546008751215467e-03 -6.823165503712211224e-04
-1.988814025091621973e+00 1.763630014010942881e-01 2.146055144971269202e-02 1.068406037818954825e-03 1.624219451451255599e-03 -3.205780654275151072e-03
-1.377075388030780223e+00 -1.115560989160582772e-01 5.275397641691480233e-02 -1.547592217188908763e-03 1.420270623594658990e-04 1.718605323094890688e-03
-9.765132415784073538e-01 -7.793485370270027135e-02 1.648159644134186350e-02 1.300816915399616780e-04 9.287683822826331296e-05 8.134015388095970373e-04
1.095748054686653372e+00 1.539864339579943842e-01 2.096141956006634249e-03 4.911723551331979853e-03 -4.493053962385133715e-03 -1.799742886221602622e-03
1.677133401519597777e+00 5.417825274172682892e-02 2.131712890416110479e-02 -8.455643717757670022e-04 2.491781644490081733e-03 -4.200221286750955955e-03
-6.589895366651091768e-01 -1.314270150827418805e-02 -7.538044161698925771e-03 1.506523388703577852e-03 6.520571362513575761e-04 -2.028631704950218349e-03
-1.310517677934559533e+00 -1.206659066951546871e-01 4.563299143615560244e-02 -3.094005292234812670e-04 2.542643749642776920e-03 6.147896381827269588e-04
-2.083628378518918023e+00 -1.710145434729652344e-02 7.826767551650219701e-02 -3.081454321213021423e-03 4.230517850131909792e-04 -1.827933696028591218e-03
2.414157331580164823e-01 -4.713480092869840737e-02 -1.706508330713055535e-02 -1.798333593341696355e-03 5.957491926311794285e-03 -8.321403829013032053e-04
-4.400888079487330629e-01 -4.662138179913756508e-02 -1.047093361369307550e-02 -1.085896552133877287e-03 -1.992788873433660145e-03 -1.199576220780657667e-04
3.438827294657420541e-02 8.874923805691428691e-02 -1.944181870797067127e-02 -4.782395856792916178e-03 1.440094510028564086e-04 -3.537638627977415578e-04
-1.532439173520222797e-01 -7.991350569254762615e-02 -1.228302128404262089e-02 4.217253715218499677e-03 6.115030534085956915e-04 -2.045074483945519533e-03
2.548280527644235516e+00 3.376596032077289200e-02 4.885757904313182270e-02 -8.806301505636177779e-03 -1.566273335147080415e-03 -2.690998149234659787e-03
2.214942412117292925e+00 -1.700589099004244306e-02 2.689873655326008653e-02 6.069969569973504656e-05 3.097230988217134287e-03 -3.674638590320437534e-03
-1.545227142953145005e-01 -2.542092699825080349e-01 4.980926651934760620e-03 1.950695629062556506e-03 4.069795578487259147e-03 1.769888358585740588e-03
2.974810728222734846e-01 -2.693686303117063738e-02 -1.859831245816094894e-02 -3.751374274059991742e-03 4.543311627589353280e-03 -5.648472881263131131e-04
1.179710164823076113e+00 2.445970169739782041e-01 9.697632110531116678e-03 1.572875073467145876e-02 7.135092015119439551e-03 8.131171211789862963e-03
1.883059084413602272e-02 8.496867230524231610e-03 -1.911899301401787793e-02 1.205370100686488973e-03 2.203221024893294456e-03 -7.172204607247427205e-04
-1.266460793344232894e+00 1.671902351461305447e-01 -9.025532655093052026e-03 -1.581764430317961429e-03 1.354452046844135038e-03 -3.129063850724067976e-04
8.784060958477111214e-01 8.362078512895387838e-02 -1.008161524304982022e-02 3.631399947633066200e-04 -5.503161878261739713e-03 -1.334829554780949746e-03
1.428872262208370048e+00 -1.624986487850160199e-01 -9.311783350322859823e-03 1.118545765934091032e-04 -3.308319124755372802e-03 -2.589827760611814692e-03
1.225411014313678937e+00 -4.936883743515418921e-03 5.111297665576873669e-04 7.127882069672689591e-04 4.813084308146177437e-03 -5.066854700734152103e-03
1.599231522869991151e+00 7.065780920814949961e-02 8.833953247682539700e-03 2.241331919773735092e-03 -3.274778417786270313e-03 -1.923543459040567274e-03
-1.187424156359389915e+00 -7.611218777965612914e-02 2.696722160121356807e-02 -4.265987879725543228e-04 -3.343802827628948658e-04 7.554996122646002099e-04
-6.556148291686754170e-01 7.881227109381180873e-02 -1.687895065662791891e-02 -1.941589790593947209e-04 1.725327669878634141e-03 -1.670790365537412310e-03
7.408736549673730076e-01 6.737886724057036425e-02 -1.320230129832670497e-02 4.751798149458171319e-03 -5.196028675643961023e-03 -2.116839007002700637e-03
8.940530284804408812e-01 7.012502549758264925e-02 -1.309850490909739325e-02 8.682568921908551118e-03 -3.044259530472693664e-03 -1.207475886572775218e-03
3.906635614069662310e-01 -2.208229494828207462e-01 -1.500134839020878137e-02 -3.171560743351051204e-03 -2.859909526649143888e-03 2.772211413158799393e-03
1.243992077718513833e+00 1.372760442945751280e-01 -3.040076126465130531e-03 -8.143361711518774457e-03 -4.287419700906283312e-03 3.166196983906215210e-03
9.897971556171786256e-01 -2.480317027622187531e-01 -1.591838443981339127e-02 3.844451087440686667e-03 6.351959342964042866e-05 -3.462500638590536246e-05
-1.955125623265137946e+00 2.599471444370059919e-02 4.776785275565616912e-02 -3.659125391478847871e-04 -1.667926029153426548e-03 -1.447487439681288462e-03
8.862944259699021554e-01 1.249207586076689636e-01 -5.647714611412317336e-03 -5.439650423398055198e-03 -2.585654569205007944e-03 -3.276955012131831254e-04
4.398422270329601091e-01 -7.649357690353209005e-02 -2.052904715285697526e-02 3.996395834425226640e-03 -2.357299081942310776e-03 -3.483915055885159645e-04
-1.714290414272133134e+00 1.882226483718990595e-01 3.853500715513235187e-03 -1.365858871089110742e-03 -2.365178879113328473e-03 -1.296367010845945545e-03
4.848674963722958142e-01 1.626532119692089898e-02 -1.357118648279517954e-02 -1.030379830494727346e-03 8.367539235037827535e-04 -2.238875356206664839e-03
-3.099237595350343155e-01 -7.510506041103216790e-02 -8.804020298055725141e-03 2.362089737811069127e-03 3.561519976473515297e-03 -7.898159599088745274e-04
8.773731146084596810e-01 -1.226841802178967739e-02 -1.231706417261048923e-02 6.200220036303778770e-03 8.172606677993550853e-03 -1.512975980157517820e-03
-3.835459026448106989e-01 -1.076602144251139759e-01 -6.588513964646604618e-03 3.673393987749367165e-03 -1.225411566692154304e-05 -9.135752077249183417e-04
-2.773170942384749482e-01 -6.389176956553559161e-02 -1.295113053159707012e-02 3.788692271709332739e-03 -3.862629370437326883e-03 1.270453691598898973e-03
-2.188249776396784974e+00 1.788517868308013847e-01 3.565443689940232114e-02 -6.451235315956316057e-04 3.461444107099914593e-04 -3.997744620032393607e-03
-1.410080557802012802e+00 1.681177933999203344e-01 -5.560801836403459278e-03 2.151784005917655156e-03 -1.749130864246388212e-03 -6.814834983089210164e-04
3.559051604388182577e-01 6.762374235926871258e-02 -2.359932153799236543e-02 3.274110312979313254e-03 5.887918073687838615e-03 2.260021447536502727e-03
2.224034541449994240e+00 1.030703055627863879e-01 3.355036172973468317e-02 1.369693827406840911e-02 2.694694126914916159e-03 2.931037030071165228e-03
-1.706037019037333957e+00 -2.185302854845692574e-02 5.034599294319123258e-02 -1.279160591699920720e-03 -1.086258877592213845e-03 -3.030439203393782400e-04
-6.992004851169489887e-01 -1.084472336123920022e-01 7.874814126473927631e-03 -2.817054205276665500e-04 3.197555528606296684e-03 4.701361345502470422e-04
-1.638796923534973360e-01 2.513071987958147985e-02 -1.718583365294453283e-02 -4.859222653841518968e-03 -9.004947026514493417e-04 -1.285249829604783551e-03
1.365473238656760513e+00 3.944597733899382619e-02 2.669574386928083836e-03 -2.771165287905347913e-03 4.099690903280798701e-03 -1.157484501654145815e-03
-5.799585327210349250e-01 -8.077944998781208530e-02 -6.079723824795733866e-03 -1.328020058416453384e-03 -4.381990059508956460e-03 2.109798194215195977e-03
-1.977438914425172500e-01 -1.738459552541978537e-01 -6.268312539403942361e-03 -1.227671088609963391e-03 -2.754356322939742561e-03 3.271546995372547149e-03
1.213683673239763783e+00 -3.014228044644173105e-04 9.369489707659658245e-04 -7.055120452243673727e-04 -4.565421897636165981e-03 -4.403039912816768438e-03
-6.013615691891657233e-01 -2.191807764967561856e-01 1.852047923982206787e-02 1.773568056784685784e-03 1.373965802817812007e-03 2.931836724306369820e-03
-4.444066780891868795e-01 2.909652439902728205e-02 -1.718394994449664107e-02 8.250679576558129710e-03 -3.989683491876863837e-03 -1.909778790917955583e-04
1.836663912253917230e+00 2.578709878836048588e-02 2.405381847354023592e-02 -1.717106783101252120e-04 -3.018258006555985147e-03 -5.502907578910496388e-03
6.773734499934287445e-01 8.803468184172714983e-02 -1.157476322611236154e-02 2.852078699739977411e-03 -3.649765568760242156e-03 -2.308682029847516221e-03
1.676339807618049793e+00 -1.143320287455232634e-02 5.115473926082412734e-03 -5.831823673614964024e-03 5.352536643002544191e-03 -1.509896135585845440e-03
-9.656157485862563172e-01 -5.672399747507813478e-02 1.407061408214502554e-02 7.929505761635367508e-03 -3.687556505933306896e-04 1.174885659826690326e-03
-3.603392551117572951e-01 -1.762807997633442925e-01 2.139914541313752100e-04 1.053345138473703443e-03 -5.064545745067918978e-04 1.637364716325926187e-03
1.260727276303963196e+00 -7.110840652060955447e-02 -8.921202269591841510e-03 -7.812663410929268767e-04 -1.663813517249661386e-03 -4.707772093451337639e-03
1.073035150843531627e+00 -2.317030999191745655e-01 -1.498501234239972904e-02 -2.481412478127629617e-03 -1.063083984287980805e-03 -1.322288929103985393e-03
1.745344426614900080e+00 -8.718192566762024420e-02 7.703989258736019217e-03 -1.791278488363691815e-03 -1.519684638453446673e-03 -4.983151334202052217e-03
-3.089567761300430759e-01 1.861053594919228615e-01 -2.739128509235690123e-02 -8.599587897551194508e-04 -3.034086627081004819e-03 1.538884635341864317e-03
-1.149657485512543653e+00 -4.386819856429321346e-02 1.276956033688849031e-02 3.546300211613664802e-04 -2.882886579651357598e-03 1.021398023735883452e-03
-8.864214258071216879e-01 -6.024970928296015382e-02 6.400279505433249111e-03 1.033445587639339990e-03 2.041468616205750330e-03 -3.178369221091119920e-04
-1.224433338160023421e+00 7.676102238098031494e-02 -2.717620392593184434e-04 -1.262631898177992871e-03 -4.673519304227932995e-04 -7.790355418237449123e-04
-1.966223790824960460e+00 7.263177518827763912e-02 4.876100878282332157e-02 2.475751791355262996e-03 1.674429534467610859e-03 -3.109255711893730168e-03
-1.514826869675728771e+00 3.820937174466246949e-02 2.047234789664807708e-02 -2.127289182373140550e-03 -2.872767714185057476e-03 -1.336562334534270685e-06
-6.207286541827807813e-01 -8.489513968446649184e-02 -5.216200694325175526e-04 1.080937580613123682e-03 -3.192049068824306685e-03 1.993214134386162885e-03
1.267253018550933141e-01 8.207255514354340475e-03 -1.754307242156912319e-02 2.113277575500582296e-03 -3.821461258076478112e-03 -2.164858383167593547e-03
-1.908270229338186352e+00 3.019385523214631120e-02 4.357623526866669095e-02 -2.149511677216416842e-03 -6.457803451067220491e-04 -1.718014260885730032e-03
-4.903380717461241489e-01 -1.678074438014990621e-01 2.304713659311981213e-03 -2.477672429754117917e-03 -5.713675861413869796e-04 1.450626104023661862e-03
-8.567922163921086742e-01 -2.779525651534396624e-02 -7.203739038567682487e-04 -1.448303076104282775e-03 -4.720720755188432920e-03 1.486866857428504815e-03
-1.197327047182644710e+00 1.596829665445655133e-01 -1.067605402373859001e-02 3.470551070511149108e-03 9.185658731862110385e-04 -3.390991406864040281e-04
-2.508049901151185868e-01 -1.098889061683708673e-01 -9.403642578708825903e-03 3.886863194140583334e-03 -1.777482962633815042e-03 3.978883042209199901e-04
-2.652211055318600241e+00 1.905709617562960367e-01 8.035766418690125368e-02 -3.047955610255181653e-03 1.547389970571775653e-03 -6.933765287745196314e-03
-1.253160144732899717e+00 -5.998975468714678322e-02 2.957667538426771853e-02 1.685308003670474460e-03 -1.274108300262780493e-03 1.101748342532124459e-03
-7.966519244665521970e-01 1.507196404404736179e-01 -1.995406672297274711e-02 -2.356191605053444080e-03 2.606403042959898851e-03 1.728977783548866012e-03
2.196687281032418115e-01 -1.575655930019214876e-02 -2.155222758333616082e-02 6.321878444434146128e-03 -2.255605072971993673e-04 -5.132459212745000025e-04
6.191737059727373538e-01 1.694255452271520856e-01 -1.756630705017205030e-02 -4.340676953974899853e-03 4.552187523005385059e-05 3.555098849903343908e-03
-1.097461930021746968e+00 -3.109414384179172430e-02 1.800068572231777742e-02 3.097504832947769841e-03 4.174425859110813576e-03 -3.114715503656947091e-04
-6.297927555659252885e-01 -9.046280508122028774e-02 -1.508052871393394251e-03 4.816238027357862424e-04 1.835226991790089965e-04 -8.268826724948822931e-04
4.893066946025889097e-01 1.565349656927129129e-01 -1.643872776809989639e-02 5.205286190319567338e-03 9.177681017361974738e-03 3.957849469225514609e-03
2.129400453809492388e-01 -1.875967724169336492e-01 -1.196038071535036017e-02 -2.275473212467855021e-03 -1.299013548865809260e-03 4.107916151756717466e-05
8.625731675663305120e-01 -3.197332754671294852e-01 -1.413221690592423273e-02 -2.455805485078435459e-03 5.327094204464468893e-04 1.426678974942729864e-03
3.712236759766390781e-01 -3.002929143517519273e-01 -7.500703159162449771e-03 -1.321721765843519771e-03 8.901624872188275992e-05 3.237530149218622883e-03
3.371537704412965741e-01 1.319935332470183707e-02 -2.189674183852814010e-02 5.690334445190050640e-03 -4.649983381965617883e-03 -1.197155280268390621e-03
-4.203752916852418475e-01 2.715990268234821231e-02 -1.703213440213300484e-02 -2.274058462018528712e-03 -5.469357777485315056e-04 7.089381018478138142e-04
-1.443209496250254187e+00 -4.590236837934030117e-02 2.969448237997538223e-02 -8.605857692368645828e-05 -2.388061340161752848e-03 1.251341555026335437e-03
-7.752480750462548142e-01 -2.378495844742132756e-02 -4.209439311751047436e-03 -1.768101613384837881e-04 -1.347605500210814810e-03 -6.165452481359605906e-04
3.155999954605080760e+00 5.229398880938013194e-02 8.248780465751380520e-02 4.811012832978652128e-03 -1.264768421346626525e-03 -2.050163867253231714e-03
9.092110462459815912e-01 -1.236583988948735530e-01 -1.721698108937862876e-02 6.112189261763242669e-03 2.003527030227944452e-03 -2.409319745942675728e-03
1.392600673155845348e+00 1.257250230102379962e-01 1.556174885791637534e-02 -3.658997538627902901e-03 -4.151671144194210182e-04 -8.781893329529938744e-04
-5.442309171574659654e-01 5.722065814937330602e-02 -1.837852627329980906e-02 1.666365906246526987e-03 -4.869112953029847840e-03 -1.723921614424758281e-05
-3.730641413318795674e-02 -2.932616577285783177e-01 4.159697420033471073e-03 -9.173902168838751411e-04 2.396661354474015695e-03 2.857153321431961639e-03
6.904531395286397921e-02 -1.248912383570195822e-01 -1.249523545940051279e-02 6.941193963884595853e-04 2.091261704398630645e-03 -2.812617895905587459e-03
1.289712786996688010e+00 8.352256993650443440e-02 -9.326200926539074398e-03 -5.690184665060012310e-03 -1.984116528183066473e-03 3.271405449615959280e-03
-4.692251159479842171e-01 -7.793989392564637519e-02 -3.450255671421045226e-03 1.577775298025133662e-03 4.302395989889828617e-03 7.485112135199356359e-05
4.206526285310735469e-01 9.852404448709885243e-02 -2.658947585730232765e-02 7.285280038493664734e-03 1.571733014086402146e-04 2.093559412913880650e-03
-1.843983870937770275e+00 6.708286541706311168e-02 3.710034068795711737e-02 -3.406211050884560155e-03 -1.838008136973670820e-03 -1.533339405441288498e-03
8.792296874438980669e-01 -1.213945279105776570e-01 -1.385748782987923124e-02 3.872930777146090225e-03 2.004351495806666692e-03 -3.413816631719889579e-03
5.053364425545223693e-01 -1.072567391364229045e-01 -1.851644842043941724e-02 2.875416994354551819e-03 -3.599515709011376699e-03 -2.284889733293712553e-04
-6.330942002365672616e-01 6.923895416743197639e-02 -1.648317714736165923e-02 1.111924397911465742e-03 1.883958792196354336e-03 -6.918597458022251708e-04
8.383554609664500834e-02 7.886108590405595253e-02 -2.266703351628333862e-02 -3.718177206141207430e-03 1.301469972900771857e-03 8.626622880796285539e-04
-5.489043097704013885e-01 -6.086609478346192981e-02 -5.071904774314670017e-03 -1.618325729824989173e-03 1.508460483119832430e-03 -1.986846992298764436e-04
-9.903515270817284111e-02 -2.352472876762546905e-01 -1.596129982314243353e-03 -1.911383547283753911e-03 -1.871938896373833523e-03 4.144893650178377471e-03
-3.602738341720500559e-01 1.046650967603406229e-01 -2.271571918564213241e-02 -4.998035790563590784e-03 4.297706215092995594e-03 6.300373802448432743e-04
5.547524467367177109e-02 -2.684730360051548748e-01 -4.644708147308715569e-03 -1.575166006114925646e-03 3.097035229228390220e-04 2.012688123353294049e-03
-1.221325109283892818e+00 -1.668070560785869516e-01 5.616120897614002017e-02 1.582276473995754404e-03 2.255288609183490802e-03 1.989637416666989369e-03
-1.175737682870987788e+00 -6.930583516860358562e-02 2.748741518407113102e-02 4.518581358097237440e-03 1.892424256612188936e-03 1.698737490771486081e-04
-5.613454637552670601e-01 -2.301568696556620108e-01 2.126392710595508342e-02 -1.108796529158374670e-03 4.283179137945803024e-03 2.369510502029775409e-03
1.893542017002525002e+00 1.501043138730177307e-01 3.346997367598766870e-02 -8.230150798875502521e-03 -2.613141997347918476e-03 1.584595406481053301e-03
-1.062493831716745829e+00 -1.132757251484708683e-01 3.008707465374677731e-02 -9.209284610482328787e-05 -2.600481662399688676e-04 1.702308892458867691e-03
3.262125186066938132e-01 -2.518046118127245103e-01 -1.013619718345256521e-02 -2.771195328186746177e-03 -1.301298452396000864e-03 1.791058888932936912e-03
9.211910833393844866e-01 1.284575124253250766e-01 -9.506601565188146225e-03 -3.927237017908999893e-03 6.841808051089462092e-03 2.952627377531265133e-03
-4.588214058796731276e-01 -3.450684711339131044e-02 -1.083269932038785285e-02 1.695022059618397046e-03 4.625110705806048141e-04 -2.206700199782164577e-03
1.348744960209660837e+00 1.406145637294894946e-01 1.210175572542482141e-02 -5.635322707881127748e-03 -2.388544095587754115e-03 4.171480020084774752e-04
-9.161381345715839952e-01 2.475454145709408416e-01 -2.767702427015414010e-02 -1.929236924810577049e-03 -1.560604362358916251e-03 2.331530601223776554e-03
1.678934475483245814e-01 -3.152545000650663343e-01 3.119843435313704374e-05 -5.435955827606132190e-04 3.903807676732417198e-04 4.672982256604000205e-03
3.014130197964992597e-02 -6.262711512386649748e-02 -1.684518754428791093e-02 4.144347614329295382e-03 1.482146393309187026e-03 -3.017061600852292535e-04
-4.874991183940514117e-01 -1.135229039157561459e-01 -4.631615042910239982e-03 -1.619895059130873043e-03 -3.095073191127809594e-03 1.371799088702290023e-03
1.833016236850230074e+00 -1.690569000288247858e-01 2.622454212540776619e-04 3.059483960716320294e-03 -1.017312752079160701e-03 -4.460033532515359465e-03
-2.619506713301794076e-01 -4.041311087499498828e-02 -1.429181966157923311e-02 5.631880776799982327e-04 -7.884609682383985794e-04 -3.500323526754894107e-04
-3.645761345322002245e-01 -1.758759405083251126e-01 8.627663822636641357e-04 4.360742964809420641e-03 1.925491248403131926e-03 5.411143324863809667e-04
-7.249601920961056267e-01 5.447567650140276718e-02 -1.279607201966767409e-02 -3.117216504809067722e-03 -6.175585168168950916e-04 -3.941815437107149185e-04
2.142957470789525198e-01 7.787800591535110062e-02 -2.332795170320984407e-02 -2.447353277073268177e-03 -2.258658285582737773e-03 1.255542589333777641e-03
8.984741254324013493e-01 5.004659262846802327e-03 -1.250977476059072190e-02 -3.545272003487221282e-03 -1.891660170004509471e-03 -1.096314733434821482e-03
1.554800541092373756e-01 -2.362958348714249701e-01 -6.809512752441205900e-03 1.742618310093195294e-03 9.337759883051273489e-05 2.267220048875906706e-03
-1.522970654285774161e+00 2.502841711864248753e-01 -1.399627283899298157e-02 3.538229895558632509e-04 -4.214566789644565007e-04 -1.335612918934343894e-03
-1.086388540041676842e+00 3.213959826192961944e-01 -3.071065430903348326e-02 -5.071772071780783139e-03 1.332652933468562247e-04 2.561150916487092265e-03
1.735556665946441868e+00 -8.719189710121906522e-02 7.618148611192084724e-04 1.337165180031870890e-03 1.878272335172167205e-03 -2.770958057096826414e-03
4.935883229402934225e-01 -2.039529762373740174e-01 -1.503789697769478649e-02 1.451319165352916865e-03 -1.098730854536563058e-03 5.881348170627720721e-04
-8.780245318727575299e-01 -1.410311824985538143e-01 1.718773554721173338e-02 -1.999537185780637526e-04 6.218787733245172405e-04 1.186442957055861003e-03
2.243483037529343083e+00 1.114817624385578201e-02 3.808415723251976776e-02 -6.593343374810969144e-04 -4.029288426371139577e-03 -5.256837832723432191e-03
-1.435513545683775538e+00 -1.003154418820216276e-01 4.431194193655610403e-02 -5.936407508260861882e-04 -8.936136495579018483e-04 1.960582557337217820e-03
-1.442590896084450458e+00 3.334288869076537654e-02 1.500311115742191878e-02 9.857058755854178865e-04 -1.147588570550376642e-03 -1.555315729784708181e-03
8.000126075385484148e-01 -2.165811663284175972e-02 -1.490854136918462296e-02 5.012607186798303041e-03 -2.738712204174275494e-04 -2.643736773982364573e-03
-1.330012187572860993e+00 1.341908203504206809e-01 -4.389176730281867155e-04 1.842705151443018048e-04 3.044003795875942827e-03 -1.186408688242350604e-03
1.613787764963709126e+00 7.388673492264866138e-02 1.073982198774081284e-02 -1.908292107737845572e-03 3.021685149021279340e-03 7.323636989976000169e-04
-1.033137098142398624e+00 1.081641476275198646e-02 -1.200753712021168521e-03 -2.319726953858946509e-03 -3.730899982051145893e-03 -5.643283170389448694e-05
-9.765526643240189930e-01 -1.829277092349478051e-01 2.961425756957743530e-02 -1.698704556249796540e-03 6.565895358760787115e-04 2.629701914843371111e-03
-1.141126992791685613e+00 4.680940454433057778e-03 4.296995233932828472e-03 -6.648461540640205171e-04 -4.281789291540485584e-03 7.760661077349863572e-04
-1.042990314335663804e+00 2.854755159810371534e-01 -2.785521392702414514e-02 3.032141278955104158e-03 4.584467688211965770e-03 3.274055553861331038e-03
-2.022701681764878856e+00 1.707177159722839122e-01 2.782760495907230305e-02 9.502662620718008504e-04 -3.192505101051231072e-04 -3.125936751262920529e-03
2.655646703422438915e+00 1.240017235436174647e-01 6.336581917648088924e-02 1.257731969009086986e-02 -2.590913025837844694e-03 5.319177457297279924e-04
-4.169593843225675167e-01 -9.979796238220482729e-02 -3.591175587023691645e-03 3.742242018625162835e-03 1.711517814118463472e-03 1.560307157661176359e-04
5.345633747223847987e-01 2.487630016961145385e-02 -1.234823499886171516e-02 -3.219536344517634637e-04 5.780458049294939261e-03 -2.793359176494678714e-03
-1.368621832993685561e-01 5.610822312026772507e-02 -2.139930074639753016e-02 -6.195424939235685477e-04 -6.093634168590364442e-03 -7.353219664398256711e-04
-3.642112563597953989e-01 1.840539283776321533e-01 -2.784107234542491233e-02 -6.044156408135247134e-03 1.848053466690174245e-03 2.079514302727205038e-03
-4.554582532048669363e-01 -8.459903220967025794e-02 -5.853789114998228689e-03 -1.531494351070422947e-03 6.650323789400431609e-04 -5.880887703628521340e-04
2.337141423967212361e+00 1.790128543406013795e-02 3.228880437638918799e-02 -1.017195315566433306e-02 -3.199464131006998498e-04 -1.194441866660736311e-03
1.499787254784229251e+00 -4.760322110568167286e-02 -5.584355808313090121e-03 -9.061151994336885381e-05 -2.323528124902444775e-03 -2.247930152220807120e-03
-1.117838871150935942e+00 1.532416979994901951e-01 -1.247824435810749449e-02 4.258493307909741021e-04 8.317660186986815512e-04 2.199411226429198816e-04
2.371139480364995722e-01 -7.875002309670867118e-02 -1.898309592989182171e-02 -4.819388731814359950e-03 -3.724453409540723348e-03 2.837880337691477844e-04
-4.213001393234827030e-01 -8.660812424622842121e-02 -5.237902152114413089e-03 3.817986939772653569e-03 -1.557120201716103618e-03 1.247460172596790958e-03
-6.336530526044674705e-01 1.909927142386509680e-01 -2.430294693599446137e-02 -1.723984334640016889e-03 1.343051633950771713e-05 -4.752291735331537481e-04
-1.885061625805809937e+00 5.926598637881663051e-02 3.585363456552467104e-02 -1.861944582468439292e-03 -1.285597028042167415e-03 -1.850155468573395174e-03
3.410909031798751156e-01 -2.825990511720150034e-01 -9.090173853113121816e-03 -2.422346258515536803e-03 -6.837294226314257319e-04 2.747328192860847354e-03
-7.115225015055297586e-01 -1.757621415027171563e-01 1.745437404292663267e-02 4.073701483848568734e-03 1.759010435619153684e-03 1.738028486358134941e-03
-5.991237689544409717e-01 6.721492094751443935e-02 -1.520764093288501546e-02 -1.357055890528340112e-03 5.322284761181682831e-03 1.315781633980410079e-04
1.245911813569680282e+00 1.755555139768996686e-01 -3.443528425478929386e-03 1.387962907876312286e-03 -2.283162705678341321e-03 5.760968652609478602e-03
3.321848341944930727e-01 4.343326643873083454e-02 -2.209263483737557501e-02 -1.333945015816108632e-03 4.353980086844040989e-03 1.014111428779385744e-03
1.310859448060766486e+00 -9.397382781535271179e-02 -5.253438576179877278e-03 -3.109269155243999522e-03 -5.812612187870223163e-05 -6.286000192362480900e-03
-7.813362425871805961e-01 1.141319534062905511e-01 -1.860088188105253615e-02 5.321691615408873088e-03 -5.217524545428284428e-03 -1.166971513276912446e-03
3.033171921010656413e-02 2.451893378491581954e-01 -2.547747707274339996e-02 -4.266439842779117669e-03 7.490504526886488474e-04 4.492190407723722044e-03
-1.567034285306329489e+00 1.633283905720114282e-01 3.882261092112094451e-04 -1.844164426655791234e-04 -2.486212827080152860e-03 -1.181836857370710796e-03
2.150050365264430052e+00 1.627688685400208723e-01 5.036197302711974133e-02 -8.992071650432873278e-03 -1.186475741699204644e-03 1.076051702849903455e-03
-5.076101912340790223e-01 -3.175988741756107653e-02 -6.125834753904081664e-03 2.661859084275248599e-03 5.841989280543038142e-03 3.848916433931645360e-04
1.333214082348717078e+00 -6.978121209033499861e-02 -3.827207645396403426e-03 -7.130935851136839965e-04 -3.188668888279582673e-03 -3.953934183044627293e-03
-3.824915513644346343e-01 1.994975445221272917e-02 -1.866461495320702324e-02 1.656782680289621654e-04 -6.434758853160984192e-03 3.857631010241128078e-04
-6.845853632926230947e-01 -2.304411359081808691e-02 -6.184466133064610988e-03 8.115351656777516302e-04 -1.640768191816811697e-03 -1.500548266312052149e-04
-1.113857108397069640e+00 -1.626045291178577212e-01 4.248111520325272700e-02 5.030346152500665734e-04 6.794831405069678629e-04 2.810615421590580403e-03
-1.145100505073496588e+00 7.584941567773928472e-02 -3.327428681801512713e-03 4.897358838729862565e-03 -1.688560358902058221e-03 -1.624316045607751080e-03
-8.515134265616397524e-01 -1.765889306507802403e-01 2.521315594123440390e-02 1.738873473923497606e-03 2.496941612437548943e-03 1.747915239557602763e-03
3.093931349649085227e+00 1.826273340413245294e-01 1.136858922166853886e-01 -5.140595669895331454e-03 -3.368856654236397196e-03 -2.800116950073256025e-04
-2.225836517891841115e+00 1.220049362838204615e-01 5.351928008678651094e-02 -2.572812460532731150e-03 8.148284308804475042e-04 -4.140333776321327916e-03
-2.015512441643737329e+00 -8.834601567108733844e-02 1.197979829569997962e-01 -3.423904518627837040e-03 3.274150849468940912e-03 -2.027824139330032874e-03
-6.082118405148169149e-01 2.605077076310451448e-02 -1.532076745716014904e-02 6.215556709149692863e-04 -6.362755269533194695e-03 6.372652534526327198e-04
-2.117961483717920590e+00 9.244606048690605371e-02 4.499372836371922507e-02 -1.405457378654384687e-03 -1.914432435403867240e-03 -2.968805652000807219e-03
-1.913166068382975427e-01 -1.764738299169534563e-01 -1.362905943621585576e-03 -7.361960542025713016e-04 3.765224764027030619e-03 9.547243468531651156e-04
1.336644586950766378e+00 2.121653998151387666e-01 3.266788560226730094e-03 3.097828832914839375e-04 -3.628997914223193802e-03 6.944503576920962699e-03
-1.684926024938886879e+00 1.422462510838050642e-01 7.645088946252811754e-03 1.554725830605830283e-03 -3.538009791598628606e-03 -2.319538001853962625e-03
3.255767222223774904e-01 1.816699975087565921e-01 -1.874426213466964114e-02 2.139870283776710343e-03 -4.443228564876401318e-03 -3.205083870266957954e-04
-6.187012530842589397e-02 5.905916027565932813e-02 -1.986938969912758340e-02 -1.703327597991740683e-03 2.457791249046900259e-03 -1.382741851494228907e-03
-1.083417333683171169e+00 -7.326671211660476524e-02 1.338835958387261937e-02 -1.577186149524825200e-03 -3.471005800065290157e-03 2.219470544276761544e-03
7.194183198188593975e-01 1.451319494995387815e-01 -1.305430927579171937e-02 6.916650975707458286e-03 6.169115657317066417e-04 3.871951590220041239e-04
1.169519164152794666e+00 1.532892044124666009e-01 7.518386715809769263e-03 -1.057058037922943387e-02 -2.258582789268909479e-04 2.016652352794215842e-04
-9.593205908109976587e-02 -4.099717207878308262e-02 -1.843851550652269092e-02 -7.660861240904771755e-04 -4.242713729975182251e-03 6.313702456579200258e-04
3.030529708461718874e-01 5.273638127259749203e-02 -1.932351005068895511e-02 -2.658061291161262826e-03 4.657178080499120923e-03 -1.821011786677147074e-04
1.486618620821300585e-01 -2.774416855133198662e-02 -1.840828013514594907e-02 3.943532845105317784e-03 -4.623105995587109898e-03 -1.228604515515193145e-03
-1.065691673243052834e-01 -1.851812060006332306e-01 -6.988970084956077494e-03 -2.601152853183565702e-03 -2.657326828709391259e-03 2.965035835104181533e-03
-3.302329081721643855e-01 -1.586529239395296220e-01 -2.218223557745869091e-03 9.822463589997645819e-04 -1.368278818875802568e-03 1.784300973283692738e-03
2.284669016932235619e-01 -1.960733024287340254e-01 -1.110806981041225980e-02 2.819877511514668877e-03 2.952818160074344687e-04 -3.413832921801094331e-04
-8.308260338192126060e-01 8.019054452989825277e-02 -1.260369091643706932e-02 3.281880171055827529e-03 7.316060158177114950e-04 -1.464559884401764323e-03
2.268329327568647358e+00 3.279177435186208384e-02 3.044806356042459305e-02 -4.878175178855238131e-03 1.811634099912783459e-03 -1.093009116303837909e-03
-1.210493299734626049e+00 -3.510472439543772111e-02 1.914337712938758360e-02 -9.296315605745044492e-04 5.888555935166003407e-04 1.720978035895344763e-04
2.141894959555704858e+00 1.658588485503951770e-01 4.558253948795845667e-02 1.081109072751577742e-02 -2.275488180930494968e-03 1.519813977742694383e-03
1.274288152236152216e+00 -1.005322671567573378e-01 -9.667428949696833806e-03 -3.648104968851653088e-03 3.011193479504792759e-03 -2.517273189439507911e-03
-1.206367302345243253e+00 1.301511204152022705e-01 -5.629052523247230107e-03 3.406655203640294484e-03 2.036308706451141204e-03 -6.796366264540537345e-04
-1.216884218378929239e+00 1.168740629252378316e-01 -6.062083185266340692e-03 -6.442965765452532021e-04 1.488278066525377218e-03 -1.603463970793191128e-03
9.882392646084058041e-02 -1.824997749617933984e-01 -1.018367397785781801e-02 8.782900383653005150e-04 -7.914608950132547135e-04 1.416823350743856048e-03
1.477516495676182151e-01 2.290828084366596518e-01 -2.207668354550189685e-02 -2.067657815694074874e-03 -3.918382492662032032e-04 2.208345888247635180e-03
-1.612809917664182802e+00 1.701986622541012406e-01 1.185249308325365437e-03 -1.016361747636701160e-03 1.547021150487028207e-03 -2.278697961302803086e-03
7.210602020652656652e-01 1.311424446501514296e-01 -1.124128891388759960e-02 -1.013674485694223901e-02 3.972191952242408973e-03 7.541949960031755476e-05
-1.144783678761288753e-02 -9.871818366217646745e-02 -1.447967952076193061e-02 -3.499132045754524585e-03 -4.447230067295550142e-03 4.721723231130618920e-04
-4.449986079849513887e-01 1.441847892161100819e-01 -2.108910521827885368e-02 -3.046646808908973301e-03 -4.426408944133026482e-04 -4.930369336950877313e-05
2.779084970642503039e-01 -1.283714502468184630e-02 -2.061742756756239359e-02 -3.004333951443463493e-04 4.255081208882753076e-03 6.371427841704084506e-04
-9.665273008092620799e-01 1.252947581557345702e-01 -1.470809976878644128e-02 -7.441390236013827823e-04 5.895906964088872340e-04 -2.573867426102638065e-03
-5.242117365176088839e-01 1.369593897328617027e-01 -2.180304191456413493e-02 7.517619456185439808e-03 -3.996871965063341237e-04 -2.005143137340059927e-03
1.824991826506394021e+00 -2.652372098527990343e-02 1.870504847902957832e-02 2.117909833199327525e-03 -4.810469543889665453e-03 -5.674090357632615052e-03
1.722083047165318348e+00 1.991157690082862863e-01 2.378460012063134468e-02 1.514621794706638887e-02 -2.918254604079902319e-03 4.146698230121698484e-03
2.801876257183244956e+00 5.827699106078754188e-02 5.848442849891962586e-02 -1.000485724272161779e-02 -1.961576250584993325e-03 2.517508274329555607e-04
6.969353029803330157e-01 -3.153956252913224789e-01 -1.307419462590062899e-02 -3.705199271495739684e-03 -1.663652161147780072e-04 2.186817361187459469e-03
-1.170491083010175348e+00 6.320680659092036552e-03 1.065264358128607119e-02 4.327323917124327110e-03 7.896025253166271459e-04 -1.251073020874714399e-03
6.612323291155038918e-01 -2.850245203147017681e-01 -1.210920501889996281e-02 3.142893626545144228e-03 2.159297429573643276e-03 5.023862305338597537e-04
-8.866863663811642704e-01 -2.238048957506943437e-01 3.138626259158711074e-02 -1.435078745054866765e-03 2.126528901042458886e-03 3.199336928504335591e-03
-1.753302918990348624e+00 3.649258784502538988e-02 4.342169230482064574e-02 -1.466667311577893535e-03 1.752248351887433070e-04 -1.622008811978143013e-03
4.803044073134941638e-01 1.787440011737786993e-01 -1.374331684661462237e-02 2.460347379097393115e-03 4.178381249987954058e-03 2.471902681576937464e-03
-2.661131459419775469e-01 -7.272674326543247803e-02 -1.374961367975764334e-02 -1.716190678008699348e-03 -5.249979168559923068e-03 1.548147242076020188e-03
3.046501150548188708e-01 6.061679611174060345e-02 -1.817524688251256904e-02 5.900956850761540813e-03 -2.035129064512363438e-03 -2.592325771108430071e-03
9.470738146918917799e-01 -2.305430331889098475e-02 -1.009047509752263039e-02 3.351141245180448182e-03 -9.804573895019221517e-04 -3.329221228514455452e-03
1.529966484030085949e+00 2.860702810088313619e-01 2.572095469717454799e-02 2.772182745932886844e-03 -1.686902175804630291e-03 7.697358469981398048e-03
-8.089544496203483481e-01 -6.013106929231190612e-02 1.349334630351733044e-03 -1.676275108802965626e-03 -4.133252889578324651e-03 1.925585499270650921e-03
8.878557135230059627e-01 -3.445403566895284542e-02 -1.469992833320789977e-02 1.007457280389090389e-02 2.737541457627739542e-03 -2.977496461257139737e-03
-7.798050935697956598e-01 -7.946277568387898060e-02 6.565817979864500137e-03 -7.781927944490146364e-04 -3.077274696641083430e-03 2.419583382359928765e-03
2.185802097590875182e+00 -1.973316112117817767e-03 1.930972638513896514e-02 2.148958559044271670e-03 -3.637738916828630112e-03 -2.750859649525429565e-03
2.655165031951387977e+00 2.340003113776981392e-01 9.325441176980318880e-02 3.776011013648445779e-03 -2.823987760417363000e-04 3.001382940345975053e-03
-4.452000021020320331e-01 -9.789335321577707916e-02 -4.777828362270009586e-03 4.523612274096749410e-03 1.415141349850473863e-03 -9.115585873201462143e-04
9.604317365017656094e-01 9.611706976564558802e-02 -1.613693551730166834e-02 5.309367561153141915e-03 -8.190914734889974489e-04 2.270980242727173998e-03
-4.209714017182857315e-01 -3.006125010318001500e-01 2.106025219708776777e-02 -1.301271712711597316e-03 2.080559778362547647e-03 4.650600736348843404e-03
-4.747755173914833260e-01 -1.465507785492417558e-01 1.060593335141604221e-03 3.620836212850566706e-03 1.177895385051714889e-03 4.312985055111030730e-04
-9.940562986963455971e-01 -5.976866850730323116e-02 1.239509854112329917e-02 3.049174027799515709e-03 2.924564331275383150e-03 -5.628382748895212687e-04
-1.070902970144606003e+00 -5.179885699926768845e-03 1.056207296649603732e-03 -3.240789597318478529e-03 -5.347423643633509791e-03 1.217704346670154614e-03
7.452707930548985171e-02 4.074059195061829203e-02 -2.340833803119995657e-02 3.975670607602906949e-03 4.398982013502230839e-06 -9.162033600633816537e-04
-1.151905838942368199e+00 -1.278485130157546446e-01 3.730476354079131224e-02 9.491222090701092583e-04 2.927623179458965530e-05 2.116844851792148638e-03
-9.102059033278498967e-01 8.059541042098170016e-02 -1.141328450286872159e-02 2.214881696618127040e-03 -1.642396610223369625e-03 -1.519706056314778586e-03
1.054010618628839380e+00 1.174353282849215085e-01 -5.659289491569672627e-04 -1.268372975593535547e-02 1.253417848117607553e-03 -9.060093836519368714e-04
-1.794143120804797986e+00 -9.034555670607046559e-04 4.838561034285743939e-02 -4.228816321768647630e-05 -1.642248485986427548e-03 -4.064054470729246160e-04
1.402713519504632522e+00 1.002497399326347932e-01 2.886724621801085681e-03 -9.287439719318493422e-03 -3.187572092124791798e-03 1.280641092213550712e-03
-7.799661968718104577e-01 2.618727820853943844e-01 -2.752602282557717328e-02 -5.590646495466287252e-03 1.982563447730902387e-03 1.353795456204784971e-03
7.769087766320373900e-01 1.651138234420998774e-01 -1.104519282727375699e-02 8.340600469914581302e-03 -8.695114204408430059e-05 9.046089184192115549e-04
5.544414775186653488e-01 -3.433519318893552691e-02 -1.423871527165181464e-02 2.281052980501538027e-03 -1.122349761781020992e-03 -3.672167194435768320e-03
-9.665694658027033093e-01 2.540992200210278606e-01 -2.736536287824914079e-02 -1.492569022003393479e-03 -3.903908667095933819e-03 2.087762890245574258e-03
7.443056307759565726e-01 -1.577212284672026843e-01 -1.664430937624583953e-02 -5.506581061490291133e-03 -1.836985849412014213e-03 -8.606187665873150624e-04
-3.189282397508750866e-01 9.972650991828579947e-02 -2.206232304783694448e-02 -2.183241064248739836e-03 -2.201805132735195052e-03 -2.541286807112065152e-05
-2.309855215315660626e+00 1.388232039611295709e-01 6.062086449708319058e-02 -1.338425176999696875e-03 3.872449239588687461e-04 -4.650861378738348900e-03
-3.383969325882933421e-01 1.599884222999699845e-01 -2.889138518239529191e-02 -3.167273615937894402e-03 4.369973713938504756e-03 3.426080919278294730e-03
-8.592605748793162856e-01 1.432994158118849892e-01 -1.975155948890174387e-02 -2.104875626398266131e-03 -4.057224564386363065e-03 1.028731812911016889e-03
-3.350148987385947463e-01 6.762848494125849041e-02 -2.182858108066213290e-02 1.308572732872044552e-03 -7.629737870440697102e-03 -1.183703628858769129e-04
1.138785266416071806e+00 4.027791723230442211e-02 -5.849010467688041046e-03 -1.013896548242043151e-03 5.578491502962231417e-03 -6.433732116921557021e-04
-7.406928281246068224e-02 1.312493230652387877e-01 -2.409836531851123481e-02 2.330152110727493845e-03 -2.727290101162328350e-03 -8.886516706926955679e-04
-4.611334859265219244e-01 1.835746384696549105e-01 -2.529251069069637231e-02 -3.704911805870387750e-03 1.320786108352407350e-03 1.620201998042511415e-03
-7.872884435038769446e-01 -1.059636113522276213e-01 5.506947110778363796e-03 -2.563705099876537920e-03 -4.240945802490441591e-03 3.110285113853561954e-03
8.807523885033061717e-01 8.845003535663108207e-02 -4.524948957738678286e-03 -8.790035861153138244e-03 4.267665162439294134e-03 -1.407634166197372977e-03
3.180257169850688737e-01 1.068014294480158638e-01 -2.398484790330880634e-02 9.558544435792435540e-03 9.019708716814196087e-03 3.111331115434024918e-03
1.554970244004869162e+00 5.148037809157065409e-02 7.018476946094521140e-04 -7.172473773990994082e-03 4.054499102508519505e-03 1.580457943681513313e-03
-9.551069303049419812e-01 -7.434811714666621218e-02 1.411285773490211087e-02 7.346375276531620559e-04 3.901722730312040272e-03 -5.856392052604236293e-05
5.278056011625069655e-01 -4.492106246281114129e-02 -1.480291632984266116e-02 3.606262442255862410e-03 7.169650248661575990e-04 -3.639417500010696735e-03
4.115777653908564981e-01 1.956500578822825132e-01 -1.386374015677454587e-02 -8.073673598371289978e-03 3.694738733661467552e-04 1.520932605884814121e-03
-1.392379869215501387e+00 8.977076114168008880e-02 1.069225862543085430e-02 3.187293162965732386e-03 3.514841744147450577e-03 -1.443300080806436420e-03
1.509579226461774448e+00 -2.194100949708769621e-01 -1.149364418862592642e-02 8.543721575798618635e-04 -1.426911026848600274e-03 -1.956028154733718740e-03
2.513189576026605421e-01 1.018701762687040588e-02 -1.823544358460323089e-02 -5.556347053866129114e-03 -5.774843166773012057e-03 -1.472750105919663549e-03
1.394304824112115870e+00 1.553637568696108725e-04 -6.693723739250255142e-03 3.542676648167733273e-03 2.853622145425024990e-03 -7.781607841299918032e-04
9.638980496317344215e-01 2.617642487173191812e-01 3.737792826127753643e-03 -4.225295438564104743e-03 -1.694619143678042193e-03 5.369344447621205579e-03
-9.502283825715339693e-01 -1.811002013864438653e-01 3.135672021838069312e-02 2.125544515599983326e-03 2.285898481306141393e-03 2.102074294915558771e-03
-6.850808359858068242e-01 -1.116946449151849791e-01 2.817609876572084882e-03 -1.090502065914731060e-03 -2.857556135693131022e-03 2.173621279940864473e-03
9.048560677333780111e-01 -1.505063351798563154e-01 -1.643018080729752653e-02 -1.898744351867991727e-03 -3.513410113259066419e-03 -1.378022183693680507e-03
-1.436656299257195180e-01 -1.266752679755440980e-01 -1.031689106240426569e-02 2.039393165319934847e-03 -1.958954111343196112e-03 3.889220619382658100e-04
3.286088910173350919e-01 -2.637814540917652120e-02 -1.458927994752096287e-02 -1.968570405741327470e-03 4.806319610484955859e-03 -1.830517534402528561e-03
-7.415000588175771901e-01 1.137975626600412210e-01 -1.604590014746558671e-02 -4.738995989633795237e-03 3.801779181595463415e-03 -7.031075908696804563e-04
-9.595185666712801043e-01 9.938692575774356330e-02 -1.171017279264372803e-02 2.445705347604908673e-03 -7.471443118292764177e-04 -1.227182277618797581e-03
1.864774437671030127e-01 4.889122959743549129e-02 -2.031052107689528680e-02 2.110208423771354515e-03 3.374770026405821566e-03 -1.552359493262438607e-03
2.679456875242873792e-01 1.649022644234096613e-01 -2.475599068543755249e-02 3.977584233871958412e-03 -5.015838345745251767e-03 2.794475061375166491e-03
1.962982531590623525e-01 6.882598098092161665e-02 -1.997184407634576900e-02 2.631169229737713704e-03 -6.220001040679205839e-03 -1.506748240716370259e-03
-5.806354262783015585e-01 -1.135626512430540636e-01 1.610473770089689786e-03 2.207310970233667367e-03 1.747559693015020028e-03 1.110758694579642736e-04
-7.851098700965870592e-01 -1.730017395873527028e-02 -4.036767770076553873e-03 -2.601611327752954752e-03 -1.486918114133196868e-03 -1.448786791353179739e-04
5.354177963090778203e-01 -2.427276516297424414e-01 -1.456991843783032696e-02 -3.980506170425902532e-03 -1.969166419372698085e-03 1.523344397274099945e-03
-5.158861187311523100e-01 1.268017401967199975e-01 -2.263841423056182564e-02 -4.030978107499180729e-03 3.969896777324417175e-03 1.318597124843582432e-03
6.836056618988685107e-01 -2.131733261000457180e-01 -1.564234994452200558e-02 -1.109136423595612079e-03 -8.585385193919235118e-04 -3.816930273458667882e-04
-4.706770571978577400e-01 9.685822906270709354e-02 -1.800494577868152341e-02 -2.691032610474715370e-03 3.867603666078607040e-03 -1.050523687547184155e-03
8.626897531273306496e-01 -1.815064746026176790e-01 -1.617728100447035286e-02 3.188520363819098789e-03 1.230541259293931305e-03 -1.993005737542030004e-03
-6.313446639955347939e-01 6.911112492680805686e-02 -1.768321138252675756e-02 -1.552256016497452398e-03 -7.028889907978981902e-03 -2.435530832435614147e-05
-1.690817253054063274e+00 1.133357413694812410e-01 2.055836344787090320e-02 -2.312159984307082285e-03 1.249369204595169973e-03 -1.884956963364838338e-03
6.536848522192590938e-01 1.342811577530049483e-01 -1.453925133024514850e-02 2.700716240426301405e-03 4.201326046383169026e-03 2.336666727174102880e-03
-1.170538358832492742e-01 2.971254922133955215e-02 -1.551854675784310363e-02 -5.041728939737857504e-03 4.601512781507985372e-03 -1.758533927304019437e-03
8.269269220858536107e-01 1.685960608756738865e-01 -1.676669892293690747e-02 5.141006193012123693e-03 1.882418669491739893e-03 5.515280642960643069e-03
-4.419188887564195478e-01 -1.033029537156025246e-01 -6.222104456677793674e-03 -2.205509855433422043e-03 -4.316430268806356087e-03 2.300007431581985173e-03
-3.767407152107381529e-01 2.264875425877035386e-01 -3.144528921376796293e-02 -4.994590281133120396e-03 -8.191400238183726154e-04 3.955982503834633117e-03
2.607209045412803294e-02 -1.968254009572702190e-02 -1.708421026044844998e-02 -1.457651875680367973e-03 -3.794138532218805770e-03 -1.939652187916617422e-03
-5.354076230513680201e-01 -5.961812771847738168e-02 -9.093102979920318976e-03 -2.467137927212000210e-03 -5.566571831105065170e-03 1.901803807510060425e-03
6.070793961685265749e-01 4.369148859311479394e-02 -1.462847116326141707e-02 -7.732961637791939055e-03 5.049192525609039021e-03 -1.204819946364243249e-03
8.310909329113337352e-01 5.043089606150055607e-05 -1.821858455691171066e-02 -1.270264259532492834e-03 2.134605325911797472e-03 -5.023156588394309596e-04
1.097823854449445857e+00 -1.175859922352830989e-01 -1.408830479886972499e-02 2.402988732182234112e-03 2.031701123968186317e-03 -2.787262731978303477e-03
1.024283128936650744e+00 -2.529028766409980866e-01 -1.531320828994846457e-02 -1.121024769896539295e-03 -9.770133700368493525e-04 -2.251881253187817185e-04
-1.734777686732356106e-01 6.958626840715909090e-02 -2.275510266650832697e-02 3.958750076544755372e-03 -5.655443126740866515e-03 -5.221822832202590355e-04
2.748730421810183788e-01 -2.222960326249116270e-01 -1.097486410745164391e-02 -9.401914365067586335e-04 -9.345625308742192602e-04 8.609525304087725737e-04
5.880436963912633042e-01 3.553557758127372929e-02 -1.225641638288519318e-02 -4.789087888766376498e-03 -6.300500645816789263e-04 -1.633207327518184249e-03
6.754084053898012918e-01 -5.912391691117600129e-02 -1.639344541989209286e-02 3.217518602531602243e-03 2.591115170171214639e-04 -2.309086680181179300e-03
-3.540546144659956207e-01 1.368430638519509135e-01 -2.685033386334588490e-02 1.098868763089704947e-04 2.873069336716414530e-03 1.924144938368729319e-03
-8.285587630380966129e-01 -2.777178783063463316e-02 -2.941148793319177043e-03 1.520948122067637730e-03 -3.539200620179343369e-03 1.723725787624546103e-04
1.955586337876467740e+00 -6.941488767986785102e-02 1.089622315906724204e-02 1.340606971052029847e-03 4.317283099418410888e-03 -5.317720709715092857e-03
-1.608295128001735907e+00 1.033109576560552328e-01 2.298985431844510416e-02 1.709790558559677555e-03 2.794444025482894535e-03 -1.622126434437292991e-03
-1.301095203837865144e+00 -8.125834464816607261e-02 3.416166986780730386e-02 -1.462881366294730302e-03 -2.457018255886420609e-03 2.417946154078510611e-03
2.085381161674130901e+00 1.517274022141148759e-01 4.507254723867948343e-02 -6.319391729003515264e-03 -2.539117433634949586e-03 -3.050539785405003194e-04
1.804768689722269670e+00 -1.303346008211980211e-01 -1.510970729252205432e-04 -1.771924909412493252e-03 7.388342002331200770e-04 -2.847143831288065623e-03
-6.452493367571077165e-01 1.696038169019893349e-01 -2.478719355403999000e-02 4.708532318780714147e-03 1.552782823569125821e-03 -6.801159932562248975e-04
1.813848782651998670e+00 1.951353269997460060e-01 3.388917992285737230e-02 -5.864653168247527942e-03 -3.824761670659357782e-03 3.031884991101566149e-03
-1.980749002379552370e-01 -4.891594461722018755e-02 -1.389962722459313696e-02 -2.447281540364875177e-03 -1.240331433905987211e-03 -1.392609411364316690e-03
-1.147440758495628099e+00 -1.148056890451864959e-01 2.589866717985081154e-02 7.797891603017804464e-04 -3.272939748945280459e-04 1.411409142453015934e-03
1.377318537081428484e+00 1.641355913931757671e-01 1.133866869649406001e-02 -6.607581279410788301e-03 1.786175662867306490e-03 2.774380442946083793e-03
-2.246094061505187617e-02 -8.608796301749697955e-02 -1.323043655174019513e-02 -6.944511227634857470e-05 4.248257746248270718e-03 -3.640735868849870826e-04
-6.947904003874505463e-01 4.288606146321901486e-02 -1.183377223672961789e-02 1.853018535397392332e-03 1.007768075554033331e-03 -2.268773152211529809e-03
-1.369505606267025222e-01 -2.849489506701196606e-01 8.751719259403165432e-03 -3.386580702234838567e-04 3.232415162415701315e-03 2.881912998264296241e-03
-7.391266060694955398e-01 1.668307282045206758e-02 -8.998686564777111027e-03 6.384154666598416614e-03 -3.414902889291334190e-03 -4.081121502854588535e-05
-1.484924803733345566e+00 7.646858691143001985e-02 9.194777737198062476e-03 -3.382156995115517210e-03 5.490309765380507745e-04 -1.766620856456466073e-03
-4.491062409854406634e-01 -3.196571743160310786e-01 2.565539817588367855e-02 -1.001332717061695571e-03 2.368214797659722124e-03 5.319546469324711556e-03
2.979853054622428221e+00 2.390345715829642892e-01 1.108269645304038736e-01 5.865120693436050477e-03 -7.080746571384118797e-04 4.743062607857993253e-03
-3.802312881151549417e-01 4.512737197351447682e-02 -1.772153033261393562e-02 4.371534717072196596e-03 5.380997631816187036e-04 -3.612865705273715991e-04
-5.948963603236132602e-01 2.525614424466676028e-02 -1.245586712600768066e-02 3.247321690122638351e-03 2.383883280950982041e-04 -1.081893401212490264e-04
1.404887663547990329e+00 1.649305858673436043e-01 1.851755233347959773e-02 -9.187955397039045125e-03 3.277215174008885849e-03 7.787912367858087657e-04
-3.085090934310519839e-01 1.125188626689430224e-03 -1.768787583283208328e-02 -6.975528674786720578e-04 -2.717737297007920445e-03 4.805993298933619335e-04
1.341363610487305458e+00 -4.555518813922233845e-02 -7.634210605742744807e-03 -9.091338985271071134e-04 7.464506617241871422e-03 -9.176528256670526615e-04
1.403142096773343228e+00 -2.977403789336840467e-01 -1.445910388843873497e-02 -4.748933052747942619e-03 -8.632100984542272985e-04 -5.283500063955693174e-04
-1.715595390134283527e+00 1.569144072442717197e-01 1.021619430272567401e-02 3.088390056427719153e-03 -8.830723318877378508e-05 -2.181486153905396082e-03
-4.099142648465468053e-01 -2.464331078393834293e-02 -1.324683213982602581e-02 6.491014817781567102e-03 -3.661272556568627261e-03 6.933760943298819014e-04
1.205924476483222874e+00 4.410548406739001059e-02 -1.170174245670825390e-02 -5.263474939136023913e-03 -1.333915804087764658e-03 1.853589091663464250e-03
1.799357773322237397e-01 7.290680312328361168e-02 -2.651791773425566864e-02 3.367530362914183495e-04 -1.156220927514602353e-03 1.935644795582868501e-03
-1.089559481608163960e+00 2.082618936999607040e-01 -2.081681829451714413e-02 3.359936621854648503e-03 -2.309454993649412598e-03 -1.944060331451115528e-03
8.278876589283560294e-01 2.013823040343054593e-01 -5.648407883010902499e-03 -1.301227205211432552e-03 -8.499040087671994904e-04 3.352771853625491089e-03
1.139049708487144930e+00 2.688083437969808129e-02 -1.149681157983062883e-02 6.713599477905182224e-03 1.175173398956794093e-03 -1.075910112326544784e-03
9.134357982701420964e-01 -2.129085528581864395e-01 -1.592263455214101148e-02 1.062301250564121188e-03 3.001461629212479835e-03 -3.028473844899585467e-03
5.930035655353474988e-01 -7.587981928704216894e-02 -1.677770272246446870e-02 8.765719608809259674e-04 6.335419927204551105e-03 -2.458569462078558868e-03
1.123893267016502356e-01 1.406634301236573958e-01 -2.106776060375425280e-02 -6.152804840062315282e-03 5.333861878640541905e-03 7.778848619553280306e-04
3.398519704703548139e-01 6.054835036332441994e-02 -1.581348441231556629e-02 4.820158624237553743e-03 -1.498182471822092059e-03 -3.409935090901814510e-03
4.615730832389235150e-02 -1.582871167596797968e-01 -1.272440974224352261e-02 -2.114429787218948583e-03 -3.368951027380232000e-03 1.769406751015059447e-03
-5.912017666263091886e-01 -2.237770734694062569e-02 -6.947638609101395094e-03 3.369350660568274248e-03 2.094495063174875091e-03 -5.443516513480530688e-04
5.281586139914735689e-01 3.896339171375398105e-04 -1.988831793502384912e-02 9.142953957104748425e-03 6.109401206064371927e-04 -1.992877059776839398e-03
-1.779789856331918774e+00 -1.114845721202426670e-01 8.596392343936294644e-02 -2.332927134102210070e-03 2.507316801687378260e-03 -6.678834309282036046e-05
1.382755762895931717e+00 -2.576329653087365834e-01 -1.418227460445967147e-02 -2.935642085670903557e-03 -1.177072367030331836e-03 -1.366219388771979133e-03
4.909495157118899389e-01 1.663050296065815004e-01 -1.992588403544249404e-02 -2.425446705559401207e-03 -9.874629258882030615e-04 2.078931391945880273e-03
1.032592594558988885e+00 -6.150564411716907126e-02 -5.184282911041028334e-03 -3.675928472950000959e-03 -2.866841841153599645e-03 -3.994245844664258242e-03
-5.891893463396723485e-01 3.362556247862227756e-03 -1.090858028856385963e-02 2.429718739340578325e-03 -3.265523741532904626e-04 -9.115310281239631576e-04
-2.403478225269926882e-01 6.215400607043632120e-02 -2.351857077018854048e-02 1.945403955272201465e-03 -3.465088578064419965e-03 1.508872075548557288e-03
-4.033623492325000282e-01 1.644838583861987225e-01 -2.747815245332214246e-02 1.002905546580713748e-03 8.842076671741132916e-04 2.518076162504192129e-03
-2.437575614154145476e-01 -9.123280452754872760e-02 -1.175503493536497225e-02 -2.356147114454964012e-03 -4.136809006416819305e-03 1.022182194776257574e-03
-1.012801597165040146e+00 6.587860172577597595e-02 -5.558595683969368498e-03 -1.463881196854032525e-04 -2.156695143128296247e-03 3.285808636984581055e-04
-3.609086261402841833e-01 -6.845879621013296586e-04 -1.441306060420351719e-02 -1.706934627043295771e-03 3.203223328539371324e-03 -2.915116633115897855e-04
1.483537559899936742e-01 -2.138872462089039528e-01 -8.812404884838274943e-03 1.890810071615200462e-03 9.068788544179166942e-04 -4.452292911856047647e-04
1.552308046144430742e+00 -1.205107617135033476e-01 -7.247436042366517742e-03 4.867912512757995741e-04 -1.344969908651100221e-03 -4.011240635080684340e-03
-1.743221488942488240e-01 1.054488363835587722e-01 -2.150584557967694793e-02 6.415519209351785643e-03 -7.974101139462118652e-04 -2.100043563109050063e-03
-5.648021198596078207e-01 -1.707726693867832324e-01 9.158733834086591960e-03 -1.669246571405221414e-03 -9.559751320085735273e-04 2.964626799460051264e-03
-3.143093180029171152e-01 8.889075717742961347e-02 -2.313137619033861503e-02 1.295084545108821528e-03 2.350521156527880882e-03 1.793197099391720395e-03
-4.346923806029356907e-02 6.012135585997512022e-02 -2.365671365749864169e-02 -2.791813849893305232e-03 3.192785660195600513e-03 1.372394094570482609e-03
-2.325612399322901369e-01 -1.722078665844546663e-01 -4.604964128949248108e-04 2.272408169673255981e-03 3.618874519825728258e-03 7.140020802174555474e-04
1.489255947784677847e+00 1.932464251636712982e-01 1.069578045170730025e-02 9.745295734496436935e-03 2.725968662031395904e-03 5.878234314482978264e-03
1.282351501879674505e+00 1.160550602339259912e-01 8.578176634326599784e-03 -1.169298167897933963e-02 2.383432596883444145e-03 -1.248505603618290131e-03
-6.963147022323847024e-02 -2.603890957243270785e-02 -1.843521352123027313e-02 6.165990727500448220e-04 -1.348535442556380312e-03 2.664595588580212526e-04
-1.279488411421233041e+00 2.947360502806921703e-02 1.261323857378145695e-02 7.870200503280756201e-04 -1.701327051198104441e-04 -6.504428557578309077e-04
-6.990980505722282912e-01 -4.290872308734229590e-02 -3.263457490175198164e-03 -2.251984165467419991e-04 -3.479847240347145286e-03 1.101845609773362180e-03
-3.524290807747373910e-01 -2.059103000203906797e-01 3.914525448252344393e-03 -1.067055318788494647e-03 -5.870553064681517013e-04 2.779510153635198540e-03
-9.349293535048058823e-01 -1.231115549717534119e-01 1.993010131057581374e-02 9.415700153840747370e-04 -9.847826229483940593e-04 2.238770608848688216e-03
-9.199608773721855703e-01 -1.148193894005543475e-01 1.596199551294593538e-02 1.811038081181229982e-03 1.035337462634384250e-03 7.657626306390830735e-04
-1.495051061736094589e-01 -1.435965873771234969e-01 -8.734153270973722336e-03 -3.077745253392006816e-03 -1.654482847471483269e-03 1.142857122974705883e-03
1.457768730244880073e+00 3.417473763492339528e-02 7.957546993871446317e-03 -3.546769583194499492e-04 2.870666103881625540e-03 -3.287008967292100268e-03
8.543660009405079636e-01 -1.368349700849825212e-01 -1.380706613976255201e-02 5.066206276763446543e-03 -8.603354555265258375e-04 -2.873312839421755891e-03
-5.269453631385222492e-01 -6.563015421506548930e-02 -7.931019767390070849e-03 -2.615110808736427570e-03 -4.320987999588157998e-03 9.710319858154887237e-04
-2.101085119712164939e-01 -1.445688366024154570e-01 -6.627960629296463478e-03 -1.166477001471780345e-03 -1.002777433092688500e-03 1.111345805738779861e-03
-8.980321085924081181e-01 -2.174171152994240977e-02 5.572322454217145012e-03 -1.912088939556593056e-03 2.616842792992905582e-03 1.783178379773604826e-04
-1.616428154657806315e-01 1.266679262042462450e-01 -2.387646505943043923e-02 3.788747378932076984e-03 -4.851546234176252158e-03 -7.182149212980158551e-04
4.197542219538716313e-01 -1.904723954932902030e-01 -1.318468032836337712e-02 2.469179345506982131e-03 -3.730371190126285279e-05 -8.921651120681235465e-04
-3.493735770680654884e-01 -2.190646691487113384e-01 7.507583913367507460e-03 -3.179991763517661598e-04 3.601334513122258964e-03 1.516076361097635182e-03
2.407884167148347798e-01 8.340913618332551627e-02 -1.925377176745446048e-02 8.148521759271313072e-03 -7.673729654135031525e-04 -2.453522673793745272e-03
9.754644641469751853e-01 1.080720828099718395e-01 -6.314245483882700849e-03 8.715710040902583181e-03 5.307170643401426698e-03 7.118630360035731403e-04
-8.145874718769888223e-02 6.090241077153547150e-02 -2.449675387146582964e-02 5.599980846183992729e-03 3.860823389291548856e-03 7.742964698703961191e-04
1.178200714165215102e-01 1.123164339957074542e-01 -1.792265983713660013e-02 -2.500152702472288949e-03 1.364123563759051232e-03 -3.360650325014365213e-04
-1.343725622897958605e+00 2.156626232166013735e-01 -1.196379589209356498e-02 -3.965032647726142098e-03 3.265815986102257179e-03 -3.265481923406330766e-04
7.715755736577020185e-01 -3.002329203958210013e-01 -1.384507997122174684e-02 -3.498071615914127158e-03 6.900024228129933554e-05 1.000207291322275250e-03
4.256490109485951967e-01 -1.903739633836921685e-01 -1.710214893856409207e-02 -5.101782682018172208e-04 -2.949773909788012873e-03 2.272779885882213451e-03
-7.405151376184054834e-01 -1.177536548079283901e-01 9.302555313634360348e-03 -1.185463979294712044e-03 9.729728439527205418e-04 1.007250224512343511e-03
-8.948570984571542208e-01 -2.120320787802874307e-01 3.597466976445075348e-02 5.558195396188605943e-04 3.137339780953772410e-03 2.500575407925986066e-03
1.447173020415567057e+00 -1.115312237287242880e-01 -7.219779238164019709e-03 2.889965293271420585e-03 5.308660545404601024e-04 -4.365365366609297131e-03
-3.407141236267398066e-01 -8.374200416931108781e-02 -8.414344296151100855e-03 3.034204941938043170e-03 6.580548181401551632e-04 -5.465568936054795600e-04
-1.250080836361655567e+00 -6.111171970100108194e-03 1.417805827543315231e-02 1.687309032273397614e-03 -5.959486368080414730e-05 -9.221683756868395048e-04
8.480592958525688951e-01 -3.864973916935367324e-03 -1.336388450559195841e-02 -4.523307975493018676e-03 -9.612018611961441975e-04 -1.340570120872286702e-03
5.944841272390634090e-01 1.267338584678949220e-01 -1.202055893829615495e-02 -1.768428066490771279e-03 3.989855089214732441e-03 7.393202671834793504e-04
-1.933363661322048399e+00 1.775682477868593678e-01 1.557040239121353087e-02 -9.984545735397510301e-04 1.070419588120850168e-03 -2.827049739560981347e-03
1.657790373932412631e-01 -1.364048937277767271e-01 -1.226777115926085820e-02 -2.258472462835467952e-03 4.343719134913820792e-03 -7.601524038635934424e-04
1.694570023007893611e-01 1.609435689137966516e-02 -1.977047491393802217e-02 -6.543819894246283991e-03 3.443730025153650311e-03 -5.643819004999661281e-04
-1.834378163976368548e+00 1.192863208253441554e-01 2.980206598696108836e-02 6.714474764527268106e-04 2.675223107672227915e-03 -2.630646839461961688e-03
-9.625607404134979284e-01 3.738484317888288427e-03 -1.670038807547876000e-03 -2.190779028909437248e-03 -1.424011913816861357e-03 -6.260341047069780361e-04
9.253391028326136691e-01 9.757913533812200002e-02 -1.342029470431123188e-02 -6.047511931478648760e-03 1.782060387142847969e-03 2.409202822757380499e-03
-5.658068707838326272e-01 1.800712724420382160e-01 -2.630656557276681365e-02 2.996853351131277543e-03 -1.764034826006738530e-03 1.053159369443000407e-03
-1.320737858012513533e+00 2.218742773892312670e-01 -1.376259073377361121e-02 -4.332840948586543645e-03 2.282262877590803592e-03 -8.830989973241560069e-04
