3.831553976167240805e+00 -2.080861973447530600e-01 1.422015698265829131e-01 1.468983286280307714e-02 -3.257658212289612186e-03 6.189620182592711628e-03
2.712957600327675634e-01 2.409752430218062014e-01 -3.772092423220704035e-03 -2.226478024742715740e-03 -9.776827281468471881e-04 1.322961099515410771e-03
4.042108003340775801e-01 -9.786801898253327109e-03 -1.876298474956061488e-02 -6.250772378959171260e-03 4.247006731885652996e-03 -5.403113828601505087e-04
8.312419832728425995e-01 -7.591131005781528995e-02 -7.841916856364455901e-03 -7.185393518237516907e-04 1.261919857445219445e-03 -2.707779565138928712e-03
1.967431866188027456e-01 -3.877737251576775929e-02 -1.854794473792542586e-02 -1.497635615392260353e-03 3.117149222104343646e-03 -3.720257253593098378e-04
2.672564156850451234e+00 -9.942432891048738619e-02 5.749375957303839990e-02 8.292650137464334988e-04 2.769819837058933639e-03 1.124137867631071685e-03
-1.394838038661588620e+00 2.463921634928856533e-02 2.867717848492135069e-02 2.577737104875075722e-03 8.714789328577553099e-04 -2.403662161436678736e-04
-2.648070268494909230e-01 7.104886192525979027e-02 -1.069475227612557040e-02 -2.131791318167821150e-03 -4.677784109933986328e-03 5.813776256784372294e-04
-1.044691069568239178e-01 8.508114635408163540e-02 -1.300604584495102141e-02 -3.878012493814489425e-03 5.839456184049855031e-03 3.023364974198587750e-04
-1.973231474156679655e+00 -1.902504771059851663e-01 1.936577321581248179e-02 6.585551792213595540e-04 1.812425811159234070e-03 -2.681724102632639280e-03
-1.525213477931335326e+00 7.983397414858441066e-02 5.171471575265235154e-02 -1.699095030545968825e-03 3.951277343095052912e-04 1.123976127719098590e-03
-1.075219073815787185e+00 6.047063159043714747e-02 1.684857939686977557e-02 2.139288988735056868e-04 2.192540264928441920e-05 6.211045536867107735e-04
1.261991296235038362e+00 -1.371943566491950206e-01 1.546382141009219500e-03 3.899503158208917231e-03 -3.956809973380849381e-03 -2.683825835363553864e-03
1.807492982522741931e+00 -4.454596698639167601e-02 2.165029234204132041e-02 -1.216652756406150964e-03 3.108556393978532690e-03 -4.225619560473983100e-03
-6.994176257872879443e-01 9.723839799811846707e-03 -7.220613529099155839e-03 1.562424037227184200e-03 6.163645666945217084e-04 -1.771407124764208746e-03
-1.448607286761776525e+00 8.881766712210699410e-02 4.661621477245830175e-02 -2.280989926003216086e-04 2.685899773539869584e-03 2.604615811345173241e-04
-2.201698901585484869e+00 -2.439724004399196344e-02 7.670299400966429371e-02 -3.336277671032277393e-03 1.303161490213784008e-03 -2.267119770878555599e-03
2.068145053608691220e-01 5.383523899247372180e-02 -1.801107864772713910e-02 -1.431482734177733345e-03 5.546936540666728109e-03 -4.462333236840944963e-05
-4.748121395144542789e-01 4.074569430375823975e-02 -8.283593415602627519e-03 -1.254623503240536331e-03 -2.012734165726843671e-03 -1.772979765068939347e-04
1.013487617504764959e-01 -7.844438081275502406e-02 -1.991487115175812408e-02 -4.655024913998317797e-03 1.706673183252591889e-04 -1.912099467674061102e-04
-1.908096067438388721e-01 7.508545643256986368e-02 -8.990452155493079689e-03 3.988987576882923637e-03 5.695267562199393110e-04 -1.944771853996304532e-03
2.683854105955285618e+00 -2.480247321628481147e-02 4.763242416627119780e-02 -8.843000638184845413e-03 -8.173521721042539476e-04 -2.439633169040554203e-03
2.286295840893199927e+00 3.054177114444606850e-02 2.373768875153168742e-02 -9.178544792629217050e-05 3.666703667955021478e-03 -3.574173323157650746e-03
-3.101278742129521815e-01 2.338575128887220023e-01 9.936433129656254207e-03 2.311835470742215973e-03 3.559497825496988482e-03 1.833366670455180208e-03
2.739050758121308604e-01 3.614242546128564743e-02 -2.025108002070546975e-02 -3.062825380423139961e-03 4.265648855540826040e-03 2.092640141035083672e-04
1.400504728327009785e+00 -2.225354690438934580e-01 8.183722251399709255e-03 1.631092679337046644e-02 6.201028315160280607e-03 6.928154369846911513e-03
1.991911391941850878e-02 -9.790494478826962735e-04 -1.974702551363360925e-02 1.459229947279349834e-03 2.014201185685307160e-03 -4.154791813377174767e-04
-1.229047902151801264e+00 -1.645956871877042593e-01 -1.169511436714650542e-02 -1.493107556009925846e-03 1.184342266321084447e-03 2.863569089121456687e-04
9.767295861714044847e-01 -6.821840293016936951e-02 -1.137474181340935968e-02 -1.863211181594260442e-04 -4.914768232383346855e-03 -1.988071551252568441e-03
1.373441000481288476e+00 1.700512112660702846e-01 -9.931211037282859644e-03 -6.104509814724831316e-05 -2.831539556142550519e-03 -2.425481380930745445e-03
1.285524008867682477e+00 1.557660854219211286e-02 2.861215357827030011e-04 3.095573075764148762e-04 5.239174647270814292e-03 -4.818938511577117514e-03
1.708925597759884951e+00 -5.356032067764931320e-02 6.232730709477103496e-03 1.575467990029523523e-03 -2.747253312700372822e-03 -2.471810384370115663e-03
-1.292013061718152223e+00 5.353587261384981644e-02 2.748195392009684587e-02 -4.027617323512495376e-04 -2.491661495952481823e-04 4.513892223021413329e-04
-6.413912178832870126e-01 -7.317684104758845343e-02 -1.809578852260549861e-02 9.432563944583630033e-06 1.629314634185281526e-03 -1.210633699828221653e-03
8.235777241489774525e-01 -5.273062108804506959e-02 -1.415034894807135589e-02 4.022076747700380206e-03 -4.592121957516830805e-03 -2.772008006259541781e-03
9.670514445454142516e-01 -5.144823281629420236e-02 -1.578328156350989123e-02 8.630464310569369718e-03 -2.750736975444973646e-03 -1.789547943422192637e-03
2.623288642751734345e-01 2.156994795236187035e-01 -1.264923085887986569e-02 -3.006216509654140862e-03 -3.062086671247671484e-03 2.862459010949847723e-03
1.371461437995277866e+00 -1.161600409056584571e-01 -6.811416107590598581e-03 -7.940461846304517138e-03 -4.037622738867627063e-03 2.552980306043039268e-03
8.602591120804411462e-01 2.484450998389204912e-01 -1.447712699347950861e-02 3.934401920363491713e-03 -2.159410150368614703e-04 3.688745931994955388e-04
-2.018557575574781104e+00 -5.791440204763056987e-02 4.862845473878421587e-02 -5.923922951681816337e-04 -1.160724359387421212e-03 -1.713566688282488863e-03
1.018931438350712648e+00 -1.095639059830958023e-01 -6.615018399621928717e-03 -5.818845701348178759e-03 -2.185834750562385895e-03 -7.820145193107661940e-04
3.914474368907820967e-01 8.481164488063733242e-02 -2.169582401264354143e-02 3.769179609221287239e-03 -2.449594183791762875e-03 -3.569655777842558730e-04
-1.677635397452364563e+00 -1.935364404107391134e-01 1.462058939923816967e-03 -1.726300431481447850e-03 -2.191346598581382643e-03 -1.044528452634790189e-03
5.324486804815313779e-01 -8.613789811002988892e-03 -1.288974002889009193e-02 -1.393138618563334596e-03 1.014115126439610846e-03 -2.202558009463616382e-03
-3.655154359125682983e-01 6.967347101962320655e-02 -6.949954670853530220e-03 2.590382690348753871e-03 3.285355864692027401e-03 -4.580972971197579168e-04
8.918935480808340976e-01 2.675425642103433296e-02 -1.452029826139019514e-02 6.491950580192714856e-03 7.833576316339102563e-03 -1.172992765575940838e-03
-4.376527691553712129e-01 9.553691056041445362e-02 -1.563483741824532851e-03 3.559812915340157275e-03 -8.821161210956961424e-05 -9.428460491745494203e-04
-3.410037346269415015e-01 6.344264264059827629e-02 -1.311820785120088560e-02 4.016225571181105888e-03 -4.080487544814405225e-03 1.171897187790323742e-03
-2.191201929439293483e+00 -1.974839063126751781e-01 3.225717838336192300e-02 -9.164325484418514058e-04 8.252119965175172241e-04 -3.474798472172866640e-03
-1.370231234026495493e+00 -1.686827550172051993e-01 -7.520086146921918686e-03 2.153214042577791636e-03 -1.762273485442616191e-03 -5.123220650449594954e-04
3.805689094144142914e-01 -4.766826298947420687e-02 -2.789369364910530141e-02 3.889359593908526310e-03 5.228567295943693100e-03 2.570066628004759064e-03
2.370173535150505550e+00 -8.423064654236762927e-02 2.982280465190701238e-02 1.394244509277180709e-02 2.588481003719316203e-03 2.028652939906871663e-03
-1.806689749878445994e+00 -8.350268738871798047e-03 4.928141336617117979e-02 -1.395671640450717220e-03 -6.806599633754926775e-04 -6.477681502482339482e-04
-7.974751180714794163e-01 9.277276178774240822e-02 9.678499595471807410e-03 1.517896798426264147e-04 3.002705734147994177e-03 6.116973316664272003e-04
-1.343880410753225119e-01 -2.291532647033835482e-02 -1.557603242308959121e-02 -5.137129766772385864e-03 -7.788109520879026634e-04 -1.148613092860294909e-03
1.444066639221424753e+00 -2.408309247676661269e-02 2.558426557223516824e-04 -2.674593664722321306e-03 4.201099239159806348e-03 -1.064823639659759087e-03
-6.283646085197918119e-01 6.864223524330938242e-02 -2.032040893404926142e-03 -1.593501036866196499e-03 -4.385912137287490027e-03 1.721077095802620504e-03
-3.015108855553972345e-01 1.611971511657158129e-01 -2.334269481852100682e-03 -9.952552592677322944e-04 -2.956032709765949069e-03 3.031475947642360905e-03
1.289581848917293216e+00 8.065609329929609300e-03 1.896091324780258165e-03 -1.471560696025338939e-03 -3.623795243790319497e-03 -4.722830783535744877e-03
-7.549466105871751598e-01 1.937435135126168995e-01 2.259853956136394226e-02 1.834886490877089826e-03 1.020582406408859603e-03 2.491189462109577590e-03
-4.501288855737344274e-01 -2.448101378670582834e-02 -1.779644123060475369e-02 8.265472224183244287e-03 -4.111069038024643511e-03 -3.677837130360422100e-04
1.956081059507374764e+00 -1.781690806142742500e-02 2.463507197072418303e-02 -8.009370376725446009e-04 -1.932179139292204738e-03 -5.693929855470914077e-03
7.778596574323791701e-01 -7.421119268474681008e-02 -1.204074148381752661e-02 2.027181794980102876e-03 -3.223909812143133189e-03 -2.842102838123113009e-03
1.715502384525048329e+00 2.856084580055595276e-02 9.190370784101657741e-04 -5.703512915250579310e-03 5.434748457361670768e-03 -1.089911580740841315e-03
-1.058280166144298651e+00 4.341304706730387403e-02 1.336455600259483026e-02 7.937605203367397930e-03 -7.252497821361955123e-04 9.170573514032698574e-04
-4.681070108741945401e-01 1.593283853917140669e-01 4.800363410665304045e-03 9.885380355498941517e-04 -7.819073628358804611e-04 1.446302489457949652e-03
1.258717551854982686e+00 8.308918351909735933e-02 -1.044081761896580897e-02 -1.324420283883462725e-03 -9.553952453028832000e-04 -4.579977005867387138e-03
9.640324325237248360e-01 2.321649204054800630e-01 -1.333520992822329228e-02 -2.667270482638879180e-03 -9.958908402007149181e-04 -8.793236219724930372e-04
1.765099544947093202e+00 9.540656341360306825e-02 6.943289132662440119e-03 -1.881321360885610059e-03 -5.777574821419522626e-04 -4.864715779135122230e-03
-2.046361258682693751e-01 -1.687540843687403980e-01 -2.971697171083573577e-02 -9.875473129295276372e-04 -3.065737555952911982e-03 1.237837298728002499e-03
-1.209279314029142904e+00 2.429920934621410122e-02 1.550509380508760006e-02 4.092317813175849837e-04 -2.777465826809874701e-03 6.194775712835298188e-04
-9.498348762979206272e-01 4.443997986502478542e-02 8.967693174396216757e-03 9.553015489414200777e-04 1.869518700963090441e-03 -2.880621683489853675e-04
-1.222038314974137174e+00 -8.473255409587264475e-02 1.671466946546919518e-05 -1.192530880864922692e-03 -3.781280305459517634e-04 -6.356231050593426097e-04
-2.029201549554236372e+00 -9.818123618208933479e-02 4.596353475051315890e-02 2.383719409012901962e-03 2.040491139582828548e-03 -2.937254445262286063e-03
-1.556813275851893108e+00 -5.667117120648353795e-02 2.029278679996150345e-02 -2.271184824965472547e-03 -2.601982312942537415e-03 -2.243890009739659124e-04
-7.017765370810951087e-01 7.443184995464556530e-02 6.173262907140180354e-04 1.155426306883088148e-03 -3.357889734291931265e-03 1.708465073588698660e-03
1.606909906603628813e-01 -3.860450820662909236e-03 -1.570302743404823967e-02 1.558516066222790731e-03 -3.491543431643152808e-03 -2.420809605767126026e-03
-1.964334277848937660e+00 -6.123229116041929709e-02 4.465675510166125517e-02 -2.342626526006651427e-03 -9.859687293630494927e-05 -1.922149256825526290e-03
-5.881950739082844049e-01 1.475941017301178604e-01 7.924055185698272025e-03 -2.402499534878595189e-03 -6.112502882692159292e-04 1.230908601275528674e-03
-9.064603989102233417e-01 1.762980803235006388e-02 3.347382510981993138e-04 -1.284154235469173698e-03 -4.639957177328721261e-03 1.180758555045683961e-03
-1.168498185865915362e+00 -1.547118596633828003e-01 -1.394626734514377991e-02 3.735462278039496965e-03 7.439445611188256298e-04 4.762750830252304788e-05
-3.083043116432587216e-01 1.007947177223442597e-01 -5.390356586799990336e-03 3.697463791435809041e-03 -1.973946608704409654e-03 2.738681726953981032e-04
-2.704796393435060065e+00 -2.215084197023833024e-01 7.234401417577200621e-02 -3.396277506866142437e-03 2.727026082185156700e-03 -6.381560396186833871e-03
-1.357927335986229611e+00 3.858910847753063700e-02 2.900237443314556546e-02 1.776346614303248072e-03 -1.238506175988635452e-03 7.939530192743784456e-04
-7.713840058565147872e-01 -1.383799265217707242e-01 -2.464943434917604703e-02 -1.738302023810944048e-03 2.212506038118622342e-03 2.430662703501410005e-03
1.971499685486892695e-01 2.691550237121046948e-02 -2.360370389383321249e-02 6.326153683685421802e-03 -4.904640838624625731e-04 -4.500491819254010136e-04
7.406611942110520319e-01 -1.463003558352744815e-01 -2.131818387514461746e-02 -3.895568486675296278e-03 -1.408564078602842775e-04 3.234701429215268344e-03
-1.184267534395154975e+00 1.670174261510224550e-02 1.671812885319251193e-02 3.269944886630225724e-03 3.952760971429935231e-03 -9.269573596190187361e-05
-6.858389868301043579e-01 7.554259196091024642e-02 3.055421940722201531e-03 3.523328287230286372e-04 1.632503434961968833e-04 -8.797262939772088411e-04
6.018251343971200429e-01 -1.346327221046028366e-01 -1.950765015943258657e-02 5.881338726563716153e-03 8.502809933888657440e-03 3.820447247535552638e-03
1.221063404223216714e-01 1.783895717628824484e-01 -7.456505312435289003e-03 -2.424011855854152526e-03 -1.378136440482708542e-03 2.034640171386546605e-04
6.964443677669300836e-01 3.112673402806120371e-01 -9.889537517825295124e-03 -2.447299197289992938e-03 2.448343715289765638e-04 1.843380368377955242e-03
2.040600834872795533e-01 2.855621832967804585e-01 -2.578615005557454050e-03 -1.195084730251848261e-03 -3.741903868282700388e-04 3.309636282124780917e-03
3.533961162774111320e-01 -9.160621707601086751e-04 -2.304407153654207049e-02 5.520617471977712354e-03 -4.338976827083017990e-03 -1.505734552662226639e-03
-4.361454218207796441e-01 -2.254029837959531032e-02 -1.858634299280694999e-02 -1.958999607579431541e-03 -7.245040845369041162e-04 9.616562232815643223e-04
-1.520740788938540700e+00 1.882576116708472441e-02 3.201537055411236149e-02 -1.508389225281707793e-04 -2.169146068751506059e-03 7.223912223512571600e-04
-8.024551373881376737e-01 1.338244067970356839e-02 -1.374853071512612554e-03 -3.408933671806788643e-04 -1.311677479548990386e-03 -7.243408874111189472e-04
3.336824059846215551e+00 -4.787981465130582148e-02 8.314703374195725472e-02 4.956737199716401525e-03 -1.003950040492800717e-03 -1.527780627945956801e-03
8.424784805212647276e-01 1.338749320305695212e-01 -1.892524224970694446e-02 6.182044209821192793e-03 1.892290839611427940e-03 -2.004589637654815432e-03
1.561844776472455676e+00 -1.142279715823804748e-01 1.602458225011118079e-02 -3.957143755700338016e-03 1.726826620986351795e-05 -1.250144234358056090e-03
-5.319457372564481146e-01 -5.274785161703756525e-02 -1.898628566016127839e-02 1.505815920266880686e-03 -4.791268245426081804e-03 -2.404679053196948752e-04
-2.122862505878960471e-01 2.718223776486957677e-01 9.549504036798436152e-03 -8.534122241486672995e-04 1.935471236361366700e-03 2.781961861560936639e-03
8.552539156806883078e-03 1.197076127102491838e-01 -9.022566212152145770e-03 5.560864849033463325e-04 2.063192642454079236e-03 -2.414986549349790526e-03
1.362205154886301672e+00 -5.986491477894301250e-02 -1.491586491931536605e-02 -5.482828218424275549e-03 -1.962444028731686121e-03 2.836236230127501916e-03
-5.457463469306370607e-01 7.085616510490884423e-02 -2.792645701242496212e-03 1.903335135395027577e-03 3.918900862620316658e-03 4.567927826652097415e-04
4.660515605658898663e-01 -7.497807742019903243e-02 -3.147295749754196875e-02 7.262416857618770108e-03 -1.467728597400660962e-04 1.692472460670421284e-03
-1.893487988028129010e+00 -9.051606827421145030e-02 3.546308074571525443e-02 -3.532279810949578037e-03 -1.344792283322127080e-03 -1.541758421746390476e-03
8.330530574925016918e-01 1.275751321381232428e-01 -1.369374185479747125e-02 3.552615474641952330e-03 2.048277405652985418e-03 -3.046447413212508351e-03
4.577351175181316179e-01 1.114031191832877132e-01 -1.763893325300474116e-02 2.512201876623351964e-03 -3.556435788429817679e-03 -2.826838389367714423e-04
-6.433771414501839869e-01 -6.149977863825663305e-02 -1.950309132054025424e-02 1.260945953113266123e-03 1.598882681199854158e-03 -2.205150176174725701e-04
1.230585399362412596e-01 -6.457659152620580378e-02 -2.515577519574109522e-02 -3.327555365893285124e-03 1.080066381136932313e-03 1.174925046167949729e-03
-5.989598934687279108e-01 5.150430074238643990e-02 -2.737331695784541927e-03 -1.720594605913719358e-03 1.329820273127518002e-03 -4.187662933898563227e-05
-2.440330056150271931e-01 2.189877039881650833e-01 2.387101154226105824e-03 -1.808506215376400397e-03 -2.193982065276446711e-03 3.825273229344342690e-03
-3.302110705226485865e-01 -9.153495845626259675e-02 -2.571389883625297898e-02 -4.585667540983567707e-03 3.912534172062246025e-03 1.359485102075719092e-03
-7.365428365934105492e-02 2.476168985703637582e-01 3.466214718474280084e-03 -1.591076190676301216e-03 5.466331605496545129e-05 2.009957654195491765e-03
-1.397188141042131404e+00 1.331516772945788574e-01 5.584382950211138480e-02 1.899542074460231758e-03 2.314747423744440823e-03 1.446133852865141628e-03
-1.281744306035015768e+00 4.830512523722169799e-02 2.740710642194784871e-02 4.833790472679573569e-03 1.812488869169920185e-03 -1.103906656755269774e-05
-7.270838037315348057e-01 2.041805269829581326e-01 2.472300226054821928e-02 -9.511545191936136194e-04 3.978310878756121348e-03 2.208985618662766531e-03
2.088843167358640951e+00 -1.382025059104974307e-01 3.319163157156632821e-02 -7.889598523437423017e-03 -2.290638736555182520e-03 1.329166365753374967e-03
-1.193011368149788254e+00 9.025251733014114097e-02 2.994805462605404714e-02 -1.648262654644143366e-04 -3.109042164676476569e-04 1.316286017688069387e-03
2.095339608611240245e-01 2.370287211050576825e-01 -3.655811384692702302e-03 -3.074296785012886092e-03 -1.495909381348065233e-03 1.792096304049076898e-03
1.028754727933781421e+00 -1.062898799231028757e-01 -1.318540422966347006e-02 -3.437622492986816720e-03 6.481044517182206824e-03 2.948684364480247660e-03
-4.900387481812054080e-01 3.058271339686587792e-02 -8.948370584045588563e-03 1.395105494152218493e-03 4.298990594205594272e-04 -2.042603725772830763e-03
1.518761545761986520e+00 -1.272015398450263846e-01 1.181735655073757989e-02 -5.749459633372544683e-03 -1.965165874428795052e-03 -8.158343762770091801e-05
-8.124199169429628942e-01 -2.306176009182222264e-01 -3.150398648827532760e-02 -1.768165536826564899e-03 -1.820995171764554785e-03 2.523027890425431474e-03
-1.970760898379404769e-02 2.963091839949179573e-01 4.787807906293113300e-03 -3.364421041808245594e-04 -1.767298595234203010e-04 4.488393642942239622e-03
-2.698107430808008647e-02 6.705170207041688535e-02 -1.779842655790946429e-02 4.297554371932322051e-03 1.086144815669410311e-03 -2.181929146764636333e-05
-5.501475512324639494e-01 9.899758148046326756e-02 2.025345543393824034e-04 -1.730528528162801746e-03 -3.064847076536010052e-03 1.068648969340289193e-03
1.782531430069897338e+00 1.785983680677026009e-01 -1.632935060468613912e-03 2.934376082579405812e-03 -3.791180997229450281e-04 -4.174930962531836660e-03
-3.011356197966847947e-01 4.022440710424170229e-02 -1.382175902634750000e-02 6.270111954586389839e-04 -9.055066295544082116e-04 -2.331771438797297928e-04
-4.723285000817593060e-01 1.590597605308200491e-01 5.643555021134052593e-03 4.252062612661162283e-03 1.565289240709767096e-03 4.658910151840510807e-04
-7.146923829158875474e-01 -5.519495117204709089e-02 -1.248713051787838507e-02 -3.258889705073263286e-03 -6.558309206795568313e-04 -2.245540200051696859e-04
2.618154185321657224e-01 -6.292355579563245482e-02 -2.566519876910990094e-02 -2.231196670145074376e-03 -2.266004216473215503e-03 1.123350311523281519e-03
9.349572770283841594e-01 7.674696033594394576e-03 -1.412888614480437531e-02 -3.687819937440532485e-03 -1.638116743413354321e-03 -1.146910867813058510e-03
8.452416547354719631e-03 2.257885868022211084e-01 -3.989124862484254297e-03 2.035430193418447022e-03 -3.872036093666060834e-04 2.343803040486059155e-03
-1.425882295406579514e+00 -2.451935848369869164e-01 -1.578386648242218263e-02 3.039753524489706730e-04 -3.537550911829124341e-04 -9.410821383120346632e-04
-9.397782614646971178e-01 -3.008074787336719735e-01 -3.487745438577666973e-02 -4.972799599027764861e-03 -1.209978411694482170e-04 2.994962914165124994e-03
1.724517380230397467e+00 1.018179670932246456e-01 -3.060023094089995167e-03 1.018903487384730053e-03 2.101546514282124842e-03 -2.596163955078162680e-03
3.795712876643558276e-01 2.009807523519407946e-01 -1.300941993883169938e-02 1.476745116734356784e-03 -1.395928114634585300e-03 8.221705163785106947e-04
-9.891477135015513955e-01 1.170822163722935738e-01 2.097037221262677137e-02 -3.230412104385021674e-04 5.362343841807601375e-04 8.436281717142734638e-04
2.366934527143015110e+00 -4.546426696150099485e-03 3.840130263149623552e-02 -1.428897977649314088e-03 -2.926273059791698571e-03 -5.390499837634092281e-03
-1.554440161695727518e+00 6.682570749836710955e-02 4.624439915912614829e-02 -8.696687075802445955e-04 -7.039643958336903266e-04 1.242922716465367323e-03
-1.472185688079239885e+00 -5.092584896927215832e-02 1.643113179828781245e-02 8.448445824091559272e-04 -9.344490092101958223e-04 -1.663701111468173736e-03
8.122954064200119673e-01 3.404198320975170000e-02 -1.630434318630008192e-02 4.659181029542834411e-03 -1.329619142950953521e-04 -2.665986028733616144e-03
-1.329995039864793727e+00 -1.344787074517092007e-01 -4.024309340696183290e-03 2.393780641831454766e-04 2.829188387104429950e-03 -4.717906535300981827e-04
1.720062762353577135e+00 -5.635272140304000560e-02 7.476873525543354694e-03 -1.696240087890085518e-03 3.016498522623148153e-03 5.560272663962551607e-04
-1.046419254403235799e+00 -2.308015832035618942e-02 1.522469137273523097e-03 -2.400908908387858632e-03 -3.483953663371596940e-03 -3.226600396673046014e-04
-1.115608938030447694e+00 1.513838139890323620e-01 3.407192044516946239e-02 -1.726900348095134928e-03 6.607454402305939665e-04 2.009456376681873369e-03
-1.174930369716873146e+00 -1.748283032045125363e-02 5.848902923737374360e-03 -8.252438818003710302e-04 -4.080232717400355744e-03 4.764322924564236023e-04
-9.243019130320295762e-01 -2.658389479988237936e-01 -3.223936399468606967e-02 3.137014453893996642e-03 3.896863817363233062e-03 3.673621409921701362e-03
-2.025002290460058862e+00 -1.853920456173657194e-01 2.430789048742673653e-02 8.641345800787891655e-04 -1.694776823784224006e-05 -2.660461226268892327e-03
2.863477586916990170e+00 -1.143336820574279988e-01 6.364828039263963066e-02 1.237474782126340989e-02 -2.457720653758039935e-03 4.570650480561836007e-05
-5.040534076176074185e-01 9.209410822136335217e-02 -2.602196462517475471e-03 4.110326294120227389e-03 1.417943051617170241e-03 2.619750313408898560e-04
5.858687116455696398e-01 -1.531638114375223625e-02 -1.206766398116603141e-02 -2.045065218667411696e-04 5.780253663462415169e-03 -2.430385622080864869e-03
-9.278585646250102348e-02 -4.915194146677918929e-02 -2.087624901563853511e-02 -9.563677309387207505e-04 -5.772516529332413944e-03 -1.080620347372660385e-03
-2.802761615226274095e-01 -1.650798468194698276e-01 -3.148652302253730079e-02 -5.635521610138109413e-03 1.553068033869900704e-03 2.501132175307876383e-03
-5.031430135014463012e-01 7.296452670432199139e-02 -1.811964170233242976e-03 -1.574392981552312715e-03 5.967248861172588618e-04 -4.638061570891751479e-04
2.431351431908073124e+00 -3.673855503327218622e-03 2.852730500822897933e-02 -9.977943596921291444e-03 2.623472835426788252e-04 -1.025541954663254304e-03
1.507744995526109077e+00 6.362204113454589249e-02 -9.175479082653361859e-03 -4.100640685417289563e-04 -1.808784042515598376e-03 -2.370756308694800963e-03
-1.079354353111919185e+00 -1.491999519162874599e-01 -1.476463453438763875e-02 6.846037046213160381e-04 6.676545811320748090e-04 5.993875793821769457e-04
1.943815640074353923e-01 8.140193118331050248e-02 -1.842348983090931133e-02 -4.805992007874747111e-03 -3.634850779271218968e-03 3.679726428271614487e-04
-5.083694065957773400e-01 8.141122653273218102e-02 -5.397317461086325804e-03 4.041341079796787611e-03 -1.885704738187579622e-03 1.177182404838072278e-03
-5.273139965549038521e-01 -1.784324480652976497e-01 -2.524116489890118609e-02 -1.894696783679364858e-03 4.508630460473411242e-06 -3.723877186048352617e-04
-1.923068959668380096e+00 -8.578214699304489987e-02 3.639706265096145921e-02 -2.367623714228792552e-03 -8.353929927544083162e-04 -1.999734045569143918e-03
1.964028958289968652e-01 2.672710551838615722e-01 -3.071929956670475630e-03 -2.487106024973367770e-03 -9.824235288363883725e-04 2.762474084744992280e-03
-8.459153474979917986e-01 1.529593512451921655e-01 2.075135454720507949e-02 4.210376546052607694e-03 1.406087097582145581e-03 1.438566331973917386e-03
-6.052978711148236934e-01 -6.062313250066312525e-02 -1.779836761163621286e-02 -9.521195683719324955e-04 4.837348630086024150e-03 9.079081338611523283e-04
1.393004715597896848e+00 -1.505205992364735124e-01 -7.927874574258534507e-03 1.513078771115225008e-03 -2.394359751426947559e-03 4.677863518279018647e-03
3.473962325283643238e-01 -2.707783734714904605e-02 -2.545091782437399613e-02 -7.778195451799943712e-04 3.917075022303540856e-03 1.471885589249143870e-03
1.308121618230190686e+00 1.023706502690781978e-01 -5.403865196502676861e-03 -3.903272066395259681e-03 7.359994211372067980e-04 -5.944494415629573113e-03
-7.298627878835430849e-01 -1.093405071652645416e-01 -1.844404049978898980e-02 5.159186907130284584e-03 -4.954695891230549709e-03 -1.486190767839207661e-03
1.841947591245078619e-01 -2.213268729120298761e-01 -2.875224672106516111e-02 -3.921449930246589423e-03 4.679933740059519579e-04 4.214770250017044022e-03
-1.529637242174951783e+00 -1.688309801913397412e-01 -7.592289293435339073e-04 -3.502940566083447113e-04 -2.348633857218709788e-03 -1.032081608417545092e-03
2.381122412019433199e+00 -1.550826280859101680e-01 5.228727184163889374e-02 -8.834295563199432225e-03 -1.046856502565658015e-03 1.123058583922975423e-03
-5.710643219208354493e-01 3.010952438505430998e-02 -7.466002238789493616e-03 3.104731928816069093e-03 5.279698979932849479e-03 9.752367357224718623e-04
1.348588250686255430e+00 7.860952551730009119e-02 -4.212947142220369035e-03 -1.331939774796903368e-03 -2.440904439128459107e-03 -4.035970369849505891e-03
-3.828982463473736275e-01 -1.679441699036319721e-02 -1.849522000806557570e-02 8.609121601350225111e-05 -6.306797452991811000e-03 1.467150872268107426e-04
-7.224312587598159530e-01 1.638707499758751060e-02 -4.966529581108455535e-03 7.079915036294480869e-04 -1.700341289629074592e-03 -2.369984198242964309e-04
-1.271531699821357497e+00 1.321505411812139985e-01 4.346954050943149100e-02 5.014738708459898307e-04 6.404166266371809357e-04 2.213897576542293334e-03
-1.144800889295340296e+00 -8.036415047339398599e-02 -3.541706278329207706e-03 4.491316126296692260e-03 -1.654273947586592033e-03 -1.708030390202186456e-03
-9.923691562531266053e-01 1.499011957784196769e-01 2.843004675636647688e-02 1.831389373418984860e-03 2.307465922761234474e-03 1.364467024679466003e-03
3.428914058418748301e+00 -1.943673609243135036e-01 1.253085205690090687e-01 -4.752533829172286145e-03 -3.679475476274727316e-03 1.390130913184087214e-03
-2.269050431040700477e+00 -1.494318086406322688e-01 5.025748711698747873e-02 -2.752729292077430150e-03 1.524663898694090603e-03 -3.762318776188808712e-03
-2.218180221114099293e+00 3.968022913256284701e-02 1.128486040276791280e-01 -3.247126998103424481e-03 4.638848141513625574e-03 -2.719053402966508607e-03
-6.021324774337614150e-01 -2.692976477714289010e-02 -1.391673663172601771e-02 5.707288720450000687e-04 -6.136454931465819794e-03 3.163644946453075921e-04
-2.153413062088932683e+00 -1.205971081452973381e-01 4.440521343884275968e-02 -1.719046363828447086e-03 -1.257214089446560172e-03 -3.026680416678674546e-03
-3.148100411336027249e-01 1.645019312729012750e-01 8.391313496696539221e-04 -3.035746191909954373e-04 3.392187527854384401e-03 1.287683606599202045e-03
1.520423111252819259e+00 -1.879493472524338127e-01 -3.830785020503238067e-04 4.956193653502813726e-04 -3.728671662744017460e-03 5.688425565747843964e-03
-1.660726133553710016e+00 -1.525461729138340716e-01 7.323908979214613542e-03 1.121495216545624011e-03 -3.216014927172065798e-03 -2.361011352882276450e-03
4.690912064878932086e-01 -1.627690934470634176e-01 -2.002401524380563111e-02 1.608751710301393285e-03 -4.168642268348346329e-03 -1.015318685463016939e-03
-2.209897778697274620e-02 -5.001417916847730738e-02 -2.018451928642296667e-02 -1.643211374735688984e-03 2.377147279098238038e-03 -1.051268085066777574e-03
-1.155049398610501710e+00 5.165197901047528101e-02 1.676874354059007186e-02 -1.633152746267215035e-03 -3.338614682130714925e-03 1.647566087115726790e-03
8.431872643543949497e-01 -1.244160183347533394e-01 -1.539561417148265811e-02 6.641081233378244748e-03 7.192879573915320329e-04 -3.116675091952109079e-04
1.337056595690750527e+00 -1.388054295376348057e-01 6.839104397049372910e-03 -1.053636763007967901e-02 1.393795400540774349e-04 2.191443266651616441e-05
-1.333589018872488319e-01 4.399590735570572952e-02 -1.861308707766377857e-02 -7.627900454296998849e-04 -4.256601797946052597e-03 5.436948927583066821e-04
3.400079820060005198e-01 -3.901425620612865297e-02 -2.123708490854945424e-02 -2.224201774316931623e-03 4.393639737467464230e-03 2.781318815227450830e-04
1.501118195910930708e-01 3.186855190710985442e-02 -1.702681656635846030e-02 3.623414634057242623e-03 -4.484719698569251782e-03 -1.407315540902215941e-03
-2.240628060105865349e-01 1.743268242225425591e-01 -4.023752279627152394e-03 -2.297624545997756836e-03 -2.827761282054543600e-03 2.835429135041311888e-03
-4.367074663118519773e-01 1.457063752363914333e-01 9.213377875064059433e-04 1.288599520979493134e-03 -1.595245925494747155e-03 1.679836790046257237e-03
1.293948492312212151e-01 1.872700843017812145e-01 -6.729463596996562193e-03 2.772785249884955009e-03 2.526745169027423772e-05 -1.172455058603845255e-04
-8.258112484688169275e-01 -7.709627370395165380e-02 -1.403842407997391017e-02 3.352152317104840819e-03 5.492587856660483383e-04 -1.178612135663912501e-03
2.370347167595011406e+00 -1.696475595678214807e-02 2.666339441050090409e-02 -5.008991773073668413e-03 2.209463509123865948e-03 -1.102148293251477198e-03
-1.283714615748607235e+00 1.535704506365990520e-02 2.008754934067942879e-02 -8.326200959797017869e-04 6.273323491745745389e-04 1.190638128609380328e-04
2.364014436491356452e+00 -1.540942874184470512e-01 4.621612992212337234e-02 1.028685558610807453e-02 -2.290444174101919066e-03 6.609547979469403492e-04
1.242563626454109782e+00 1.119432466815116767e-01 -1.195523197982719006e-02 -3.764260547613234881e-03 3.125849006389636205e-03 -2.005306279149793227e-03
-1.197300870883733825e+00 -1.285132173812129908e-01 -8.671260418694202651e-03 3.268764654458933619e-03 1.754944292961960715e-03 -2.697300010331307556e-04
-1.181248788783203718e+00 -1.211815390754000799e-01 -5.421987547678577476e-03 -5.924145393433812457e-04 1.532745561786589324e-03 -1.266188626134694562e-03
-2.191420641001274455e-02 1.764976112787786933e-01 -8.669989686852409491e-03 9.875494509352811950e-04 -1.161940517343105182e-03 1.548201538518109797e-03
3.108411296004318647e-01 -2.073797431876360786e-01 -2.399217109761519334e-02 -2.365105673234664790e-03 -4.102577989436350173e-04 1.695096602061309330e-03
-1.567414668526821764e+00 -1.766346003913842888e-01 7.829236871200337617e-04 -1.008352715591321128e-03 1.690398946583539924e-03 -1.750767189175422584e-03
8.285167943712519190e-01 -1.117816129269374875e-01 -1.411716304130446707e-02 -9.531988652100881892e-03 4.063520205311956825e-03 4.656610029736015345e-04
-5.117739637838732147e-02 9.298544852313435360e-02 -1.086456251110520278e-02 -3.575770894546743787e-03 -4.315955737136609356e-03 3.486528609554353304e-04
-3.553030195365518007e-01 -1.352214865041928282e-01 -2.117844670583442571e-02 -3.168247719954151755e-03 -4.485748612539280163e-04 -2.009347425904658415e-05
2.534472782921226575e-01 2.472304535902834430e-02 -2.335411363433137141e-02 3.527927234838512850e-05 3.740018155282141214e-03 1.175522006893343126e-03
-9.175484833633309467e-01 -1.229220672712877521e-01 -1.456418101143540020e-02 -8.984293268648111102e-04 6.781641226927833223e-04 -2.228181847238396712e-03
-4.502214729695769302e-01 -1.265843109534616207e-01 -2.229462946917316890e-02 7.173071323820811793e-03 -5.156904909525540735e-04 -2.090620355931490943e-03
1.905901593302914865e+00 3.357681840386764205e-02 1.922206751751190726e-02 1.598393831158376969e-03 -3.683874370231135422e-03 -5.869091995696004704e-03
1.932112228059481129e+00 -1.799535780095298243e-01 2.223574411637947723e-02 1.457149891585297723e-02 -3.079023880299957237e-03 2.653335450890124004e-03
2.951564132061210710e+00 -4.738358860256766669e-02 5.615116407206557220e-02 -9.821538822042385000e-03 -1.538884608884628826e-03 5.173584356007194379e-04
5.345999622939479057e-01 3.042024772440454217e-01 -7.938601354217880712e-03 -3.652186580774273265e-03 -4.394081981438836436e-04 2.488031798229907009e-03
-1.223651688331672815e+00 -1.851932284711337029e-02 1.043611829444232413e-02 4.348122992938595333e-03 7.493998073331274191e-04 -1.248404660167550884e-03
5.048198733783119119e-01 2.774466279256263546e-01 -8.646044591304470964e-03 3.030692522844992323e-03 1.597088012991503036e-03 9.314623641514573407e-04
-1.041358971579233073e+00 1.888289876167808801e-01 3.711687505693151562e-02 -1.483212415707366779e-03 2.046229710990995349e-03 2.544273608452111285e-03
-1.830457028033149136e+00 -6.061490234122560855e-02 4.070012082385861263e-02 -1.522954159390209773e-03 5.237982404346949554e-04 -1.506882459416532130e-03
6.226981121769173955e-01 -1.590941695569945691e-01 -1.563002131174928352e-02 2.506103021347402555e-03 3.778831911595720208e-03 2.098863913356788062e-03
-3.115885448144070091e-01 6.833816401447083411e-02 -1.157075042270044700e-02 -1.969665855750507132e-03 -5.210649975334140198e-03 1.285457744725312934e-03
3.671011198145737731e-01 -4.890258641131273870e-02 -1.834419022010638431e-02 5.343878711442362310e-03 -1.795817892918461943e-03 -2.877843139399860733e-03
9.754738811737759807e-01 3.365507007329872347e-02 -1.067771096330893607e-02 2.780022932940588547e-03 -6.276238674724519484e-04 -3.427305649356358896e-03
1.808814963478114990e+00 -2.676981206740736141e-01 2.641555043542022016e-02 2.595127688061326255e-03 -2.088898846168005512e-03 6.376289174094979147e-03
-8.752773572218229825e-01 4.800482177404810646e-02 2.946087968927753147e-03 -1.620429818968604791e-03 -4.074491707938755758e-03 1.600851687045219251e-03
8.847794589883034577e-01 4.880858242833789606e-02 -1.694053905908865162e-02 1.005205753511553141e-02 2.598930750195483155e-03 -2.851771232229016739e-03
-8.723970857049112571e-01 6.661951013871707239e-02 6.682733448476946281e-03 -7.848943842506774567e-04 -3.207917532930571001e-03 2.068987312783032544e-03
2.250742286252592095e+00 1.997392470456629474e-02 1.459123640333140348e-02 1.637201149240972682e-03 -2.793043985314043725e-03 -3.147788311119229659e-03
2.998321355454492299e+00 -2.383167764678464640e-01 1.027888985573705144e-01 3.746461502348155670e-03 -9.718105179103410591e-04 3.518049796111077758e-03
-5.087775261752697231e-01 8.709526941188905358e-02 -1.232561621096672213e-03 4.646701675481449897e-03 1.247615274840666814e-03 -8.752535024988763752e-04
1.033933332524887616e+00 -7.261402819095559569e-02 -2.039026668523918548e-02 8.194516530819186129e-03 -1.087090826249758474e-03 1.644016468957734721e-03
-6.087076419308552477e-01 2.692497194365952029e-01 2.722283090557671772e-02 -1.113923491710049800e-03 1.753952438710526703e-03 4.054102512384536242e-03
-5.684915169569216831e-01 1.303471852979857237e-01 5.403654081797725633e-03 3.467849991156490928e-03 9.027834617847514892e-04 3.034879088243916281e-04
-1.070122246747940542e+00 4.270187011037145097e-02 1.414383093805185281e-02 3.139088139440851175e-03 2.754642256935700435e-03 -5.284192142099437524e-04
-1.097843522858081622e+00 -8.227397061878352277e-03 3.724231180712624274e-03 -3.298895739768035497e-03 -5.042792956961752830e-03 8.694369616238120614e-04
8.416709357851215323e-02 -2.696042652513098645e-02 -2.584445383853808259e-02 3.785097227248116446e-03 -2.377187768617827649e-04 -7.951942231718136470e-04
-1.290379193132660918e+00 1.005003173588773779e-01 3.789409399717896809e-02 1.144714470876784197e-03 4.165557923778736004e-05 1.629382358142063064e-03
-8.788257732727381422e-01 -8.288059129094281496e-02 -1.008814664817744323e-02 1.902746579116451489e-03 -1.579874790865711670e-03 -1.595743504347469765e-03
1.179589770969106555e+00 -1.014662406902713532e-01 -2.371145108046639194e-03 -1.242751412540789822e-02 1.659522502694040771e-03 -7.110929029961946110e-04
-1.879163220869249917e+00 -2.916903607328056799e-02 4.791079856814960819e-02 -3.216317215585304929e-04 -1.254506657234917165e-03 -7.603793059455564787e-04
1.518244172244302526e+00 -8.222844071982166048e-02 -2.555949318318817228e-04 -9.279123392748013163e-03 -2.820574969681174504e-03 9.100638707359367131e-04
-6.412204300797755829e-01 -2.445548800455813743e-01 -2.973620185513495620e-02 -5.586615812328459343e-03 1.765423747752603014e-03 1.732978697167751516e-03
9.181055341488292276e-01 -1.435700510117277062e-01 -1.336965558950608222e-02 7.963374121049230162e-03 3.147039458418112709e-05 3.722213239180732982e-07
5.725414685279185401e-01 4.005435579328373713e-02 -1.279982973095910616e-02 2.186639108037300664e-03 -6.313619853505951594e-04 -3.633325486432451793e-03
-8.489765655685869161e-01 -2.389452645161228850e-01 -3.026705210247994729e-02 -1.632171306760103399e-03 -3.980542255157016283e-03 1.971204151693525201e-03
6.716400266340192271e-01 1.594909404273527620e-01 -1.552954604021275498e-02 -5.703412699331406738e-03 -1.722323471374421046e-03 -5.433559686857786491e-04
-2.628300260597155602e-01 -9.077379412608425902e-02 -2.246762708609822273e-02 -1.267370668181105149e-03 -2.266296829085252817e-03 -7.122106674838659085e-05
-2.359893612381720907e+00 -1.659931042835097459e-01 5.550789136471095259e-02 -1.498740395997296944e-03 1.143028307767819836e-03 -4.247456860593460358e-03
-2.928929969022396884e-01 -1.385917884868205774e-01 -3.440488124639327905e-02 -2.596535525062393813e-03 3.702411141192231588e-03 4.038760658854046587e-03
-8.147445304283733591e-01 -1.356055081008350760e-01 -2.206651466375375917e-02 -2.142334665786910057e-03 -4.118348668928321563e-03 1.038650878295561183e-03
-2.950287490204835938e-01 -6.093221730721675583e-02 -2.159016071286090979e-02 9.069544306788499682e-04 -7.376677624469605253e-03 -5.184086310880357124e-04
1.200390795099491204e+00 -2.288321543571928199e-02 -8.796907973074488685e-03 -7.151678356552830951e-04 5.478475698510587924e-03 -4.572536386466721347e-04
9.662441002073937288e-03 -1.160685335877887359e-01 -2.550435936560642436e-02 2.077201326599068410e-03 -2.636829453003745882e-03 -1.119925079688442824e-03
-3.695177601053613592e-01 -1.680744350879901927e-01 -2.780762361998463661e-02 -3.358303411043181246e-03 1.128472981325346442e-03 1.885490910189577219e-03
-8.692387989193525177e-01 8.769016414509782364e-02 8.904621636419649336e-03 -2.810619447677534678e-03 -4.234522376114330765e-03 2.513837026097303674e-03
9.869878969330172502e-01 -7.457495724973357831e-02 -5.414495712393280723e-03 -8.726437510873324629e-03 4.433465994236635010e-03 -1.138567545821382717e-03
3.675171244308389484e-01 -8.388179568764772553e-02 -2.845900004474851905e-02 1.010943978803103237e-02 8.012168783426500823e-03 3.264385114750154547e-03
1.621354941324695043e+00 -2.962366450458915265e-02 -4.652882033944055577e-03 -6.952022386684107887e-03 3.981464203781121848e-03 1.629526231103083783e-03
-1.042372214725396651e+00 5.650057387934125791e-02 1.557569872864545193e-02 7.458345142480036789e-04 3.717617215633416388e-03 5.472254970205100413e-05
5.319280089967839409e-01 5.085901950043697495e-02 -1.376202454674196711e-02 3.264282554109455663e-03 8.981074553343051849e-04 -3.489082032881054771e-03
5.676517826172069459e-01 -1.774882591623603290e-01 -1.533003296314457316e-02 -8.110911767117298665e-03 4.342887238596261699e-04 1.307634199461338081e-03
-1.420853406708526778e+00 -9.694056814555296331e-02 7.786203716834506905e-03 3.396802450694894580e-03 3.372860709001936248e-03 -8.950466261602173538e-04
1.412996350757287356e+00 2.260479466104038382e-01 -1.205817888698902489e-02 9.581138061141024646e-04 -1.075899110115053747e-03 -1.621753289180652381e-03
2.899958061756657268e-01 -4.975810322120672799e-03 -1.675283234505512212e-02 -5.912053503923374830e-03 -5.259773381823809255e-03 -1.674997764567010298e-03
1.422130807920623408e+00 1.974893250858531304e-02 -1.126867865458129440e-02 3.587181275891959502e-03 2.939715923717576250e-03 -8.939297801187492346e-04
1.194873336810521547e+00 -2.418867663725919048e-01 2.919737332267847724e-03 -3.834645599962918563e-03 -1.779496509858961894e-03 4.556931129152038198e-03
-1.096969917665877814e+00 1.513805295760062286e-01 3.467172184021271447e-02 1.955653803267040462e-03 2.083711624054530951e-03 1.556962363670152645e-03
-7.674622677970317497e-01 9.525395497768003594e-02 6.249870082075142941e-03 -1.375969195308655640e-03 -2.919987834278951668e-03 1.760125573026498401e-03
8.419604224739889453e-01 1.550002441103023043e-01 -1.581342498998201604e-02 -2.272191466215100174e-03 -3.290489835759069764e-03 -1.196586120955879778e-03
-2.180456848978767348e-01 1.192338063429915912e-01 -7.219491065717550948e-03 2.097002267464734976e-03 -2.130327186692598448e-03 3.950805031755519163e-04
3.329696811333151540e-01 3.137732562130646913e-02 -1.389266020424656349e-02 -1.708314463116202995e-03 4.661875905942936341e-03 -1.265162547941003348e-03
-7.086375139246213761e-01 -1.080516340893280386e-01 -1.759062158765126865e-02 -4.064587225722759642e-03 3.711260236890717192e-03 1.076072456154287946e-04
-9.304647200793043638e-01 -9.927249401832803632e-02 -1.173852694564744663e-02 2.333462648144772784e-03 -7.870767125892013478e-04 -1.150773306655658882e-03
2.220015938180609771e-01 -3.644710362833077089e-02 -2.145978278806311840e-02 2.153051591995009881e-03 3.261377792581064347e-03 -1.310291304249251330e-03
3.741799515029175516e-01 -1.434219102165908422e-01 -2.803057471987768431e-02 3.911971566134266401e-03 -5.077378947559394243e-03 2.035680091436506151e-03
2.651653684557255808e-01 -5.833533217791948833e-02 -1.965293302844965673e-02 2.256289315409421969e-03 -5.720370037712901173e-03 -2.019495072108097762e-03
-6.608370701172319173e-01 9.834911703083625001e-02 5.165586380222716816e-03 1.936946099997450144e-03 1.445347428291396527e-03 5.273538148817578193e-05
-8.197047737815991164e-01 8.420862250507192559e-03 -2.417325808260394494e-03 -2.433690099844053670e-03 -1.420034864311367625e-03 -1.208579279409673502e-04
4.163578165387564201e-01 2.347237837286526851e-01 -1.017629996713832925e-02 -4.151327967081849292e-03 -2.070871765502148819e-03 1.688059589183260557e-03
-4.889769379212748346e-01 -1.127666169395091650e-01 -2.674666835183536415e-02 -3.473950884105425543e-03 3.535766483439059700e-03 2.095951710140571758e-03
5.737269756119027786e-01 2.110182540038123278e-01 -1.343225077073423486e-02 -1.129884749700500518e-03 -9.705844907901784932e-04 -1.246607097422455004e-06
-4.181556705471145552e-01 -9.082700004432860130e-02 -1.788429291082504341e-02 -2.662517436424310848e-03 3.675166910281085862e-03 -5.601789794936776158e-04
7.690593759363787418e-01 1.853403689612485861e-01 -1.579433364112264523e-02 3.117477669080115539e-03 1.147834131680530549e-03 -1.569981136855689565e-03
-5.937252835760017389e-01 -6.810754444394101492e-02 -1.640696975305155556e-02 -1.970924921718084002e-03 -6.775293947721691863e-03 -3.935571366095772742e-04
-1.712682989179620918e+00 -1.265267938608455878e-01 1.780907181977012602e-02 -2.548966122201860342e-03 1.374715641990271586e-03 -1.359503919089426281e-03
7.595878510847408061e-01 -1.136430401865575063e-01 -1.749875982364986621e-02 3.219705839592120443e-03 3.875185049502002932e-03 2.114836953144829269e-03
-9.126544880534104287e-02 -2.594579931744884355e-02 -1.467716314578925048e-02 -4.717243814383321500e-03 4.576477438502476319e-03 -1.111106973622461025e-03
9.423465234887316022e-01 -1.412987507139858157e-01 -2.198090162302469841e-02 5.209263717151324871e-03 1.273442594016321655e-03 4.744211604356419858e-03
-5.126479393832392706e-01 9.244428790690151221e-02 -3.327762444439795898e-03 -1.964907359214183684e-03 -4.312402173244312027e-03 1.975037489364267658e-03
-2.743965414743079756e-01 -2.035779758914944004e-01 -3.624416661150866442e-02 -4.598621348159383053e-03 -1.147635802502196571e-03 4.068160374788563384e-03
3.943058690920694942e-02 2.062772546759579495e-02 -1.456020029538240140e-02 -1.676348123312812032e-03 -3.434981433872240798e-03 -2.017727883651093245e-03
-5.757301060014755612e-01 5.082969019596233345e-02 -6.147074274066922570e-03 -2.669406694104147892e-03 -5.467866838615663937e-03 1.517669015887881208e-03
6.516106538181657415e-01 -2.949684351985553538e-02 -1.671231365284065948e-02 -7.277684602714285141e-03 5.047348126589575740e-03 -5.802235417427301480e-04
8.390863831966954844e-01 1.723194419748566575e-02 -2.171306880367515971e-02 -1.071774120351464202e-03 2.078889380827874007e-03 -2.837997707611601347e-04
1.046156821883544197e+00 1.282912023001116508e-01 -1.595433349915255719e-02 2.141063851908138124e-03 2.003002024444031255e-03 -2.382180937352501408e-03
9.004499463921681324e-01 2.514691937266285149e-01 -1.315446064493753196e-02 -1.265153590976452651e-03 -1.078738495555423178e-03 1.499646277329682426e-04
-1.319116346529893014e-01 -5.996733272592283392e-02 -2.321744333491319520e-02 3.698063876966170820e-03 -5.419930672566269057e-03 -9.123396285708611263e-04
1.673395459982920386e-01 2.107914507110925095e-01 -5.669480338104528061e-03 -1.096780306412283024e-03 -1.134941216001562978e-03 9.724969712794017361e-04
6.520512303967800349e-01 -2.659065451188280874e-02 -1.197203134904591994e-02 -5.048738270321674430e-03 -3.347428844710482825e-04 -1.660936611073215259e-03
6.597212697780523438e-01 6.801160026932030755e-02 -1.698163047575334053e-02 3.026070088546201249e-03 3.182406359024785849e-04 -2.143587113050489726e-03
-3.125591869151117530e-01 -1.188470846835974343e-01 -3.109186355901786061e-02 5.879287181278531216e-04 2.374688347071191030e-03 2.333996977462901058e-03
-8.610405475991560476e-01 1.679981090269005300e-02 -1.268189086770401110e-04 1.296140480539521899e-03 -3.520364991099222875e-03 -8.697862261942045038e-05
1.972656634334913228e+00 8.413181667903939231e-02 7.361308062047947944e-03 9.700916430733973412e-04 4.899930724673175891e-03 -5.002905611046406381e-03
-1.651052332895236230e+00 -1.138144636359883638e-01 1.827961917238796544e-02 7.453319346954249101e-04 2.611439206885691425e-03 -1.105280359415061666e-03
-1.412080990802643932e+00 5.478020012946456518e-02 3.467052851822166604e-02 -1.436373460205797852e-03 -2.254147675362023866e-03 1.784820634063943173e-03
2.306941288128867118e+00 -1.432841293058094712e-01 4.688131540387105445e-02 -6.354231760641235877e-03 -2.029105590948310917e-03 -4.803432258383154340e-04
1.768062765453634055e+00 1.428334819219282958e-01 -3.591606802137423116e-03 -2.071884744922879423e-03 1.076960413716070153e-03 -2.564126323214292041e-03
-5.718624657721297355e-01 -1.552808933574890138e-01 -2.707023796247830238e-02 4.381207501628242226e-03 1.346074755267096966e-03 -5.741674235029839771e-04
2.045044876975523618e+00 -1.828226930532526884e-01 3.468391939637407995e-02 -5.763753811171274180e-03 -3.592400474935958550e-03 2.408609950710710167e-03
-2.162889533848695867e-01 4.518040127337073081e-02 -1.101685631427234101e-02 -2.458524220053139031e-03 -1.111494393126428309e-03 -1.269825042982241931e-03
-1.251920772938326598e+00 8.719498289763823184e-02 2.957812622200896996e-02 8.504904873482507007e-04 -2.983332031229676828e-04 9.466612149752931093e-04
1.549669220369802147e+00 -1.464050917279256236e-01 9.525620923586839220e-03 -6.355348726772201695e-03 1.824512220328558271e-03 2.386141840708423494e-03
-8.915229839784960530e-02 8.611534464855198634e-02 -1.307247653936956938e-02 9.380357699937840789e-05 3.825940975526333221e-03 1.968419319284833117e-04
-6.746415771288450935e-01 -4.574118837998159687e-02 -9.666138430902637690e-03 1.788571632485503075e-03 1.027310802961222715e-03 -2.111482227227875434e-03
-3.174238667445753448e-01 2.629039350251524132e-01 1.325016404664523806e-02 4.840006762075925662e-05 2.786862634030572161e-03 2.806988389404147660e-03
-7.598029969450993404e-01 -1.903975799576777123e-02 -8.805437679391214453e-03 6.324706130383278210e-03 -3.554589420028844531e-03 -2.309655576417623786e-04
-1.482934076280115532e+00 -9.168462689846004765e-02 1.079914262311880424e-02 -3.587035554946829078e-03 7.690363967218415359e-04 -1.549881324179974229e-03
-6.480826943363744430e-01 2.853480629666509394e-01 3.220097351231641924e-02 -9.440406738861938573e-04 2.018422073492804041e-03 4.581709018435447395e-03
3.342150988104970910e+00 -2.468647003105416404e-01 1.221375727000031108e-01 6.357944861321423828e-03 -1.830795933106518780e-03 5.706070202773593641e-03
-3.693438379097853663e-01 -3.985114735280623210e-02 -1.825128519768592222e-02 4.299938511173943996e-03 2.528469148141071553e-04 -2.978744561319905237e-04
-6.174820361710223748e-01 -2.336959742091968689e-02 -1.372086682877447783e-02 3.424628384218472883e-03 -3.223967705853031488e-05 5.178742315170949736e-05
1.598105134003081851e+00 -1.512873564898547796e-01 1.867235739988382798e-02 -9.180410148588143485e-03 3.401870431667938354e-03 6.658737930873951131e-04
-3.321885859939565089e-01 2.799981444271947787e-03 -1.863265147282259712e-02 -4.571225452144586144e-04 -2.778507272357976388e-03 5.330525950196529118e-04
1.334723677864552149e+00 6.288285381326119694e-02 -1.192023484474059522e-02 -3.593496208722482175e-04 7.220170243629911964e-03 -3.532032494337827779e-04
1.261691322005819016e+00 2.973543393139345126e-01 -1.258014160570665625e-02 -5.110073379116011720e-03 -7.317090253342763270e-04 -4.846090410471105294e-05
-1.697901528865818799e+00 -1.657203576724086413e-01 8.381239317466225580e-03 2.795320472296882169e-03 -2.726352314555098089e-05 -1.909630709177149131e-03
-4.545204001079669043e-01 2.579899052268145448e-02 -1.381958649817884022e-02 6.777859726294005634e-03 -3.864795954879078448e-03 5.876183310574031003e-04
1.251861235980815446e+00 -2.304969772064534989e-02 -1.667631369620424867e-02 -5.059143383554007452e-03 -1.259254613297970367e-03 1.651113452994178036e-03
2.040599800799454133e-01 -5.475436683269680610e-02 -3.044750804182457665e-02 4.708145039740816600e-04 -1.428152144158678291e-03 1.866878101760485222e-03
-9.965332808635762873e-01 -1.991602116113739274e-01 -2.206761150470574681e-02 2.738644945979754747e-03 -2.284986796764042032e-03 -1.923956705726687045e-03
1.002638612573619747e+00 -1.812122125238785630e-01 -7.528949640531123859e-03 -1.462113183991653421e-03 -9.701996345043742117e-04 2.588584753922896445e-03
1.177901827080941377e+00 -6.632010491694367328e-03 -1.557515983431832264e-02 6.594286568595149681e-03 1.154158467664077566e-03 -1.284543161830131730e-03
8.000011021861739291e-01 2.156041895129058861e-01 -1.524407550756010088e-02 8.217595043740014713e-04 2.915144022072797304e-03 -2.339726872677806192e-03
5.548138163039277870e-01 8.459477686493012405e-02 -1.769044424012633510e-02 1.024071149594943083e-03 6.060736100046702421e-03 -1.737024201632238456e-03
2.031147326716473689e-01 -1.232468983923000749e-01 -2.330500822283335105e-02 -5.809066191334219184e-03 5.055480639376629982e-03 1.230375617073098046e-03
4.128740232375558983e-01 -5.039395047138758160e-02 -1.514969713119445303e-02 4.221070631232352356e-03 -1.167774321884538667e-03 -3.651777885843707563e-03
-4.037526555341747203e-02 1.508981838803973852e-01 -9.396763812436009777e-03 -2.112694834062332685e-03 -3.437112051290350419e-03 1.687763398231255157e-03
-6.386781249534957405e-01 1.907366710365094101e-02 -7.070879799847116891e-03 3.443520761101062644e-03 1.749700323174224227e-03 -3.188113072208511429e-04
5.331243046830557164e-01 1.408421137479584466e-02 -2.203555654570594352e-02 9.174417990937513284e-03 4.955833546089841732e-04 -1.998108281441125789e-03
-1.949943262718576431e+00 6.690202861361527198e-02 8.435395847661347757e-02 -2.137753188046456927e-03 3.301983959140063467e-03 -6.868131885373646335e-04
1.260168921023764765e+00 2.604687278656361848e-01 -1.352827009020195724e-02 -2.985345919210808958e-03 -9.676203042584529410e-04 -9.009474520377652165e-04
6.117431159202201263e-01 -1.442370506052600143e-01 -2.299813956922286060e-02 -2.532928671131091502e-03 -9.912697326632891135e-04 1.615197062607354054e-03
1.062161022922863296e+00 6.520432172000602267e-02 -3.248124819546260086e-03 -4.373870276440408947e-03 -2.170363289038889851e-03 -4.029239930389063966e-03
-6.033426268546315807e-01 -6.268239458276731770e-03 -9.734082888106874304e-03 2.254426205833008102e-03 -4.359030344012984506e-04 -8.774313509973351690e-04
-2.318675451556365119e-01 -5.081026828176547078e-02 -2.618100282465930448e-02 2.107300942806794759e-03 -3.682147977408726201e-03 1.390693201979440255e-03
-3.377387523266913716e-01 -1.465096504831096824e-01 -3.128370249508283935e-02 1.418981780356456252e-03 5.143298226776880184e-04 2.642593274028633057e-03
-2.940391089868806818e-01 8.395416605794656095e-02 -8.667118234282714453e-03 -2.569501782785493186e-03 -4.139284762387709406e-03 8.393392236069496153e-04
-1.021902076350242439e+00 -6.891708496933424133e-02 -6.688169062341176377e-03 -2.011995430723510553e-04 -2.258851998828192553e-03 3.483351153810150904e-04
-3.888944480532695591e-01 3.307891211738973446e-03 -1.525697023804473487e-02 -1.176934870694053455e-03 2.931519414577183832e-03 2.764738908092408869e-04
4.930309333792588095e-02 2.002529224041883771e-01 -2.504806204646713250e-03 1.632436633323073368e-03 6.398557280111254967e-04 -2.508872633170777084e-04
1.515368901829476478e+00 1.335115047225784168e-01 -9.996918677544142789e-03 1.568059569246630855e-04 -7.274037742118056151e-04 -3.818777864274831586e-03
-1.042770845607317864e-01 -9.413377433216478518e-02 -2.179743779201449155e-02 6.086908850440790955e-03 -8.192139340139684405e-04 -2.259982975676521570e-03
-6.908651958470622967e-01 1.513157653885687515e-01 1.205680693881065399e-02 -1.586341645836576069e-03 -1.119232763310487253e-03 2.570946367800556239e-03
-2.987224300711168179e-01 -7.544849698769824642e-02 -2.663932157931678951e-02 1.636162934021672538e-03 1.858898062990983410e-03 2.116658297892274644e-03
-3.864032302460593260e-02 -4.544441672897710921e-02 -2.729055675420949054e-02 -2.065445295835613339e-03 2.749364781193884989e-03 1.965584561031604675e-03
-3.558587646365621859e-01 1.603689524983427095e-01 1.610763793087266948e-03 2.610222588936864270e-03 3.164616721896472591e-03 9.501609753599690299e-04
1.671729732753334252e+00 -1.698530010564379134e-01 7.527237668109882512e-03 9.787356324947142638e-03 2.311475119653354400e-03 4.672967005039379597e-03
1.421946623843128865e+00 -1.013724065941517122e-01 7.196221569877224444e-03 -1.164388078320885943e-02 2.711496452426545752e-03 -1.043341768408578016e-03
-1.004023176893478059e-01 3.075622127733498162e-02 -1.914668941682817760e-02 8.505585201067394257e-04 -1.531354993957830934e-03 3.920314169398732935e-04
-1.325973744950042610e+00 -4.209355195641767411e-02 1.169420757215476440e-02 9.359341232967578143e-04 -1.440675041668853520e-04 -5.610491660617844285e-04
-7.580699671318391619e-01 3.508059308013050659e-02 -2.686836264186713476e-03 -1.306983115984426875e-04 -3.530831888451243898e-03 9.209072318973320634e-04
-4.815845094289019634e-01 1.862160459317421801e-01 8.509350678886579492e-03 -8.828257251505193352e-04 -8.374185760308667072e-04 2.508827005090274922e-03
-1.049218807288707866e+00 1.008160693639936489e-01 2.194034154863080260e-02 1.022307177890648035e-03 -1.086035324499919725e-03 1.776522779713794829e-03
-1.020078540689773661e+00 9.301870030995947058e-02 1.904341240080554415e-02 1.743515592752905305e-03 9.113340642261248247e-04 4.734550057753852828e-04
-2.327223958985019658e-01 1.332592669001808894e-01 -5.187181930917847059e-03 -2.630906240264118626e-03 -1.677724133122295101e-03 1.165300013287641576e-03
1.549807499769805030e+00 -2.136800698585000768e-02 6.809694514189112979e-03 -7.229196352258453759e-04 3.296963339095570610e-03 -3.329130283867710611e-03
8.052576376693963978e-01 1.406757968378761214e-01 -1.255011790329126770e-02 4.854571552085771430e-03 -7.468886566930212729e-04 -2.634350103605059140e-03
-5.647454245674214945e-01 5.496227242228172993e-02 -4.181087378523804313e-03 -2.572129217024101203e-03 -4.208877822001019092e-03 7.062462437808196417e-04
-3.078678878302492650e-01 1.351334449022374984e-01 -4.284611293943148269e-03 -1.004476862768952008e-03 -1.174802985882577797e-03 1.115811784802718445e-03
-9.677454444955850832e-01 1.242868778026338765e-02 4.520621971221944722e-03 -1.334013462331528092e-03 2.483718993102777741e-03 5.918004321789141486e-04
-7.821586115196357825e-02 -1.136067242027856555e-01 -2.460456841307020678e-02 3.542329310886268429e-03 -4.569024392524389383e-03 -1.188332289192132107e-03
3.295146556219370471e-01 1.846615760596959366e-01 -9.374199710785119724e-03 2.513049267915345997e-03 -1.976527537666679629e-04 -6.135292328285722047e-04
-4.892866938989781089e-01 1.979408642323723100e-01 1.212320482267906056e-02 -3.317748590903583255e-04 3.198920395783756091e-03 1.552223679826550233e-03
3.111447358690850873e-01 -6.973405609477023592e-02 -1.993585894721406834e-02 7.822585567994878517e-03 -6.968516810355689355e-04 -2.713746919452468542e-03
1.083330856653617724e+00 -8.866894829545196588e-02 -8.817231732736456606e-03 8.573090762800635381e-03 5.094100521215364982e-03 1.954202392813537059e-04
-7.993674590931623691e-02 -4.491652336267786677e-02 -2.830401284710935481e-02 5.862905257704898072e-03 3.330880202383148473e-03 1.046102442157422797e-03
2.093337397249555032e-01 -1.005053790262917385e-01 -1.826583835323135341e-02 -2.685381976055921556e-03 1.312581877558487630e-03 -3.324642000820015111e-04
-1.294824692095093877e+00 -2.079005982169596645e-01 -1.645402372308418792e-02 -3.529251874639403614e-03 3.086066870160479418e-03 7.366588050949628716e-04
6.233188192961951479e-01 2.907573791470311475e-01 -8.857210222584342360e-03 -3.452528458487199876e-03 -8.993897729866406562e-05 1.395287916141949025e-03
3.115127597842958784e-01 1.893325582576522448e-01 -1.589054257158414862e-02 -3.377799760569803766e-04 -3.189512919557005010e-03 2.363273676529172463e-03
-8.388068610127433766e-01 9.945245459117148246e-02 1.193255033329935523e-02 -1.113802214197637816e-03 8.122330130270530562e-04 9.331272426075405690e-04
-1.062164704623614231e+00 1.801696026090387759e-01 3.921370724321623924e-02 7.999713000048470435e-04 3.020781710653075609e-03 1.990971023189367327e-03
1.417246131647856844e+00 1.236158856779691478e-01 -9.358238245203849906e-03 2.746628859189480937e-03 1.088864706645324655e-03 -4.115805941696604534e-03
-4.030423441336242751e-01 7.751553837163814575e-02 -6.517890602606824825e-03 2.904220358122760071e-03 4.249654450192710212e-04 -4.852592245364383623e-04
-1.302007957994616882e+00 -1.086961596090663812e-02 1.537055095863262832e-02 1.575084691367658251e-03 -9.484203021450377183e-06 -1.036123979870529456e-03
8.774327077620028836e-01 1.576668263168075346e-02 -1.475348758991333782e-02 -4.588770420926911210e-03 -6.644558240794906211e-04 -1.279667308463292410e-03
7.063925416619865061e-01 -1.098351348540916594e-01 -1.366835415390525547e-02 -1.452811087535818470e-03 3.823648229632113042e-03 7.074908859401542096e-04
-1.900954825408880611e+00 -1.912695377048618250e-01 1.486384446464840935e-02 -1.164264857606921166e-03 1.310887309145170997e-03 -2.289207744896189136e-03
8.359049920910061049e-02 1.332433955782808266e-01 -1.065263522499718118e-02 -1.986573633659701257e-03 4.034301922771241916e-03 -9.222644793087326825e-05
1.732059411341974609e-01 -5.885556473830989323e-03 -2.141478051903300886e-02 -6.008682406692108374e-03 3.319711721659767030e-03 1.050632328130058599e-04
-1.865056389788407376e+00 -1.351507272048983466e-01 2.642247549474874280e-02 7.603639911305406065e-04 2.874872488202338469e-03 -2.037629977940620413e-03
-9.767014866676817508e-01 -1.585481343497340337e-02 1.272857524417405619e-03 -2.200352105871277927e-03 -1.316604283833978321e-03 -6.748024741594015833e-04
1.002292192725977804e+00 -7.598927328026536254e-02 -1.784091504961741320e-02 -5.578003264980304840e-03 1.694411029205374931e-03 2.366042852217762997e-03
-4.812388715055252453e-01 -1.648344497017867061e-01 -2.881959332589604031e-02 2.860895540164341659e-03 -1.914773514969351706e-03 8.808283324986642933e-04
-1.256819365309749914e+00 -2.144185455450584310e-01 -1.743815986084427255e-02 -4.265827502035194480e-03 2.115715279705054474e-03 5.776551624534464991e-05
