5.012511345687963527e+00 3.149539275358478330e-01 1.383726988536718716e-01 -1.222211451779439337e-02 -6.598337088270918261e-04 3.259016637432723355e-03
3.414723377751804900e-01 -3.300379445414868829e-01 -6.281371071072984306e-03 1.990907710566264342e-03 -1.111903501804587273e-03 -1.997411226825267054e-03
8.386419999103288392e-01 -4.398725546493338460e-03 -2.843263919326127417e-02 9.530648096303438385e-03 3.711491775260348461e-03 -3.458091921080445798e-03
1.414373227909063724e+00 9.637980696353960763e-02 -1.622133400139865941e-02 -1.502763773575756462e-03 -2.453415282730812743e-03 -4.481372912805413680e-03
4.601022389087096598e-01 2.339074374090341357e-02 -3.819930544078665308e-02 5.449816079983509955e-03 2.897863164677464895e-03 -3.404504537012075036e-03
3.913210776930353241e+00 1.932474895650861946e-01 8.350822089300977136e-02 -2.665540371093056120e-03 3.167995774588663448e-03 -1.690921999553240702e-03
-2.448761229539107465e+00 1.454501620264226670e-02 5.490185016539825963e-02 4.020360202442788394e-04 8.527353091480188978e-04 1.165507477045041144e-03
-4.411397910924141352e-01 -1.238532586532266749e-01 -2.885487228319699379e-02 -7.084105714593145499e-05 -4.606160715128803165e-03 8.161339913041584706e-04
-1.251231977026314585e-02 -1.302702729242037616e-01 -1.427608903935026485e-02 5.442187523049822661e-04 7.581844835756209808e-03 -3.039750876482142424e-03
-3.409080185874177271e+00 2.606132061797793997e-01 2.192170470278557645e-03 2.586933396665019435e-03 -1.451594312240993539e-03 -2.916194579748778055e-03
-2.706495640128564695e+00 1.471839799490584459e-02 1.275123512729965658e-01 2.097768361060369392e-03 1.563461454144575175e-03 3.358441768834556553e-03
-1.840399767900362749e+00 -5.366863212655870186e-02 3.651843102921616818e-02 -1.674316453943098517e-03 2.241293447384117704e-03 2.153699851221874476e-03
2.058848596362538252e+00 1.896832395520441361e-01 2.358222644186185393e-03 -6.490766406624866834e-03 -6.460154626072110023e-03 1.619036766599497499e-04
2.795256294341543324e+00 9.984387520810070193e-02 3.723183167559375450e-02 4.848239698488230644e-03 -1.262016952107769497e-03 -4.983018964821982373e-03
-1.104359343884900646e+00 -3.984160308578084397e-02 -2.088823376561660741e-02 1.257995897782234005e-03 9.190359790700117085e-04 6.102851659400277936e-04
-2.627012885894869587e+00 -2.251134331751176651e-02 1.035138208037803265e-01 -9.803673454216945034e-04 3.690480892362872720e-03 -1.524565685696254683e-04
-4.046455964224410451e+00 2.005164840185928998e-01 1.582712464317516665e-01 -2.718162843559826430e-05 -2.912464203838726739e-03 -4.246130825385880173e-03
5.214133208159461574e-01 -9.227638831665947727e-02 -2.439638057106728597e-02 3.783247704262835548e-03 6.527592930400603378e-03 -3.391550828089525890e-03
-7.854613458548244109e-01 -8.328594678634661241e-02 -2.825670582362724281e-02 2.529033264969074869e-03 -1.647110694624103052e-03 3.389415143843201652e-05
2.938840612693013332e-01 7.135717079001818730e-02 -4.505577273121003784e-02 3.746779330989537422e-03 -6.962677312593157754e-04 -2.373229064886430567e-03
-3.250726879609830422e-01 -1.298514895276498271e-01 -2.847687664508016109e-02 -2.093935121427303436e-03 -2.692218513823805680e-03 -3.415265790719783714e-03
4.013756128589676564e+00 1.097587009223621318e-01 8.561644058331213669e-02 8.192251886711921990e-04 -2.439921347988395755e-03 -2.775575733717695502e-04
3.613732705475240170e+00 2.852096914263310343e-02 6.459488698142569485e-02 -3.556738496205499259e-03 -4.908906579363908184e-05 -3.041047112278934695e-03
-6.133441539837515277e-01 -2.991753111281901800e-01 2.772132159629927400e-02 -2.058877923108406310e-03 5.606745661039578763e-03 -8.110630743655300066e-04
6.589651460556383844e-01 -6.793110994819272219e-02 -2.575303940524686225e-02 6.052527118769030455e-03 5.022571992995743771e-03 -1.997653004208337947e-03
2.255812863766943899e+00 2.956442926332095711e-01 6.821766349354475845e-03 -1.405672547996080803e-02 9.832016619113880668e-03 -6.489363686989073647e-04
1.921782420005650194e-01 -2.996283992196523832e-02 -3.588822419396414665e-02 -2.654103391454070218e-03 1.424059023158788127e-03 -2.092291965128752120e-03
-1.941780935353489612e+00 1.747585697134617644e-01 -4.654429303271969548e-02 4.587109521713418799e-03 1.609244375372767067e-03 6.480084781627739633e-04
1.698710404105165939e+00 9.188612359635030258e-02 -1.149008960973748987e-02 3.919577337041044857e-03 -6.675112345739813921e-03 2.222742728227112500e-03
2.372826721469959654e+00 -1.978389983458636037e-01 1.605267057589154431e-02 2.805722240515182500e-03 -5.553054150114668935e-03 2.229204150947704190e-04
2.124701235511742059e+00 4.462712892992977713e-04 1.007678851078845118e-02 6.678478149703945049e-04 1.127542674057446402e-03 -7.081829608380368207e-03
2.792201257202576059e+00 1.065730600280705570e-01 2.883740886837174444e-02 -7.762519925401233784e-03 -3.988787742725857961e-03 4.919881648566786078e-04
-2.272028575980354237e+00 -2.254999568428268236e-02 5.764060768538271928e-02 -4.531482567470580813e-03 2.488291443764448262e-04 1.401166517093529150e-03
-9.267875542343860795e-01 5.170451802434081895e-02 -4.558224256600273278e-02 2.243429922455447874e-03 2.012875406014200900e-03 1.719791778981865802e-04
1.469426157579365899e+00 6.398965980555686162e-02 -1.764154605003760701e-02 -2.627116769887041358e-03 -8.465495862930600204e-03 5.765551717952127923e-04
1.760748779409631481e+00 6.733205437388317671e-02 -1.124599045385708297e-02 -5.066802889174168781e-03 -4.789028541711047408e-03 1.675896096044328376e-03
5.333412753209398893e-01 -2.948121126939493020e-01 -2.094680791529397713e-04 -1.179446759506630991e-03 -1.167526764294516675e-03 3.778951739302171577e-03
2.332349461668075108e+00 1.710488400637591166e-01 6.407202556944584064e-03 1.250034521498608964e-03 -1.559220496190481114e-03 5.061745018701158984e-03
1.563388325956786895e+00 -3.261971839384602556e-01 5.551350360914024396e-03 -4.244675202331690302e-03 -1.068291511149855157e-03 -2.420292576901976001e-04
-3.705451749232810066e+00 1.543565257892874076e-01 7.432742213444250290e-02 8.292922779405446313e-04 -3.764826605490366376e-03 -2.453844156865192007e-03
1.718762279542743077e+00 1.482592008693850161e-01 -9.198647180578107055e-03 -3.956829807985582119e-04 -3.006881633839632133e-03 -7.785659964400276547e-04
8.617912740826995099e-01 -1.297470858328759469e-01 -1.926947212212662408e-02 -6.731850505231968401e-03 -2.297164457685944242e-03 1.456274788001252164e-03
-2.803356745574428821e+00 2.321649352165829905e-01 -2.936725389949494322e-02 2.295396494123109511e-03 -3.144778875908487217e-03 1.181789024656683309e-03
9.494143615745923581e-01 -1.632139181108790841e-03 -2.543433524725433742e-02 2.627606520239307358e-04 -2.069794419460870786e-03 -4.800175849098863544e-03
-5.779732223228711829e-01 -1.166283217199729633e-01 -2.004743388062774079e-02 -4.004179761632887039e-03 2.897467284656119781e-03 -3.379399433007610615e-03
1.639587997706670519e+00 -4.068868911239872932e-02 -1.680755964167661085e-02 7.895149295750296392e-02 5.226588360558194306e-03 1.016037169863050899e-02
-8.376949071511929912e-01 -1.543466253813278455e-01 -2.223505020520426256e-02 -1.276899767546044260e-03 -2.761648965794919960e-03 -3.182595592008219659e-03
-4.330878928188486299e-01 -1.087318376080478877e-01 -1.680467192718023903e-02 -8.175383013930984447e-03 -2.568394268326162390e-03 3.523033144059975821e-03
-3.806470840647647957e+00 3.074546156453054069e-01 3.613892639354375491e-02 -2.596528017379205570e-03 -3.172151793931727443e-03 -3.653141981644746333e-03
-2.233308273036521907e+00 1.824688415781086648e-01 -4.362773728209858037e-02 1.509373205562469658e-03 -1.799780934676769532e-03 1.648924579422916294e-03
9.307705200347899943e-01 3.719891295807331577e-02 -3.274014567650732066e-02 -1.306389486365118512e-04 8.543580976248630818e-03 6.275777587765915110e-04
3.697230305404449524e+00 1.671070650338155328e-01 6.454484625881301563e-02 -1.341384477364025544e-02 2.846238907494265131e-03 2.136229078069687339e-03
-3.230781653383476559e+00 1.110288071597854143e-01 1.003867388975257374e-01 1.141115554247382419e-03 -1.661588963769684802e-03 6.003600773781144189e-04
-1.373709156413261079e+00 -1.153087556710245265e-01 1.759009062460920036e-02 -3.860878565232645290e-03 4.532779172403376966e-03 -1.292726123164198142e-03
-1.744995828111336744e-01 -4.719142171642468422e-03 -4.423999383562575438e-02 2.695396298910792895e-03 -2.657238146012652191e-03 -3.233747554363459141e-03
2.414246827714382704e+00 5.916159612727511785e-02 1.626020641259789609e-02 6.052835355933251955e-03 3.512159590400300638e-03 -2.930431857725400522e-03
-1.140245576568823305e+00 -1.167334357261013145e-01 -2.066949793487995318e-02 -2.775918625379656529e-03 -5.313337551710392223e-03 6.590097856512206267e-04
-5.419495743658392373e-01 -2.260486118037385583e-01 -1.606082767567943012e-03 -3.748379588030580425e-03 -2.177778815819214273e-03 2.179119145713350001e-03
2.081629388267993708e+00 1.137289308120193083e-02 9.384699985146070442e-03 -1.945577044436665919e-03 -9.323034758697114691e-03 -3.604340570576895341e-03
-1.411875634591688966e+00 -2.207112446511837744e-01 5.422060786486080503e-02 -2.325473170769512456e-03 4.249372455345129182e-03 2.057584457684821788e-03
-6.088319736185907605e-01 -9.452179885887597444e-03 -3.918136880467627120e-02 -3.859369186799619690e-03 -3.841894670440936053e-03 2.976875637042854152e-03
3.005286234014270086e+00 7.263400066135278221e-02 4.500118333190936126e-02 8.138750536319573972e-03 -8.484723498345661183e-03 -1.862187060828824356e-03
1.364585073947842675e+00 9.040756174663669431e-02 -2.010003742702887522e-02 -1.052480373267052636e-03 -6.704847046090280788e-03 -9.047199232253275766e-04
2.890200037866820004e+00 5.698083088780980451e-03 3.173457196774413791e-02 7.323888268091392588e-03 4.942986912880506338e-03 -2.389604780461138025e-03
-1.758141161530991203e+00 -3.853173961520178076e-02 3.238670501319895062e-02 -4.745137547487507552e-03 5.992157564469979781e-04 3.669245714004004157e-03
-8.825660126344866407e-01 -2.175957338609137148e-01 4.978650449238084495e-03 8.806277928362205411e-04 8.052689013109525645e-04 6.002695035000702589e-04
2.194411446922438724e+00 -8.908210262106319721e-02 8.825687661755265631e-03 -1.988181097289866157e-03 -3.585071931338395732e-03 -2.020370366089028515e-03
1.698884662035067716e+00 -2.985176059216919642e-01 5.393366203591913426e-03 -7.022288002942512781e-04 -2.382233858173377506e-03 -1.059230446990311282e-03
2.864136245977589201e+00 -7.707204436151945948e-02 3.622843949431184957e-02 1.282857755836310084e-03 -6.518222008362510068e-03 -3.084897887062590556e-03
-1.279490165864168028e-01 1.712111352070139758e-01 -6.329844844636525747e-02 -1.713478781334285298e-03 -2.413525505644348139e-03 2.794256006858759390e-03
-2.182222150700978691e+00 -2.771388824203700751e-02 1.077641443383512213e-02 -3.812136022462490458e-03 -3.238696830600904138e-03 2.132412575396810419e-04
-1.686455154627067854e+00 -6.506549333560401882e-02 -1.794599325352989579e-04 2.181231322665237032e-03 1.649367147203654972e-03 -1.750756475539093360e-03
-2.071255260148144650e+00 8.531511714379050315e-02 -2.808445370057673432e-02 2.871967647586200385e-03 -1.063496712355283414e-03 -5.918197926757137435e-04
-3.568608799717448488e+00 2.168443194716272726e-01 8.220824093901764329e-02 1.742042736683344388e-03 -9.579797399723937682e-04 -2.252291373253583005e-03
-2.720774483997140614e+00 9.625188472311344001e-02 2.154172454544309168e-02 1.350691892715482267e-03 -3.879181538727633459e-03 1.289934196501009650e-03
-1.157902747375340047e+00 -1.062171188766401903e-01 2.183434615182869212e-03 -3.432411085381076570e-03 -1.741014451276953236e-03 3.493497309582194871e-03
3.221452755174579741e-01 -2.401947642227916790e-02 -3.788303907608080862e-02 -3.164493742903200322e-03 -6.517601995436653715e-03 -2.689784665124268347e-03
-3.597017687040389600e+00 1.478117173497154047e-01 6.173008950924471078e-02 3.767596521848311317e-03 -3.262011968316220600e-03 -3.114409276049877242e-03
-1.147774348834296188e+00 -2.013025670905462527e-01 3.080366311562666472e-03 -8.517799493118112259e-04 -3.843056996476456330e-04 -1.238354908529440803e-03
-1.526942750328551535e+00 -3.779916627330006523e-02 -9.092713105611003113e-03 2.257048564377321133e-04 -3.381257488713276804e-03 3.623079927227081110e-03
-1.797954563398914241e+00 1.615077210165231647e-01 -4.306631822688799377e-02 -1.187225430773892446e-04 1.936574145853265597e-03 2.462395153051940514e-03
-5.616600745184245902e-01 -1.605283588627108571e-01 -2.168464301568686498e-02 -3.582755395643966775e-03 -3.153444908573096572e-03 -1.456739626473237950e-03
-4.750833888387085757e+00 4.590303471284890580e-01 1.401072836390609977e-01 3.181164811794493820e-03 -5.346247776372387538e-03 -7.180647801470824675e-03
-2.354229437944664660e+00 4.320317519932969676e-03 6.560953870693546353e-02 -5.247796560866217069e-03 -4.893221784642965517e-04 2.807686387426353361e-03
-1.017521540784414036e+00 1.361138655550724053e-01 -4.897140529955940763e-02 -3.834978083165613456e-03 6.493354801389970669e-03 1.872739857807632219e-03
5.651633171947294532e-01 -6.264106079514998593e-02 -2.881876322231017445e-02 -3.395052130354078192e-03 -7.983843425629465066e-04 1.754472598244876140e-03
1.418555332352290810e+00 1.790951036266489327e-01 -2.699015615525403311e-02 4.630082374795042865e-03 3.536081169424998717e-03 3.419133141440134326e-03
-1.971376255916081677e+00 5.359538996363894664e-03 3.661111786565769688e-02 -5.294971797073771448e-03 4.621878543699872721e-03 -2.384898438606911357e-04
-1.274722604592536168e+00 -1.213184653798579787e-01 -1.598686584726799129e-02 2.059658526188421629e-03 -8.106304501986020400e-04 -2.454029144855887634e-03
1.185697977435730577e+00 1.561277355986382398e-01 -3.107059499327863988e-02 9.016686052849831601e-04 9.971270806773928005e-03 -2.323603035482790791e-03
1.767453186177073976e-01 -2.519224879102257564e-01 -1.234189824521803903e-02 1.827076598995079843e-03 -1.158754671855293525e-03 -1.271891816586020411e-03
1.199038580864202341e+00 -4.100900953407005667e-01 1.045383644383281532e-02 3.604224529058553425e-04 1.745544924836202761e-03 6.278120118046836944e-04
3.225204783015193644e-01 -3.771996697505517471e-01 1.530184372702778420e-02 6.337702677422127036e-04 2.175824973063340655e-03 2.276455314625471654e-03
7.787199374545300534e-01 -2.427223916762735745e-02 -3.215309100189644997e-02 2.289377780566197770e-04 -5.832945661974431838e-03 2.669591841010940381e-03
-5.553871668799617023e-01 -5.043594563593027484e-03 -3.563496755364286422e-02 2.921855102593139825e-03 1.078795726233929778e-03 2.562759088731978753e-03
-2.785434661296591230e+00 1.675634106128292070e-02 4.646208147603488048e-02 -2.470661971057988657e-03 -3.108675506785089568e-03 2.354073829360777629e-05
-1.409346241816473499e+00 -4.574142279468427358e-02 -2.614037839981941946e-02 2.298050175769246212e-03 -1.735985002316816662e-03 -1.152904435479931581e-03
4.768343683967106728e+00 1.482890313053162046e-01 1.195047231519110603e-01 4.053811895811024364e-03 -2.094244626201993784e-03 2.919828981687721745e-03
1.616996417257686502e+00 -1.772515605683578355e-01 -3.683796239365216049e-03 -4.689850641261822037e-03 1.927957265659697148e-04 -1.229227852491574782e-03
2.421683356477687621e+00 1.764924526449378750e-01 2.145464612735479767e-02 5.623992962637270861e-04 -3.292423785804052955e-03 -2.905216855540957051e-03
-7.579730001320325039e-01 2.632738896031611847e-02 -4.490531367309406885e-02 -6.399195482090346693e-03 -4.310653187239930385e-03 2.171442848924854882e-03
-4.501137242322036935e-01 -3.447419732413045113e-01 3.503024245174177209e-02 -4.003902763566725628e-03 4.879573213705928718e-03 1.013511184809827740e-03
1.686839577317228098e-02 -1.819741133433019908e-01 -2.135852063560960204e-02 4.733351863972876106e-03 4.467356874298410488e-04 -3.378522092018353996e-03
2.427872220739571762e+00 9.925404169271143107e-02 6.997504124106906920e-03 -5.493263203522459701e-04 1.047017097748331044e-03 5.334376497879727945e-03
-8.544102077202239132e-01 -1.074777265810883536e-01 -6.025380199744552814e-03 1.366232676218497640e-03 5.398421017335380129e-03 -8.579636557634618679e-04
1.095957236603215312e+00 7.318851652203101077e-02 -3.388859829786136646e-02 -8.307276357235906378e-03 3.682174250232283976e-03 4.218786447642428744e-03
-3.329716965659270222e+00 1.793853570129615438e-01 5.511125704918112822e-02 3.965432874719818784e-03 -3.346889129194710079e-03 3.518259141497508108e-05
1.503627512922004916e+00 -1.678393207177063529e-01 -5.406770056334928888e-03 -1.975871873274406051e-03 -1.311747546897865796e-03 -3.747545871197847499e-03
8.880629536155625336e-01 -1.630530092556886912e-01 -1.818462387548891099e-02 -1.721521540878274839e-03 -4.633477738807408909e-03 8.404451480654282934e-04
-8.534669269813610626e-01 4.272304758053609847e-02 -3.547547466270158795e-02 3.935229696047618680e-04 3.887624085906387153e-03 2.795681207541260167e-03
4.244964302624839592e-01 5.317071589565726397e-02 -4.217025501542465138e-02 6.089453509155126794e-03 2.842645330078568192e-03 6.745194451262204400e-04
-1.024104805542081609e+00 -9.035893853774196183e-02 -1.934376515196577218e-02 3.382148783004205062e-03 1.319521747498283472e-03 -1.786115203369253958e-03
-4.433506617979001696e-01 -2.865473623085311727e-01 1.901823803765942053e-02 -1.726125938512469140e-03 3.136783078043553150e-04 3.951880155398070776e-03
-3.123350073195737542e-01 7.674901718401690165e-02 -4.917762070674924074e-02 -1.467625483893259843e-03 6.171658522573388213e-03 -1.127916884544889016e-03
-3.154449036709630061e-01 -3.381652322280623291e-01 1.131590763903072986e-03 -5.364034855605790157e-04 1.595229062999450529e-04 -2.080940611768589219e-03
-2.499714545920780573e+00 -4.325264601897254452e-02 1.462259805660638678e-01 -1.860968732028098248e-03 4.580304163590807887e-03 3.077368743258850330e-03
-2.225527983008645627e+00 -1.595492959373598016e-02 5.883580830363684122e-02 1.393674285480069454e-04 2.030670540936775018e-03 1.798186983711148141e-03
-1.336289665709195384e+00 -2.239784137861906277e-01 6.385857328005641043e-02 1.054227266333309331e-04 7.665505488586185807e-03 7.647614388214842279e-04
3.144202838634535535e+00 2.238168298300675652e-01 4.842753107079548341e-02 5.788990373178664120e-03 -1.575938910381124471e-03 1.426496886799809120e-03
-2.066901304801946893e+00 -5.620433905062721669e-02 7.580716420175263870e-02 -9.222912192860106785e-04 2.136796200426918819e-03 3.920190402830157732e-03
2.471353780639492792e-01 -3.243281868646787913e-01 -5.508294364870085051e-03 5.474131155325997859e-03 -1.128511217095417608e-03 -5.860283411398855939e-04
1.850038564744378888e+00 1.415857772235190049e-01 -9.109552061410763554e-03 2.026512752258581226e-03 1.045750649625058759e-02 -1.840842121575074312e-03
-7.955034101587772355e-01 -7.329287029183607916e-02 -2.972806523308904950e-02 3.290319436511019921e-03 -2.043207234581837905e-04 -1.125851347544600933e-03
2.386440158174901516e+00 1.910601020595378563e-01 1.757112215381303674e-02 1.779169626755404236e-03 -3.215848454218873768e-03 -4.853988813533281592e-04
-1.115393143198156745e+00 2.370380860595595052e-01 -7.678702296813767758e-02 -2.636834163645031129e-04 1.739837576234710438e-04 3.730843346386046762e-03
-6.828461879285314950e-02 -3.784232046779159586e-01 3.418951453921020150e-02 2.218074515651525819e-03 4.375823197549004971e-03 4.770527549244446899e-03
1.436856396734851049e-01 -1.138521620425190228e-01 -2.187492378313087363e-02 1.242426310256651567e-03 2.220826811987316324e-03 1.549711624141822701e-03
-1.035423143828057224e+00 -1.525093738591163373e-01 -1.622046401579972652e-02 1.202249146641071154e-04 -3.002846729656300645e-03 -2.702753141228468169e-04
3.004787882846566838e+00 -1.873243248602677880e-01 3.652488400506567062e-02 5.153781006319471496e-03 -5.043850709234645735e-03 -5.363203757206074732e-04
-3.990817261386491177e-01 -8.259053900405514959e-02 -2.745834604915724925e-02 1.020462690488087906e-04 -8.242200615828622020e-05 7.766040829506105393e-04
-8.984635575229448223e-01 -2.189031322079835473e-01 4.647970847889481248e-03 4.056748849329412350e-04 2.408968331726742042e-03 -9.795138744697914988e-04
-1.136541453486796138e+00 3.298122544676537066e-02 -4.309443096258285671e-02 4.064842549290724060e-04 -9.101252756391855396e-04 -9.678745984702537926e-04
6.475797288217911563e-01 5.496444497571823656e-02 -3.974966568009719731e-02 4.070816144997727037e-03 -1.322793192977739099e-03 2.855474988108165375e-03
1.670106803226663494e+00 -5.467992837651640403e-03 -9.479037898312437510e-03 7.245920898656973801e-03 -2.686362524706713273e-03 3.799992773248707010e-04
6.457477958835800003e-02 -3.014183459483261718e-01 1.272640468641494070e-02 -3.322176097998191628e-03 1.973942480376461497e-03 2.482439654729962867e-03
-2.314173643000439817e+00 2.595017509260341138e-01 -7.188100446955468514e-02 3.926577408066176007e-03 -2.250556647561215932e-03 2.424355279470980862e-04
-1.318857216607966842e+00 3.184220865909802578e-01 -9.053035488284039145e-02 3.765262859024723439e-03 3.124280600869280659e-03 2.723618370781966461e-03
2.942977291468014123e+00 -8.887928243481861557e-02 3.257207100904661867e-02 4.366410122917335421e-03 2.348112284543254970e-04 -6.124005410489332269e-04
7.345167891946908778e-01 -2.758209625111691099e-01 -4.061298091019760817e-03 -2.456773815701960607e-03 -1.050994197358513836e-03 8.272646510059927924e-04
-1.830445137829074698e+00 -1.315927185398130805e-01 3.546978364471959494e-02 -3.902526444497312133e-03 1.250431740298567655e-03 -4.358612052224895622e-04
3.564023115663874641e+00 7.259386379780055631e-02 6.856161031955432250e-02 4.045978461649621730e-03 -1.029159527136451653e-02 -1.033809835283324178e-03
-2.870806871193357424e+00 -3.751833470138612060e-03 9.007313860875856837e-02 3.268763304399236770e-03 -4.151505496616114546e-04 1.195879640899809738e-03
-2.614649233104313630e+00 6.947360532373479669e-02 4.068780436851137869e-03 1.165458090446253427e-03 -2.507473678993034187e-03 -1.009427817099392945e-03
1.500543783380700269e+00 -4.809397863281743291e-02 -1.281286920999812409e-02 -1.135874527050134914e-03 -3.359881346420498516e-03 -1.347978017994826225e-03
-2.100072150797602788e+00 1.571356196315576992e-01 -1.917589320651280280e-02 -2.492044719698769881e-03 2.640371982216183685e-03 6.185923397734587742e-04
2.813267771343791690e+00 1.114979408568519403e-01 2.996164541278301466e-02 1.547308714293997491e-03 2.324969838525903741e-03 -8.744021648804841925e-04
-1.851681107136308624e+00 3.966452806977567754e-03 -2.635200848048497094e-02 4.045364014744130582e-04 -4.603643261000694292e-03 -4.568628825599438457e-04
-2.121204896064363687e+00 -1.458255841499912220e-01 6.752766605527404931e-02 4.572055453442725316e-04 2.494464237166978821e-03 8.998846054044320900e-04
-2.048431573732835353e+00 9.860004587274741328e-03 -8.215568397169704593e-03 2.314230967848139516e-05 -4.298286202145860935e-03 2.245052169780154330e-03
-1.286001108316019881e+00 2.757668505904700695e-01 -8.231637225451497730e-02 1.441528101694386282e-03 6.215298330315935371e-03 1.763267233719359624e-03
-3.465305257056976451e+00 2.756101847051001807e-01 2.367149324814979416e-02 4.599632901557312837e-04 -2.370372460338586625e-03 -1.084904974630887314e-03
4.168420061801048071e+00 2.125051998827593991e-01 9.072459595237694630e-02 -1.616310459814857556e-03 -2.559476460999615417e-03 4.491110475231640045e-03
-7.874273105222705516e-01 -1.337936057818110425e-01 -1.513957625071591512e-03 -3.194865193181823694e-03 1.931726446114282814e-03 6.626048936496232826e-04
1.048764290278755285e+00 7.698836536946120079e-03 -2.374043018241773703e-02 6.050094797687824433e-03 2.537718294766193664e-03 -6.251803898320132044e-03
-4.622526649224394102e-02 2.563970772905188600e-02 -4.818390522494400696e-02 3.170954569051065951e-03 -6.514161771542117604e-03 1.697202674920879253e-03
-2.032043917849285231e-01 1.663054469875283048e-01 -6.157841440759207613e-02 -3.312291417642465510e-03 5.767944612806822323e-03 4.456637284567127621e-04
-9.213724495450328345e-01 -1.213173888850991866e-01 -2.286991311629474680e-02 2.436335814638737086e-03 6.272784856535709545e-04 -3.303659566080706638e-03
3.792853537468686032e+00 7.730041736853082712e-02 7.019319575277543910e-02 1.022563556342663896e-02 3.208223763872217226e-05 2.048549140562342784e-03
2.621495165141050077e+00 -5.143189578106018706e-02 1.917078248220229625e-02 3.838946229250822517e-03 -3.611257759540939354e-03 2.135072063490822420e-03
-1.679529770187088378e+00 1.500213190230423044e-01 -5.038549542178009238e-02 1.636333057500423708e-03 1.290109108110345983e-03 9.832513786335783570e-04
4.525820713004294893e-01 -1.277186420130967670e-01 -2.408267225190055885e-02 1.388001712579881421e-03 -3.432522326948239666e-03 1.627190328377037948e-03
-7.429226435932579919e-01 -1.197210049664226006e-01 -9.261993616726826341e-04 -7.705780502221896413e-04 4.799461626142327640e-04 4.402329569103280091e-03
-7.353188398409450377e-01 1.755361817722490836e-01 -7.038618691942320760e-02 -1.374372683030205969e-03 -8.990040814360372896e-04 -1.253214467236929159e-03
-3.475906040771137739e+00 1.605917934599525032e-01 4.215775171760325485e-02 3.252199732950896045e-03 -3.721504835984458352e-03 -2.451816949497942402e-03
2.561943847623056603e-01 -3.595483554987102814e-01 4.822456438829548359e-03 1.023336833697318987e-03 9.135312814889191748e-04 7.130874344729773960e-04
-1.543294063671568406e+00 -1.737684097661759963e-01 4.583154862868506207e-02 -3.654655162690886080e-03 2.647223721475896584e-03 1.078448697565477466e-03
-8.139034843646206774e-01 4.244370407174643395e-02 -3.688943600597327510e-02 -3.973694200468857497e-03 7.444149183217441818e-03 -1.630285906889616119e-03
2.390361061809080034e+00 2.115026061127613377e-01 5.558596294722910856e-03 -6.930204782887652848e-03 1.688372789869439219e-03 6.280214153499769428e-03
8.377429439699386471e-01 1.194911756741647360e-02 -3.183222730376719656e-02 5.310278706456131315e-03 5.346557195202102791e-03 3.251900020838599894e-04
2.208528462286163840e+00 -1.105047346042045964e-01 1.264582963051624591e-02 2.909151133605218046e-04 -4.703270501714568175e-03 -4.688741926187610723e-03
-1.134106153917911808e+00 8.904162316332367433e-02 -5.842770641960171041e-02 -3.317265119332681120e-03 -7.208226923630820134e-03 1.426775004367635512e-03
5.281722169560276736e-01 2.503333699418853753e-01 -5.515459467811879152e-02 -4.436441352714203500e-03 5.160811683525783240e-03 1.302132305133687096e-03
-2.573850310890627213e+00 1.909513896917490461e-01 -3.696740550738467773e-02 2.955975834939861616e-03 -3.225525131787185251e-03 6.352076551570908424e-04
3.449141303112899681e+00 2.497644349632846539e-01 6.541641358879704549e-02 3.031390964627445755e-03 -5.067795247662310737e-04 -5.505636236843869120e-04
-8.127875709406907623e-01 -5.814459605043895835e-02 -1.124462032810061816e-02 2.649518240374377966e-03 6.638535981973358625e-03 1.572352201446694631e-05
2.261768510384380981e+00 -7.713610256702156664e-02 1.357693433868596353e-02 -2.217915938881042780e-03 -7.008477975711907906e-03 -2.556852893195564035e-03
-5.241249117366911792e-01 -1.746746447154151963e-02 -4.086558644329378598e-02 -4.333778668233474567e-03 -6.007018962593299594e-03 2.803948812816570244e-03
-1.192815089187695410e+00 -4.748155135474854682e-02 -2.199573670627550520e-02 1.949259273058080114e-03 -1.048044286268206768e-03 1.143079754511441143e-03
-2.290910482701389306e+00 -8.035662103334773043e-02 1.091540430801710010e-01 -2.968825269989208097e-03 2.256046192927088634e-03 3.359422079349164321e-03
-1.899895320114304287e+00 7.443983418963054377e-02 -2.904886420175365955e-02 -2.515981773139443125e-03 -2.244795862192467979e-03 6.915341883089686208e-04
-1.826893190307077530e+00 -1.517510872920554976e-01 6.202989028045707842e-02 3.756240970530351714e-04 4.284981044332516163e-03 1.119062118883911057e-03
4.490950978365942703e+00 2.989840500130466761e-01 1.205342149325733664e-01 -4.417184177577743726e-06 -4.788675073663292529e-03 -8.331036883174782869e-04
-4.017872373241274886e+00 2.921567910443328975e-01 8.207806400418100889e-02 2.271810057779567998e-03 -2.711299902085112252e-03 -4.325452433362164326e-03
-3.972100576049443887e+00 2.539674703497853958e-01 2.905352396828148609e-01 6.284370693950431901e-03 1.026799956792430772e-03 -3.280070925408278167e-03
-9.650224249760791517e-01 -7.496922131201050506e-03 -4.326715881587273743e-02 7.317644651303969626e-05 -6.666622144853588845e-03 2.617782769891040598e-03
-3.887958669941903533e+00 2.274625687346429337e-01 6.010262145124196237e-02 -1.941832263358108648e-03 -5.895428794655580354e-03 -3.634858557998667597e-03
-5.017288945197523331e-01 -2.184226328763657632e-01 1.112311876530638725e-02 2.022346022265357045e-03 5.471988604530463561e-03 3.662831989991108126e-05
2.515963717042761338e+00 2.620805275555503910e-01 1.128552988573061806e-02 -7.793406864666272728e-03 1.402700261599036701e-03 7.156040841082019800e-03
-2.867470265002246776e+00 1.817291611186938882e-01 -2.282969170176439230e-02 -8.342791684812044103e-04 -4.606659426970484937e-03 -2.756021205881829480e-04
9.130253362713911525e-01 1.875825734518274113e-01 -3.987285868383703968e-02 -2.458754202362107601e-03 -3.004802592190867951e-03 1.570552934481518224e-03
9.927456463442775603e-02 2.984000695836334927e-02 -4.432505913787065238e-02 -1.886668357213947694e-04 9.337891185267061097e-04 -3.234457575144302020e-03
-2.113209890261428026e+00 -5.987307591691968384e-02 1.529596277477394267e-02 1.476690325291895754e-03 -2.966086650106089777e-03 1.810424424981233295e-03
1.533515767943966379e+00 1.547063408148631747e-01 -1.938960882294937793e-02 -1.300548763513134816e-02 9.253173869672339088e-04 -9.087613875708902122e-04
2.133237437708087381e+00 1.991372839625407953e-01 7.855560724245482310e-03 6.875994186567548593e-03 -4.682687691428999606e-04 -1.956218711446946947e-03
-7.290242517031783609e-02 -8.714506984103874421e-02 -2.873579123451652784e-02 -1.302571463188714361e-03 -2.321447620868479812e-03 3.203677793912222248e-03
7.545202761688561965e-01 2.840725556701473656e-02 -3.294823758771173172e-02 -2.864589181023205824e-03 5.876832895797156307e-03 -3.988553264347492397e-03
3.380051325335673429e-01 -7.106985754614457418e-02 -3.363686859990742267e-02 -2.991420163726829680e-03 -6.609315208386217291e-03 -5.768794460860167351e-04
-3.578061273740977821e-01 -2.389613399814043970e-01 4.177073863086562186e-03 -4.764515776217157807e-03 -1.381682527703816587e-03 3.063585860445748252e-03
-7.559685252350910600e-01 -2.005033498123673652e-01 5.075735708772438799e-03 -4.683850007895703875e-03 -1.354382476244327723e-04 1.476136600910151571e-03
1.979350351032396205e-01 -2.645363796684870872e-01 -1.002476527972277071e-02 1.767343698920387923e-03 -3.359661737082480235e-04 -1.503456391703345560e-03
-1.252665250603575808e+00 6.107977468838601820e-02 -3.885476716590720303e-02 -6.648620852059555775e-03 1.148840657883982248e-03 -1.401712237955197917e-04
3.718984865761691072e+00 9.001737899427253442e-02 6.688835096209275188e-02 2.555603122519320685e-03 3.051772891937607011e-03 4.924207553106819783e-04
-2.257476403653177144e+00 2.437646899631561431e-03 2.762957039784831245e-02 3.727479437370804193e-03 9.595235900179519169e-04 2.432733998998559189e-04
3.494152323867625309e+00 2.456209361780128664e-01 6.222565606228011581e-02 7.819338146379575241e-04 -2.557565783045764006e-03 3.668992596202255794e-03
2.203565998031436823e+00 -1.255502988492628313e-01 1.024708146095792451e-02 2.040078576032958169e-03 8.160223960315852532e-04 -2.850029103306075083e-03
-1.872862050148746960e+00 1.374426299615868208e-01 -3.098042637666901383e-02 3.968675354511215183e-05 2.598756408648039695e-03 1.644355406099540836e-03
-1.996549628015634736e+00 1.167236334783269963e-01 -4.729754248869730976e-02 2.288915696024277149e-03 1.524360579881408619e-04 -3.076148814737098437e-03
6.218307410493079113e-02 -2.432185163385030269e-01 1.478421626884639630e-03 4.532802170142721907e-04 1.447152063916686557e-03 3.175169531699579585e-03
6.817422973580706813e-01 2.370391477185149753e-01 -4.947790627405604380e-02 -6.154383001242985131e-04 1.502876221249215558e-03 1.372966443296658482e-03
-2.671640755052410832e+00 1.981643278211219217e-01 -4.068185812816265540e-02 2.385099612265740340e-04 -1.130271219004072005e-03 -3.478369798518696730e-03
1.509183690910028686e+00 1.425227180749546185e-01 -1.811028459564912457e-02 6.983819714120109018e-03 7.852113287745196568e-03 -3.277789535752158052e-03
-9.544627664449829851e-02 -1.481815702437680737e-01 -2.742878985333440170e-02 8.526438519780655048e-04 -4.931762045717194912e-03 -5.194227288545737696e-04
-4.872483993838369609e-01 1.282121893810667934e-01 -6.257934129763551012e-02 7.366722007670803256e-03 -1.849805246131276107e-03 -1.256082694141144032e-03
6.729100199313825525e-01 -5.496789574375075121e-02 -2.642345538968510904e-02 -2.013380794119869633e-03 5.928676695422284773e-03 -9.786605327551738641e-04
-1.479715752492468450e+00 1.090073065091612947e-01 -5.729619908142109808e-02 4.306607232768463848e-03 -6.545732852932437638e-04 -1.468505036415796751e-03
-6.173458210468129037e-01 1.113652245903906518e-01 -6.154878927047415654e-02 -4.954750195191624969e-03 -2.486617412896516451e-03 -1.413029647779067907e-03
2.970932455710564302e+00 6.043829104118598854e-03 4.265331016357006011e-02 6.918728474657637705e-03 -1.056872631772351294e-02 -1.582591861386672440e-03
3.003245798476628092e+00 2.637683235473980425e-01 3.582633906245984851e-02 -7.771860996625725750e-03 3.464124324851382270e-05 5.622461090113349547e-03
4.377659268970250928e+00 1.441473628212926739e-01 9.807506156264583774e-02 3.558609017063510231e-03 -1.221488646568361959e-03 3.608630980145743038e-03
8.887144581295646217e-01 -4.040798812738888302e-01 8.509784665137814022e-03 2.238656756619078914e-03 1.376664460164765333e-03 1.303314558077705654e-03
-2.073774670282756194e+00 2.764705701620547365e-02 1.058929821781743816e-02 -6.223918256781737525e-03 -7.842098146731063657e-06 -9.069233517914281452e-05
9.011963262047829604e-01 -3.698578539873629278e-01 8.535073713256430272e-03 -3.795689182534890075e-03 2.353085781435497893e-03 -7.489972614121967378e-04
-2.041566964756600822e+00 -1.906649018885785696e-01 7.326686355638667436e-02 2.469373995512400347e-03 4.234928331474829138e-03 1.165565823396672647e-04
-3.181424297734267714e+00 1.625099928360239643e-01 8.046408855171156838e-02 -1.366695639113213814e-04 -1.264232631806210330e-03 -2.475618718461058726e-04
1.155995303500747973e+00 1.898273499787656027e-01 -3.133439821072570713e-02 1.314357476697789037e-03 4.994038713397674391e-03 -1.631753048580107494e-03
-4.855179856698557672e-01 -1.191571766989610454e-01 -2.606054122762962652e-02 -8.390758988469242444e-05 -4.209805237639299355e-03 2.565977391663972190e-03
7.322025679784158747e-01 3.914295524155410322e-02 -3.530458799278404780e-02 -4.325011753783345771e-03 -4.848019556138354405e-03 -2.005943003619621579e-03
1.703586685961209657e+00 -3.863448007899638464e-02 -5.848576885231165576e-03 8.698358691265372419e-04 -4.961481957805733388e-03 -2.376090543150357996e-03
2.726236045252956153e+00 3.626620887089113121e-01 2.675208571705197519e-02 -1.135817557642276182e-02 3.100437527612956521e-03 4.383195166459147134e-03
-1.495788618937298864e+00 -7.219059421324650061e-02 -4.387916798379437600e-04 -3.638230625962686254e-05 -2.691943974110046559e-03 3.736150414677673424e-03
1.658516075247557175e+00 -6.572501189199059235e-02 -8.680195177007620291e-03 -4.126620620636782533e-03 1.404885406189951497e-03 -2.299766161003417159e-03
-1.439799684195317564e+00 -7.880024209713887284e-02 1.947045053597436237e-02 -2.806065426703766019e-03 -7.066761066069145343e-04 4.623408197496011590e-03
3.641867154057008005e+00 3.882099725889363168e-02 5.874713049689236216e-02 1.989570242770572275e-03 -4.440831191679838787e-03 4.244176184208170097e-03
3.998278187085049229e+00 3.434864887794921162e-01 9.556898633277043087e-02 -3.637843259295195646e-04 1.190753070556503038e-03 -8.069227275696950943e-05
-9.054006310120014112e-01 -1.382098576158108938e-01 -1.559914409396942481e-02 -2.374372291512107883e-03 -8.003258262423632160e-04 -2.389581587319610911e-03
1.938829896211821557e+00 9.632495649501210400e-02 -1.031248050891353171e-02 -3.046733957625333885e-03 1.757297821771028074e-03 4.739982173705910989e-03
-1.233773597890863272e+00 -3.087223007499411143e-01 6.893943269309567301e-02 9.033986389696672427e-04 5.951779026023052560e-03 2.791453693490183845e-03
-1.055988885798225363e+00 -1.826731008166154191e-01 8.149236208017827596e-04 -4.000137653855738559e-05 1.524516834906872002e-03 -1.010445576760510668e-03
-1.881304495347623229e+00 -4.914941096316370606e-02 1.583018701686761745e-02 3.992540926846684622e-04 2.780754122971310516e-03 -1.210328484938795381e-03
-1.946644875258325857e+00 -9.471001249210152240e-03 -1.681947360045315393e-02 -9.727313399962989179e-04 -5.065283728631251974e-03 1.582737624564339559e-03
3.834768103057361599e-01 1.481658617405997918e-03 -3.812436860035545161e-02 -1.891972868694746139e-03 1.007622445977291240e-03 1.657670198317177761e-03
-2.295715626502462747e+00 -5.445724437521012179e-02 9.142551536481582919e-02 -4.252842754663073085e-03 1.402261679168941054e-03 2.805366118960882921e-03
-1.469063892877150668e+00 6.236995445120236542e-02 -5.000689628103437839e-02 -2.805422190784223179e-03 -3.444568663225079305e-03 -2.066202987856894432e-03
1.970640459489294116e+00 1.466556896295782841e-01 3.478081138024713133e-04 1.059333368282701880e-02 2.194273551359763458e-03 -2.496792713519762653e-03
-3.388962294986678891e+00 1.277088319695132979e-01 8.886620087049021399e-02 -2.656757430523854456e-03 -3.452353012602182337e-03 -6.494957720502256586e-04
2.519208792911504347e+00 1.364603296369748531e-01 1.683589408136713927e-02 2.034072351679047045e-03 -1.285169037932731243e-03 2.414056953372649850e-03
-8.805970083542629112e-01 2.541227658068463957e-01 -8.093298872697783641e-02 4.556538120875164646e-03 3.401200679829975357e-03 -5.229455563099175402e-04
1.638055052821139723e+00 1.814901777749790279e-01 -1.687579283084774187e-02 -1.195733755415457830e-02 -6.144042659631703592e-04 3.414690443824325229e-04
1.010530352321927783e+00 -6.524587541950231662e-02 -2.204458359977226264e-02 4.383098129862239220e-03 -4.818543780204708783e-03 -3.110445598566403350e-03
-1.217874573091140666e+00 2.459198170913887982e-01 -8.065767634702332434e-02 -1.283529230562648667e-03 -2.610520396274262824e-03 3.643425943670154220e-03
1.225059096845729778e+00 -2.129821615460627537e-01 -7.726139436312293510e-03 2.530743137227891605e-03 -2.609760185048309172e-03 -3.563704371719381408e-04
-2.972094294037904705e-01 7.478924755358005994e-02 -5.423382846952064240e-02 2.546302894826945468e-03 -1.750891205216304966e-03 5.486724561848578411e-04
-4.138754766320243306e+00 3.351718626179333027e-01 1.012009480557007485e-01 3.755330436404895594e-03 -3.673621464417740987e-03 -3.397055938798142043e-03
-1.389096740595437418e-01 1.332182145714485011e-01 -5.488950405059709464e-02 -7.465014851283311706e-04 1.064581525262924683e-02 2.813464913081245491e-03
-1.193931535998834059e+00 1.275628172770607860e-01 -5.696384260942706501e-02 3.935306301802912049e-03 -2.297845163590024522e-03 4.507726142037854662e-03
-3.740408610131715217e-01 3.499413389605733615e-02 -5.127805792782656052e-02 -4.299638733698232969e-03 -8.067299944763677011e-03 2.226779134381053939e-03
2.101433670014055455e+00 4.477815261708042310e-02 3.163729471207782102e-03 3.755998119797317875e-03 5.635231080759372374e-03 -2.894922614909754919e-03
1.986453728525043594e-01 1.109953912032619616e-01 -5.244352079950222872e-02 -1.753164942856852470e-03 -1.671472324361865510e-03 9.191596865334031655e-04
-4.080983596642800970e-01 1.684902643385745857e-01 -6.438718769294973776e-02 -1.457883493177560084e-03 3.451319467875003932e-03 -6.035873913022101909e-04
-1.573783602801827497e+00 -1.166278972635088063e-01 7.775148948643463218e-03 -1.582750593648821679e-03 -3.179887265805881377e-03 2.596718743976564846e-03
1.671611630629263656e+00 1.036873274264173972e-01 -7.522987880196174704e-03 2.110717367347324236e-03 3.296813252905135203e-03 -6.087323339183818571e-03
9.140263419756377017e-01 8.033638466373610454e-02 -3.581381368979980051e-02 -1.444660875110694541e-02 1.258734394859511822e-02 -2.255011498936519612e-03
2.784796396596558754e+00 7.454998225057406225e-02 2.454412036872589270e-02 -4.386997165866515086e-03 8.761205721120128229e-03 -9.001183494032904703e-04
-1.822337883203529518e+00 -5.974370874467074821e-02 2.352703484688447103e-02 -3.897435483358543170e-03 4.241512080053623686e-03 -2.266170280893795280e-03
9.650746834172967414e-01 -8.083783609363198730e-02 -2.153577605942276832e-02 -1.538095777851952294e-03 -3.222833256401860282e-03 -4.407288872324021702e-03
1.039880100648970851e+00 2.140034560439088296e-01 -3.438487905260508709e-02 4.839212242171915188e-03 5.860555848955238721e-04 -1.205902960453234104e-03
-2.320563982042294082e+00 1.305361034796573283e-01 5.579711919535530404e-03 6.808606473524315712e-04 3.233270845349934478e-03 4.942318969098907907e-04
2.472223035237294475e+00 -2.711759039680707861e-01 1.982390666438893501e-02 5.545164781521671403e-06 -3.560970456971618639e-03 4.706340049547893666e-05
5.449212048983427259e-01 -1.621385294619265977e-02 -3.526359856689090244e-02 6.417658616321506547e-03 -7.170573105267016856e-03 -4.851123459133328082e-05
2.520232754495491889e+00 -5.500454574364602482e-05 1.480246356192342974e-02 -7.613607697184880674e-03 2.450572279950916435e-03 -6.798321175975782739e-04
1.920252224298998112e+00 3.152938826302759678e-01 -6.487656634057170982e-03 8.558766428853484612e-03 3.870916948668458096e-04 3.999527720347941136e-03
-2.040870244056536720e+00 -1.397059914670437664e-01 7.601821404129527338e-02 -3.466331397341920664e-03 3.238016422958926808e-03 6.050707894071488940e-04
-1.383267546248635238e+00 -1.320383018606370307e-01 3.079312472117088327e-03 -3.747664837292302925e-04 -1.640652771087833597e-03 1.909491003877884481e-03
1.519306988400028091e+00 -2.028970102877060422e-01 -4.316472500046332483e-03 -1.692379053242131339e-03 -4.867073933414145862e-03 -1.650473946428788216e-04
-3.579625029382140222e-01 -1.801194024178507380e-01 -1.544971808516193597e-02 -4.958476678750080302e-03 -2.173315557715077562e-03 -3.617423687374933593e-04
6.419279866925965417e-01 -6.020967404222953012e-02 -2.757751127686796852e-02 7.797762519506583334e-03 2.232355481176097334e-03 -5.226050994947587305e-03
-1.044856242695548998e+00 9.623112126691722723e-02 -5.174549568318372733e-02 6.779629966479580085e-03 3.550864738787088293e-03 -2.127725203385237920e-03
-1.504949708562988153e+00 8.453338350324335337e-02 -4.877927472412447313e-02 2.149675830100119915e-03 -1.870327911659322656e-03 -8.698571339250390578e-05
5.433656256550385422e-01 1.835176797848889207e-02 -3.753427265187876671e-02 9.069800593539893274e-04 2.542807074938676585e-03 -2.276528123298579565e-03
8.526575671648449761e-01 1.584554789703078448e-01 -4.340091721066202668e-02 -5.034358493512358645e-03 -3.320330445039607840e-03 5.099816192422851162e-03
5.513011478614308070e-01 4.768970465341648007e-02 -4.062625853570487472e-02 -5.162686940085364686e-04 -7.388028831547123303e-03 5.772283774847960765e-04
-1.194369054397497187e+00 -1.407165459156679566e-01 -2.298003218367390427e-03 -1.774808375123476016e-03 1.294008161755070196e-03 -2.109879567604597706e-03
-1.388910214076873650e+00 -3.458327474925800005e-02 -2.119794214912449140e-02 2.784967627956507711e-03 -1.214796012501728360e-03 3.563188749145427235e-04
7.010534437944125896e-01 -3.191789398470430972e-01 -3.529467387820277736e-03 -2.403940640433606998e-03 -2.474792844191599835e-03 -7.070388615330430422e-05
-5.431559610870204668e-01 1.025973731868463495e-01 -5.032064961041809309e-02 1.066070271181685306e-03 8.375215886779899602e-03 6.273558429439260453e-04
1.047351464169383739e+00 -2.844980058359826147e-01 -3.528666604823890371e-03 2.705220777401321202e-03 -5.049421268205222689e-04 2.528024564117198293e-04
-6.030226704875230048e-01 7.324040448891297461e-02 -5.447325977682513504e-02 -1.046191255876321134e-03 3.509303187059746674e-03 -5.273871897055459716e-03
1.431527922826705934e+00 -2.461373054128206395e-01 -2.050885374362573180e-03 -3.015158816963694273e-04 6.559304243189909575e-04 -1.157055157327166852e-03
-9.483654828986720631e-01 4.236668577418013781e-02 -5.329475163528014231e-02 -1.853707369972631101e-03 -7.469896170707600140e-03 1.171240505084648409e-03
-2.896211664336672431e+00 1.880553750634211818e-01 1.776113011894588783e-02 3.182808724116416212e-03 2.784238728581445686e-04 -4.870318900662331933e-04
1.426078994214324824e+00 1.379811390685694583e-01 -2.317900509545301260e-02 1.450104073004090206e-03 5.823385783992932573e-03 -3.818174933576339415e-04
-7.765264668948956839e-02 1.579279538744110360e-03 -4.155883142953534920e-02 2.177594239397839804e-03 3.481421748532394656e-03 -6.929720518626033936e-03
1.789311618445659446e+00 1.790268464306319363e-01 -1.713854212887500755e-02 -1.313670217303115721e-02 7.591410790468293077e-03 3.220460790709256827e-03
-8.823236664066572699e-01 -1.403511558932455106e-01 -1.206566278832106077e-02 2.044736243772300212e-03 -2.855071815536960270e-03 3.030124247232929800e-03
-1.495177263630482201e-01 2.132448044470070525e-01 -6.711736418112436431e-02 5.668114855487748705e-04 3.001577826297848785e-03 4.731793187527233088e-03
9.695099157206651941e-02 -5.739291851759207447e-02 -3.740779925964395070e-02 -2.495455500362559701e-03 -5.664878510972658210e-03 -2.805345524045987915e-03
-9.954476580982425382e-01 -9.515036746225595532e-02 -2.474429752548876899e-02 -2.250680276564381334e-03 -5.584416440556844510e-03 1.747248983509987067e-03
1.239730651772708914e+00 3.065210348817190220e-02 -2.111795146836668163e-02 7.136681191655347596e-03 5.727063861616211657e-03 -4.508730019909768134e-03
1.627072939039176491e+00 -2.464046214067021345e-02 -1.231664924709754451e-02 -2.016872309058437111e-03 1.779339339360813763e-03 -8.485112456047611462e-05
1.918567311263079667e+00 -1.591748484063190416e-01 2.451853917283218932e-03 -8.301815504929415269e-04 -6.584241480539069265e-04 -1.796716891920359686e-03
1.588170819368644571e+00 -3.269478678730941001e-01 5.160186911122827125e-03 2.824145037216015553e-03 -1.408936917281828792e-03 3.169897457139463732e-04
-6.581819156958305939e-02 3.675694945570046751e-02 -4.894644367595084311e-02 -2.242846257230281509e-03 -5.524002271644794411e-03 2.257260548842976357e-03
2.257944318203726486e-01 -2.922593363156885116e-01 -7.284781040806744858e-03 -2.236102898911620715e-03 -1.492829044616802645e-03 -1.734899986266443764e-03
1.141204713808165128e+00 2.776500343813540980e-02 -2.192929448744098883e-02 2.472235070977727312e-03 -2.907625821547274707e-03 -3.733619246437128170e-03
1.244355537809669565e+00 -9.785575066626064911e-02 -1.568019965081120931e-02 -2.582227847380432731e-04 -2.419051715028376539e-03 -1.716677518045200707e-03
-2.211365353645927123e-01 1.077382593658192667e-01 -5.350831816385520634e-02 -1.973616002090741728e-03 7.172402055318410907e-03 2.558990280017994605e-03
-1.514113431333578674e+00 -4.846934288903227694e-02 -2.153696293753366853e-02 -4.544174643379883007e-03 -4.126496640303417389e-03 -3.140304770559138427e-04
3.258939539674246433e+00 -5.353033333534775590e-02 4.757931371595919279e-02 -6.110474175081682946e-03 7.993361888344448175e-04 -4.628914790535061489e-03
-2.707461681252893104e+00 1.848762465681266787e-01 3.505492687908428467e-02 4.782948224410526377e-04 2.805427680424146808e-03 1.153743866348443115e-03
-2.516325736777840660e+00 -6.570667208749202473e-03 7.337611850293308813e-02 1.682308619821728645e-03 -1.021419761221015014e-03 3.760843201133455636e-03
3.373436989737839564e+00 2.341390764546593950e-01 6.150347766130095234e-02 -1.298390242706273876e-03 -3.533621706229965378e-03 -2.825351593195484304e-04
3.012847078029878833e+00 -1.387084757967307902e-01 3.590587709000805927e-02 2.105717964833447517e-03 -1.457835836765153685e-03 -7.933069155825773350e-04
-7.505722582563092438e-01 1.453573404136031533e-01 -6.434322976042287923e-02 -4.923300585469522934e-03 2.706201513197863638e-03 3.081543849535787159e-04
3.044889544067132636e+00 2.732096935120755243e-01 4.390166430910023149e-02 3.141593113524434027e-03 -3.713032764186140807e-03 3.341963701109641575e-03
-3.565490329358690369e-01 -9.100136779995561531e-02 -3.413119904771063501e-02 2.577517420482250236e-03 -2.153736513755489818e-03 -2.419153410276572540e-03
-2.331898051674825556e+00 -7.772516972635459820e-02 4.787750255866789206e-02 -8.072510177341548970e-04 5.731454301849260406e-04 1.029742480595386426e-04
2.480887318554344745e+00 2.152774446197638913e-01 1.855268602494565891e-02 -2.275033204289222781e-03 5.161992230947265448e-03 -1.299805902668926816e-03
-1.773247116751366231e-02 -1.351497038481483393e-01 -1.801159929619922107e-02 1.559214811407987414e-03 5.212113391044214360e-03 -1.535544209826077318e-03
-1.138264920645169154e+00 1.593648240471098529e-02 -4.701125685633718992e-02 -1.347771937232147789e-03 -1.901399601997198416e-03 -4.138859093301824540e-03
-6.060986307988303068e-01 -3.227555234074207524e-01 4.622216728804298680e-02 -1.714169302420655121e-03 7.312944746086827777e-03 1.847529635080735278e-03
-1.207972595414711359e+00 -8.830460889225483223e-03 -2.903220195280101570e-02 -2.299047017614462216e-03 -3.066740017977169757e-03 2.484556271956778889e-03
-2.626678952742775852e+00 1.065070183773426105e-01 -1.807326563876425485e-02 1.584137998290693818e-03 -1.831369875850499341e-03 -3.883181829157018958e-03
-1.331618294704248084e+00 -3.182849252075566904e-01 8.190154033547371315e-02 -2.402587432607987926e-03 6.689645727070806479e-03 2.482249433878186591e-03
4.387588508618899930e+00 3.533664221997091515e-01 1.122036738931000699e-01 -1.814454848052847197e-03 2.396367522660420527e-03 1.814786260213948135e-03
-4.831052239493172640e-01 1.116037248566184928e-02 -4.390675260941533792e-02 -8.483349272979288317e-04 6.506299499995265353e-04 -2.999412669855322272e-04
-8.908528513727964615e-01 -2.675488782235972349e-03 -3.054815720052760433e-02 5.998916248307872281e-04 1.074460237934123747e-03 2.097149507312255114e-03
2.466759848902502661e+00 2.229274720791753484e-01 2.305868203824483487e-02 -3.999602023490988340e-04 4.779376954435351176e-03 -4.813076391295273426e-03
-3.921543051672582436e-01 -3.714993309727934040e-02 -3.334266942074344542e-02 1.668116202631102739e-03 -1.087357720194558671e-03 3.436135546212032953e-03
2.395035240238800434e+00 -5.859539608130448496e-02 1.313084615610953659e-02 3.177921379925270282e-04 6.898869486575039990e-03 -3.660997147142394225e-03
2.182799135445566030e+00 -3.727306816587995786e-01 1.750001645130720707e-02 8.127051648668287857e-04 -2.389961543493528302e-03 2.659935092708401147e-06
-2.878852260619893411e+00 2.070871648550270672e-01 -1.482217175057819712e-02 -3.072154054435176536e-03 -2.659123503583282061e-03 -1.153178186642679105e-03
-6.181870349315887747e-01 -6.486883843844741537e-02 -2.349176567326856369e-02 -4.709781128114628838e-03 -3.311263118735832851e-03 3.907265159052590586e-03
2.263601143682299810e+00 4.782980453926866105e-02 3.241504461585927119e-03 1.250766281756924376e-03 3.864421844737543307e-04 3.722370543614737879e-03
6.343386281434684193e-01 4.080254522081280116e-02 -3.938136757936773480e-02 1.974113723046938291e-03 1.093463676860991982e-03 4.959111567206664871e-03
-1.548460047839926856e+00 1.960812729171392266e-01 -7.281501961017808333e-02 -4.698125992389984469e-03 -3.736724372488772761e-03 1.280005442070602151e-04
1.708075033805623422e+00 2.340717581130864478e-01 -1.454375995705084121e-02 6.737029586310390276e-03 -4.850550613715772235e-04 2.941890055658930980e-03
2.144727244205168137e+00 2.058113784053474185e-02 1.606640910153144365e-03 -1.196404884743999461e-02 2.055112075386875559e-03 -7.135265340699861779e-04
1.482416911634363288e+00 -2.839428468714329523e-01 2.584491136281605317e-03 -5.414863960117648374e-03 1.495019530993200139e-03 -3.064594300201440441e-03
1.100034430376613193e+00 -1.227028486116382849e-01 -1.517944916664449445e-02 -3.944799384851417796e-03 4.993126512957414033e-03 -5.010169942795046974e-03
5.279888471197192734e-01 1.295932885256506073e-01 -4.493806333263219294e-02 3.313568116430205780e-04 6.714058799804705283e-03 -3.932812227152681153e-03
7.655171218897125485e-01 4.339999966366833717e-02 -3.413674839886652462e-02 1.264884072224930003e-03 -4.145202317971218541e-03 -2.865102124696820157e-03
-5.126971853095330794e-02 -2.185442100962716461e-01 -1.337548750604985494e-02 1.381973359308513814e-03 -2.561177401878757254e-03 1.962041507342197639e-03
-9.832471054812184086e-01 -4.920415741878885613e-02 -1.796735468734734359e-02 -3.621167703245272134e-03 1.752927564568073976e-03 -2.704765545727428884e-04
1.106407263297918275e+00 -3.668348142870558187e-02 -2.403145217025962066e-02 -3.114245376199999832e-03 3.333210131884007592e-04 -2.592969087490845537e-05
-3.579869479052181447e+00 1.143583122947310210e-01 1.989857937407073507e-01 4.307675957664959879e-03 1.707763024231101880e-03 -1.669891570511473087e-03
2.213531737329394122e+00 -3.236010151383132971e-01 1.569127896934783412e-02 3.246803528049882395e-03 -1.934513755726975041e-03 5.208892573865141944e-04
1.206285709907861436e+00 1.704584124842526693e-01 -3.278941005541113896e-02 1.860609417038996917e-04 2.022802354930118476e-03 2.779818677523147267e-03
1.728886389529894041e+00 -7.197348641814058090e-02 4.932067341569334822e-05 3.135804623699112604e-03 -7.575957643123077713e-03 -4.408157033404224052e-03
-9.717653756004660526e-01 -2.719854440941829946e-02 -3.437654950926951475e-02 -2.999318959739249394e-03 -1.358718460356096421e-03 -1.351637164238173776e-03
-1.473919963884961215e-01 2.668771096077458480e-02 -4.394912954218482132e-02 1.923718977850984472e-03 -1.331615503653450295e-03 5.420835192776721385e-03
-2.886627495484560546e-01 1.404445858000100134e-01 -6.018060427331464735e-02 2.698250791903171204e-03 2.133672728736823575e-03 4.029481013597977467e-03
-4.986676976053994736e-01 -1.369765610604373463e-01 -2.424691796080776299e-02 8.580179499344555132e-04 -4.379864522129414163e-03 8.594182749772137728e-04
-1.638398622776249702e+00 6.293677688992023456e-02 -2.734330666990719694e-02 -7.371751466944637208e-04 -1.522159320817811695e-03 2.198061523533214028e-03
-5.028663882773418692e-01 -3.565097507188277198e-02 -3.037945241955991929e-02 -1.230408715784850554e-03 3.749676423792392636e-03 -1.217594953972960751e-03
-2.643156120699713049e-02 -2.824278262288732466e-01 -1.025499440136704889e-02 -4.115605082108892213e-03 -8.044578672914436991e-04 -4.294225891786515766e-03
2.646512862143469924e+00 -1.419189864310350380e-01 2.270437108884475891e-02 -6.324518140908175212e-03 -4.097575875753612859e-03 -1.313089239457693614e-03
-3.614131009885107604e-02 7.918489744899398497e-02 -5.299714650459156490e-02 9.241077284226507232e-04 -2.682631750440647549e-03 -8.268977130047001434e-04
-1.229307478175503121e+00 -1.835610005828185731e-01 2.990499196774458468e-02 2.901210875273724579e-04 2.118159013394116646e-03 3.126318625132588382e-03
-2.333153482928614908e-01 5.695748119751761762e-02 -4.571562272557009449e-02 -1.718880806564612295e-03 3.546420354649536515e-03 2.212579882465454985e-03
2.175897123143894496e-01 2.501259291586502634e-02 -3.973370870247119879e-02 4.122373126557086348e-03 5.676210933210974752e-03 1.786797266192353007e-03
-5.692033341776200350e-01 -2.129385143233746558e-01 1.281341963004397309e-02 -3.444473224687462083e-04 5.482892937119898669e-03 2.639105555922861119e-04
2.720019876390137537e+00 2.441238513286482781e-01 2.245605863233181287e-02 -1.753153781872460529e-02 7.011625410717842177e-03 2.031405606913674715e-03
2.291433277992128037e+00 1.570092189571270780e-01 1.455669653819338487e-02 5.600868477043537651e-03 3.400538831306365150e-03 -4.557675793573715169e-03
6.959069296052466632e-04 -7.013445986733699011e-02 -3.028214921081013450e-02 -2.153839930570031734e-04 2.624923743602886115e-04 1.743978481574305801e-03
-2.238655614042370789e+00 6.360704401006657405e-02 1.205276641237859603e-02 -2.096113779060828144e-03 -4.239707309680127031e-04 8.248539580029676027e-04
-1.232310099574912110e+00 -6.200586063591057018e-02 -8.912088830019222058e-03 7.179909359142464410e-04 -1.678606265322080300e-03 3.725217619679873238e-03
-9.105371232637673451e-01 -2.413424742984663363e-01 1.865859991844856861e-02 2.082596716426953713e-03 1.686291166251977598e-03 2.026405249020918255e-03
-1.871928031252972247e+00 -1.003767099477093638e-01 4.520832607679692305e-02 7.801305691200123473e-05 1.083613806089427176e-03 2.888735411513367567e-03
-1.855115753990556060e+00 -1.047611456267923541e-01 2.932280294569813636e-02 1.017951696456840345e-03 1.672669618825565118e-03 2.446856793073119186e-04
-4.076500074744499047e-01 -1.933981867561106738e-01 -1.230649006579938656e-02 5.197082674969501735e-03 -1.098459561364354938e-03 9.547983087794746204e-04
2.514886938873350353e+00 5.989844206044882963e-02 2.226163208824910936e-02 7.329835759509959088e-03 -9.331356597751843318e-04 -3.232633240151762139e-03
1.424537647031526078e+00 -1.872230276973261553e-01 -6.395065720305586135e-03 -3.514629004911377311e-03 -4.401899927892492792e-03 -3.089180575982185522e-03
-1.012446142709911623e+00 -1.004501355289553755e-01 -2.623749710333267426e-02 3.352340992944273041e-05 -4.398939428825957530e-03 -3.915671501108463742e-05
-4.896399079935327414e-01 -1.906220144285696860e-01 -2.766983628971525673e-03 -4.098284486343207675e-03 4.027089616276185655e-04 9.321890802098391389e-04
-1.559497033106558961e+00 -1.407004320798362247e-02 8.821770449765684377e-03 2.610225028545101050e-03 4.177103591850872717e-03 1.153170451920960309e-03
2.726485045594992732e-02 1.049943697374033369e-01 -5.513872190252007421e-02 -6.882708119838864278e-04 -5.120477432488723668e-03 1.803548082687837784e-03
5.614861807726120313e-01 -2.584876883262977043e-01 -1.119434397029946647e-02 1.336836589628387882e-03 -1.052678023072526562e-03 -2.023331302736460207e-03
-9.323131200707203137e-01 -2.503147437518870588e-01 2.621432389400642562e-02 1.757038289121733545e-03 5.473801091865785305e-03 -7.991656463101767197e-04
6.626665629013096526e-01 6.228840545786664545e-02 -3.900139139700745106e-02 -2.511349439325415850e-03 -2.146882640523275609e-03 -1.482757634217333077e-03
1.893945461709785505e+00 1.206624065663235157e-01 -5.137933859023267359e-03 -8.683445287654195308e-03 4.127007180044856872e-03 -2.880934527886282355e-03
1.676039718510265175e-01 2.040845035887250622e-02 -3.966723771447284996e-02 -3.584881481980853064e-03 6.136413362339808615e-03 2.147944686103692678e-03
4.572661491451884275e-01 1.023954716614247640e-01 -4.372650748072566540e-02 9.918713390354278424e-04 3.852755818491602428e-04 -3.720102535075888416e-03
-1.974193170768925309e+00 2.280796159918542509e-01 -5.062472385114515777e-02 4.892301669808264350e-03 3.904638818362143882e-03 9.473074980976229232e-04
1.036081628387256259e+00 -3.865566840219345490e-01 4.845458754032046407e-03 2.269436660428828488e-03 4.427588212713322096e-04 -1.739742446080140721e-04
6.630619288104306897e-01 -2.625723544193881986e-01 -4.318671865952358052e-03 -6.142770124939465545e-03 -2.466720665114147289e-03 3.085509527736594610e-03
-1.490227144572797480e+00 -1.227173899550327296e-01 1.838589716319027553e-02 -4.436526347623658256e-04 1.852940675457220941e-03 -8.023401049641595622e-05
-1.978321761987886562e+00 -1.613481972577855417e-01 9.381530930769733934e-02 3.100362176012838318e-05 5.602554837061935432e-03 1.610812361113201285e-03
2.471965050597039415e+00 -1.349223134617661690e-01 1.734350483447886712e-02 2.829395210724125823e-03 -2.978036122675995975e-03 -1.253218857203157585e-03
-6.446176403426611135e-01 -1.260825137024820519e-01 -1.752918690801964080e-02 1.292044906789386206e-03 5.418072185027457887e-04 -2.036750861885909362e-04
-2.289377684062522178e+00 2.116772828773295576e-02 1.187128394969358403e-02 -1.468827795340644929e-03 -1.199313833760150304e-04 -6.937464314472895381e-04
1.578127476497616977e+00 -1.825148922969685450e-02 -1.128152049636292099e-02 6.849347191160730895e-03 -2.119490348166908848e-03 -4.365081006228085361e-04
1.282585583464461720e+00 1.333674713838938486e-01 -2.396380820655588662e-02 7.571761181657385084e-04 3.265148266325387794e-03 -3.396800207824022914e-03
-3.314038906556694641e+00 2.444043787271210355e-01 -1.665419029731797507e-02 1.089745681115610347e-03 -2.414492913746203555e-03 -4.443594762230959269e-03
2.211767414355607642e-01 -1.920447849609633328e-01 -1.332265763331862488e-02 4.658720213413571412e-03 4.338936044351195294e-03 -2.690499322408506418e-03
4.815386112659004736e-01 -1.707863308871751529e-02 -3.280106233189768877e-02 1.445480996624813239e-04 5.322107429390359606e-03 -3.139871334018497998e-03
-3.174869957490471961e+00 2.200577893339986657e-01 3.777757368994536652e-02 1.637146098509293518e-03 9.715093146740488199e-04 -1.523530653148818820e-03
-1.734241677953919369e+00 -6.651770483731984582e-03 -2.790863045886434607e-02 -3.080730281560161094e-04 -2.152070127997310952e-03 -2.565229668650326113e-03
1.850390158803419061e+00 1.034134071968686314e-01 -1.037701574788463602e-02 5.991201081546386649e-03 4.615063744549320612e-03 1.905350671629174684e-03
-5.882491431836718299e-01 1.596714661968359761e-01 -6.586887527180976254e-02 -5.522700858414927860e-03 -8.737181970994014691e-04 2.103228253214283697e-03
-1.939743930702603425e+00 2.305485467200909799e-01 -5.900898667706062917e-02 1.625680612777303949e-03 3.193121435150304832e-03 -8.957553695165093284e-04
