4.737247654449279644e+00 2.679794773529248775e-01 9.970929956274418582e-02 -1.254206090460400873e-02 -1.261661949345654682e-03 1.567754133177822048e-03
2.936815491936805023e-01 -3.103436587765684984e-01 -3.924098239838238675e-03 2.236767034247656976e-03 -7.231449760243666884e-04 -1.760778073353723222e-03
8.573952299609973737e-01 -2.900293438312856790e-04 -1.980968869148176312e-02 7.255906266551098369e-03 5.663771707074004118e-03 -2.784068464871925028e-03
1.441531001864714723e+00 1.018054163446549393e-01 -5.610747008464888642e-03 -1.372650485894659792e-03 -2.414372106107902111e-03 -4.268221310736590966e-03
5.108599361945557193e-01 3.081774926527838104e-02 -2.648983276848514493e-02 6.798110320847573773e-03 2.507365330140355706e-03 -2.461244783857890507e-03
3.739111545812192627e+00 1.672866758797352249e-01 6.424634476273705097e-02 1.827664653107649237e-03 1.995505990387692712e-03 -7.851517440842497187e-04
-2.458425856800339648e+00 7.324610301792397991e-03 3.947280461098432586e-02 2.695076656541962531e-05 9.783999915699051995e-04 9.411815974693632904e-04
-4.106245596173072054e-01 -1.109248485920263927e-01 -2.196693625012390710e-02 5.485429511128331933e-04 -4.680122794276789407e-03 5.114084605590034577e-04
-2.865598410161144041e-02 -1.304256281593554889e-01 -1.500153069013060274e-02 -4.259576521323065173e-04 7.722764254667970757e-03 -2.640142769274662904e-03
-3.297475801622341773e+00 2.570780813362110728e-01 9.933739426056236322e-04 2.543501564334906592e-03 -6.600005273586086012e-04 -2.671095361946115073e-03
-2.784208586913802463e+00 -1.979079057411475221e-03 9.674793935441211579e-02 1.502693584813083851e-03 1.808841464979307929e-03 3.565561629567796410e-03
-1.857844542242181429e+00 -5.962197365478978661e-02 2.360586708231143804e-02 -2.176073381555555970e-03 1.939969110344220678e-03 1.748385086721833577e-03
2.057358274640602946e+00 1.852447966347914587e-01 7.706237588712651007e-03 -5.486332708840966840e-03 -7.280170772619637409e-03 -3.939122761044283345e-04
2.716021167079435195e+00 9.442966539922434399e-02 3.432492938991192621e-02 5.044702487952306032e-03 -3.931085475129768281e-04 -4.950702861232711416e-03
-1.070700003907884001e+00 -4.085027743782559256e-02 -2.363393831912314128e-02 4.315373958640251334e-02 5.333891776469890447e-03 6.579565590002374974e-03
-2.685577088284728742e+00 -3.192372940760713346e-02 7.888136821651428598e-02 -1.540240394101502312e-03 3.638920726401746394e-03 1.600193648426365036e-04
-4.087572522749919557e+00 1.883599863234398375e-01 1.283617066606052293e-01 -2.702937990734998892e-05 -2.355492291484542495e-03 -2.690821566187951916e-03
5.185803116025948789e-01 -8.937011564072318281e-02 -1.994089951026970994e-02 3.028362564427719995e-03 6.904989090527111247e-03 -2.743019559844004241e-03
-7.438451902124465498e-01 -7.287133986447114076e-02 -2.224444970298398300e-02 2.421621371500613795e-03 -1.445575516812392736e-03 -3.751528838323100351e-04
3.692403369695094195e-01 8.012645605018794970e-02 -3.062275852377920396e-02 3.354974241311108399e-03 -5.241951823416371963e-05 -1.935204666367368884e-03
-2.966116752768411802e-01 -1.163342506088128198e-01 -2.128313043877855248e-02 2.708709096630866620e-03 -1.967277225915064348e-03 -2.992047359264297414e-03
3.817687519235265281e+00 8.676599651244888689e-02 6.542568960226756436e-02 7.070469738350837301e-03 -1.330177958947933526e-03 5.228837189452654370e-04
3.445643422241014608e+00 1.270812783074815391e-02 5.117274404433491686e-02 -3.945254938513624923e-03 1.542590101729031436e-04 -2.961350922714588944e-03
-6.855327798273098683e-01 -2.933841903100463666e-01 1.741342018981113099e-02 -2.381006275101455686e-03 5.222566866569248317e-03 -8.878598353542386471e-04
6.577418568351800499e-01 -6.611746824482886420e-02 -2.047161400419570190e-02 1.349451961427069785e-04 5.701271700142855961e-03 -2.204457323987348612e-03
2.255269357550532039e+00 2.820040981199103958e-01 1.013138749383970041e-02 -1.482537392598621585e-02 8.121957893000519846e-03 -2.988798051602868005e-04
2.276819324091453045e-01 -2.469801527889709664e-02 -2.740336657607496743e-02 -3.149705387398027325e-03 1.225247498696895899e-03 -2.017656021617283101e-03
-1.821306206268588745e+00 1.736563353206701799e-01 -3.841503427097514578e-02 4.191350167068216837e-03 2.180804438117290439e-03 5.979167637380695174e-04
1.700857020804531938e+00 9.256155806406335396e-02 -4.151827562683700276e-03 4.884224714685461363e-03 -6.322745612702937272e-03 1.996925026892807948e-03
2.260262542006596487e+00 -1.952106345123331976e-01 1.359120573954588664e-02 3.212462454280465805e-03 -4.825082232464351223e-03 5.715796284846062737e-04
2.079414768645551082e+00 3.063180816498185452e-03 1.352843426009528102e-02 4.594618816672757923e-04 1.606647757480134282e-03 -6.723674775594787843e-03
2.710240805909339912e+00 9.578720373920761311e-02 2.526888584501285617e-02 -7.074509055233864016e-03 -4.635073264764462929e-03 2.652776628058214729e-04
-2.294380317409225434e+00 -2.963320573006516037e-02 4.113462895885786758e-02 -3.123170391912364740e-03 -1.078391503049567086e-04 1.512925927756191566e-03
-8.459349200777667166e-01 5.420164290633566057e-02 -3.683059685555622326e-02 1.745842059798534884e-03 2.063659355052342367e-03 -3.857473938685406249e-04
1.481288808217539277e+00 6.688851878947277285e-02 -8.897650292266837471e-03 -1.370324277983917590e-03 -8.713777358117867633e-03 4.065606346373419025e-04
1.748410700429807951e+00 6.432524026420692598e-02 -5.701588294494454486e-03 -4.606194018767393109e-03 -5.323703555930437044e-03 1.427133146673199545e-03
4.590414097885563982e-01 -2.908549499921371240e-01 -5.068723349494077580e-03 -8.700877904953541447e-04 -1.394120204824385312e-03 3.560277211102304187e-03
2.295812956764420321e+00 1.600295259600647557e-01 7.464925087218541276e-03 1.357871291020288241e-03 -1.585650181380579690e-03 5.317638512224900915e-03
1.452707468784541600e+00 -3.218404857835857613e-01 1.258031950529875679e-03 -4.274126564687571496e-03 -1.213264051103776298e-03 8.981573153558108685e-05
-3.676574157242234797e+00 1.522788454514246992e-01 5.995682857005047578e-02 2.218865733205662404e-03 -3.527338434822056487e-03 -1.675728427555884170e-03
1.732896309829646597e+00 1.483282076023543783e-01 -1.091901824763152028e-03 1.255150789936027630e-04 -3.079132973050101914e-03 -5.171065607310639358e-04
8.331986585661149691e-01 -1.291377321145196211e-01 -1.758857239265544312e-02 -2.419926388154689141e-03 -2.070692704604394641e-03 1.969712310919059361e-03
-2.674182620529218291e+00 2.302836935922328299e-01 -2.473688366945062805e-02 2.504270436540215281e-03 -2.697797592733126946e-03 9.266916695545867905e-04
9.776551665844117611e-01 8.698593417395431709e-03 -1.421615522778983155e-02 7.244951873078464468e-04 -1.907616766869900914e-03 -4.264632565701184652e-03
-5.601818262492461731e-01 -1.089095938310856576e-01 -1.684760416311288297e-02 -4.343915555533961990e-03 2.529322607539894342e-03 -3.477393405087205597e-03
1.613140728301310167e+00 -3.551056193045893511e-02 -4.818733268506998277e-03 1.929576283142209452e-03 6.572721683860303574e-03 -3.701332597309609212e-03
-8.073072464917010471e-01 -1.375885373725775074e-01 -1.589936029750577476e-02 -2.102102096765677292e-03 -2.454026340447843305e-03 -3.681003648206840600e-03
-4.328476483620323223e-01 -1.091094100902677694e-01 -1.766500279077944449e-02 -7.930590385839316608e-03 -3.635815483509053682e-03 2.866254078695306719e-03
-3.718861019259970924e+00 2.982761025292527957e-01 2.777655910447835580e-02 -2.918042173483939919e-03 -2.699420178763687565e-03 -3.138212784563009644e-03
-2.105906740079059425e+00 1.830087486862213286e-01 -3.563639892486815397e-02 1.626001378072194610e-03 -1.717042075117839904e-03 1.216032661624843374e-03
9.446522770593581697e-01 3.194170018836688107e-02 -2.642304735808028923e-02 -1.328505696613323239e-03 8.351955881205814364e-03 1.147952618243745955e-03
3.541290493569672293e+00 1.412133470562415005e-01 4.914158595193000856e-02 -1.240502560288278024e-02 7.421496254004727273e-04 1.942949729445012878e-03
-3.252232609452181400e+00 9.937701726622687193e-02 7.742573382782695635e-02 1.142980599680327135e-03 -1.286341021857778048e-03 9.962903351768473675e-04
-1.387809827476477187e+00 -1.150501819443605633e-01 9.769412161790749088e-03 -4.241845694164806529e-03 3.962928343749550636e-03 -1.390280115622983658e-03
-1.006795324512510664e-01 9.369924671961323351e-03 -3.041823511620762518e-02 2.865832526876914942e-03 -2.274820258818872464e-03 -3.016541894233913668e-03
2.354103730436098552e+00 5.439843627245297131e-02 1.695363841243627268e-02 -1.740271473354019821e-04 3.127637845102915551e-03 -3.114016884556697253e-03
-1.101834518533036045e+00 -1.031631221199790366e-01 -1.590948080912386181e-02 -2.263277022860979773e-03 -5.645139892488711814e-03 3.572386758761494376e-04
-5.678373802337256526e-01 -2.176514287590913810e-01 -4.209601067311592379e-03 -2.994957160179274273e-03 -2.775609477489401813e-03 1.996688347595989687e-03
2.044396427527051863e+00 1.662586791898684399e-02 1.358204164698667386e-02 3.799050260478134284e-03 -8.925634263545388636e-03 -2.708304768002866951e-03
-1.481412945514753776e+00 -2.206330811242862844e-01 3.796681287480088707e-02 -3.074330484170456450e-03 3.656407782972291142e-03 1.704614884762455703e-03
-5.536750487314687774e-01 -6.406738747703123737e-03 -3.237400768847836785e-02 -3.596194203952979545e-03 -4.470823924255166830e-03 2.106613600291021120e-03
2.903051770988911873e+00 6.672668817115667839e-02 3.965317700544730706e-02 9.066075882240634543e-03 -7.208957075272395300e-03 -2.325190512230826748e-03
1.391760429169202284e+00 9.488844118437819719e-02 -9.669057046939197320e-03 -1.970959447110700832e-04 -6.703815883786230084e-03 -1.021032975823755193e-03
2.778070879890744305e+00 -4.547497990902735036e-03 2.610065664841225777e-02 6.824602941554067277e-03 5.920710438873298849e-03 -1.388129611999475719e-03
-1.774574260477427945e+00 -4.785190158287052492e-02 1.916216824826634524e-02 -5.133989810194809940e-03 -1.023976992323811320e-04 2.951297941558209733e-03
-9.044204258678351094e-01 -2.080033362365597271e-01 1.581487210516731128e-03 5.779388671114844573e-04 7.612933338059737652e-04 1.886183225489108006e-04
2.118192840842288316e+00 -8.906098492854151727e-02 8.801517191731143136e-03 3.634292996949005893e-03 -3.516666558648551353e-03 -1.059267563314831868e-03
1.596223251665519927e+00 -2.913091260024437412e-01 3.361094941913621119e-03 -7.320653710946103954e-04 -1.998149972284608139e-03 -6.049884103172374237e-04
2.744822956747481335e+00 -7.793332825264559505e-02 3.188888289201845250e-02 1.975223519728044799e-03 -5.839885458883082962e-03 -2.744975633518944528e-03
-1.034966470804011239e-02 1.751512318220287967e-01 -4.630725618542477079e-02 -1.611912822769009891e-03 -2.731939076050449427e-03 2.528256642786018849e-03
-2.147496976933653379e+00 -2.208263338998197461e-02 7.326092695048746183e-03 -3.468451281315516888e-03 -3.559227286208815639e-03 -9.368534137308493231e-07
-1.658082864533418244e+00 -5.867164246443525716e-02 -1.635449735422726163e-03 1.700697309208080293e-03 1.809718592846600461e-03 -2.006169250068659277e-03
-1.976764013066442116e+00 9.039206825135859269e-02 -2.261788245025535618e-02 2.706642018527009343e-03 -7.298324220316471794e-04 -8.405268186794098229e-04
-3.550299602470877058e+00 2.036732382826877963e-01 6.334940045007460274e-02 1.718840545229988670e-03 -3.848092689768938261e-04 -1.679618944075430154e-03
-2.671375440604725426e+00 9.408896908860860109e-02 1.485874935339374057e-02 1.453105899566885933e-03 -3.495096937216658935e-03 1.188551218075233149e-03
-1.159737096771488396e+00 -1.058812610077023847e-01 -2.767198999231620417e-03 -3.129521546691252723e-03 -2.377389860383861530e-03 2.978934413219754343e-03
3.759470359093446956e-01 -1.025606995716343665e-02 -2.470733062644629371e-02 -2.388368711504213707e-03 -6.598069121849725431e-03 -2.696173847739231303e-03
-3.556668539265960050e+00 1.479131528061992662e-01 5.016093434057490585e-02 3.859002123375549192e-03 -2.439488444727220401e-03 -2.534046100216970441e-03
-1.152620050889123338e+00 -1.876589972159715125e-01 1.843186080700549021e-03 -5.322092124093865881e-04 -5.271935925571975563e-04 -1.315015899860732477e-03
-1.492257936278773567e+00 -3.502981684125876238e-02 -1.008289154522541524e-02 5.814626561090379059e-04 -3.594130694338450085e-03 3.031863562158385907e-03
-1.692027064974621631e+00 1.568257170492750596e-01 -3.715911763621679298e-02 -3.996443925503578853e-04 1.746721938167113781e-03 1.897225805376381467e-03
-5.430980234007354301e-01 -1.467110755688772750e-01 -1.659704511380287115e-02 -3.086875738339130929e-03 -3.492933098050110281e-03 -1.661737972004255666e-03
-4.730038304894373269e+00 4.366926458079450346e-01 1.133980428745184760e-01 2.325797058518670486e-03 -3.993620600812075247e-03 -5.223251299184551201e-03
-2.381389395216714000e+00 -6.766088062824453936e-03 4.671347863029142594e-02 -5.088268941857456568e-03 -1.078137566373907254e-03 2.676382559468218868e-03
-9.306837595428938403e-01 1.289402540388237539e-01 -4.236746930237153541e-02 -4.586787437244143825e-03 5.981538900623638820e-03 2.016796188542071665e-03
5.662674993154614977e-01 -6.342459633591153445e-02 -2.463799830856812020e-02 -3.306506576772051415e-03 -1.238912345729996714e-03 1.450342042881319887e-03
1.451923549421152426e+00 1.738314998304625603e-01 -1.759099446564649227e-02 4.147354753852174059e-03 3.856737987815485932e-03 3.975734272247801425e-03
-1.979709787844896152e+00 -5.039408151492664328e-03 2.306863743482434961e-02 -5.949471738764378244e-03 4.063030986940819461e-03 -4.218999479776365416e-04
-1.238681103946414286e+00 -1.068439868476553645e-01 -1.182785039225676613e-02 1.805682997671983732e-03 -6.090527531275946940e-04 -2.877380838795608187e-03
1.231663562966437420e+00 1.536681827215447549e-01 -1.989651271336694005e-02 -3.895830790373475084e-04 1.013964023079731019e-02 -1.388181534699702100e-03
1.490481954827176936e-01 -2.376399340754631884e-01 -9.732595606736752988e-03 2.114209233845769278e-03 -8.705082056595789741e-04 -1.257808567503151042e-03
1.078657059617307290e+00 -4.013858855938959302e-01 4.312562936904610136e-03 2.645676908781168716e-04 1.840510583145729684e-03 8.466890547541024810e-04
2.250819472230847773e-01 -3.694743281135492996e-01 7.137594549308835974e-03 7.462876278904645487e-04 2.097945137652342147e-03 2.254023908315819658e-03
7.961504400338859089e-01 -2.101106321148140527e-02 -2.414650013296492509e-02 7.690903432854994705e-04 -5.881702346223231445e-03 2.175692889059063252e-03
-5.097738795295092551e-01 -4.433278585759562948e-03 -3.057148818013243063e-02 2.810425902359873530e-03 1.116826104754907673e-03 2.294775395188029202e-03
-2.769105543147842408e+00 1.840519099486449470e-02 3.591820871244703200e-02 -2.527336165690609922e-03 -3.165134183151965819e-03 1.132293817369083288e-04
-1.347034071790402576e+00 -3.390550114414322969e-02 -1.992273674702581959e-02 2.328472730944909901e-03 -1.575276136103207934e-03 -1.540670893369224794e-03
4.501194129232782615e+00 1.130964896163506733e-01 8.788612100323564547e-02 4.176236313936334231e-03 -1.604247587211924102e-03 1.869755139194717239e-03
1.542000399992722759e+00 -1.782321009293390268e-01 -4.722232240892730061e-03 -5.003480785676218782e-03 -1.509000068030248948e-04 -1.133779424192759167e-03
2.387428038441584466e+00 1.716362971973790785e-01 2.284544712872556629e-02 7.540749569062281691e-04 -2.901022238814629159e-03 -2.867182668332563574e-03
-6.823981466416350061e-01 3.131163897839592258e-02 -3.564753141797068897e-02 -6.236793997063878534e-03 -5.007577403195274078e-03 1.539508677571298310e-03
-5.435874294870162160e-01 -3.397917114657090787e-01 2.226873365829785262e-02 -4.255650628589057252e-03 4.239583690312121594e-03 8.429290887751793391e-04
1.707524699360799328e-02 -1.689318789413348509e-01 -1.602601766480060350e-02 4.793836216339058751e-03 9.444191269645719382e-04 -3.545156957356149479e-03
2.365767533446760940e+00 8.615265755932867420e-02 5.806172172138581236e-03 -7.868065706234488033e-04 8.491160590877984762e-04 5.785703449836523612e-03
-8.542922638929182355e-01 -1.065627120248174575e-01 -8.713365703724142153e-03 7.967742930856456900e-04 5.420599390542324078e-03 -1.019949022422352415e-03
1.111785092785098072e+00 6.557688595359051353e-02 -2.756973757850450166e-02 -4.089826514510982829e-03 1.933424949204257939e-03 4.776216109336155376e-03
-3.291608749858236038e+00 1.714082558325507322e-01 4.184345755273822381e-02 3.955363446976672623e-03 -2.591093270410132262e-03 3.207545364491311821e-04
1.447897158811838336e+00 -1.621122794082119623e-01 -3.004365618743720916e-03 -1.602799870975785005e-03 -1.313288762977076612e-03 -3.403983044407430606e-03
8.609174479951082759e-01 -1.561298257381538157e-01 -1.426745086035226782e-02 -1.504604083658698339e-03 -4.702285359916921412e-03 7.317825915330443843e-04
-8.007628599077969422e-01 3.729138196217485907e-02 -3.224705400750487588e-02 -1.246341438973605715e-03 4.083068585574334275e-03 1.924655777834752713e-03
4.742959648630301062e-01 5.478759708958871877e-02 -3.191703806685133177e-02 5.610961602770727676e-03 3.360701824560058046e-03 1.112149619848550952e-03
-9.905300661652883809e-01 -8.103847365124400293e-02 -1.586602660917930951e-02 2.935146895906617145e-03 1.693652216912928509e-03 -1.947241699640939530e-03
-5.106709644045480667e-01 -2.823224036338533027e-01 9.711962618984989332e-03 -1.390728914727700199e-03 -1.343507978541367751e-04 3.696843579751119945e-03
-2.389703435818674171e-01 7.599819748669416064e-02 -3.941103334643009104e-02 -2.236804441802862312e-03 5.971371854597912893e-03 -7.999482933800410511e-04
-3.581012732835417434e-01 -3.180711740048289271e-01 1.180040369801850422e-03 -6.533072478235607159e-04 2.094403757732458537e-04 -2.019440121255010757e-03
-2.609553631182107036e+00 -6.170035329088694592e-02 1.111139503399346806e-01 -2.563605791222163359e-03 4.258510580501954738e-03 3.266422794032274556e-03
-2.251941179142497695e+00 -2.537256616758667982e-02 4.140704820733274311e-02 8.586858601778095442e-06 1.922010914961166548e-03 1.509147079858936700e-03
-1.419900883673347991e+00 -2.267875126461939839e-01 4.481799198770713977e-02 -7.074592277003493700e-04 7.341295611700872532e-03 7.325541159916786711e-04
3.048380541311121128e+00 2.067810138152677002e-01 4.014673840620310019e-02 5.786219221410689693e-03 -6.803945840898375499e-04 1.509706133064977855e-03
-2.122005534960056394e+00 -6.817431702356410717e-02 5.381955509529896819e-02 -1.055051099544110360e-03 1.803238595737731258e-03 3.659741601184932774e-03
1.996957182229296135e-01 -3.058251649843087283e-01 -3.983997834880495005e-03 5.596292636267567386e-03 -4.295256439302197926e-04 -4.449099707424983806e-04
1.846084589790815134e+00 1.345565548259214372e-01 -3.544298466563300561e-03 7.571093036903643646e-04 1.063336142362338206e-02 -6.517029090729055917e-04
-7.517440543298308242e-01 -6.428725888592906612e-02 -2.366573838599158111e-02 3.293936270692898998e-03 -6.813113171446180856e-05 -1.707155360689652972e-03
2.355979989804219077e+00 1.847142703366232985e-01 1.910054661681639954e-02 2.313026964040308230e-03 -3.005844905149926936e-03 -3.303981484826958958e-04
-9.588208115354296401e-01 2.375828176290264715e-01 -5.951481746905391140e-02 -5.919914022828826148e-04 7.050315992333882579e-05 3.448280930333837060e-03
-1.805476061480940086e-01 -3.756865774555595006e-01 2.000073329533186631e-02 2.065666629513032704e-03 4.140113295532433547e-03 4.480745906443343515e-03
1.352526586138092235e-01 -1.140287154967302152e-01 -2.081576405667881144e-02 1.139377556983429442e-03 2.054451446296878033e-03 1.179828618524119679e-03
-1.009781829149471566e+00 -1.373811417564064774e-01 -1.226697603137406022e-02 5.950508806697122482e-04 -3.050536092266899809e-03 -5.544437469659371873e-04
2.850044592321491876e+00 -1.895984043582133183e-01 2.932326310252898402e-02 4.981151839801195233e-03 -4.031974440723153953e-03 -3.070028571173256948e-04
-3.745718499407046931e-01 -7.760798086274127427e-02 -2.330031946786487868e-02 -2.132391560295606529e-05 -2.270254985472035226e-04 3.363245726072700719e-04
-9.198340240777407306e-01 -2.090672020079918370e-01 1.463474692520958312e-03 3.066156216625535655e-04 2.241222976114210907e-03 -1.381204060475360639e-03
-1.049248091266792304e+00 4.115029112211218698e-02 -3.322291863888950092e-02 7.602166278690305036e-04 -1.037082797105695620e-03 -1.038824895461634137e-03
6.910403106654310346e-01 5.701135520813543217e-02 -2.935126352557259830e-02 3.045666780304047763e-03 -5.110656426818856830e-04 2.741906561319631952e-03
1.647091420071920220e+00 -3.342535420493782366e-03 -4.147391745183341520e-03 7.604161101073535732e-03 -1.901461814591039710e-03 8.055463269882792016e-04
-1.496375555019766046e-02 -2.995240048131881383e-01 3.877505119866698005e-03 -3.036000457305447486e-03 1.372885050230260827e-03 2.216146575583880472e-03
-2.128342369751728302e+00 2.650908423999051577e-01 -5.486527508702269268e-02 4.148488881978792606e-03 -1.942045725147225786e-03 -2.004656121560008700e-04
-1.121799947727856628e+00 3.195910297383376397e-01 -6.878684228393330824e-02 3.428971646085932860e-03 3.366281871303773536e-03 2.790710011792489793e-03
2.808709113757174691e+00 -9.627425233296023344e-02 2.590950209760952555e-02 3.979304865387525876e-03 1.021331082771771530e-03 -1.642260139461940627e-04
6.665195691654510757e-01 -2.703433732667201439e-01 -6.525594366364326042e-03 -2.298362949580664508e-03 -1.124449211816911688e-03 8.334770105729816204e-04
-1.850933444248205717e+00 -1.278954705737606057e-01 2.536262516385051971e-02 -3.870760962353457339e-03 6.465953958861936444e-04 -5.498546392042027086e-04
3.409346971194359366e+00 6.019404119341002085e-02 5.615150812733320229e-02 8.105685127483550686e-04 -9.214225504288776902e-03 -2.272847712418595619e-03
-2.903003198299618948e+00 -7.417152345709519812e-03 7.014693142628369849e-02 8.904323185545062616e-04 -7.369104501439162997e-04 1.183610141927523641e-03
-2.547785679315603069e+00 7.329355264441782258e-02 2.563567323230718335e-03 1.281666273060930736e-03 -2.287422775761791070e-03 -1.324870889407415682e-03
1.476408533858510452e+00 -4.566438997512136527e-02 -7.687575283463455277e-03 -4.725764204644264561e-04 -3.444760886092401112e-03 -1.189523472439319709e-03
-2.020893293109593980e+00 1.478586189797151118e-01 -1.991660634152245604e-02 -2.994357654311604472e-03 2.491120619183321682e-03 2.833430717906210562e-04
2.728442181631455909e+00 9.957576591033358293e-02 2.586044991517844754e-02 1.463135685509996163e-03 2.602829301109672866e-03 -2.631577451640946825e-04
-1.769468298398128692e+00 1.603490409675504061e-02 -1.943717039138613892e-02 -2.059471653838897739e-03 -4.514511032150097386e-03 -1.243416097115935528e-03
-2.170119718081942484e+00 -1.437518989619155085e-01 5.100046393175164394e-02 1.598227619389757553e-04 2.359603114079082600e-03 9.440160029812136875e-04
-1.991592892720328134e+00 1.424524998928438160e-02 -8.118183556400556874e-03 3.150908534418673818e-04 -4.396045183747203551e-03 1.699839434026914316e-03
-1.112912434057208966e+00 2.746321379708657195e-01 -6.390582158168901794e-02 5.121126015520753019e-04 6.236961005375108412e-03 1.719933036166293580e-03
-3.379197903787837909e+00 2.656867451557261006e-01 1.650743744135222887e-02 2.803757329622658307e-04 -1.761458870357932461e-03 -8.943596948287081943e-04
3.972156858781285216e+00 1.813757917300998224e-01 6.796271954092815426e-02 -1.247819143808550192e-03 -2.627371707928288780e-03 3.121646530382890874e-03
-7.994507907530781221e-01 -1.334918560009801525e-01 -5.770430515619466398e-03 -3.467720461968375537e-03 1.371185683758434012e-03 1.461333473407532512e-04
1.069400264826936064e+00 1.232637308083422978e-02 -1.845430930647046566e-02 6.362004892143229007e-02 2.718066013592107793e-03 3.971071063216236562e-03
2.981962711973987906e-02 3.616364445816097617e-02 -3.449621095758916706e-02 3.750257936882872394e-03 -6.194330706279018404e-03 1.291657649056658771e-03
-9.607557123639888508e-02 1.658838968277588644e-01 -4.697932973802896456e-02 -4.122205930051229920e-03 5.366099862543859296e-03 8.123627398305558259e-04
-8.838524636917115540e-01 -1.063069304546371274e-01 -1.682016985644537582e-02 3.487553881962475715e-03 4.275293404928881221e-04 -3.145215254878090238e-03
3.612590043693579833e+00 5.648698644876988528e-02 5.384566193063982514e-02 1.000508263916674231e-02 1.335167310016423291e-03 2.308365979612037478e-03
2.519190663801958774e+00 -5.780558452725739066e-02 1.573589983826783473e-02 3.991289029324239512e-03 -2.969961684476868976e-03 2.202603992882815921e-03
-1.561792709133263735e+00 1.506849312843719091e-01 -4.086049702430504665e-02 1.167058050652974117e-03 1.462946780318858048e-03 7.236916418212538523e-04
4.473220245986928023e-01 -1.210410912509455456e-01 -1.940879488346630363e-02 1.740054168992393856e-03 -3.327800504160061037e-03 1.646407048381381272e-03
-7.594906226399159577e-01 -1.233168015836428877e-01 -6.824556505195484256e-03 -9.892272212517877993e-04 2.952466563636381829e-06 3.594704391875467621e-03
-5.872573793117531471e-01 1.844252400490961619e-01 -5.073800254360743417e-02 -1.283203771850293653e-03 -1.171852077944491926e-03 -1.485991388315322263e-03
-3.416223731344518288e+00 1.609271051212198822e-01 3.410335569443320725e-02 3.176178159763815446e-03 -2.861401110910780955e-03 -2.105182411745065273e-03
1.828154189885499437e-01 -3.458989181778441280e-01 1.491294086150749508e-03 1.265054562214026901e-03 9.688665170137328005e-04 7.496293510284356230e-04
-1.593628761224606727e+00 -1.743757580465289947e-01 3.158349437521137948e-02 -4.068047414325311022e-03 1.985309266224625450e-03 7.654278042804395048e-04
-7.553174539639111451e-01 3.977197769483344775e-02 -3.192015734066636079e-02 -5.141583054381720398e-03 7.057396493131175286e-03 -1.516817842896593183e-03
2.356441295881124720e+00 1.963555567933260582e-01 6.165637524091160948e-03 -6.959852167952785239e-03 6.447740239157915242e-04 6.397390599289113321e-03
8.513873333182351288e-01 9.661193372502027699e-03 -2.530762688141777877e-02 4.506237284046844815e-03 5.844150242377865387e-03 8.770584572359636137e-04
2.131331342267423601e+00 -1.060664865177210342e-01 1.412215331219444404e-02 -4.365873613846936972e-03 -4.025630034434008256e-03 -5.283942936751298732e-03
-1.014181377844042276e+00 9.818061366163255421e-02 -4.393652232971550359e-02 -2.640863437986197462e-03 -7.591584234492063966e-03 6.033392595214009425e-04
6.372229893137006940e-01 2.494786623610185106e-01 -3.817997884017358678e-02 -5.068224885532419607e-03 4.652746561357886529e-03 1.899243970772887535e-03
-2.442251376543044472e+00 1.936259440491284456e-01 -2.954087610022758728e-02 3.060398246785014497e-03 -2.719321371034719680e-03 2.983494880541638682e-04
3.329151870260016910e+00 2.288995552490828977e-01 5.277421751894433022e-02 2.142387675932765859e-03 6.601791879004987587e-04 -8.564174792156057248e-04
-8.053655651527865666e-01 -6.227953227479713499e-02 -1.401732267550241315e-02 1.803330437419743346e-03 6.727910924259996803e-03 -1.039125237624848437e-04
2.187651225595431903e+00 -7.405574290630043133e-02 1.427765956551551273e-02 2.370110104618839992e-03 -5.774811275196366049e-03 -1.654898662839130721e-03
-4.649588981743126292e-01 -1.094218303294086821e-02 -3.234298869790058761e-02 -3.563153422254623955e-03 -6.566460988255517876e-03 2.282537948697888324e-03
-1.149074052278969749e+00 -4.168561151669273462e-02 -1.896706427206163587e-02 1.742006903732712516e-03 -9.790499481648622278e-04 5.615353425070299500e-04
-2.374593257340780639e+00 -9.241408147994040201e-02 8.152693346337074043e-02 -3.173434215457683963e-03 1.775305917237117231e-03 3.451531913077606883e-03
-1.813396436983937043e+00 7.695749503592760887e-02 -2.437466335023617467e-02 -2.524377969969930288e-03 -2.604990766382774686e-03 -6.131249104741392445e-05
-1.883023458441573927e+00 -1.537180523840042112e-01 4.477980148819388911e-02 -9.517913334201676774e-05 4.063320578731877131e-03 9.267533473387657090e-04
4.269541542591796635e+00 2.635925106110510452e-01 9.037437195501972498e-02 4.807264538907022634e-04 -4.268491557859814892e-03 -2.104607142634391369e-03
-3.975461243472429018e+00 2.805972789580057913e-01 6.513637352098061717e-02 2.018285883955925255e-03 -1.801423913080732030e-03 -3.368076245844970912e-03
-4.129543516218895149e+00 2.217507582721650050e-01 2.360670743223615975e-01 5.161678259797378328e-03 2.261525022183033095e-03 -5.032402966059488537e-04
-8.863746601485975596e-01 2.588698897521437767e-03 -3.324188951687492150e-02 8.796153104653798996e-04 -6.852910521938588954e-03 1.964211769133942728e-03
-3.829570655204140195e+00 2.241275650415853193e-01 4.880933166783357063e-02 -1.520436411751925534e-03 -5.471447492168753611e-03 -2.983687007842217818e-03
-5.492070502795877163e-01 -2.168497590006341624e-01 3.630055648019695283e-03 1.399883910164947520e-03 5.533858406906584822e-03 -1.560824913052598361e-04
2.481349600262568789e+00 2.447313338999551058e-01 1.078398725241825305e-02 -7.645421460613077529e-03 1.594360487095302205e-04 7.152374708573999360e-03
-2.746163043097376466e+00 1.848052922464861747e-01 -1.809654465211804272e-02 -4.984600731609532560e-04 -4.428450376394185359e-03 -7.225407806107479475e-04
9.914105202319319909e-01 1.903889711690263664e-01 -2.490363722696251753e-02 -2.191194877150101292e-03 -3.427813715762558638e-03 1.219366977119720578e-03
1.660779503846345484e-01 3.773226074309433270e-02 -3.170844709839863718e-02 -4.289463680634971973e-04 9.528923856944523929e-04 -3.078127509823186652e-03
-2.090036697708146818e+00 -5.320098135220518998e-02 1.080447288651982703e-02 1.634578767901462065e-03 -2.958303864262268757e-03 1.503902460729832644e-03
1.559516580205792202e+00 1.518930915137530202e-01 -1.017204802742224280e-02 -1.298026380564071096e-02 -4.725177757696649131e-04 -9.473523058996729347e-04
2.124550765854369860e+00 1.944299694092551933e-01 1.208482061910139647e-02 7.144356572852035049e-03 2.496788611335097998e-04 -1.286473090524096249e-03
-5.787360339177044510e-02 -8.362516873693534580e-02 -2.467672356465993797e-02 -1.198532740611675919e-03 -2.598148399899787107e-03 2.711240817738821279e-03
7.865599455538946350e-01 3.086058667591079149e-02 -2.363215930341491799e-02 4.115721932656951371e-04 4.372075051578514469e-03 -2.471213969844870528e-03
3.687270492306413128e-01 -6.028275682188462964e-02 -2.381912507188960540e-02 -2.523409875955347648e-03 -6.815412084576010984e-03 -7.491792933201024641e-04
-4.023032321206970185e-01 -2.347981979858967116e-01 -1.340329316516974218e-03 -4.463421514016594448e-03 -2.109433766888220430e-03 2.711743676246780328e-03
-7.831276859116458322e-01 -1.956892566234969266e-01 1.442768684906632962e-04 -4.721514158162492224e-03 -8.236957000012603463e-04 1.058373175492381083e-03
1.621223978339011718e-01 -2.517473556815524871e-01 -8.680132265921007562e-03 1.717407668719224097e-03 -8.453612271265301885e-05 -1.623268348359843986e-03
-1.174125187461035891e+00 6.131213545958361794e-02 -3.271814494839515169e-02 -4.957827585146921089e-03 -5.766472498719338096e-04 -3.540843379193620412e-04
3.549125497703087717e+00 6.892815658665829570e-02 5.163728509881913842e-02 2.096448921106380293e-03 3.662126936765509704e-03 6.012752860565510242e-04
-2.241170272561200605e+00 1.123240019494756462e-03 1.888339303993391560e-02 3.336908366270145698e-03 1.451405049344179146e-03 1.668881579882717083e-04
3.370582770491902469e+00 2.225441395608240558e-01 4.915059701881494686e-02 8.686870657591829695e-04 -2.543723455958627096e-03 2.464902304563116632e-03
2.113601397243294766e+00 -1.262802974451512905e-01 8.999647396130336374e-03 2.005233998223137325e-03 1.240779497617409532e-03 -2.024834928181895588e-03
-1.785001777425450742e+00 1.316498104878260356e-01 -2.831491829281873249e-02 -3.659162030703730557e-04 2.520692867414068682e-03 1.148220094077610862e-03
-1.868184913144587789e+00 1.262396338795294948e-01 -3.546886110661424951e-02 2.096155009833617147e-03 5.201129941052531772e-04 -3.191832361551368621e-03
4.554103855835538173e-03 -2.422733225942422797e-01 -4.554129033004874517e-03 3.971635406095647830e-04 1.242313270061565222e-03 2.681684519961349735e-03
7.856330408144489574e-01 2.389935289507461869e-01 -3.189120195306519717e-02 -6.605702004103872378e-03 8.739766723036690573e-04 4.353222687495541632e-04
-2.527740607398703876e+00 2.036620565899260604e-01 -3.106756699400803692e-02 1.944836037773535952e-04 -7.788163453617542691e-04 -3.506008430618745651e-03
1.530033163046817357e+00 1.397978738570855861e-01 -9.503316238845873135e-03 6.045878592583203183e-03 8.832589792394495570e-03 -1.843422191494361543e-03
-7.486725765559837376e-02 -1.326856394258570104e-01 -1.959723594611369191e-02 1.649549183275574992e-03 -4.802602658379201417e-03 -4.415566105264515638e-04
-3.596211569171641753e-01 1.397530836185035819e-01 -4.403852911316011309e-02 7.584071525576245240e-03 -1.152638274310502581e-03 -1.094295759231486394e-03
6.687914288735038459e-01 -5.688331422325927644e-02 -2.267877404156792148e-02 -2.857462763337538861e-03 5.671323483819190256e-03 -4.623365629214338450e-04
-1.351376489780855561e+00 1.180516176641187021e-01 -4.311877504688538948e-02 4.443328565258768473e-03 -3.797108667174167577e-04 -1.946661711274099218e-03
-4.976077073017821095e-01 1.197547145549376080e-01 -4.498647018376853574e-02 -4.834509542786176971e-03 -3.101226076736626931e-03 -2.065184374464957597e-03
2.860789213520881891e+00 3.468050910617385615e-03 3.786131160522425432e-02 7.794629061895774931e-03 -9.395621759930316425e-03 -1.959633346377462858e-03
2.928714095804325623e+00 2.432996003893295733e-01 2.953463288934658065e-02 -7.981197255772506244e-03 -1.123044899625971933e-03 4.519723011502552179e-03
4.148584428122591206e+00 1.129606535699340386e-01 7.270617270788556907e-02 3.390637123035623087e-03 -5.135779621481968140e-04 3.415901787895867306e-03
7.818666703118022365e-01 -3.934302278277265197e-01 3.121812835073994180e-03 2.214049468751578837e-03 1.611833824992705893e-03 1.393860748600363143e-03
-2.042420085259733398e+00 2.390119718432743082e-02 4.562801999616590901e-03 -6.572080759263952167e-03 -5.540727433079541044e-04 -6.317674170821632783e-04
7.964748296498799229e-01 -3.635295423761404354e-01 2.297749630554258519e-03 -4.211302321544483848e-03 2.183192643812889317e-03 -6.982487490818159448e-04
-2.103365822673242569e+00 -1.859309625898423191e-01 5.609933040158818218e-02 2.118287700263701140e-03 4.264289023860954111e-03 3.569797488882070339e-04
-3.179701590405074274e+00 1.481275747519114061e-01 6.043050292886845143e-02 -3.378020227780966856e-04 -8.642993460693272883e-04 1.328937349067288182e-04
1.217180121048265562e+00 1.901609329801269843e-01 -1.836826222646324377e-02 8.083720570967157203e-04 5.080613242596151817e-03 -9.731382546169321584e-04
-4.619839322514193158e-01 -1.096869353733778002e-01 -2.106250580643987194e-02 -1.394221872783643059e-03 -5.888327158645026427e-03 1.880695342975517714e-03
7.805122397739843176e-01 4.674688339225598760e-02 -2.286935059879856291e-02 -3.912050968925713350e-03 -5.159509709381531438e-03 -2.217346566943732226e-03
1.674339599996050865e+00 -3.438492281946515378e-02 -8.884809698964094742e-04 5.416799979287904160e-03 -3.864646791069318351e-03 -1.524409089758776807e-03
2.694062353633789098e+00 3.419185415478560586e-01 2.393093645651013512e-02 -1.182774457609651018e-02 1.703932703631066406e-03 3.740745635970024220e-03
-1.478171711984324288e+00 -6.985842457634534874e-02 -3.759820123576678493e-03 1.218984227985653275e-04 -2.895907443635830410e-03 3.110817051239651073e-03
1.616730606860843800e+00 -6.650352548831175992e-02 -5.730991497156544615e-03 -4.195462293188211185e-03 9.371562127650681206e-04 -2.203567983194815519e-03
-1.453883752258541939e+00 -8.371021284377946903e-02 9.489453868125713801e-03 -2.820198569799660469e-03 -1.201487453549624938e-03 4.115329405079107446e-03
3.471564755708553385e+00 1.954231308482153387e-02 4.474896737197397306e-02 2.306902303145138763e-03 -3.971211605442431965e-03 3.675865488662408229e-03
3.835910504631588669e+00 3.114842891098204003e-01 7.305845560969086161e-02 -6.527509410645183138e-04 1.358772128829270880e-03 -1.477294887520966531e-03
-8.857887716658144894e-01 -1.272700877059138869e-01 -1.281310998756963505e-02 -2.401074074355833126e-03 -1.100376350766957062e-03 -2.839813748809166209e-03
1.914328488291833441e+00 8.696971318607954471e-02 -6.953834828748977313e-03 -3.477133538038664276e-03 1.146436286393180248e-03 4.666178199615319926e-03
-1.334808542481739080e+00 -3.055420122115445336e-01 5.002946827104127331e-02 -1.940321276441358796e-03 4.895736223062205350e-03 2.334690385318054315e-03
-1.062045493010480346e+00 -1.728409276787366833e-01 -1.114344256743359830e-03 -1.438749757271437198e-04 1.330651280177522211e-03 -1.424815292555734261e-03
-1.868523622473636792e+00 -4.795587499908419288e-02 9.584245759514541455e-03 -1.530335647572609662e-05 2.816864958323518717e-03 -1.513309125000838464e-03
-1.879861290644397886e+00 -2.649564632488947045e-04 -1.342058919039366797e-02 -6.203872460784219840e-04 -5.270218640564765418e-03 1.074201243844349766e-03
4.143188834293120015e-01 1.051138039402082580e-03 -3.072327142040440565e-02 -3.483825930965565778e-03 1.173206692727839706e-03 9.648823141801168412e-04
-2.357984369298570027e+00 -6.550754196764328741e-02 6.744283423654479082e-02 -4.718439351669413695e-03 8.818340277376643388e-04 2.759104883088157791e-03
-1.353924754731761881e+00 7.446141717799714677e-02 -3.687496770041643473e-02 -2.277185199402326828e-03 -3.724386050290696623e-03 -2.435472822860783575e-03
1.962258784785436250e+00 1.433563816568501348e-01 5.514954805821335737e-03 1.078334525304627811e-02 3.171703076909893494e-03 -1.428608959736222400e-03
-3.390455761755724495e+00 1.192948914643843089e-01 6.927142908284086853e-02 -1.321265001198425109e-03 -3.613400671424368046e-03 7.034395698638132137e-05
2.462189109334087966e+00 1.265283674810700754e-01 1.587825328804426742e-02 3.265087151502382105e-03 -1.689292703181211183e-03 3.035166593923034183e-03
-7.044344700829625605e-01 2.603483930479781328e-01 -5.896919054857377440e-02 4.208665983639270185e-03 3.722665441129336186e-03 -3.383702431843853362e-04
1.663174352688616464e+00 1.771888835568224685e-01 -8.092695137867729829e-03 -1.197448696351804606e-02 -1.897511768605407781e-03 4.981442267880847240e-05
1.018799488316955548e+00 -5.407845219377434981e-02 -1.257866160753920264e-02 5.080069037434488226e-03 -4.280087249004127341e-03 -3.034497572574769864e-03
-1.045493869369344520e+00 2.503112420885416634e-01 -6.097895253830720036e-02 -1.144907806227840261e-03 -2.819943871581776038e-03 3.284252052920598550e-03
1.167539942803931474e+00 -2.054542195098979784e-01 -6.159143240333219207e-03 2.608722194970101646e-03 -2.083764004425277955e-03 -1.430667236410657525e-05
-2.028371781930794204e-01 8.275196747184626611e-02 -3.998920914825904172e-02 5.031230592315280407e-03 -1.965523930672806886e-03 8.028420864979843481e-04
-4.110169361969443713e+00 3.179398719626591041e-01 7.981002032218481590e-02 3.423548851110156527e-03 -2.684234749491605249e-03 -2.374371916918179958e-03
-6.433122777401584225e-02 1.250980904587083997e-01 -4.587268688056913429e-02 -1.957784218443531232e-03 1.032437295632748428e-02 3.229522690983750548e-03
-1.081430124141654847e+00 1.295845084038782513e-01 -4.558306452939731718e-02 3.996619484671898835e-03 -2.118073545746668607e-03 3.976436006246968080e-03
-2.883404032812592055e-01 4.423696966879115539e-02 -3.798476820496413803e-02 -3.492047101877472897e-03 -8.553075591584323456e-03 1.697996570227651133e-03
2.059633108849885375e+00 4.045628042034939836e-02 5.608510103837327336e-03 3.187883528863468072e-03 6.095352373144735658e-03 -2.063572372800784663e-03
2.874727229742014556e-01 1.162352116269160934e-01 -3.745073851673565851e-02 -1.831063995385042581e-03 -1.973652724957189984e-03 5.043247947063926031e-04
-2.852591799089648772e-01 1.723755202348946636e-01 -4.772991960849036486e-02 -1.826532027009887451e-03 3.239415675365533293e-03 -2.143381593071843130e-04
-1.565446734731578804e+00 -1.096471909183097254e-01 4.037060205928243509e-03 -1.749748122480829487e-03 -3.464293505825346686e-03 2.239391486511043122e-03
1.679220715719553114e+00 1.055920297335098818e-01 5.251231981835167506e-04 1.474694601185705303e-03 3.924580893537340034e-03 -5.128214298526074383e-03
9.432136711473608770e-01 7.435580583437127744e-02 -2.768255507162524845e-02 -1.609232833446908734e-02 1.100987433454865723e-02 -1.740816928325994700e-03
2.691657333860201451e+00 6.022545567880332323e-02 1.990938893916823979e-02 -5.155300409018104789e-03 8.326043584830718561e-03 2.297071081998885034e-04
-1.822219007912800226e+00 -6.027613290127753487e-02 1.512105692302436258e-02 -4.171702721745865552e-03 3.822994583258157181e-03 -2.236344389624477565e-03
9.677403463077044465e-01 -7.090011611131157021e-02 -1.304091279216818521e-02 -1.335819994156361426e-03 -3.189820928599700935e-03 -4.288203534611202510e-03
1.115109951842960800e+00 2.160053167733082535e-01 -1.996494825442005766e-02 5.023534864636740316e-03 1.034265456540858210e-03 -3.738553551818732563e-04
-2.268370673171055785e+00 1.201095556954058924e-01 -7.239668662999671324e-04 3.495655210726470851e-04 3.315360145816485891e-03 2.401465405696453625e-04
2.333510207559086336e+00 -2.695169451999913646e-01 1.474923036700792958e-02 -2.676667684082730545e-04 -3.105566983945003742e-03 4.437284839835927905e-04
5.905684886539276368e-01 -3.069007238335729956e-03 -2.227776163049523597e-02 3.630478584540251623e-03 -7.191379025948139818e-03 -6.021620255315661722e-04
2.434223543333864814e+00 -9.551288966543013820e-03 1.228478955230304787e-02 -7.859540612246355973e-03 1.783204413057497316e-03 -2.640046905177514600e-04
1.950942826235019023e+00 3.062104215405013208e-01 6.269781873715109255e-04 8.418672458035045963e-03 1.097073052929000000e-03 4.223177015495652338e-03
-2.102882134712090068e+00 -1.423011843322516956e-01 5.649970746938149518e-02 -4.008378763481790751e-03 2.754961101296195605e-03 5.942433097782817437e-04
-1.377134296225325460e+00 -1.246921896776965605e-01 2.291529057554373046e-04 -3.741485924591200492e-04 -1.942550318288471670e-03 1.461166937327912623e-03
1.452799302486554200e+00 -1.966726849385307951e-01 -3.070710566922627699e-03 -9.546402931691071354e-04 -4.772818880310595105e-03 1.685380245759346624e-04
-3.612999930920909319e-01 -1.705776580620433081e-01 -1.356144963049904853e-02 -4.402810581315958101e-03 -2.752650463949943716e-03 -6.059520823472425112e-04
6.617884109694286421e-01 -5.007290237306783603e-02 -1.809514044546611453e-02 6.323848355871037469e-03 3.937773573925451749e-03 -4.706871658036846859e-03
-9.429057666423199535e-01 1.003364648448052260e-01 -4.032589787055532865e-02 5.149772477827690119e-03 5.139163629321768720e-03 -1.984176455040922733e-03
-1.394523424008442092e+00 9.187078559509259668e-02 -3.766476076218154556e-02 2.171244189096763113e-03 -1.762589163571141393e-03 -6.324179925354876360e-04
5.854784796084645526e-01 2.283198985365210085e-02 -2.702774881817698871e-02 4.787705329028483668e-04 2.454291954966086615e-03 -2.248603980172557762e-03
9.163455774509101648e-01 1.571393927938096735e-01 -3.078550955749525045e-02 -5.010456320285894966e-03 -3.957825129008404538e-03 4.896746201872372549e-03
6.132632179069530398e-01 5.714128616124565518e-02 -2.682772368672847046e-02 2.143296258687954297e-04 -7.399588592168012888e-03 2.558654617103691331e-04
-1.185995420507028664e+00 -1.316588934844806213e-01 -3.247316373376087084e-03 -1.864512068376210970e-03 1.095782650845119992e-03 -2.307072414210394572e-03
-1.337319026849557613e+00 -2.743708050860537567e-02 -1.773749934058326677e-02 2.771739000070642771e-03 -1.009855798348669982e-03 -4.899439296603752336e-05
6.336077420967232143e-01 -3.069754014406873011e-01 -4.137589476116970179e-03 -2.183548869933985091e-03 -2.597173429544672330e-03 1.514050567887716744e-04
-4.665415408394938956e-01 9.779953204447018600e-02 -4.238298119932757541e-02 4.201566822181303403e-03 6.703610416371233970e-03 1.782439055659244169e-03
9.722741102143362957e-01 -2.771030774919693851e-01 -4.877719042303040389e-03 2.753880578924634143e-03 -1.186364892955357498e-04 3.767415662772426979e-04
-4.970714780190237936e-01 8.373666028174950315e-02 -3.912010622499727946e-02 -1.317332225490920909e-03 3.468246413369560285e-03 -4.835025999106822188e-03
1.349922917943130019e+00 -2.424830299018277124e-01 -3.489632076042399264e-03 -8.386363294945465814e-04 9.051478644332032128e-04 -1.102294033175297335e-03
-8.423123315121431309e-01 5.521762523429569330e-02 -3.901654075178881409e-02 -8.502699354064866032e-04 -7.735965836356832777e-03 7.612070546424348555e-04
-2.830925060915493674e+00 1.792358668413088774e-01 1.065660803801894187e-02 2.690750430203764972e-03 9.788511427965770634e-04 -3.685365821985809405e-04
1.452174065280556592e+00 1.351302936620914774e-01 -1.401784087857517978e-02 9.467611246037501262e-04 5.767707960151139540e-03 3.050884727451167247e-04
-1.032909612729947593e-02 1.338380638504766372e-02 -2.861697212640602200e-02 1.736862544297878728e-03 4.036488558050005913e-03 -6.105749589216323894e-03
1.793648503780838732e+00 1.678322663259804448e-01 -1.133122344410275595e-02 -1.408758234185903367e-02 6.115764965515207811e-03 3.657892638628472848e-03
-8.720939174970780972e-01 -1.319899070772362903e-01 -1.152107271816214806e-02 2.278913753317967500e-03 -2.835774471301469313e-03 2.533808363286206046e-03
-3.371787913521761409e-02 2.099714329938734414e-01 -5.191433839356446311e-02 8.028314103211018824e-05 2.866854326102668150e-03 4.933159326198160825e-03
1.480488446934428159e-01 -4.220660880859240793e-02 -2.498881437341712169e-02 -2.041113603931256348e-03 -5.714733853942042564e-03 -2.818554690376191569e-03
-9.542878146884506974e-01 -8.376880126704401575e-02 -1.963395232904946441e-02 -1.396029339920290286e-03 -5.914314654078402927e-03 1.439248197827333034e-03
1.248709292996620812e+00 3.248166122105265730e-02 -1.313311336603955985e-02 6.792760081452180188e-03 6.529761646459646476e-03 -3.195814242434839945e-03
1.592825285111811429e+00 -2.839130445594879523e-02 -9.312673260632186450e-03 -2.301377036478341465e-03 1.567483833448663324e-03 3.247320432678075706e-04
1.835985179631747677e+00 -1.593493074543837484e-01 1.596016383386986235e-03 -8.995843145158300856e-04 -4.850953139472046079e-04 -1.436664021721895373e-03
1.481573341102544461e+00 -3.192301431476975981e-01 2.597773834985564467e-03 -3.298483020822881562e-04 -1.494170795403826964e-03 1.778207345772328649e-04
7.864628190581385986e-03 4.375038462562621383e-02 -3.641465161989562022e-02 -1.789376804567973083e-03 -5.849924791020770856e-03 1.658402416593056285e-03
1.840158134128104528e-01 -2.770191822125036007e-01 -5.971908047055203214e-03 -2.128157396535872159e-03 -1.554648361838716596e-03 -1.613009980559965790e-03
1.166099222885014663e+00 3.663389824654405408e-02 -1.114124040780318375e-02 3.686479423992385790e-03 -2.866657172973489150e-03 -2.966667408835905323e-03
1.219656350200665651e+00 -9.323920594288215291e-02 -1.080534181979528850e-02 3.325458006339425615e-04 -2.422776432691285328e-03 -1.462984111625482801e-03
-1.456611007718365269e-01 1.027887588616081260e-01 -4.429104161547670060e-02 1.361622723667139283e-03 5.530461131960768238e-03 3.206366764435670570e-03
-1.457039461731379992e+00 -3.812323242383759692e-02 -1.694588841916135763e-02 -4.122033248714426432e-03 -4.660567442744806971e-03 -7.295808768483685088e-04
3.108506485571394862e+00 -6.369544917478048296e-02 3.836299889499529547e-02 -6.669650882573077179e-03 6.908404691559829084e-04 -4.432821767183414002e-03
-2.673909443508647676e+00 1.674614177263819559e-01 2.166660328203155739e-02 -1.855964171550722615e-04 3.095873279887245613e-03 1.132490191370677003e-03
-2.545531970473300376e+00 -1.423094603624479836e-02 5.420072715991805512e-02 1.569451838090150583e-03 -8.272908887826584210e-04 3.703064145190511792e-03
3.259798852311436068e+00 2.151141230060545084e-01 5.015452000441626701e-02 -8.272578349230637080e-04 -3.423469700576908283e-03 -8.437971191285271099e-04
2.863199320380199975e+00 -1.445673100595050720e-01 2.825763372547362290e-02 1.753681030847811491e-03 -7.353453434520510748e-04 -1.631780855364546438e-04
-6.291532091567310081e-01 1.479809546882103477e-01 -4.940653076856576370e-02 -5.334083449340068506e-03 1.960046104123338000e-03 -3.699483301343169540e-04
2.967318184176765961e+00 2.551117478059842236e-01 3.675784292567525063e-02 3.619738288308721030e-03 -3.495772642602714385e-03 2.907658775669743744e-03
-3.111267474196255933e-01 -7.647339055474991487e-02 -2.446115801697251735e-02 2.844831687636502349e-03 -1.806038008479877652e-03 -2.521915847171018674e-03
-2.343901460783171853e+00 -7.469529522987813919e-02 3.615011328957117714e-02 -1.023033587581913912e-03 4.511972637340725279e-04 1.138927504397719962e-05
2.444341711339850676e+00 2.039801896187970476e-01 1.871298164935999639e-02 -3.097434046706521067e-03 5.041823442588922073e-03 -6.758706397041185261e-04
-2.659824515764076802e-02 -1.325017427015335314e-01 -1.716302314111648950e-02 3.274515556883188846e-03 4.815391407445114569e-03 -1.083669953957410673e-03
-1.038940195931068899e+00 3.013413261141841340e-02 -3.382735779460978309e-02 -1.133856867793290061e-03 -2.117334903662514405e-03 -4.405316317697559499e-03
-7.070232058632182071e-01 -3.222426097372441123e-01 2.992809781582858250e-02 -2.091075194669550844e-03 6.644376996528770542e-03 1.628623106271390609e-03
-1.151394611986545025e+00 -5.466702924970360221e-03 -2.488962609941112666e-02 -2.433776355928634130e-03 -3.472013525752680463e-03 1.630606861649569559e-03
-2.522394797906808428e+00 1.150542159524514801e-01 -1.302012658997292634e-02 1.552615194763574871e-03 -1.360207976134815118e-03 -3.794685312157637311e-03
-1.444061089123119146e+00 -3.157206584204322319e-01 6.028801898511447488e-02 -2.855095073455022649e-03 5.938794648617463402e-03 2.580876131818974750e-03
4.184487557497361010e+00 3.143229354820572530e-01 8.311265983702112448e-02 -2.263540904845705824e-03 2.384959006110329120e-03 2.211758563946142906e-04
-4.157825137688506700e-01 1.694427549165102020e-02 -3.420674541259181856e-02 -1.093738154311302150e-03 4.613067624241277151e-04 -6.411327052299730387e-04
-8.439467552046183707e-01 -2.908111693879287477e-03 -2.714376446904398846e-02 4.456401128358639390e-04 7.964005662847925548e-04 1.525602075295803698e-03
2.435990483145874297e+00 2.142701124960958714e-01 2.373736231294356486e-02 -7.936986038898780071e-04 4.805753315067021365e-03 -4.127161918143110869e-03
-3.573146000418291335e-01 -3.537768633076886909e-02 -2.866068467276247991e-02 1.814839014560007879e-03 -1.246252560113719939e-03 2.909415307819313706e-03
2.303900607130776823e+00 -6.561744857080360760e-02 1.068599618530946191e-02 -5.569536711329235463e-04 7.167496466835583842e-03 -2.467110476235906836e-03
2.036778112532932727e+00 -3.660359881040994301e-01 1.204605946828005321e-02 5.350984002475614584e-04 -2.045760201572755215e-03 6.261910868658408097e-04
-2.768377592471084725e+00 2.046875584163529993e-01 -1.325634942685537283e-02 -2.617588836227729976e-03 -2.771749283236912224e-03 -1.332790770051991720e-03
-5.976771311392344854e-01 -6.535309073288077253e-02 -2.245796194510009391e-02 -4.396050162932125561e-03 -4.041755199711389961e-03 3.139315994676203109e-03
2.203621801352986243e+00 3.834279137734084714e-02 3.044343297743014841e-03 1.380356935545500995e-03 3.310302082908469796e-04 4.340596463422561127e-03
6.623869703379389184e-01 3.691977871417931323e-02 -3.224051174902009542e-02 1.553776097515387243e-03 9.674984178626310112e-04 4.786297171236296964e-03
-1.383740355057430094e+00 2.033730595868879498e-01 -5.463776577522080208e-02 -4.769502462102640124e-03 -4.258056723806342633e-03 -7.701421830820504152e-04
1.739164562873313225e+00 2.291482654199290814e-01 -5.832708970935920022e-03 6.781703071732357070e-03 6.230879833388817360e-05 3.143878585712950920e-03
2.090842113057641782e+00 1.327078906429566933e-02 2.578010686684722042e-03 -1.215380168001085545e-02 8.558777089977612218e-04 -5.009403031933829008e-04
1.385816666299034772e+00 -2.807688159349921442e-01 -5.623539937195024376e-04 -5.786931256399995352e-03 1.210393854971097971e-03 -2.890069694625064817e-03
1.069050702297027922e+00 -1.200340388818695869e-01 -1.185699717967504153e-02 -4.644583331695060179e-03 4.785716154842019170e-03 -4.549185687101056468e-03
6.040547055052162273e-01 1.326300554414136801e-01 -3.057424235419162542e-02 -4.706700284402194796e-03 8.537563154830014878e-03 -3.734826357389527812e-03
8.180267848063489389e-01 5.335471101422775697e-02 -2.066845168705003580e-02 1.417656331734754027e-03 -3.811282515352028017e-03 -3.123008245463857174e-03
-7.227106697549942615e-02 -2.085347115250903161e-01 -1.226761332202519310e-02 1.871636957070140243e-03 -2.525872700950271537e-03 1.707489475422961818e-03
-9.554390012443702007e-01 -4.840130402724544811e-02 -1.737968811812430625e-02 -3.982016033587206481e-03 1.188890055902491359e-03 -7.206100807101399608e-04
1.100040309199038502e+00 -3.672292485296827641e-02 -1.840745594487289832e-02 -3.521225233754268769e-03 9.645977864818065918e-07 -3.201611480335709290e-04
-3.683523061456581704e+00 9.636658585938277788e-02 1.594760030706955101e-01 3.717863450069490427e-03 2.495775321547338225e-03 -1.747225330408160883e-04
2.076151753676620082e+00 -3.194509382952851473e-01 1.063288339217853366e-02 2.979901034409081564e-03 -1.273937074485178168e-03 9.579792009019481511e-04
1.254244091672100936e+00 1.678480637876290926e-01 -2.154877380774103401e-02 -3.186150973708547717e-04 1.866798240927964236e-03 2.878601742726921795e-03
1.698302507592962751e+00 -6.042991684661871976e-02 6.632476319721808920e-03 4.064805862985093436e-03 -6.701876122206426242e-03 -3.944796153756431611e-03
-9.095138407295457750e-01 -1.865967946867187061e-02 -2.691564530771885580e-02 -3.051776970385181899e-03 -1.730685732041452015e-03 -1.748414697173584055e-03
-9.708235826961036929e-02 2.571951801241749089e-02 -3.670878414834077841e-02 1.846582638878395757e-03 -1.458241962048432983e-03 4.864661673926132072e-03
-1.917567380363274787e-01 1.387102499209864614e-01 -4.755821508549956667e-02 2.095136479821599600e-03 2.150805075232395391e-03 3.740992024342987103e-03
-4.763703178361913815e-01 -1.246660124091301808e-01 -1.894341938290294153e-02 1.226918854903772359e-03 -4.331491788760918372e-03 6.108231189757342425e-04
-1.565574026292182452e+00 6.305116809817695733e-02 -2.414922255800444270e-02 -6.578547641991430196e-04 -1.722883655132446479e-03 1.815832469571248501e-03
-4.674380703200902154e-01 -3.381155277188057501e-02 -2.600569474003686446e-02 -1.855066841078574892e-03 3.595422510627426221e-03 -1.268069259814402121e-03
-5.244805099890709199e-02 -2.642037290971304686e-01 -7.256331602801933782e-03 -6.921047192070456161e-04 -7.652649379885767674e-04 -3.671563625960784158e-03
2.523834227544880626e+00 -1.460081150798996641e-01 1.765259030639327806e-02 -4.703243410593979461e-04 -4.284532031036829107e-03 -9.959644303778569764e-05
5.634466638895545276e-02 8.764011364314631958e-02 -3.762558927090935146e-02 1.163418428338301291e-03 -2.751402245102914108e-03 -1.321697192696370295e-03
-1.272038140916923465e+00 -1.827372744905898516e-01 1.866641482737623620e-02 3.299505806873733729e-04 1.711935078883618537e-03 2.819827056902886060e-03
-1.751918400733636916e-01 5.383360936110724582e-02 -3.824123022539065164e-02 -2.396766643435412417e-03 3.182727308600973113e-03 2.084870623241951923e-03
2.514353725671573114e-01 2.122510141539285869e-02 -3.355130719363240421e-02 3.326195143852153820e-03 5.973587221008830848e-03 2.074882549434644164e-03
-6.168491312940218574e-01 -2.124109499969670523e-01 4.650357378298631064e-03 -8.818583786605712271e-04 5.208869261663798787e-03 -1.135160380629154789e-04
2.667106124335062223e+00 2.256501131074206967e-01 1.980598103636422788e-02 -1.839205866396339401e-02 4.957477303498275187e-03 1.886050976153270638e-03
2.260745892497713072e+00 1.514248545882917740e-01 1.673309441610957779e-02 5.282281196563385142e-03 4.181453284350804094e-03 -3.527879036314119938e-03
1.853081720979473865e-02 -6.739547001429387063e-02 -2.567283309607766573e-02 -3.436072464655945749e-04 7.554455127319702049e-05 1.481684385588787718e-03
-2.200048730882077308e+00 5.855037993339687330e-02 5.596265930650364505e-03 -2.001648082842095566e-03 -6.413094533492286631e-04 5.545804880923261519e-04
-1.211736565098081586e+00 -6.105463661206262521e-02 -1.083344063902304255e-02 6.127497703024795692e-04 -1.823016194479818537e-03 3.005661234921015550e-03
-9.538785080249788662e-01 -2.343327879064601993e-01 1.112653431394949530e-02 1.932463414095399396e-03 1.665984986960217023e-03 1.721319987471580000e-03
-1.901748570724751453e+00 -1.027338081703737527e-01 3.162180672819270288e-02 -2.927711088991754879e-03 -2.102882717568524168e-04 2.146411746232138561e-03
-1.865327324968126366e+00 -1.020113776044846016e-01 2.028466959996317806e-02 7.632595636411395853e-04 1.643358014863380420e-03 -7.232479098472381282e-05
-4.154518251355206471e-01 -1.825138764622089571e-01 -1.081675380678261827e-02 2.444454131722299285e-03 -1.199281018695025521e-03 2.800560882549421354e-04
2.449894055097567414e+00 5.628420154283690635e-02 2.199044351356796781e-02 7.524220747080368789e-03 1.385002377852867394e-05 -3.017539645747586118e-03
1.371510072165322613e+00 -1.787888171440984997e-01 -3.259497527463989675e-03 -3.062530983023421284e-03 -4.396948642069606165e-03 -2.835338831206761154e-03
-9.657606710697188568e-01 -8.595516980857656475e-02 -1.960623751661107542e-02 7.133695839573697033e-04 -4.425562185911707108e-03 -2.466506939945491703e-04
-5.129764408216804794e-01 -1.859052697033597989e-01 -5.856110820844816038e-03 -3.879799984179560079e-03 -1.257660546268232218e-04 6.390375395412013900e-04
-1.549992612318045859e+00 -2.037058431850089640e-02 1.436738979847670137e-03 1.838141222717880113e-03 4.323220570614011785e-03 9.302117546163234368e-04
1.247505173770209613e-01 1.125059490498814402e-01 -3.926688265627122781e-02 -1.213519446259752845e-04 -5.357713004029169418e-03 1.259192530042948024e-03
5.206209031745264726e-01 -2.457560136801817119e-01 -8.827971194024527776e-03 1.456445059764467252e-03 -7.535014654787132535e-04 -1.946673857824694201e-03
-9.855201362598088322e-01 -2.443146717083311270e-01 1.689368121730672190e-02 1.549771936210696125e-03 5.358336521201799603e-03 -8.249496943931512206e-04
7.191286153344733645e-01 6.835248312434646922e-02 -2.611427756031919206e-02 -2.432498939391822528e-03 -2.442379727889334474e-03 -1.835529315387684308e-03
1.886400550253597430e+00 1.163490994296682568e-01 5.463281399253501740e-04 -9.229056217924459099e-03 3.260627536586459610e-03 -2.615727013825199215e-03
1.993669690558823038e-01 1.479914800970018145e-02 -3.434735035686269783e-02 -4.430498824905255810e-03 5.494935303939491901e-03 1.762733093707666027e-03
5.381318205033935875e-01 1.113259844043435337e-01 -2.815266888939432083e-02 8.303097902533555872e-04 5.691883349453656996e-04 -3.142330566986256592e-03
-1.846471731886592638e+00 2.218796010420405473e-01 -4.237777836341143772e-02 -4.726206126230435116e-03 6.208055274912204630e-03 -5.049532421989820496e-04
9.359654085835329429e-01 -3.743572682148423314e-01 1.616550616379171463e-03 2.291109411394920675e-03 7.800995895840415542e-04 6.913054348451845414e-05
5.948179999973494114e-01 -2.605197151289388446e-01 -8.161389337173675929e-03 -5.661162770327411199e-03 -3.138393638759818215e-03 2.994360172961871118e-03
-1.500850393057945542e+00 -1.197684741168935502e-01 1.117955681166420481e-02 -7.283384022029244266e-04 1.701245430310854108e-03 -2.652976694181207124e-04
-2.064465420194182776e+00 -1.667888521678541069e-01 6.988255707086347968e-02 -4.543973660000198895e-04 5.360116894432775947e-03 1.646667538506472149e-03
2.364696762845426736e+00 -1.367008332694744088e-01 1.451838524568074482e-02 2.768255821625263333e-03 -2.274271963691838587e-03 -1.156386388181355898e-03
-6.321377780057794160e-01 -1.191485485736707844e-01 -1.540334236543394915e-02 -2.288718543230255399e-03 -2.751433619280178205e-04 -1.225257120518141903e-03
-2.249787230604864963e+00 2.237201730203177211e-02 7.307588715378604723e-03 -1.508211629666864409e-03 -2.376402932631272781e-04 -1.004216256290487580e-03
1.557822514829127591e+00 -1.522775140743200424e-02 -5.601671802191608186e-03 7.338837960849838894e-03 -1.390919015802274863e-03 6.608665808023066646e-05
1.321255471917710089e+00 1.349306453037308895e-01 -1.290308967044621197e-02 2.840820581789578621e-04 3.490076419020143612e-03 -2.597568181322846247e-03
-3.178817226541170715e+00 2.472321228498510493e-01 -1.240760338472407867e-02 3.525912304908075320e-03 -1.204409920838967829e-03 -3.751161849469743497e-03
1.956948494371836544e-01 -1.852774629944529128e-01 -1.228122372310444695e-02 4.212893575519862342e-03 4.821195385986695205e-03 -2.409272309450323502e-03
5.063873986257074744e-01 -1.427270108391967898e-02 -2.513690831238964141e-02 3.230152285238074720e-04 4.794266233638124625e-03 -2.214904163023883200e-03
-3.121495692081695861e+00 2.077194281540473697e-01 2.651092087930265531e-02 1.125147542571203847e-03 1.573824117843762669e-03 -1.216468904219624369e-03
-1.653063350698889655e+00 6.449364108555622789e-03 -2.039407973599813295e-02 -2.442015399365578005e-04 -2.044422723167390286e-03 -2.711946786365439146e-03
1.833544368043006800e+00 9.607852348178481938e-02 -6.184224681661882640e-03 6.505315889895670403e-03 4.412940699977433399e-03 3.035571061835367051e-03
-4.643551924796555652e-01 1.628152161989610269e-01 -4.998594191192552022e-02 -5.574997027422954471e-03 -1.578785306127975701e-03 1.648323463410645510e-03
-1.795071437828630101e+00 2.285071012321768513e-01 -4.767663026808972165e-02 1.115845454498066861e-03 3.584393966518396521e-03 -6.605007582783594365e-04
