-4.863722706485569258e-01 -9.927341741588996404e-02 1.454688987269899501e-02 -2.968907062289646761e-03 3.172197167843723593e-03 -5.079448224909175781e-04
-1.305744308124035524e-01 9.736768485865368583e-02 -3.279861252785034893e-03 -1.308106118689061469e-03 9.422569782807580906e-04 -2.991130703427534259e-05
-1.168177349627744777e-01 -1.183155577264033247e-02 -4.222943161251332435e-03 1.851473134734527102e-03 1.024611868894838599e-03 -1.211405812180995452e-03
-1.487122365287532333e-01 -5.204703641532165692e-02 -2.667789659732458496e-04 -2.175554378475338425e-03 6.912633742413526548e-04 9.559151919555510619e-04
-6.621163476345739984e-02 -2.438188186370832816e-02 -6.702354458244289513e-04 5.982962843558984256e-04 8.395804690990577024e-04 -8.639410700311977607e-04
-3.928203930993764414e-01 -6.771778913662791777e-02 2.047646108787846107e-03 -1.238804167275414474e-03 3.230243915783309258e-03 -1.821356366255891170e-03
3.391136475896506242e-01 2.543183088903937239e-02 2.252477342458080248e-03 -3.140104585259683714e-04 7.241726449633071857e-04 2.362269940007879815e-04
5.448355594667672087e-03 3.340168163025006298e-02 -2.905889260617194967e-03 -1.583677770673656750e-03 -1.303923913403187088e-03 -1.296308037677180362e-04
-5.122818761959938016e-02 4.459624739057421738e-02 -9.382902768685147041e-04 3.964814746998329177e-03 7.150868872449683356e-04 -1.002016167929917906e-03
5.141389818970265591e-01 -7.396118005544290164e-02 1.128015836529950786e-03 -9.268893187537407099e-04 5.237758335015067247e-04 5.980018641731692447e-04
4.086071506483454074e-01 5.257617550058033690e-02 1.492125092576776718e-03 -9.741817211054240328e-04 2.462218630376161819e-03 -5.808456607289170810e-04
2.255015642061386494e-01 4.379016860417270923e-02 2.795928984421106414e-04 1.031122959401808417e-03 3.910388447964588811e-04 7.815256313080071009e-04
-1.994936594991751910e-01 -7.742219550498384562e-02 2.649541634443133495e-03 -3.701567529086790230e-03 -1.595386778563411510e-03 9.302021816284325451e-04
-2.912235078084974282e-01 -4.857923627381378895e-02 -8.646459774814795876e-04 -3.361871696005923251e-03 1.851571698856109473e-03 1.386538754579198264e-03
1.105964092964608209e-01 1.492866713248021740e-02 1.196926875942706456e-03 1.304695448041355565e-03 -1.549517799426288877e-03 1.879997503044476088e-03
3.823047942691562562e-01 5.091142658118316677e-02 7.845318176484559819e-04 -5.059527169794426644e-04 2.632639801230465641e-03 3.495454400516446883e-04
6.848439855414033550e-01 -8.930321667673796204e-03 -9.319623878508451285e-04 -5.249174420482503531e-03 4.118063129683467889e-03 -2.157920034729010676e-05
-1.061555122836706083e-01 2.285016573661401498e-02 1.206066604944172977e-05 2.906661953627502105e-03 1.167731637466226918e-03 -5.716477528654029380e-04
5.958438383222430107e-02 2.230376107825219126e-02 -2.255155167978502642e-03 -6.214271086227834279e-04 -5.727640090384052444e-04 5.684057547551254943e-04
-3.535134433067511212e-02 -4.073763341776438784e-02 -4.107362285292302621e-03 -1.581768926252081489e-04 -1.182387547781194286e-04 -1.018324182987381029e-03
-5.861579061375615102e-03 2.933895011451384538e-02 2.451032317260542614e-03 -1.521096248846179550e-03 -6.389135364195803720e-04 2.268776818544587489e-04
-4.252237625036024427e-01 -3.714904316851041360e-02 -6.345108668291012284e-03 -2.502754052895261785e-03 1.574385852012043360e-03 1.425979978928827285e-03
-4.063235026759657309e-01 -1.435845013394835765e-02 6.524910455041021658e-04 -1.742400675653805325e-03 2.249992083826197423e-03 1.608813662145958459e-03
1.490356470467472461e-03 1.097338618267073990e-01 6.420856266783284009e-04 1.928308330172228422e-03 1.652732771806094585e-03 5.098274440568931675e-04
-1.178604818242583452e-01 1.562451752721095294e-02 -1.780909126262785174e-03 2.917201792978448872e-03 5.787741833039124120e-04 -9.520611918573695411e-04
-1.953327341558221131e-01 -1.116457479855122309e-01 5.302582107662237761e-03 2.353797938257037523e-03 1.614002158737833223e-03 -2.410989033231393866e-03
-5.329727072989588754e-02 -1.946711795113575407e-04 1.400063006792841465e-03 1.217502978323733304e-03 2.898032458819113926e-04 5.927095366702266705e-04
2.634966346617439448e-01 -5.839151243967861254e-02 1.653161413075028769e-04 2.425986112898063495e-03 -7.347527167279588583e-04 -7.172704641221807871e-04
-1.895623329361029452e-01 -4.276622513002550224e-02 -3.856593602853793860e-04 -3.021197241626694986e-03 -1.106319944362283607e-03 8.183466920634389604e-04
-3.405424372370754460e-01 5.893453664514471807e-02 -2.022489287813461576e-03 -2.767935154977847843e-03 -1.432714465704572641e-03 -4.936027357962920539e-04
-2.476726514994503914e-01 -1.876049285404684033e-02 -3.441340065870477564e-04 -1.981314265740574156e-03 1.311795011233160817e-03 2.025168302186689667e-03
-3.035650114048288328e-01 -4.208837382726645510e-02 1.568013149860332956e-03 -2.703437227685351850e-03 -7.841757105726340641e-04 7.124684809409627916e-04
3.048391182695310841e-01 3.927205408811635517e-02 4.399039027995990821e-04 -1.134759909882843463e-04 3.645895835128021658e-04 1.153647223133506811e-04
1.026248924415203712e-01 -2.333651578202350016e-02 -5.447993226142496589e-04 2.427235677840866145e-03 -1.515700495181163468e-03 2.076568703177197450e-03
-1.716625005644382140e-01 -3.496309786862401153e-02 -9.483041201786340183e-05 -3.334270707595529768e-03 -2.066980036703103610e-03 1.259651352878841469e-03
-2.081606773841881697e-01 -3.217715315017052186e-02 4.632458376482595855e-03 -1.592868162742205667e-03 -1.181031277093153899e-03 1.083416330966390168e-03
-1.628484254015873933e-01 1.036095698542708748e-01 -1.957973958318042981e-03 1.348980698178795651e-03 -1.303282291628580451e-03 -6.266736331016492393e-04
-2.421056881092832347e-01 -6.061468664520358596e-02 -6.105911278690387932e-03 7.882291730409881052e-04 2.341067735383033825e-04 -3.037445224734447685e-04
-2.901483840906564082e-01 1.064399114157469212e-01 7.128772087873779017e-04 3.840450372758317946e-04 -8.426035432024732734e-04 -4.642399129876256304e-04
5.747411921389840028e-01 -2.220829291732166061e-02 7.192419851677433031e-04 -4.393010756608482607e-03 8.419012034433948771e-04 -1.231555559959993367e-03
-1.724169350395162170e-01 -6.344186003156687681e-02 -4.789072901460922523e-03 -1.639843184201609898e-03 1.713419041788991092e-04 5.726523533633350038e-04
-1.646265797023419297e-01 4.110698720335326239e-02 4.687403844788931226e-03 -2.079513874082261876e-04 -2.157794900868684109e-03 -1.141530722621427948e-03
4.015431562061162474e-01 -7.004734081505022136e-02 -1.002344717260546811e-03 -2.485229900850842747e-04 -1.451038182056072238e-03 1.289548196880390687e-04
-1.237843911078918280e-01 -1.858422096819206670e-02 -9.421349593474640882e-05 -2.282458232216534426e-03 2.802914178854866347e-04 -7.847478121172047835e-04
2.739542252721547874e-02 3.394839892610310161e-02 1.654335474934852347e-03 8.612632407859257275e-04 2.451041745199071553e-04 8.245417149623278992e-05
-2.163260330180635238e-01 -1.895374320423786479e-03 5.202510647765555205e-03 1.603416136718253558e-03 1.978309484198196872e-03 1.142159521563414324e-04
5.753200569733336878e-02 3.825436978420834050e-02 3.832216637611259198e-03 -2.490524986557683240e-03 -1.281415472796074585e-03 -2.223761972904829496e-03
-4.875551408904217014e-04 4.346387898479305012e-02 4.847561938936692191e-04 1.053033847632106092e-03 -2.578016767191841554e-03 3.990910771708593613e-05
5.991561809104219982e-01 -7.634340170811543258e-02 5.146001058785072821e-04 -2.277573838298258251e-03 2.143899427758642635e-04 3.276539910284724223e-05
3.049361868637364692e-01 -5.973940777896875887e-02 7.887962035443876448e-04 4.351273923372210302e-04 -1.647581551268681921e-03 2.448181928542110075e-04
-1.297483134162763507e-01 -1.864255236338633812e-02 1.678843699079414107e-03 4.973202876243310033e-03 4.262758505026437291e-04 -1.232614621547897501e-04
-3.886567988202778157e-01 -5.613749658919355706e-02 1.272338669787375677e-02 -8.563215457617744260e-05 3.840151088062526002e-03 6.973985227798814570e-04
4.999976034554678428e-01 8.486850814173208662e-03 1.418613525510042158e-03 -2.695029706724429239e-03 1.487597106760766901e-03 -9.459888556956781974e-04
1.426645208077658711e-01 5.205972260869052431e-02 9.257029126716341582e-04 1.515933688654709987e-03 9.148147931864026401e-04 -4.731326208852203353e-05
4.016435511169600195e-03 -1.575797101233786246e-02 -4.755897569522099001e-03 -1.385870791612937077e-03 -3.731384594042726709e-04 -9.465206540145163692e-06
-2.702325292217236941e-01 -3.144164350698400168e-02 -1.054842186085052811e-03 -6.873446977871719812e-05 2.009977591980929151e-03 -7.385960286945255976e-04
1.012100962853927505e-01 3.426585152444332205e-02 -2.368103593678319487e-03 -1.594990477354433448e-03 -1.093665138552335362e-03 -9.465648486023018173e-04
-3.119954931766851913e-03 7.871027426469083543e-02 -3.980370595910758457e-04 -3.964705298018667966e-05 -1.115672294931310989e-03 -1.806220356260239933e-03
-2.414089461027951466e-01 -2.034152219585809093e-02 -2.007414633694287048e-03 -5.741475895453730487e-03 -9.792488794113554228e-04 9.962221097928638505e-05
1.370125727822661954e-01 9.706736458751394347e-02 1.667490552062914251e-03 8.775536532241673491e-04 7.821460698209175503e-04 -6.663591282341342972e-04
4.347657775330799473e-02 -2.698711943307141505e-04 6.095902265260735517e-03 -8.263010537241355889e-04 -3.691011186196458977e-03 -1.778331622228903350e-03
-3.224396090585726626e-01 -3.690880970910000169e-02 -4.673880523531120847e-04 -5.904981631416741060e-03 3.980416111529684489e-05 1.035987820045568926e-03
-1.503809833707788757e-01 -4.692374301492836797e-02 1.981866424759179748e-03 -3.453149858725083204e-03 -1.303651668745149390e-03 1.210833029756135740e-05
-3.391369677788373393e-01 -8.796587081923086179e-03 -2.682504607283542732e-04 1.105062775060805004e-03 2.247100816847667337e-03 -1.785454686968761294e-03
2.117301220117885630e-01 3.921761151927777994e-02 7.902187645865111146e-03 4.240691471801754449e-04 -1.635293558967656786e-03 -2.357988484288761968e-03
5.052625026382096679e-02 7.547173577914423337e-02 1.418246369219009113e-04 -2.786468837147262488e-04 -1.927046533958117164e-04 -7.077918201401825872e-04
-2.903421155790882335e-01 1.982369115483051392e-02 -6.702553422582902031e-04 -2.258170373807967535e-03 -9.549186517243654681e-04 1.945243435028990190e-03
-2.933773741705172355e-01 9.338850457979734621e-02 -2.747763144361039037e-03 -7.483031963641782486e-04 -6.002839858103332796e-04 1.052491181002007561e-04
-3.515444508423337666e-01 1.495151113067344495e-02 -1.493603206394751581e-03 -4.472291711281935027e-03 1.768502760181650188e-04 3.748382202064410315e-04
2.768441882773576418e-02 -7.072388465997365981e-02 6.585006781805142833e-05 8.225387258650894342e-04 -1.793426341048818184e-03 -1.387274695542928022e-04
2.751794340987845922e-01 1.931788375054820095e-02 -2.827825850817332017e-04 -1.745471975322599335e-03 -5.054215966585611387e-04 -7.531567398086615401e-04
1.954892665245690775e-01 2.575816101573892569e-02 3.694611179277766666e-04 -3.568622579072382221e-05 6.444344325332039590e-04 5.954010179470565611e-05
2.703767266444725981e-01 -2.810160769303265624e-02 -9.053102535195077863e-04 -3.017094684058061610e-04 -5.884614463411070619e-04 -1.100492471612033449e-04
5.674521748960090761e-01 -3.251898225839338491e-02 3.241993414580424983e-03 -2.535888953970348494e-03 1.236377488111853329e-03 -4.456302501583140133e-04
3.821973193412839254e-01 -1.127041322585096809e-02 -2.194169851793143118e-03 -1.221523523868338649e-03 3.454081609884896938e-04 6.439957235174546780e-04
1.045269319259647389e-01 4.860051946185101751e-02 -6.909006834797121058e-04 6.545272062902503067e-04 -1.011178731490653369e-03 2.162800246279598102e-04
-6.056617870262840514e-02 -1.059486872609947776e-02 2.517158793635136584e-04 -3.516259257462266228e-03 -1.499098735360305558e-03 -2.355169566123386181e-04
5.507483806726453102e-01 -2.385669554425093666e-02 -1.662807706469815461e-03 -3.720669083491958806e-03 1.998694585735946369e-03 3.123667861960173161e-04
9.331724477065682366e-02 6.670110335096922360e-02 -1.995749280616016755e-03 -8.954885431884611726e-04 7.436831549049007298e-04 -5.016954094422474406e-05
1.685900583121435758e-01 2.203086078048353130e-02 -1.563530085345691927e-03 -3.903593597493693534e-04 -1.283400028093881684e-03 -1.773333567912416025e-05
2.383540269603238171e-01 -5.027085402124734093e-02 3.690850444802889693e-03 2.924313191095401221e-03 -9.886841180498468981e-04 1.334297584065299077e-03
1.609446826286762416e-02 4.437246318594322697e-02 1.519688684647699153e-03 -1.834044707011342435e-03 -1.494207037575754141e-03 -1.786166538204300193e-03
8.409849567911357182e-01 -9.292536148913395355e-02 -1.264882501818503577e-03 -5.435845568848868097e-03 3.220841886442181706e-03 3.676117605182151367e-04
3.236413298900364666e-01 3.577199127510261728e-02 2.723171439886228062e-03 -2.225858880802386044e-04 -3.187305947394435991e-04 -1.028635673088750067e-03
1.259920809143830478e-01 -4.228994171559342236e-02 -4.900362310255090620e-04 5.723589892776159704e-03 -3.049579810383500717e-04 -5.986912675561116700e-05
-1.135949891070744400e-01 1.757584666517927538e-02 5.651175221658884425e-03 1.199924600300422651e-03 -1.295149830075022386e-03 3.609657514694409111e-04
-1.419063658126002436e-01 -6.992179688764506296e-02 -2.603573111684115600e-03 2.622408435247074177e-03 3.937910887006453102e-05 -1.271891993056599229e-03
2.574191968472430703e-01 2.534763221673877465e-02 4.158908945877570935e-03 2.087315647248127667e-03 8.253767362132586032e-04 8.752194499611361917e-05
1.245515623294262963e-01 3.273889868382059976e-02 1.324598550671789382e-03 -1.549056389557071541e-03 1.977315332527856593e-04 -1.938386455460229649e-04
-1.180167704316235217e-01 -6.986520795960877994e-02 8.429948979245864560e-03 3.934359381228534971e-03 3.661378686030896876e-03 -2.299360285918781999e-03
-9.678894602873609754e-02 7.531162709040670200e-02 -2.695307379611520688e-03 -9.508947078411491725e-04 -2.154505506807891687e-04 5.344662305601196499e-05
-2.646345066837203497e-01 1.354813538402276085e-01 -3.047418737379743725e-03 1.384670812786946426e-03 2.805261461829411493e-04 6.332521371017288967e-04
-1.482937906233269820e-01 1.316900913344005719e-01 -8.868280422169403255e-04 1.627326575229218111e-03 9.044615225668214790e-04 -7.455407728746916757e-05
-1.254370039104592827e-01 -1.665811868368063768e-03 6.517284805917616421e-03 -2.216199412155404284e-03 -3.305848826039829973e-03 -1.798230405500750870e-03
3.918564964177355392e-02 2.493549972016269409e-03 -1.614670470221201510e-03 2.304608300819990969e-03 -9.594804880248216945e-04 4.647692523409594563e-04
3.888234668777442171e-01 1.672820826115341275e-02 -1.038614132162139943e-03 -2.225183160333510293e-03 9.717251072177376155e-04 -1.648475723431469455e-04
1.539354451438075810e-01 9.411344782986453758e-03 -1.371416462142905409e-03 -1.253683095216899046e-03 -4.410335045808281467e-04 4.030437596061129378e-04
-4.994221994266916376e-01 -4.560167421130172788e-02 4.288441448280990928e-03 -3.686745941453762557e-03 1.371246222440847653e-03 5.231231456468662163e-04
-2.594226249359988246e-01 5.512125743772964409e-02 3.539833187545687355e-03 9.275234057797123247e-04 -8.621690728623426293e-05 1.816914276303901402e-03
-2.337315898951748960e-01 -7.256629018221651128e-02 -6.902024402731321909e-03 -2.662151314517203268e-03 8.266210583593542813e-04 6.852797732424134678e-04
7.139408678897908589e-02 -1.289947735498284120e-02 -4.706616834545856629e-04 -2.582207587687743514e-04 -2.517057330327685406e-03 7.586349568456359285e-04
-3.143891963194909295e-02 1.283370511924257773e-01 -2.185642031079678121e-04 2.108065397087776835e-03 1.088012245758154459e-03 4.061560267113650726e-04
-5.892429239539299229e-02 4.738814003467976127e-02 6.784842559042463927e-04 -6.136379965322637112e-04 -1.685669824730774062e-04 1.106933836975245236e-03
-2.773634913208223862e-01 -3.309754974351707818e-02 -3.372584404166777822e-03 2.490882116310419447e-03 7.858177104777781330e-04 9.379762237987202846e-05
6.545027880631795747e-02 4.172051795289703768e-02 1.846438125068094929e-03 2.559000907569481884e-03 1.102833899928957204e-03 5.278472142148954048e-04
-1.450938131095407257e-01 -2.843239353548210335e-02 6.308957034032067548e-03 2.785512222404693157e-03 -1.708936557610380704e-03 6.382303099271757676e-04
5.077175545354547515e-01 -2.718225765511224704e-02 -2.604325789866667080e-03 -1.983130189160151567e-03 1.116891587628661940e-03 8.472288718576657073e-04
-2.347240346586449145e-01 4.439875847518202912e-02 2.183496201087869928e-03 -9.566842489557865047e-04 2.746431528921989347e-04 1.187027728947646606e-03
-1.691418064491083117e-01 4.673476202972606797e-02 8.354415426521900282e-04 -1.451633349149006715e-03 -2.080234916597822198e-03 -1.058584157901753739e-03
8.680075832966235860e-02 -9.988917554537183469e-03 9.285781562703064812e-04 4.239934327887724674e-03 -1.638937841811276318e-03 2.477553518938712274e-03
-6.269486144393950078e-02 -2.738267239266287470e-02 -2.344677055005528650e-03 2.365159769453854723e-03 -2.498697947447447347e-04 -9.537150079692354593e-04
9.336288345327047045e-02 2.674186550970391804e-02 -1.098830689869129563e-03 1.879932771565893869e-04 3.363550851627144329e-04 -2.649340591036148870e-04
-2.761275764214074155e-02 1.086915106608748738e-01 -1.815130582047528533e-03 1.589845016293560355e-03 5.065606925490807747e-04 2.908704746470352565e-04
2.954293334789490078e-02 -3.273945493579170918e-02 -3.456593580693211824e-03 4.874455732924770114e-03 -2.984409794084133885e-04 1.392623133996540160e-04
-4.567723978051500822e-02 1.033117231434348970e-01 -3.727587386160625266e-03 -5.095131487022500159e-04 9.767240897974379266e-04 4.065997016200410927e-04
3.739617924363494161e-01 7.601361229566030997e-02 3.339313483884687964e-03 -3.025161525271910339e-04 2.120637105338517726e-03 -1.104860760401086541e-03
2.998452858279192501e-01 3.762745177822240938e-02 4.762418008319807550e-03 2.935630721152364116e-04 6.489600732352867251e-04 -1.778975662802197589e-04
1.291415985807824740e-01 1.024175803436655208e-01 8.719927003150835208e-04 2.128836644642552716e-03 2.317111239955644934e-03 -5.159289540143699280e-05
-3.035229507071716126e-01 -8.001856419246781982e-02 -4.998102921755235434e-03 -1.787758690586234434e-03 1.363017423758945039e-03 -2.504411583588672403e-03
2.716029796070474900e-01 5.952143105059370248e-02 2.588850043170466079e-03 4.966888898244984935e-04 4.930984199922667415e-04 -7.145721648528341984e-04
-1.192169478274116706e-01 9.809202212920077601e-02 -2.896456352518031636e-03 -1.188138266225669155e-03 9.657376442726386435e-04 -4.406344710868202925e-04
-1.937026627991959848e-01 -6.049688829755089925e-02 3.938490348903330059e-03 3.710292498931353714e-03 3.299226321380390337e-03 -2.446278617747478252e-03
6.438150863757229059e-02 1.648623498495604273e-02 1.032228534976652439e-03 -1.080418393513443872e-04 -9.423831105147634441e-04 1.435625899765997871e-03
-2.303193131396919779e-01 -7.522265958926470375e-02 -4.251567856558768725e-03 -2.315289007143338761e-03 1.240970280187297069e-03 -4.491923719792279153e-04
1.588004137580011632e-01 -8.855547680435102431e-02 -1.478164365656297035e-03 3.335211183523464473e-03 -1.785131267414648499e-03 -3.348233273196328671e-04
-9.630663522374896535e-02 1.432369940890981241e-01 -6.604382728188447262e-04 2.764449904420225763e-03 1.460788334853089674e-03 4.956547825092389326e-04
-7.314929322735691519e-02 3.855730148426021742e-02 4.148788534719429801e-03 2.032488586366623922e-03 -6.050921858187838622e-04 4.149633459057900861e-04
8.262211468534089165e-02 4.512818597622873795e-02 -2.658287637277022449e-03 -1.619432175771543447e-03 -1.663726660530507381e-04 -8.242361620553399326e-05
-4.044416820206209184e-01 5.550663273464234021e-02 2.833096036856224461e-03 -3.763144734982706591e-03 -1.220939075816412705e-03 -1.583785917905798993e-03
5.992427228140468146e-03 2.535482028537917529e-02 -8.316543278659317001e-04 8.444666713887871105e-04 -8.026338445402291704e-04 1.271817871956658309e-03
5.424418607237025541e-02 7.304141263423216679e-02 3.772845432917373322e-03 -4.723872339165697100e-04 -5.913600582121486191e-04 -1.563625692810241595e-03
1.283628287101987175e-01 -1.816480777815869876e-02 -3.003617430409166733e-03 3.510622347700005533e-04 -7.403566534332700145e-04 2.735813562003272179e-04
-8.975193451888174856e-02 -2.681638665322625542e-02 -2.572317688502275771e-03 8.309556105778036781e-04 -1.131694957435766015e-03 -1.931804777711942879e-04
-2.118894560720818443e-01 -8.330149977779621392e-03 -3.696013304686603367e-03 -1.207231432433546236e-03 -1.916108382366594630e-04 5.352655892791147085e-07
-1.015118680562115266e-01 1.109184373098748982e-01 1.346607252077074374e-03 1.830722319309484140e-03 -5.550873925806499611e-04 -5.680299964155418246e-04
3.273875939671401780e-01 -9.840739527775524409e-02 7.915639375179158767e-05 8.801889936238747577e-04 -1.459090656635920677e-03 1.009350457381896467e-03
2.039830579774488672e-01 -1.217049709631033705e-01 -4.402842713954297285e-03 4.474240659828620549e-03 -1.809656831975717034e-03 -8.202882435251468429e-04
-3.740884780035905188e-01 2.524681664185286084e-02 2.074763462981540560e-03 -1.095116653812248627e-03 9.573297322450444744e-04 -2.898440544655735834e-04
-1.800953940519301189e-01 9.171873253193202347e-02 7.902173505683699741e-04 3.659190381667473549e-04 -1.155006662203780397e-03 -8.603306501118069150e-04
2.129385437105994205e-01 5.969417635397314403e-02 -2.734404748879852836e-04 -2.858265202097480919e-04 5.526899571229673420e-04 1.072835461928579463e-04
-3.833061331133796878e-01 -3.187079830891641902e-02 -1.059624825292416117e-03 -6.259381277670623966e-03 -2.212677009456522572e-05 8.227016437330282638e-04
4.172489028885071893e-01 3.852538005772261631e-02 5.266008962478994698e-04 -2.310258787836274013e-03 2.322995723697535934e-03 -8.818731920809260664e-04
3.576900873887404742e-01 -1.497190172687819058e-02 1.914430493671747746e-03 -1.912161186488250302e-03 -2.680274072897199087e-04 -2.268999426338267050e-05
-2.064173745128270732e-01 4.445442838434345359e-03 4.153278670315426260e-03 -1.548261474589980157e-03 -7.687464410522646448e-04 8.253256540862542517e-05
2.881403681189356192e-01 -3.990561282851558950e-02 1.380636595820892163e-03 3.696237864114048331e-03 -6.019447196780306928e-04 1.234790390890581988e-03
-3.021469190977333352e-01 -4.453555209823822220e-02 -2.810854089173029963e-04 3.199771993266324458e-04 1.958113371986426512e-03 -1.740282632906433322e-03
2.241264797508975004e-01 -5.074069639120344817e-03 -2.419822018076880563e-03 -2.129490873077413693e-03 -8.317820893107910618e-04 -1.064811716640291686e-04
2.654876429401171190e-01 7.419385412900879329e-02 1.104474938957957647e-03 -7.982773755452173339e-04 1.857709467315128140e-03 -7.893896075548880592e-04
2.557395331034454378e-01 3.741573607274951887e-03 -2.705929450663180965e-03 -9.061012154895984726e-04 -1.686007966812646435e-03 3.733347183875536141e-04
1.901294036724480718e-01 -1.056176181000452186e-01 2.880008159740876650e-03 5.495455060810289748e-03 -5.281529495620980539e-04 -1.200094978917496617e-03
5.325036980474745496e-01 -6.706125276653800149e-02 1.064104192398218195e-03 -1.220671401472841295e-03 -2.315096114722830947e-04 2.818961594982447028e-04
-4.222111453700197470e-01 -6.973512776034521132e-02 8.693640867869839237e-03 -3.449759729428697290e-03 9.456621134973951844e-04 8.468140738104872230e-04
4.919030274079684573e-02 5.296201407652886134e-02 3.010035395321322867e-03 1.612659979607998246e-03 -2.772463662317991000e-04 5.420200548414959730e-04
-1.299638797716646532e-01 -2.382488765882681547e-02 -9.783123629472014349e-04 -2.668528848972102885e-04 1.148450872122729581e-03 2.929938302557188491e-04
-1.166079806831521806e-02 -2.236476450555248061e-02 -1.292102014180995188e-03 -2.570379676557052375e-03 -2.737444316150452507e-03 -5.893467712319214570e-04
3.583167242058306334e-02 -6.630626450194246346e-02 -4.958381220396222526e-03 4.647398946726228296e-03 -9.099311703967252665e-04 -8.427320293231469459e-05
7.572310523659869785e-02 3.070094993054874391e-02 -2.462724436742809355e-03 -1.006629504998503722e-03 4.251327016479322413e-04 4.265872481259212447e-05
-4.149450306242193354e-01 -2.512352361095639142e-02 -6.323054155986418054e-03 -6.247714123503533921e-04 1.923210071721407743e-03 -5.784874478487451961e-05
-3.325370455885154897e-01 1.352259989457391121e-02 2.848296089177878351e-04 -1.402134632285805937e-03 -1.980981762970171998e-04 1.047957781085970177e-03
2.208087547337950762e-01 -5.224621891516437883e-02 1.155005905877770221e-04 2.316723567716737469e-03 -5.581877637267484288e-04 4.167838531969639770e-04
-1.098172179721547820e-01 3.860919663812897862e-02 -4.986146230204924028e-03 1.151214544543609816e-04 -6.519994968791311589e-04 1.141081568665844835e-03
4.132699213994663751e-02 5.396839271857251097e-02 2.477364786251375333e-03 1.560884843446906731e-03 -1.765841755909282849e-03 -2.405546352457634365e-04
1.072531650734799696e-01 -7.813468497467158935e-02 -1.029187348732062308e-03 8.617798396921004826e-04 -1.045172303510119409e-03 9.031742674881055276e-04
5.236566007666558775e-01 -3.235014184998991071e-02 -1.787564623294597959e-03 -3.261834800440530178e-03 1.246632034393015467e-03 4.012799008875684746e-04
-1.318522284811222134e-01 1.174243103062208027e-01 -2.664520750893674579e-03 4.232521118648709287e-04 9.771916684231287797e-04 2.341741137691377174e-04
1.634355067870034706e-01 7.893628385639354927e-02 3.384992960537957195e-03 4.544016239983448050e-04 -1.461431090318295175e-04 -1.275640487998659905e-03
8.548577922054236000e-02 -1.446675488602570947e-02 -1.167863968071051858e-05 4.798348770831710984e-03 3.391206455067152651e-05 3.805802086938661621e-05
-2.419097324057727094e-01 -7.286893284303347373e-02 -2.288082610228722464e-03 2.304645080666799326e-03 6.423779251988747264e-04 1.247194285346426039e-03
-1.226082043874564681e-01 -1.119820573312581453e-02 9.134944359623848643e-05 3.833369921315821043e-03 5.281693805598945690e-04 -6.509728143985863162e-04
-2.901187844845286579e-01 2.251525340320614105e-02 -3.121264718874936471e-03 -2.860029932101583461e-03 -4.615099642171646916e-04 2.598625666016733757e-03
1.344527828038136474e-01 -4.239765567780435368e-02 5.050173795758042608e-03 -2.455461375665016818e-03 -3.860184314146101504e-03 -1.636443454713307167e-03
-2.445877829811046039e-02 -9.862498176223499780e-02 -5.932343799330650792e-03 3.580350076898058606e-03 -4.967208308899208596e-04 -6.523533713567325216e-04
3.587452354996321091e-01 -6.217415252704464046e-02 -1.427886177443321277e-03 -6.717200244903347812e-04 -1.421400247759195719e-03 2.329541379081902989e-04
-3.256189844795467914e-01 -8.914967146344916771e-02 -5.885491590907734709e-03 -1.761219428324142279e-03 1.629833637895529604e-03 -1.603952781239386402e-03
6.734838013900912301e-02 2.806436947209994467e-02 -2.519840543078388437e-04 4.310303101634599746e-03 3.556170737535025664e-04 6.798574138489175576e-04
-2.902645340032716792e-01 1.364260890621897017e-02 -3.184362103958915846e-04 -4.513012405403532198e-03 -1.489010386127488086e-03 -1.034055597086741031e-03
3.246332791206014978e-02 1.356822172590428643e-03 -1.518330515430673213e-03 -9.855081130649091716e-04 -3.002549040845279606e-03 -9.507591672959256703e-05
1.206276138460344455e-01 1.660120303842828673e-02 -4.084078639298620653e-04 -5.587777545032567678e-05 -9.682561616862843910e-04 5.933937350970042114e-04
3.174002957961380433e-01 7.527744455222816489e-02 -4.322860377918761156e-04 5.359306313480373266e-04 1.763617066759602062e-03 4.468031465351909480e-04
2.413141616624593089e-01 -2.396832703254547434e-02 4.395587260474924027e-03 -5.581689125001838662e-04 -1.821889061583106817e-03 4.850947953129436906e-04
2.168544811992492438e-01 7.729993798100925906e-02 1.280164540477345255e-03 6.719338094814370594e-04 1.548542284543470357e-03 4.271686205266178420e-04
-4.217239098936347297e-01 -1.006982786891798820e-01 -4.567224497501693424e-03 -3.694296674677447281e-03 2.297044867323282460e-03 2.789036097714628001e-03
6.547924597442973393e-01 -5.878181692811195597e-02 -8.317950037191142371e-05 -3.606511494184324717e-03 1.693953931380895797e-03 -3.144647524291436526e-04
7.576975889631867300e-01 2.322579401471139976e-02 1.826886822089791862e-03 -6.471527343641151481e-03 7.633678601106369185e-03 -1.162979082379707622e-03
9.409023376040141773e-02 -4.960401962842163337e-03 -1.986873084873181077e-03 -1.624802237604758195e-03 -2.854413578893038195e-03 -3.230734186713091574e-04
6.099712592453860882e-01 -4.832087227746787589e-02 -1.813518121089239404e-03 -4.233607029716670439e-03 7.624883169671873824e-04 5.137541544737015721e-04
-3.368658829843584543e-03 8.271264006606596220e-02 7.019847500810622639e-04 2.474908463896921366e-03 1.014082023811663279e-03 -7.349056020130647498e-05
-2.415375895865212730e-01 -8.993724215008724876e-02 1.518382814761998949e-03 1.837915531686306388e-03 1.666014032250020746e-03 1.015141730971567567e-04
4.048798688034290216e-01 -5.715328090455191329e-02 1.838862565697516310e-03 -2.237953856593916883e-03 -1.593946632276652640e-03 2.083213442137199186e-04
-8.014648301719726198e-02 -7.943455410884367462e-02 8.202387249148533404e-04 -1.679716089099477297e-03 -2.161242880042974109e-03 5.989841687215596150e-04
-2.396463067888898735e-02 -2.607414916621512632e-02 -6.756302845749477884e-04 8.336255020537793568e-04 3.575465447754577042e-05 6.188915783259751023e-04
2.602351107896398452e-01 3.143591535180191576e-02 -2.772100104818696256e-03 -1.434807857871462635e-03 2.661142342088422281e-04 1.127579324786002536e-04
-1.573305158883952781e-01 -6.557155957381817502e-02 4.021000271630380783e-03 1.518225873544406894e-04 4.908645011079093264e-04 2.439497891660319471e-03
-1.986051379798530192e-01 -8.042197501958446570e-02 -7.743733408366888955e-03 -9.928163334774291453e-04 1.154257628306561189e-03 -1.753611823629966067e-03
-4.062529922478574224e-02 2.891394041023843259e-02 -9.030749711928339656e-04 2.003867208649705149e-04 -2.119854684844366555e-03 2.609317166827658128e-05
-1.018749924707358367e-01 -2.277750336543682766e-02 -1.657050812587997947e-03 2.355717246903755915e-03 6.368208402123293633e-04 -6.736053197280704886e-04
-7.869978892493649514e-02 1.013250017367463458e-02 1.602035564412748660e-03 -3.019683458455890875e-03 -3.014281632140707566e-03 -1.933079601934434896e-03
-3.194779121970339059e-02 8.848854900163963255e-02 -2.581627922258958405e-03 1.395399534206930720e-03 -5.868065740345069321e-04 4.273832044356048760e-04
3.313221169546984313e-02 7.441214893648973039e-02 -5.308685371132850416e-04 7.920154575237561573e-04 -5.657552467445643761e-04 1.809444793394654125e-04
-1.028265297665454658e-01 7.956175283825202282e-02 1.344869866540398303e-03 -9.857431523794923500e-04 -1.147992940140362935e-03 -1.465665211030174131e-03
1.463843872947394598e-01 -2.165954142719162326e-02 3.198562739975026412e-03 1.755614122044553242e-03 -1.767499498876101086e-03 1.056636932925174299e-03
-4.043793031468382870e-01 -3.092890693359571369e-02 -3.267785461236263206e-03 3.209854534789338649e-05 2.371984377195113410e-03 1.676285381145627010e-03
2.987604190267489357e-01 1.863142961912661252e-02 -5.771251946954027590e-04 -1.154148802405691854e-04 9.428970819243358541e-04 -4.361098115896194246e-05
-3.395648006821663789e-01 -8.655522355940867274e-02 8.755908333169595825e-03 -3.321719394030350769e-03 1.140142087500935122e-03 -4.021067981795798871e-04
-3.026160061149499869e-01 3.463642601957951650e-02 -2.016387631965011699e-03 4.097399058745579306e-04 1.378687707077896202e-03 6.210921944084680114e-04
2.478094530133748141e-01 -3.885348443237804372e-02 3.644626056988058572e-03 2.943775448430680213e-03 -6.287667599202856642e-04 1.246571769728049449e-03
2.644478702589022068e-01 -4.903442983617075507e-02 -1.329732291696443395e-03 3.377897477072558391e-05 -5.978401199724274007e-05 6.826254186297178771e-04
-9.050325441749455802e-02 8.988104864918101955e-02 1.773922581103261472e-04 1.767870345497427054e-03 -9.117957967660213995e-04 1.998153902249753767e-04
-4.175940558692419619e-02 -9.706015709396496882e-02 -3.054329532928535228e-03 1.691942980831912750e-03 -5.626104706477532417e-05 2.023618182820197814e-03
3.774474880170233804e-01 -7.099310867746189135e-02 -1.310411457073222411e-03 1.752785009859777779e-05 -1.918026394068333930e-04 6.154298337622207422e-04
-1.514116639798654684e-01 -6.252819534670220336e-02 -6.966205788572497719e-03 2.380711745774831412e-03 3.101399917367558888e-04 -2.809115458459636189e-03
-4.099255516176712050e-02 3.849093149901289951e-02 -4.027185085161505418e-03 -2.142083762703952867e-03 -5.791194296733973490e-04 -2.334114220151730702e-04
6.954747526481833142e-02 -6.235680686644346632e-02 -3.325117516437097777e-03 -3.111246310764861239e-04 -3.007310265942500136e-04 -4.762702857599289494e-04
-1.217062503678206231e-01 1.496357000576930586e-02 1.256238108806217091e-03 3.666930605325225811e-03 7.544284252482731396e-04 -5.203957423823804985e-04
1.899354165054002452e-01 -5.011282428416418550e-02 -1.381512409677439646e-03 4.562647394365646663e-04 -1.694035462141552225e-03 1.672575592781320921e-03
7.745371566636602423e-02 -5.516776252017163706e-02 4.751884395461087110e-03 -6.909847522312255073e-04 -2.577386412741798291e-03 4.244726353469132480e-05
-3.375101645149621854e-01 -1.519224012952214743e-02 1.434965893624768653e-03 -7.386600821736098547e-03 -1.753845672665575988e-03 -1.785202985135960060e-03
-2.892751216051205332e-01 -9.271351203373821848e-02 1.250425091741650188e-02 -1.877975030866603154e-03 9.999862079144955333e-04 -4.651067622762705494e-04
-4.607114266892336496e-01 -4.232060414394951675e-02 -6.274832565008108161e-03 -5.454176090782064624e-04 2.182198779938916613e-03 4.905310411960769282e-04
-2.241185975102356620e-01 1.330665805847337513e-01 -3.249287890925235071e-03 1.244509040263900483e-03 4.662399287598682405e-04 4.686908188510221585e-04
2.687481228529136068e-01 5.993371632102646208e-03 5.048403483390976471e-03 2.318070210739284621e-04 -6.111223299317297989e-04 3.389221289552653217e-04
-2.202047451794292288e-01 1.233760568851673539e-01 2.280744745884176385e-03 1.107541272549760186e-03 -5.524070414018480805e-04 -1.037113384320220060e-03
2.490358234194372244e-01 8.799773325771897969e-02 -3.999294994721007629e-04 -2.582005772655388519e-04 3.419648488697280952e-03 2.396949713482082061e-04
4.924883668896592459e-01 -1.117015048256433420e-02 -3.014306129710206676e-04 -1.257804900934926876e-03 1.260624955430175633e-03 1.374875787402447672e-04
-1.028205691484559703e-01 -8.189389305308218681e-02 2.303840837944499086e-03 1.374643396044986348e-03 1.284524039134470400e-03 -1.706151805427978153e-03
9.264841732666256879e-03 3.690873604235475613e-02 -3.701044969680331378e-03 -7.227688355459644916e-04 -1.660525452725638814e-03 2.061075861191655418e-04
-9.476517057764012597e-02 -3.043254335263222143e-02 1.947980802661558077e-03 -2.106087030970318734e-03 -1.068646341072784734e-03 1.573105011739214408e-03
-2.208362254346280251e-01 -1.150873682907031879e-03 1.013008349385398788e-03 -2.647890684075082136e-03 -1.892509851670528273e-04 9.081049921261885680e-04
-2.300051605897201201e-01 -1.282527475864914113e-01 4.649437393849632782e-03 1.212651336015310548e-03 2.679631099578844763e-03 3.127967062051269340e-04
1.600787631709273129e-01 3.535230988157668508e-02 -2.728866324920134565e-03 1.414316767404470688e-04 -1.246226998433171227e-03 4.707663878012406764e-04
-2.310027070174973385e-01 1.152008048899456037e-02 8.026013426702532927e-03 -6.576174686098936080e-04 -1.188262092810844989e-03 -6.996785793056901339e-04
1.528419281691201781e-01 4.950050929508355985e-02 -8.585639958421275230e-04 1.117153514803412209e-03 -4.864863286856806190e-04 2.460462351940883620e-04
-4.165187353384953162e-01 -1.177110371071262394e-02 2.135565165745216022e-03 -2.465637002431991364e-03 -2.559913788121477292e-04 1.908159376226570498e-03
-3.598813240214877585e-01 -1.196509331660691733e-01 4.006355430101341333e-03 -2.382796259145011399e-03 3.873848133800732695e-03 1.664149371321120303e-03
6.836167908549478645e-02 4.000699248216301601e-02 4.113583283506064628e-03 -8.298387559667642910e-04 -2.372822255069544008e-04 -4.119751087794064608e-04
-2.272806674284548745e-01 -3.688175863764928120e-02 7.339490651048028586e-03 1.121122165480863391e-03 -3.254924285855834523e-04 -4.315158800106369975e-04
9.902947666044485675e-02 1.278921923207706479e-01 6.986808629196658701e-04 1.367143923682165611e-03 2.470563118922749091e-03 -2.146719246192786484e-04
8.262918727960481824e-02 6.105655770991565839e-02 2.453267022735506047e-03 -5.071210330642454862e-04 -9.092740811762257437e-05 -5.941707294555220124e-04
2.302819664688060819e-01 2.802050638633838547e-02 3.744192598892848427e-03 2.795178433524799335e-04 7.279292060455227554e-04 -5.281689515748945127e-05
2.356747947428888545e-01 4.762688696632970224e-03 -4.498860952262483635e-03 -1.475647557102929179e-03 -1.426084674469167571e-03 3.733787125008102524e-04
-7.522214905012220010e-02 -6.798623862090711484e-03 3.418559795036726825e-03 1.689583434393022131e-03 -1.885195050250350422e-03 9.748946883355312813e-04
3.149038821839082458e-01 6.146560660996010922e-02 1.770102731294656302e-03 -2.763062519502579322e-05 9.380493178304493947e-04 -6.930602314252755445e-04
1.791838128437348299e-01 -3.346256184412040730e-02 1.851745543400713497e-04 -1.444773943271560794e-03 -1.266974241348317121e-03 5.244150599437275798e-04
-1.961688823876746868e-01 -6.283199327385448341e-02 -9.656808520885670766e-03 1.876606155066850375e-04 5.080529079981336519e-04 -1.791557061285153213e-03
5.235538982446085177e-01 -3.110962009559197286e-03 6.620089484224256186e-04 -3.169589131158600040e-03 1.009474731091310326e-03 -9.160282153083401050e-04
-2.667912792275963785e-01 -5.032274035478122992e-02 -7.195613663876302031e-03 -1.921838185531474230e-04 4.608741713660499369e-04 -4.567861824168243084e-04
1.422477490194928584e-01 -1.055083196491132247e-01 -5.054615955501673592e-03 3.199085302820921933e-03 -1.050659061962570719e-03 -2.584513595068337359e-04
-1.627927877453939909e-01 -7.469913977896680546e-02 8.465702698084526245e-03 -9.083313230615154337e-04 -6.051890906210758651e-04 -5.188641610808821647e-05
-1.472853376812920945e-01 3.320810582051126909e-03 -2.305385670971203964e-04 -3.102103126628746703e-03 -8.984752300493128573e-04 8.534829151090921528e-04
1.743143823553482408e-01 -9.402903610902146880e-02 -2.794548213179259399e-03 1.697335982210066438e-03 -1.890972902568312285e-03 4.938961156586068940e-04
-2.174272559895896462e-01 6.485968579758671915e-02 -5.041328596795694762e-03 -2.876104533996199785e-04 8.674909075897998135e-05 1.054946406448817493e-03
2.928648062215085182e-02 -3.850178307146129991e-02 -1.936299768580635003e-04 -3.417717801156567431e-04 -1.179260282916947799e-03 -4.984841231212926681e-04
6.919514123096353053e-01 -6.362361550970357937e-02 -2.269155368526769019e-04 -3.783749795409376698e-03 1.635469984227532012e-03 -8.345627075096200329e-06
1.382340840302024622e-02 -4.694199205694962740e-02 -1.587310369493562462e-03 7.474248420116621355e-03 -4.293963706973343399e-04 -2.040458127534436502e-04
1.472685284970089714e-01 -4.514260843985976740e-02 -3.435621162750650010e-03 1.484445640799186318e-03 -2.176771249545901826e-03 7.379424109371126835e-04
2.696600651995122513e-02 -2.267600776676310242e-02 -1.411029088669323245e-03 -2.239734808360936951e-03 -3.557457597375768190e-03 -4.526340938169589657e-04
-2.437028848155784189e-01 -2.679115483301975839e-02 -2.745947698990817911e-04 1.444721282490305826e-03 1.658892280840934194e-03 -2.368740227940850966e-04
-2.160713453966235306e-02 -5.224729273693098919e-02 1.609676157813265049e-03 -4.648790821561680641e-04 -2.168718292875016808e-03 5.810762176483045757e-04
6.373979073867341860e-02 -7.030289228214585406e-02 -4.388944466442602083e-03 2.590384112452445622e-03 -1.428198976680149831e-03 -1.242150302928028823e-03
1.661853905875963766e-01 4.907061692093692140e-02 -3.341666432643971944e-03 -6.924993164554546802e-04 1.438824475033403081e-04 1.780752264172716555e-04
-1.728824366283192582e-01 -5.280290000796300509e-02 -6.575562113395315780e-03 2.205503557961514328e-04 1.368976006900235855e-03 -8.612239002380882216e-04
-1.170382897018924645e-01 -3.739697393934116043e-02 1.165307067264050554e-02 5.487128790085038163e-03 1.677271781423910098e-03 -1.614932485127334267e-03
-3.153479639887283303e-01 -2.831210278327714672e-02 -1.638954480259250095e-03 2.820148527124367345e-03 1.721061588699860853e-03 -2.006746146272774065e-03
2.221313002692459626e-01 3.542955235294117239e-02 5.100620003553214951e-04 1.331891118295468667e-03 1.607889665621721736e-03 7.095795331082079731e-04
-1.477799290267720611e-01 9.494236649327638181e-03 2.709809546889726736e-03 -2.270774850181938014e-03 -3.828611270102604556e-04 4.420947039297758781e-04
-8.112794272793616424e-02 -8.962706448408014337e-02 -6.044628406145657711e-03 6.616580814401771659e-04 4.624589181286290146e-04 -1.643489571319063603e-03
3.234162761922323437e-01 -2.427377530481949347e-02 4.020583424573620501e-03 2.453375413534741433e-03 2.958791574977025739e-04 9.716551769689936923e-04
-3.744420564743652924e-01 8.552520198089590131e-02 1.293884262816593772e-05 -1.663372978901521892e-03 -1.196659485019228430e-03 -9.020538331024666699e-04
-8.471025988081198888e-02 -1.060843173690417980e-02 -6.397111386805474399e-03 -2.969001516461744657e-03 -1.185438978548658366e-03 9.493606176834973450e-04
-3.093272881460447099e-01 -4.549631345480857625e-03 3.456781024031969039e-03 1.160591718511473072e-03 1.497813889485002546e-03 1.637483428902994191e-03
-1.522624615705199247e-01 -1.177103008088393882e-01 -5.546043023307439812e-03 5.933662049982465787e-04 -4.681921701368875081e-05 -2.451445467110687816e-03
2.568103430620075622e-01 7.714617414942497031e-02 2.785969942832278948e-03 -1.466454429139220806e-04 1.295463177717042858e-03 -9.855568165695498869e-04
1.357892243903718044e-01 5.094344262572211152e-02 -1.849293372470425930e-03 -4.663104575452081549e-04 -1.549954095074778976e-04 1.066760351399441566e-04
-2.498538011330739272e-01 6.037609362393663026e-02 -4.865750897891009006e-04 -1.937256964965952026e-03 -1.671139228165980555e-03 -1.171395429045053596e-03
-1.710981764750183279e-02 5.644383594837215634e-02 5.067179820008672940e-04 -7.786255075089999061e-04 -1.804925002792934479e-03 -1.233272277278979825e-03
-1.039442540620702377e-01 2.687616621354116907e-03 -7.370654021209305934e-04 9.630694787391097609e-05 1.440411652943122262e-03 -1.054644201478657957e-03
1.304512524681435415e-01 -4.156087336236370666e-02 -2.972348002652469914e-03 2.951141088408119374e-03 7.080286695259806683e-05 -7.666338689678475109e-04
1.865101905218607414e-01 -3.653323183538063901e-02 1.721574366216027576e-03 -1.806990019236007499e-04 -1.285390627748376688e-03 3.348793991359388759e-04
-8.030456366353661002e-02 -2.061775018923593314e-02 -5.104851109749864455e-04 1.383608034277756778e-03 -3.347440464826745266e-04 1.926189938265778683e-03
-9.067232343779874082e-02 -6.206265241972443170e-02 2.937722904473114276e-03 1.871833029388851588e-04 -1.602738794164784101e-03 -4.311987754562194609e-04
-7.419412797760073508e-02 -3.263706709359538716e-02 2.515695252547552833e-03 -3.952717811989703463e-03 -2.967280938595905082e-03 -1.568637470737272409e-03
1.101066616083632294e-01 4.773945841750037306e-02 3.322770735055851537e-04 -4.299934593809269219e-05 6.054368889069298293e-04 2.671995772529418725e-04
1.520793421147144941e-01 1.203572541528736238e-02 -3.360597634017145098e-03 3.854788686807587389e-05 -3.011450606991033000e-04 1.153711671899752605e-03
-1.800963992864586805e-01 1.009284003958065001e-01 -4.151786476859043763e-03 3.330590069118026297e-05 -1.606453126265634758e-04 2.820456225019003695e-04
6.068824475056490420e-02 -3.679983616157338905e-02 -1.885458204401499862e-03 5.677993456974235464e-03 -2.904982653866534448e-04 -5.789974312763058323e-04
-2.164465215548025678e-01 9.090080558792743015e-02 -1.554304576857495207e-03 2.815926329397792119e-05 -6.390482285328845900e-04 7.308295619273197038e-05
7.315811603299385291e-02 -4.294090037116639336e-02 -1.822776937328683764e-03 1.116844922814909640e-03 3.026565699012705949e-04 -5.650563172683449294e-04
-2.530528970874235672e-01 7.680852296337395413e-02 3.560863822097319088e-03 -3.154642201516034500e-05 -3.243930681818969460e-04 1.384080930431986546e-04
1.031527289549174775e-01 -2.592651975627167579e-02 -3.675755438714746557e-03 -2.401915589400598766e-03 -2.498398806185808847e-03 1.081966655032330902e-05
4.269279170187428862e-01 -3.976715293052748845e-02 -2.130871274917059931e-03 8.014105630154418980e-04 5.384754757861889406e-04 9.045800428186525841e-04
-1.495273323553554523e-01 -5.962314443539062925e-02 3.629780266660674864e-04 2.196813976890289732e-03 7.292825442155284783e-04 -7.445384871150433894e-04
-3.242985871599895435e-03 -1.934233875784888493e-02 -3.665728443572402809e-03 5.471443069161552016e-04 1.285792314675171782e-03 -1.019682295672557672e-03
-1.881881639752109592e-01 -6.574799865762465112e-02 2.443011207370603469e-03 4.352553431860721987e-03 1.499029615732205703e-03 9.928333967683027148e-04
5.949382427369607346e-02 4.986502829044006657e-02 -2.775075674224241652e-03 -4.442900559580630700e-04 -4.259805533006909739e-04 1.533938514551609752e-04
3.538244592056943860e-02 -7.971347314833854281e-02 -1.456167899428674733e-03 4.480529211911060336e-03 -1.448199929822212772e-03 -1.913166890516469374e-03
-4.133961673856825086e-02 1.917314880046870921e-03 -2.937585768078838314e-03 -2.925499472823367073e-03 -1.321074119151327900e-03 3.285325785274001171e-04
8.330227281420245211e-02 2.908764115164010067e-02 -3.971334503955176176e-03 -1.288409996232682628e-03 -1.160589797813875793e-03 8.902069371296521662e-05
-1.512438108496840239e-01 -2.468266897791464992e-02 -5.153282122858488488e-03 1.943177337027568756e-03 1.012032642517286503e-03 -1.609485089528719199e-03
-2.201771549708987363e-01 2.120490069077451273e-03 1.478776064622456914e-03 2.080264321208403697e-03 7.145960338162051124e-04 1.016742532290827034e-03
-2.846016162386806325e-01 4.669885720308418475e-02 2.875941285171768058e-03 -2.396839601438338667e-05 -1.141153966315580188e-05 3.173711781835100417e-04
-2.893506778340844132e-01 1.043532832616314437e-01 -2.391158248252386528e-03 -2.361182222697277475e-04 -2.021066911994857419e-04 1.145971829218680560e-04
-1.082205736291843787e-02 -2.386332269327880173e-02 3.887107118384452303e-03 -2.182731385402429843e-03 -3.279330722907759701e-03 -1.392382542751594053e-03
-1.115866988668219456e-01 8.892952444032233006e-02 -1.391898701689953241e-03 -9.545989138989524701e-04 -3.416186173495176786e-05 -6.656780938818677258e-04
-1.371731467029873308e-01 -2.658905380275397926e-02 -6.046482119560776802e-03 -1.958876570555099280e-03 3.503430683595710180e-04 2.351830722055350635e-04
-1.905475346608767884e-01 2.182898871506092769e-02 2.781605263260526588e-03 -1.011632850608594567e-03 -4.150168615240731494e-04 1.678581674619640865e-04
1.925833987246445417e-02 -4.007230409650788111e-02 -1.827992567540613264e-04 5.500476933667602236e-03 -9.043532143240580598e-04 1.276274200497145997e-03
1.664662152946190243e-01 1.333584207413128497e-02 -2.771417821801988200e-04 -1.846453508956104762e-03 -2.038573285870793738e-03 -1.126066119708582893e-03
-3.929152907934854722e-01 1.040550712329749682e-02 3.747536596792276284e-03 -1.881169220750510997e-03 5.011173163087552637e-04 6.689942003121810256e-04
4.018960752925415658e-01 -2.812035779471242641e-02 2.985113130414719564e-03 2.141246878938111390e-03 6.970265710650959314e-04 7.724205709293177190e-04
3.504113747611160012e-01 4.054028691487466390e-02 -8.530495040274134856e-04 -8.124316736917921999e-04 1.429585789754684753e-03 9.463091880456584403e-05
-3.224741272513065860e-01 -8.434535167425936952e-02 -5.055762030876248710e-03 -2.504306966870891056e-03 1.609705474666784731e-03 1.750124844594830309e-03
-3.947586945439210404e-01 4.320361786572441548e-02 -1.191916090532786241e-03 -1.293303698978685683e-03 7.086783690779445508e-04 -2.024962731800983957e-04
9.767920946889209477e-02 -6.140893172254806992e-02 2.054331761789982176e-03 2.618102610716139308e-03 -1.520560772793770176e-03 2.870871880280185216e-03
-2.816947004935478338e-01 -9.662882301488634473e-02 -3.793388518728186675e-03 -1.515199132474248211e-03 1.636758218949287830e-03 -3.437475096043932847e-04
6.421104011199689141e-03 1.685296605648619814e-02 -3.655949151935211725e-03 -1.316919433095942301e-03 -3.163729406564360844e-04 1.017347278165560941e-03
3.034483289861520383e-01 4.558211737857358059e-02 7.593702538511945023e-04 -1.418112414359796710e-03 5.853955044816677592e-04 -8.861375568571227537e-04
-2.365244005484801737e-01 -8.188783209637466587e-02 -4.552893077530795717e-03 5.438869103110712498e-04 1.038815010143252565e-03 -2.593076046315093836e-03
-5.220837893814590097e-02 4.376376529064897325e-02 2.776181782163813605e-04 2.739962810473992472e-03 9.049356576887396730e-04 7.443579176362815925e-04
1.293519336450698332e-01 -2.194460336674984580e-02 1.359703453046954853e-03 -1.235510178132670717e-03 -5.325058394451875812e-04 2.168419030055276995e-04
-3.646192142272115019e-03 1.279707253474284823e-01 2.760590261783762468e-04 2.820377466176620523e-03 1.727783332818503973e-03 9.013789499413450831e-04
1.259910665689671916e-01 3.639475185501814952e-03 4.312814626259531964e-03 -8.583940396943517091e-04 -3.181777426459515053e-03 -1.659724631193962123e-03
3.618751759999037088e-01 -3.641384606286986181e-02 -4.180709976608976315e-03 -1.158722328578507986e-03 6.109910394595323944e-04 8.788102908974014874e-04
1.163262406297732865e-01 1.348808421636689958e-01 2.393059176634065941e-04 1.613599730811915173e-03 3.383275517918083244e-03 4.258380272768541672e-04
-4.027674816194660723e-01 -1.186621767259348342e-01 6.699914972611897661e-03 -1.667642095255074007e-03 4.244343721280617945e-03 1.357064377253373779e-03
3.680990344806356340e-02 -1.254007971803320319e-02 3.037816407834946410e-03 5.531605802754683242e-04 -7.861739145860321618e-04 -2.647192148508295553e-05
8.417836999889960481e-02 3.171632696546244044e-03 2.998665907630143537e-03 1.820257236056201100e-03 -1.080317554927953975e-03 4.522344612519875397e-04
-2.254924231420928904e-01 -8.918324824824347408e-02 -6.183351542390129463e-03 -8.234896461581930080e-05 2.307438118899068739e-03 -1.429280041043357952e-03
1.066917928394515123e-02 1.318809345130239272e-02 -1.694958598622343417e-03 1.408989422287725002e-03 -1.342983932426338031e-03 1.369269868999037007e-03
-3.080010446852870509e-01 1.313524571305899752e-02 5.295273509012132654e-04 2.700196865822464699e-03 2.047616497873838010e-03 -1.142826676014482455e-03
-3.676679064966030253e-01 1.193684654170757975e-01 -4.508286820966775701e-03 -2.211073167584459796e-04 -2.236959932369577873e-04 3.948310490930349772e-04
4.145816639210655463e-01 -6.002892797972136929e-02 2.024431796843045687e-03 -4.751974163975200452e-04 -8.589114828731910477e-04 3.912858466797692150e-04
3.207740640951990685e-02 2.607197849457309341e-02 6.894577096079266762e-03 3.992330854700098174e-05 -3.334637045567334732e-03 -2.347188731157738573e-03
-2.720330340887141540e-01 -1.761700918098619770e-02 -1.931295431382375975e-03 1.751619559533761604e-03 8.619348451344517516e-04 -2.683246669579914543e-04
-9.936745121197144981e-02 -1.638850145882919315e-02 1.947673496323876338e-03 2.789565091880235118e-03 -1.173754607517561808e-03 1.120117108707817361e-04
2.104174539246514153e-01 -8.081193423563375056e-02 3.578272829560982370e-03 -2.275331235150511650e-04 -2.976584626027467713e-03 5.842642151391366778e-04
-1.525098175440687542e-01 -9.122068639631275566e-02 -2.705006881906530259e-03 5.615511888321125756e-04 9.536680341199823023e-04 -2.906979632661033010e-04
-2.644561574426662620e-01 -1.330213238559504324e-02 5.178189052696386026e-03 3.369733528477572115e-04 -5.895146473974329383e-04 5.624261075825410594e-04
-2.676308440130079624e-01 8.989251930508450339e-02 2.401392633071870557e-03 9.284647197303152154e-04 -9.517628219403960477e-05 1.398763310773664314e-03
-1.798243782660769174e-01 3.085507187256679787e-02 1.281725889978662649e-03 2.167408653038149172e-03 9.369009671696902066e-04 1.272768781182105841e-03
-4.844071121258342050e-02 -6.093788122683434921e-02 -4.261543437273265789e-03 3.264457036990583028e-03 4.147654212947980289e-04 -1.543876860040172124e-03
-9.351891482919862109e-02 -3.545231281986931104e-02 3.206216286092633972e-03 -3.246318805204960641e-03 -1.274154790135561578e-03 2.057452203439839335e-04
-6.605001911273100657e-02 7.070876811641035875e-02 -3.503101926109976252e-03 -1.508467938887692841e-04 -7.951647845934309202e-04 2.728764143753238973e-04
9.123102137517989652e-02 1.993385986766774837e-02 3.498735104190075183e-03 1.719499035253427332e-03 -3.898477306243712482e-04 3.706831339675738116e-04
-1.652099275106493348e-01 3.033957213071245863e-03 7.274717378409973484e-03 -1.114076238357048540e-04 -1.652050563004171238e-03 -2.387355307834607802e-05
6.124766772242213886e-01 3.523397096578369941e-02 9.553651914546312405e-04 -3.978330688868606663e-03 5.579447743114922427e-03 -4.251561786930265689e-04
-3.599874328940462775e-01 1.038893260458222667e-01 -2.564785592950932693e-03 -6.367077198154025156e-04 -5.955159984477521222e-04 4.284400256945364755e-05
-1.204166153327911049e-01 -6.856858990100607454e-02 -2.589334515998228080e-03 1.915617122862964044e-03 -4.120872178375915390e-05 1.827782577606377459e-03
-2.229036927693766323e-01 5.509073298335415148e-03 -4.281045246240824421e-03 -4.875518943323711371e-03 -1.707195175207943966e-04 4.160000106210141744e-05
9.507826247436015898e-02 2.510315732756992178e-03 -7.623028192535107278e-05 -1.086557590593728204e-04 -6.685723992967643626e-04 1.037142009291157048e-03
-9.625241457992685101e-03 -9.073080930016743165e-03 -4.956688687251262302e-04 1.976173512253152128e-03 -1.793013497324057355e-03 1.057372479703976844e-03
3.613536933874263862e-02 -5.362231819448344539e-02 -3.065187467357951417e-03 4.261299847308177256e-03 -1.389590872635857247e-03 1.434160236418041473e-03
1.022014286915997813e-02 4.021936377513988387e-02 -3.003485413586740992e-03 -1.305657451150745666e-03 -7.555691069668098560e-04 -1.466433379894866980e-04
2.005802435426147223e-01 -1.483493549075195345e-02 -1.007992968795019340e-03 8.985478187843664536e-04 -1.236770675326597261e-03 3.720110398841627039e-04
3.011690827273845461e-02 1.002292660751340561e-02 -8.078347996221513748e-04 2.965399602448012990e-03 1.547601802462812953e-04 5.853656407764517731e-04
-7.346434676461839619e-02 7.994727244733060290e-02 3.281991321145603328e-03 -1.902137124461329406e-03 -1.926098381812103096e-04 -2.109056804794143865e-03
-3.583664336572661147e-01 4.259236910978529689e-02 1.326157490432795620e-03 -1.842958566722992979e-03 -6.570188574527001954e-04 1.073915036341577473e-03
1.619113940818564914e-03 -4.493929799526553970e-02 4.151276155631991420e-03 -1.261575238680454764e-03 -2.083566404488376191e-03 8.336012281786675873e-05
1.082123647069957034e-01 8.044923286131955287e-02 -7.614122470184583619e-04 8.828622906129267268e-04 7.475906538395995582e-04 1.023084512920789668e-05
9.644160725560848094e-03 -2.115617013204611901e-02 2.154897437435772736e-03 4.293596433068445038e-03 8.494561031124886604e-05 4.517198579440965742e-04
-5.080035795704751500e-02 -1.098343499680612227e-02 -7.326649173231561873e-04 4.738918855061483373e-03 -2.810783426770995679e-04 -5.963012029335903238e-04
6.622929527184241195e-03 8.196504473310073369e-02 1.977561452813119541e-03 2.393450408767571966e-03 7.438320113345528060e-04 5.250269412231118715e-04
-2.646796729461808328e-01 -8.801148154108998090e-02 1.040429848176851850e-02 2.131960626108853583e-03 3.785966428490993539e-03 9.063072880483276708e-04
-2.250402314386132085e-01 -6.624462282708985794e-02 -9.920712524745814442e-03 -1.244004399913672487e-04 9.395593253451169167e-04 -2.058340967979278846e-03
-4.442428992797888693e-02 2.176079242563558336e-02 -1.149957900795405344e-03 1.350787302323556158e-03 -8.665864791874748835e-04 1.032481595887938409e-03
3.000071489049354612e-01 -2.389525339826835924e-03 3.973678937551610585e-04 5.277407852238958459e-04 -3.503783166673065112e-04 6.710058438639396805e-04
1.219182050652962840e-01 3.068058517788466513e-02 -9.560803665903091011e-04 4.030310466702408437e-04 -1.466971200054638293e-03 2.571240838513915014e-04
5.091802826015411759e-02 9.035487243737953811e-02 -7.597034588404266188e-04 4.912098152484702324e-04 8.298546943535951154e-04 -1.173476306902199520e-04
2.242919257533711741e-01 5.887590370240376736e-02 1.197652589898163525e-03 -5.174066345769722403e-05 4.145474988153006698e-04 -6.527322454794352250e-04
2.196508056392371955e-01 4.991737569678968145e-02 7.525082832891379558e-04 -1.631399670799334384e-04 6.815677910712351038e-04 3.693807733285534196e-04
-1.189115131368438140e-02 6.265114618482636732e-02 -3.084950024788086012e-03 -3.827889348080740835e-05 4.860240136327831015e-04 6.379909293512608329e-04
-2.768843117326304504e-01 -3.404507258308585999e-02 -3.787764521006547580e-04 -1.982954526127834322e-03 1.615713924523285144e-03 1.200962893592762365e-03
-2.303416714984911351e-01 4.948825530073652779e-02 3.672372120121331854e-03 -2.870072679193134881e-03 -1.785226384794182195e-03 -1.946219348945363607e-03
8.731039387719297107e-02 2.682267900747713207e-02 -3.185243401399187255e-03 -1.945148628187814760e-03 -5.554784978088727742e-04 -2.681927126298876054e-04
-2.947563389067073530e-03 6.914084484746708947e-02 -7.085782756380775392e-04 7.937810328036190013e-04 -4.936532060742542709e-04 1.621296601950586750e-04
1.848742177144366283e-01 2.298759620765920830e-02 -1.280840287010524825e-03 2.971020115877778291e-03 7.543850792675992067e-04 8.921946374048417066e-04
-3.153543997356810825e-03 -5.063354358945914430e-02 2.220620027324040138e-03 -1.681823116878818948e-03 -2.021917209877260348e-03 7.461361510894545324e-04
-1.462793099184790668e-01 7.568287513853814985e-02 9.518507520426033918e-04 -1.393989755431989741e-03 -1.071865315925278096e-03 -1.340366142247672362e-03
5.705295527973162917e-02 9.357419537648617447e-02 -2.193608223731917752e-04 1.454278594050330449e-03 1.670793699262463966e-03 1.212829571488876769e-04
-8.282228570583638483e-02 -3.862579592627837094e-02 5.655712898050876090e-03 -1.890303533026671057e-03 -2.017223307943425380e-03 -2.429795509987234194e-04
-2.026642689695018762e-01 -5.477996607740493601e-02 7.625848107965594105e-03 7.059902536613911353e-04 2.532176268129379508e-03 8.259040323193946910e-04
-4.887417770226471642e-02 -8.599080365148222688e-03 4.896150565989483734e-03 4.803959156495629830e-03 -2.364189602640473270e-04 2.191888153250766153e-03
-4.437856845111537440e-02 -5.412292310011272006e-02 -1.873886913994971025e-03 -4.806076110576381114e-04 4.337659193026017265e-04 -1.090205035947087011e-03
2.777703000808863787e-01 -7.379635233499569347e-02 -2.102865689419414989e-03 4.942463024647745888e-03 -8.823571148409048610e-04 -2.677651234527481279e-04
-2.353086856403581728e-01 1.230563250123048735e-01 -3.934154591878573533e-03 5.639752392072474143e-04 2.200019696452529489e-04 5.808076622503351074e-04
-1.732069592843843153e-01 9.242300803452231650e-02 -8.901901829743971489e-04 1.392083393075465745e-03 -1.746050368017215736e-03 -6.059763523686648862e-04
1.584553251340709845e-01 5.390445029002374072e-02 -1.149924043618396957e-03 6.438173651459461189e-04 8.601585522333322778e-04 2.042176943038373775e-04
2.499329876865716837e-01 9.146577946027811823e-02 1.163189054436704730e-03 8.249073101444082514e-04 2.607714654808524369e-03 4.927840354037625126e-04
-3.342902102297399813e-01 3.755225307661776146e-02 -1.071715480705459590e-03 -1.531852647367161393e-03 -6.427809866478400571e-04 2.273521463629176419e-03
3.224247221959186671e-02 4.020408415251052608e-02 1.563801032070152603e-03 2.746373123962118652e-04 -6.058740858833814137e-04 4.386082408136018603e-04
3.020272099228979434e-01 5.351289618974093727e-03 7.791663182745933941e-04 -7.686617737065966393e-04 -2.973490393632167625e-04 4.168477653515455694e-04
-2.045245168273873981e-01 -4.891538419236381684e-03 -3.127110835173883829e-03 -1.040817431863300200e-03 -2.248984849897182946e-05 -1.202248833302409768e-04
-1.289717200021556487e-01 -6.207545739037838989e-02 -1.260995355522311024e-03 8.870677260122516831e-04 9.312948018475387165e-04 -1.798647425810691401e-03
4.902690054372204065e-01 -7.778735865743169331e-02 -3.138518239783287273e-03 -1.223208984591479462e-03 3.469767532180741002e-04 4.364992376258271332e-04
-9.097920956253210956e-02 5.942965619558651658e-02 -1.855903051909369274e-03 2.027776554300269544e-03 1.328443042206167062e-03 7.026164901129543271e-04
-8.336034994872822124e-02 -3.749293202467398646e-03 -3.012618777264658779e-03 2.436475866180662364e-03 9.988624627044054901e-05 -1.243213708795375431e-03
4.845405753145180516e-01 -4.425414805456477640e-02 1.675355908298460433e-03 2.643527420349119019e-04 1.140533000523558192e-03 5.227140176610875141e-04
2.075411886972950981e-01 -4.319828172933053677e-03 -3.039186879397974723e-03 -1.580937844652839999e-03 -2.054451576365784687e-04 9.496648164089758711e-05
-2.086551572833626744e-01 -4.178822881918843601e-02 -1.214169497342648804e-03 2.522926427037017281e-03 9.195766927842276284e-04 -2.362287631110287535e-03
7.801493588844012061e-02 -6.502287594962656569e-02 3.733964724066229923e-03 1.223666865513140098e-03 -1.784494959023611793e-03 -7.211665653709783865e-05
2.737698282933178628e-01 -8.040303231772352732e-02 -5.134871333474815523e-03 3.837674644961520942e-03 -1.505040621131628360e-03 -3.935445051541132670e-04
