-2.272187096931824968e+00 3.180446654174834409e-02 -6.877124848181252748e-02 -4.308312828074563686e-03 -3.065361511512392509e-04 -9.670106220554322562e-03
-7.082596537713246876e-02 -1.257437936221632857e-01 5.265328199246787494e-02 -2.696973000852864732e-03 -4.724224431150512819e-04 2.787244091749318566e-03
-5.195845498313209632e-01 -1.271100536355623638e-02 -2.765225124424024183e-02 -8.631389352998383724e-03 -2.538010767923510745e-04 -2.070136259569130711e-04
-8.454650202462710151e-01 3.339347942990071594e-02 -5.631144897640483205e-02 -8.295464951155967145e-03 -2.171108051526246096e-03 1.288964006905800449e-03
-3.900640234004223439e-01 1.095462533279248536e-02 -3.622854813746557989e-02 -6.826177363710260806e-03 -4.545994929397385908e-04 6.873685540449745270e-06
-1.814488039996690727e+00 1.147035086780142342e-02 -6.231609798777942855e-02 -1.032044906182633635e-02 -7.082080437647561349e-04 -4.041219757850825905e-03
1.453731953141840005e+00 -4.006954532688472397e-03 8.570888420836187543e-03 6.754054216921757687e-04 1.684768895473002723e-03 -1.538485126392307887e-03
1.537590990161121773e-01 -3.894219186806697347e-02 5.450793718408715981e-03 -4.468813116429168689e-03 -1.510064672642144655e-03 3.757893638127706489e-03
2.915508115205864281e-02 -7.172851805409299897e-02 2.292892952707718812e-02 -1.787481073545534515e-03 2.266688792922176045e-03 -3.486790904746157795e-03
1.619667643059554463e+00 1.308984018210252454e-01 -7.285010413297640652e-02 -4.394139940448717196e-03 6.777749895516266406e-04 1.336810075622218248e-03
1.877251213985968281e+00 -2.658280189756706893e-02 3.315210097462486377e-02 2.332027587996963591e-03 1.505204241683226821e-03 -3.888081367834362190e-03
1.103303102068412977e+00 -3.692622582478671117e-02 2.375901667245869028e-02 1.681399603684560545e-03 2.187990204919075532e-03 -2.534867579638313152e-03
-1.140354509473207489e+00 5.514737154941008052e-02 -7.021630523902637477e-02 -8.648055767135360422e-03 -3.314691054326720891e-03 5.874858230137268347e-04
-1.398651811692933178e+00 1.759013277893043681e-01 1.901724541549449088e-01 -4.530332161579000809e-03 -8.500394799544180521e-03 7.953870965472816315e-03
4.922528545934945488e-01 5.624515968329332066e-02 1.092227328652901203e-01 -1.312102073244149130e-03 -2.638768287043678079e-02 1.081980527754796036e-02
1.748937492850576758e+00 -2.530611651657627137e-02 3.236891411877678565e-02 4.658560615928815721e-03 2.181400466689579782e-03 -4.371920308541605085e-03
2.610620551864472283e+00 8.570187214090455030e-02 -2.115097788505171036e-02 1.763009724799517990e-03 1.117221460269339245e-04 -5.854838830671167497e-04
-2.979334360093023881e-01 -5.253292247935668902e-02 9.927497254543981783e-04 -4.854665707371491438e-03 2.284990198151367908e-03 -1.946252410267215694e-03
3.137217378847730331e-01 -2.190877517707889161e-02 -6.472645140493624724e-04 -4.611116676832839947e-03 -1.030430613606507766e-03 2.434463321811874449e-03
-3.567387267788247884e-01 3.395396870775894971e-02 -5.262737119767094823e-02 -9.820111350164313635e-03 -1.663145576781610959e-03 1.929644026243054929e-03
9.490903650363738397e-02 -4.139651746960065076e-02 3.027790021146969848e-03 -4.650680116979040088e-03 -7.407661224834332422e-04 3.599162664167239803e-03
-1.810099215178041065e+00 -1.896927080266810547e-02 -4.164745107021042975e-02 -9.703055388921098812e-03 -1.480419635937463676e-03 -2.102359249146553474e-03
-1.625305624349574929e+00 -4.135873078457617813e-02 -2.049981371920819861e-02 -5.642825218455394150e-03 -3.178799828367062500e-04 -2.950121636838013740e-03
5.432754975731671765e-01 -1.352116648212757788e-01 7.377621399475225994e-02 2.395100471013257744e-03 2.148529002108491050e-03 -3.017876239376677833e-03
-3.770474898563493382e-01 -4.353713756132808477e-02 -2.760722481626520525e-03 -4.755691585715492858e-03 1.063237114427376508e-03 -2.129358414949353989e-03
-1.309565107984050902e+00 3.668660309312796186e-01 3.199092757541035503e-01 -9.583417309045673058e-03 2.035664140590539781e-02 1.065285061169896942e-02
-2.115905755416905842e-01 -1.418491875418067226e-02 -1.397603919818166639e-02 -4.206833610246089004e-03 -2.153051076339959537e-04 -4.215664611259110103e-04
7.374348738846808748e-01 8.036172342527324319e-02 -6.169814099968426446e-02 -7.720919790757377679e-03 7.298890919582735198e-04 5.583492957567400385e-04
-9.442488619464639577e-01 2.105087104977719503e-02 -5.002514686285516876e-02 -1.098544300648133729e-02 -3.652293623290609262e-03 2.840312233764916931e-03
-1.036508607016494610e+00 -1.101645757164739503e-01 2.562860779908508052e-02 -7.114968761989661633e-03 -1.729449384745551698e-03 2.459078247332691612e-03
-1.072906816852473133e+00 1.790616095009194345e-02 1.228552295696544276e-02 8.950466606925722157e-02 8.352310695309773936e-02 4.455740253394734063e-02
-1.361232924637846509e+00 5.265274644015422063e-03 -4.162024718081590996e-02 -6.259245958617958537e-03 -1.770764725843844856e-03 -1.642484794309097057e-03
1.388253842667824145e+00 -2.096409136530758693e-02 2.204629093958935040e-02 9.994516309027776622e-04 1.029956381247424096e-03 -2.146022551574425490e-03
2.828792819435455574e-01 2.308396767713591369e-02 -3.331573517991300026e-02 -5.512280430221258402e-03 9.571196131862319155e-04 5.939972610384451710e-04
-8.408868653265049176e-01 1.455435833634701782e-02 -4.273503690095819402e-02 -9.820058809702084460e-03 -3.648269081239658221e-03 3.172748123976988372e-03
-9.462389435551842309e-01 4.280959830360722002e-03 -3.637101101125073815e-02 -7.310405671773591470e-03 -2.248169226835958386e-03 3.476999465268055894e-04
-1.171711173748556656e-01 -1.433525305163601271e-01 6.611588808530234618e-02 -1.670047950057691613e-03 -1.156555644488290835e-04 2.362079040046913053e-04
-1.210778195148692227e+00 3.037706864905602780e-02 -6.367978232018030316e-02 -1.156589729881338062e-02 -1.993249917190327482e-03 -1.511421951044047973e-03
-5.967762375476930448e-01 -1.591426446996408450e-01 7.096819176417792918e-02 -1.593376396093504864e-03 -1.175967500784390205e-04 -6.011310788379623914e-04
2.101335044293557441e+00 8.634708054619158468e-02 -3.371434147136672527e-02 -2.921314327693494352e-04 -6.304605682132998217e-05 1.751626751906306149e-03
-9.844203152498794962e-01 4.403381390642530091e-02 -6.676343262378704735e-02 -1.019739371393495707e-02 -2.427735916931782114e-03 6.032267300634402583e-04
-4.205810258295983872e-01 -7.362869001604727126e-02 1.816208719689775195e-02 -3.214114766870489106e-03 -1.649335313605000350e-04 4.190947288686881111e-05
1.204258242416709868e+00 1.141059042007612212e-01 -7.262796634751675362e-02 -7.669558319294331357e-03 -6.442149159964373874e-04 2.968093244452006153e-03
-5.949165230613290278e-01 1.873241158026439255e-03 -3.375525279334266188e-02 -7.513421277450328499e-03 -1.746539216828996675e-03 1.982953753475775668e-03
2.600029083302470290e-01 -4.291858248139934773e-02 1.367977017005917763e-02 -6.350338241580451033e-04 8.196797354664639044e-04 -9.188207948545381882e-04
-8.193019501904625912e-01 -1.350459604019414450e-01 -1.704646366427674253e-01 2.181926001479771171e-01 1.610841215559597264e-02 9.786769610105546663e-03
3.776724884432104967e-01 -3.996519632973185437e-02 1.307769945203940236e-02 -2.830171906425880349e-03 -1.073303328581633968e-03 2.895510637367149087e-03
2.231663143642395875e-01 -5.794776460067337792e-02 2.348996189372905274e-02 -2.865864454534505171e-03 -4.705293586287151789e-04 1.087990064621421546e-04
1.945689222302896093e+00 1.468994702132796204e-01 -6.985177643973265738e-02 -1.430432035541127477e-03 -6.767261514875352153e-06 -6.416708139850468403e-06
8.835734605808222009e-01 9.117383071497679736e-02 -6.327043200873720685e-02 -6.780770002541326724e-03 -3.083167371215145909e-04 2.229491300107167093e-03
-5.919810830101887023e-01 1.572042146500357285e-01 2.173816333796528277e-01 2.862073279692490743e-02 -6.009740230458538932e-03 -1.061649595389612712e-02
-1.717385261827649723e+00 4.556519680837267834e-03 -4.370052662624639844e-02 -3.552477234944169220e-03 1.455038641319853475e-04 -6.874132275942119660e-03
1.993652198927637453e+00 3.734888737588730467e-02 -5.819160069215307401e-03 9.627377995989733726e-04 8.446668271728241528e-04 -1.015628613017285995e-03
8.103734655481540372e-01 -5.343742814399241731e-02 3.053999781198145705e-02 1.874938154550455805e-03 2.069247811663899473e-03 -2.977847659403467205e-03
-9.976055982734446936e-02 1.473895203662481911e-02 -3.486464929928257545e-02 -8.261766807299371698e-03 -1.952769305363716117e-03 3.506345163085219496e-03
-1.195004038620542719e+00 -7.518065899795706684e-03 -3.878470866187981592e-02 -7.420069334601235231e-03 -6.597254904939596606e-05 -2.274485706013511677e-03
5.247179130830765814e-01 -2.691872958746953023e-02 9.495061908615759841e-03 -4.189343429363895019e-03 -1.814603080178639038e-03 3.883099184177942528e-03
3.632493847628974759e-01 -9.358990796166839765e-02 4.761768244019234930e-02 -2.067558663628079295e-03 -5.583576975194869335e-04 1.223318878739454180e-03
-1.059040879616965247e+00 -8.365898298744581241e-03 -3.653629003293189931e-02 -1.139807246815015447e-02 -3.963911394720762670e-03 4.710316567637123052e-03
1.018509182383337430e+00 -1.068701607893943334e-01 6.539875579235993053e-02 3.939146070495172340e-03 2.269383426656085712e-03 -3.215035309623213988e-03
1.758816446543402523e-01 -3.711589757192329617e-03 -1.233518486994040868e-02 -3.392003194662964339e-03 -9.726811556256380071e-04 1.765846072295936334e-03
-1.435732912717433862e+00 -7.504561591319162776e-03 -5.012554147875573907e-02 -1.286002549224555223e-02 -3.079946807901245542e-03 4.197192938112533599e-03
-8.187670226620273883e-01 2.896448961668909861e-02 -5.322749315381935381e-02 -9.818186876843028321e-03 -3.308379521164046995e-03 2.966822338349382401e-03
-1.338057865708899508e+00 -4.621695648665380407e-02 -2.443269191518592301e-02 -9.487623132220148608e-03 1.575474431111291516e-03 -2.489771678056169370e-03
1.049769932633359604e+00 -3.611026943593220045e-02 2.552721445207321860e-02 2.193062755719805274e-03 1.432346831293845966e-03 -2.511168890122578330e-03
5.496605065382175193e-01 -8.718855162601585329e-02 4.127958739899544038e-02 -5.978548670115078206e-04 7.405221885498722983e-04 6.809389136088690774e-04
-1.029105613266765085e+00 -6.500696034574049431e-02 -3.495008202624237670e-03 -7.549126939844002723e-03 -1.153275819699705511e-03 2.222317580622479478e-03
-6.889661370710721267e-01 -1.425101052216951880e-01 5.562656042311915627e-02 -4.172587861940689133e-03 -7.279443055414222498e-04 1.038762571260977690e-03
-1.300375053055366159e+00 -6.157423565417468464e-02 -6.444667282119826042e-03 -9.123977307045795168e-03 -2.626412952618412382e-03 2.397256536527544567e-03
-2.350280460934728033e-01 7.416990980821330792e-02 -7.011607606010988869e-02 -8.924830468187209404e-03 -2.166769247438165690e-03 1.140267239321567918e-03
1.139258761705536971e+00 6.494266706875024067e-03 1.219338039789056964e-03 -1.374202736741804648e-03 -4.370766233405685075e-04 1.681124782823152424e-03
8.650435670729559323e-01 -1.613684631338517528e-02 2.771492080093173379e-03 -1.914512391016596647e-03 1.275364813149531835e-03 7.403587635367816404e-04
8.889499709348018808e-01 5.422306538163182421e-02 -4.082234450517337881e-02 -5.544025535475861736e-03 1.307478625083331064e-04 2.340491105121491906e-03
2.055464868410543211e+00 8.886460288950721875e-02 -3.707624180555980919e-02 -1.970019432405451659e-04 1.354243337723587143e-03 -1.004639125641140383e-03
1.414443636072574728e+00 4.970459710526024116e-02 -2.469607363731875227e-02 -4.011514145944606972e-03 -4.142040707127821945e-04 1.638488848046112077e-03
6.460464742778415648e-01 -5.079207964520319335e-02 2.621441497949281163e-02 -1.639471188995239581e-03 6.825302542674307994e-05 -6.406784733401157136e-05
-3.176265387842970855e-01 4.362441310504625372e-03 -2.634454740190340580e-02 -6.689096185129484937e-03 -2.772203040041002625e-03 3.771596488851685584e-03
1.989763241394506776e+00 8.583175149546262706e-02 -3.793556196595566227e-02 -1.994826938704634314e-03 1.752918384260411858e-04 2.189718159960096604e-03
6.546214114605332091e-01 -6.758630186050500199e-02 3.357031613223406680e-02 -1.426019924809181650e-03 -4.701562079182572396e-05 1.610814995947278767e-03
7.522406436905458849e-01 -1.321448950182805941e-02 -8.511242902190187167e-04 -4.388098555623666866e-03 -4.868486202813814999e-04 2.312598885478296500e-03
6.956853617521101540e-01 6.744187123115642779e-02 -5.074700075006079864e-02 -4.470400038281284634e-03 1.422993677299400810e-03 -8.654559148489180840e-04
2.530170578989501262e-01 -5.066339735422974860e-02 1.872123133716508195e-02 -2.773699526456628421e-03 -1.144540678588493220e-03 2.605059758947697937e-03
2.818453468647550864e+00 1.955658039121146163e-01 -8.347288431320135094e-02 1.735463885232079177e-04 -2.256778414611422209e-04 -6.461532154778114887e-04
1.457842300996886831e+00 -1.587955031900759387e-02 2.305093003815909813e-02 1.960138527726214015e-03 1.016541119898748628e-03 -2.909227969947817717e-03
3.095652461258988630e-01 4.529436304322423390e-02 -4.066896531274290238e-02 -3.244179061040432070e-03 1.868585246042523676e-03 -4.439773730287667301e-03
-3.335601963290006355e-01 -4.343903732138243434e-02 2.691680252627530554e-03 -4.339859512728564198e-03 -5.126433424091942238e-04 -5.028153459795654074e-04
-8.694899851190428519e-01 4.929829073345328577e-02 -6.700198116449918029e-02 -8.573466595432883627e-03 -6.242326088755560491e-04 -2.830470824714582077e-03
1.151689980842165451e+00 -1.540707664573496942e-02 1.570653564847940276e-02 2.622156989270214844e-03 2.406693583215195002e-03 -4.681500713787979141e-03
6.082395252552199594e-01 -2.841249702345264444e-02 5.179852884822353822e-03 -2.809379856439774004e-03 -9.311337957528752321e-06 2.997150118241774085e-03
-7.810011766082985973e-01 8.001888003939268412e-02 -2.608392255599701476e-02 7.010397484503579080e-02 1.413204783374615303e-01 -2.324305515833561750e-02
-3.581516853781312182e-02 -9.832664827773759941e-02 3.973310005591599442e-02 -3.399006774526236972e-03 -7.264673031374815427e-04 2.248490061919719042e-03
-3.657212350063516748e-01 -1.908634001895502530e-01 8.862298180879850384e-02 -7.718912196150658515e-04 7.863681039155290308e-04 -6.128802226349060623e-04
7.050144256736996795e-02 -1.744388314067396029e-01 8.663587987512876010e-02 -1.016915316821710106e-03 1.078881930488487110e-03 -9.911385429781953069e-04
-4.839954714195793262e-01 -2.146796438073423838e-02 -1.768275640523718842e-02 -7.076944587968864511e-03 -2.039508593033880456e-03 2.991958290084680960e-03
1.694233600562342346e-01 -1.030500779526287436e-02 -1.534914457631685741e-02 -5.964308193323599079e-03 4.515805679973095422e-04 2.807477851702300221e-04
1.570294413003281431e+00 2.218145778938563836e-02 -8.675226142015113936e-04 -5.183536288444652584e-04 -1.542550335078239903e-04 1.001566144467846715e-03
6.088289815934458948e-01 1.750831013819693222e-03 -1.363935785510375295e-02 -4.391297475360459932e-03 -2.498298330892698474e-04 3.127172591134656961e-03
-2.102465761193557103e+00 -2.743270648797757963e-02 -4.588334910986065912e-02 -9.855855729555679928e-03 1.138105846671116504e-04 -3.131284175750564513e-03
-7.188240661251118491e-01 -1.011474618341703796e-01 3.264497545509603693e-02 -2.166910701529871277e-03 1.603941164029172627e-04 -1.375582765159904814e-03
-1.268672256452849423e+00 4.503124852289250302e-02 -7.271596860819815045e-02 -1.061641179113613845e-02 -2.555647809301045317e-03 3.012576567554743102e-04
2.060439211820410954e-01 1.902963028529912337e-02 -2.262996827467572691e-02 -4.197961078019412165e-03 -1.507939044473359047e-03 1.548851898567169200e-03
5.133566422125172002e-01 -1.603051373892508957e-01 8.916810938057158353e-02 2.452411098516653863e-03 1.930454584797462042e-03 -3.161941627286039662e-03
-2.066245824263415395e-02 -7.023794216476138275e-02 1.574205742445641820e-02 -4.556833409616706590e-03 4.451285869362862869e-04 2.566058420685122989e-03
-1.201288603411958311e+00 -5.232010378285131998e-03 -3.970958481042517751e-02 -9.315776149438763018e-03 -8.168427304418394161e-04 -3.103918104926248461e-03
4.633498444512471059e-01 -5.191518534242328675e-02 2.214369349339182988e-02 -1.958300509667952919e-04 1.662570813829163064e-03 -2.543852519021202411e-03
-6.588598084337740080e-01 4.312156301819679532e-04 -3.242196902032491029e-02 -5.030930633875522681e-03 9.259558089651147381e-04 -2.720741354933680148e-03
1.830431568690452426e+00 7.962413656475061940e-02 -3.776875674417486811e-02 -3.090607799143707361e-03 2.451722554855869946e-04 1.204307946359281034e-03
-6.985423286360373796e-01 -8.372594661202148458e-02 1.965965038673755244e-02 -4.079433617685790901e-03 -6.548436367839075099e-04 6.813761758790872576e-04
-4.330243649157013430e-01 -7.662364221719264457e-02 1.982388304491259148e-02 -4.222188021861219415e-03 -1.467176200744730674e-03 2.284972813852818169e-03
3.122416724001189636e-01 2.466507126898071639e-03 -1.859403584319949121e-02 -3.671103960416352997e-03 2.057687290832497726e-03 -1.822216288878271764e-03
-3.730639001101938024e-01 1.242616878362816715e-02 -3.746671455012045432e-02 -7.812198976978782829e-03 -4.566699214449344477e-04 -6.281888543794276764e-04
4.695064435267181646e-01 -2.774127150047069751e-02 8.747205659730485387e-04 -4.017454159323910999e-03 6.358875740191375801e-04 1.458998227706387579e-03
4.274139494871419531e-01 -1.341159575561109152e-01 7.154822365637386605e-02 -7.984876225213569058e-04 6.215108496619392532e-04 -7.590687002806662496e-04
-3.731916225138467991e-02 2.505269163751935174e-02 -3.642975416024094720e-02 -4.809266184247319199e-03 1.011894861981466401e-03 -2.681858373216960880e-03
2.873214246761132684e-01 -1.234805491115367887e-01 6.081332607705741689e-02 -1.319935119017619706e-03 -1.293564046506449818e-04 1.895946395490120820e-03
1.872161493040045643e+00 -6.111515190933371894e-02 5.473226850211364292e-02 6.354314538928114604e-03 2.836126497723674787e-03 -6.328473719958634634e-03
1.374298551554931747e+00 -2.540257611857720671e-02 2.035351059278661667e-02 1.338136734885884754e-03 2.066337368549709969e-03 -2.560105276336062125e-03
1.019953570728343362e+00 -1.182692781812028360e-01 6.784121680159700685e-02 2.333010148154901053e-03 3.251822416592434727e-03 -4.299078901508548815e-03
-1.545850701390806714e+00 3.873500070342511536e-02 -8.074174134285669324e-02 -1.521439177099688685e-02 -2.653916680630192485e-03 -4.110500035771580906e-04
1.378615352554464213e+00 -5.265023010254499258e-02 3.844068457219838170e-02 2.556241819123679371e-03 2.066848417895276579e-03 -3.640705398269427143e-03
-1.971675915252815714e-02 -1.271274306379495955e-01 5.074115956074289058e-02 -4.433843692527220277e-03 -4.059122038279837060e-04 3.179185027021479409e-03
-1.049272347797216787e+00 2.157378443563133796e-01 2.132036198637362878e-01 5.789380954925231471e-02 -7.702303061970150119e-03 -2.541812233866905593e-02
3.128928178108657532e-01 -1.970021716252450678e-02 -2.117337088406351635e-03 -4.071755560675767785e-03 -7.746040593583455218e-04 2.054260778156717475e-03
-1.257953852087294599e+00 4.813142076870739056e-02 -7.586619069270517102e-02 -1.181206148542541731e-02 -2.641311796637760452e-03 1.864761108410958018e-06
1.924548136751941529e-01 1.051628572447025622e-01 -8.267501341273475468e-02 -8.822346652209508630e-03 -1.147133972767916833e-03 6.958600374763733996e-05
3.435660668929779171e-01 -1.868143380224986383e-01 9.686336201549484992e-02 7.432540117627286450e-04 2.063916624365458915e-03 -2.704563559651193116e-03
-7.767696073112204114e-02 -6.360041811465599881e-02 1.920173798533922338e-02 -2.767589297738750308e-03 3.011925587103031596e-04 -1.058395204083713639e-03
5.017420681853929088e-01 -4.286719621145220621e-02 1.435092732544773590e-02 -2.874976697889923376e-03 -9.273804347273487386e-04 3.411609144731017878e-03
-1.288141572537057522e+00 -1.176488214292700507e-01 2.359720802640776632e-02 -7.880000983011411705e-03 -1.464838735873955728e-03 2.251052024463056928e-03
1.411509209961904487e-01 -3.671336408926272055e-02 3.113338350730131352e-03 -3.539593104444516136e-03 2.691554467635803752e-04 8.297946225413353402e-04
5.574998282845888831e-01 -8.664268264886981763e-02 4.091677798465968158e-02 4.422039684227336686e-04 1.438337295254745168e-03 1.347008827494209997e-04
3.856588813013911987e-01 2.888885081672857430e-02 -3.223793961933617280e-02 -6.081192021940944742e-03 -9.059228837599855259e-04 1.973925368817731636e-03
-4.755761006962331838e-01 1.049297886110336746e-02 -4.139577299661956894e-02 -9.461471640482723225e-03 -9.347159917415329968e-04 1.306376719135252584e-03
-8.682701504394708669e-01 -2.099776745725926916e-02 -2.690639790861966071e-02 -9.970166647183921829e-03 -2.079785658559616356e-03 1.832813202391835256e-03
1.650946580267216857e-01 -1.477686082956717883e-01 7.617325314973640016e-02 3.522207042014194930e-04 1.125627735447883070e-03 -2.115996376089323942e-03
7.708958319597611908e-01 1.355930495959741522e-01 -9.498741302172043766e-02 -9.593120720254729242e-03 -1.095759804599855027e-03 3.665184914188891838e-03
2.040714782372440861e-01 1.415061506693819915e-01 -1.101652293550466483e-01 -1.111315286419627645e-02 3.333586779351669499e-04 -6.134577220920146325e-04
-1.308526648143093940e+00 -8.250782231635719888e-02 1.401336103144242701e-03 -7.428168119136806941e-03 4.641024107971340848e-04 -7.352098530863129767e-04
-2.462697084839721995e-01 -1.307732254734021715e-01 5.757534384762682395e-02 -2.325559764576981634e-03 -4.203636362637950418e-05 1.556997117254210113e-05
1.108512573604613305e+00 -5.064101464631017707e-02 3.513645679381418446e-02 1.514664634159131659e-03 9.343048280815585693e-04 -1.128856198096219897e-03
-1.638491315706221307e+00 -1.768868602650143507e-02 -4.109567400955418254e-02 -1.317111929709931240e-02 -4.124857223920007539e-03 3.140975411839067467e-03
1.804119879319810327e+00 -2.891165520925771063e-03 1.556184963765183324e-02 1.785052279773338961e-04 6.382705167194792969e-04 -6.442761837502394666e-04
1.293000264466785953e+00 4.999490987787583857e-02 -2.843852884812895360e-02 -2.734374584379973584e-03 1.590278128951495840e-04 2.425924982847181555e-03
-7.742361467098211047e-01 -3.679216764871597045e-02 -1.151994834816437961e-02 -6.995496846169896657e-03 -1.727093802729774436e-03 1.460359480884428031e-03
9.442176537356440358e-01 6.036757221012419017e-02 -3.778543194440678321e-02 -2.712210043781310663e-03 9.761833278736729153e-04 -2.174103993451030788e-03
-1.366810028310976310e+00 1.070701044827574886e-03 -4.837778579404607843e-02 -9.392357223141590758e-03 -4.876607212195795582e-04 -2.712766939714891540e-03
8.038078255169481823e-01 2.994608937965564238e-02 -2.412201076785974729e-02 -5.522057556752337296e-03 -1.404003299044512916e-03 3.970537300663760927e-03
1.388791069349789797e+00 -6.309163424641885121e-02 4.307907969179453067e-02 2.152287732836440960e-03 1.673236212417437410e-03 -1.496486542722119846e-03
9.898487825062887158e-01 1.862169853782242104e-02 -1.354114390084475497e-02 -3.680015228304048432e-03 -8.610932834939156837e-04 2.928367127942617734e-03
2.153307561593511832e-01 2.814224365024523000e-01 1.387766681538896985e-01 3.326144804198612193e-02 -2.533345829619543851e-03 -1.411462472764164755e-02
1.741170038510537532e+00 1.249549029138342787e-01 -6.452646386918362009e-02 -2.737034542437478350e-03 6.349708714600116842e-04 1.708203544385886348e-04
-1.915664952840366642e+00 1.017010639372118753e-02 -6.194593375124987644e-02 -7.360508574136300115e-03 4.219801499280001044e-04 -3.598908341400051513e-03
4.605720349370875932e-01 -6.622881332350219474e-02 3.143116607779223443e-02 -4.092275636899650568e-04 9.746987696543865263e-04 -1.602987183102526575e-03
-6.329301406780976080e-01 -4.176502308828362181e-02 -1.128806351000001124e-01 1.913438993807215494e-01 2.257672819995673943e-02 -4.200256579229063453e-03
-1.759785895749103879e-01 1.939839331331364228e-02 -4.016247774442095742e-02 -9.244928776924352457e-03 -2.557178941561506508e-03 4.618890393540023981e-03
-1.759799606330637312e-01 6.519783403652533449e-02 -6.256614448619028657e-02 -5.519327118489953179e-03 7.593798175482165385e-04 -3.271733307322451535e-03
4.032457874365649175e-01 -2.896771202552749294e-02 3.740943765907547933e-03 -3.660397741407580858e-03 -5.310426731856155574e-04 2.575476297076968648e-03
-1.706469732954762231e+00 -3.229357375407210240e-02 -3.507304804698393313e-02 -1.139251907568708359e-02 -1.280795370685730095e-03 -1.881147432894386034e-03
-1.206003906881523591e+00 -6.280829483815930647e-02 -8.404807376756933193e-03 -8.410721057415818103e-03 -8.655779409502596276e-04 9.762742012897930588e-04
5.997349444379487249e-01 7.123174608524704410e-02 -5.611051236695908939e-02 -6.078604645534970569e-03 7.217693087720359691e-04 3.248675757950628931e-04
-2.503213891342153108e-01 -5.985893748601575637e-02 9.948295213644511165e-03 -6.690409035661888833e-03 -1.291013027470359897e-03 2.158692878141550177e-03
4.469976796952371823e-01 -7.021147491091184190e-02 3.075477932976480519e-02 -1.191252959297407852e-03 1.011620823458924063e-03 -1.120483460459566552e-03
1.796108015733854577e-02 9.075825769028919576e-02 -7.625668778095226474e-02 -8.068683388175087665e-03 -1.791835236262850298e-03 1.894582021186085779e-03
1.843661772171481639e+00 9.147045961567157324e-02 -4.446118859827499076e-02 -3.090705172491720575e-03 -6.542007095446424872e-05 2.711717428838676582e-03
4.320780670635060439e-02 -1.524948637235463145e-01 7.170763386446925292e-02 -9.637162736606240962e-04 5.207678011968187382e-04 7.830581833350644654e-04
1.033714796009325143e+00 -8.330636196034013619e-02 5.353236225655098185e-02 2.118624597416009833e-03 1.389671137648819301e-03 -2.659056661029610309e-03
2.749484507375323794e-01 1.051082542073042067e-02 -1.918083502417432598e-02 -1.423486051697259386e-03 2.207496096433655963e-03 -4.103631136168153955e-03
-1.252915431113777123e+00 4.354538011406858256e-02 -6.530880096620653164e-02 -7.477173747019125530e-03 -8.287625151180604346e-04 -4.990847073385923718e-03
-5.120290058434149305e-01 -1.862044765638812965e-02 -2.526771014993668338e-02 -8.217225040793038962e-03 1.366021241715149881e-03 -1.694839981777371924e-03
-1.021838460519710612e+00 -9.697003111303194312e-02 -5.663471340539968230e-02 2.244908607352982532e-01 -8.031453324769034785e-02 6.650662453125156214e-03
3.010156592149499377e-01 5.765972093107106511e-02 -4.766543896219102572e-02 -7.337991515194203576e-03 -2.837063748971632455e-03 4.314602484019882181e-03
-5.641735970215410179e-01 9.498219731136457733e-02 -8.789143277434649515e-02 -6.756269325915423632e-03 1.794847130155939868e-04 -3.939932318802415179e-03
1.066212091834670694e+00 1.028176782899473257e-01 -6.750751272614775866e-02 -6.925398127112895007e-03 -4.816631289187375689e-04 3.133049492611415798e-03
-1.675631470055525485e+00 4.563081578902409424e-02 -8.177117383779564097e-02 -1.122588542196495051e-02 -1.382214756492565521e-03 -3.329229941703775678e-03
4.159658562414976224e-01 -4.025549879314465479e-02 1.347363471278691278e-02 -6.899609303682145310e-04 2.125307670014503839e-03 -3.476917910652934512e-03
-1.069746452569871886e+00 -5.262736186948038797e-02 -8.624644842591209365e-03 -9.437154185864382594e-03 -2.803356947298077991e-03 3.155058634225068378e-03
1.212942281237208431e-01 -1.703326574021008042e-03 -1.539416489207536161e-02 -6.779167317466294577e-03 -2.108249672117232069e-03 3.180169008608961685e-03
5.353946723140021735e-01 -1.359084356697956228e-02 -5.189618028156729561e-03 -3.847876387787472346e-03 2.614389258092275257e-04 1.727943962901364343e-03
1.630353689296369701e+00 -6.318773300751646949e-02 5.289064019868792293e-02 3.526452588279997431e-03 1.706006832099231244e-03 -4.416426971859651988e-03
8.133535913823227714e-01 4.479284290492187293e-02 -3.122024808525197120e-02 -2.594609874169955498e-03 7.684088422027251142e-05 1.436372031305494651e-03
1.229888183480847941e+00 -7.695311072050485535e-02 4.847167667349222553e-02 2.771105161927068811e-03 2.538139254464004142e-03 -2.932123378230790459e-03
-2.085282479263951050e+00 4.186004307338309083e-02 -8.290055885748962017e-02 -1.120786859496897617e-02 -2.648837521632786685e-03 -3.398413995451038307e-03
2.248912501492139171e+00 1.325916836194545867e-01 -6.074277665172118229e-02 -1.909958166758416766e-03 3.703785505209672836e-04 8.276250135655045326e-04
3.097398608450371515e+00 5.419541792850017525e-02 4.181471929381773769e-03 5.278765897166652100e-03 1.835748297845000293e-03 -4.332606749657480320e-03
3.159392329560004042e-01 1.247223648174844782e-02 -2.315711085321540616e-02 -6.334126024169346898e-03 -2.331384719340695230e-03 4.742795567167745231e-03
2.104819019424398086e+00 1.222848225925863425e-01 -5.155095688731697184e-02 -1.495694128885519114e-03 -9.284078526346137544e-04 2.128553519576520305e-03
3.999795501240832607e-01 -1.083404274893430552e-01 5.010992905491958721e-02 -3.999214723531829027e-04 2.400620688675607003e-03 -2.319632195102856904e-03
-1.326219118546597908e+00 6.197435331066483005e-02 -7.734102564734976482e-02 -7.654733339245834919e-03 -9.810329014801823407e-04 -5.503970511125536383e-03
1.268032906311957531e+00 1.043619754618529544e-01 -6.068468333452536195e-02 -3.900790462476769020e-03 -4.686476609587999402e-04 3.019115309605343266e-03
-6.946104580288295915e-01 6.794744056522780684e-02 -8.057402617144308887e-02 -1.127007076387578563e-02 -2.163094167227800138e-03 2.523182004102745169e-03
-2.348363368354564329e-01 1.738293630364686967e-02 -3.635147923558755545e-02 -6.472997798510055252e-03 -9.070663905682223955e-04 8.996252627781623282e-04
1.135742091897802286e+00 -9.586446786447225255e-03 6.107997447917502126e-03 -1.645666684900242696e-03 -1.959627332160004118e-04 2.138100785533285537e-03
-9.131077602693538076e-01 4.751185647528544803e-02 -5.588929972882732133e-02 -2.437972824542571863e-03 -5.321113720080423602e-04 -3.569424620344782782e-03
-1.165849757531663977e+00 5.307641952998597146e-02 -8.232311428077770943e-02 -1.367165227855278962e-02 -2.161596418434783354e-03 1.616281849901669886e-04
-1.602779100147804989e-02 -4.163713502202211897e-02 9.011190978975593818e-03 -4.021104893481713266e-03 -9.334795177755794357e-04 8.389912408128445773e-04
-5.070941214453231760e-01 1.361115643295339071e-03 -3.273664075468242507e-02 -6.859697386233876149e-03 -2.425952938994214731e-05 -1.220103985451434373e-03
-2.735484811027540930e-01 -2.278323014127486140e-02 -8.687619322892260396e-03 -6.409334246026481344e-03 -2.513016948906552153e-03 3.566519541339222346e-03
3.092049130929793166e-01 -1.111620321892194951e-01 5.585408527571017467e-02 -2.066868656691693128e-03 -1.826306514291412523e-05 1.873266093308868015e-04
4.895606336751414656e-01 -8.742524667011188078e-02 4.705672519119341590e-02 1.320205730301857476e-04 3.335012445711630085e-04 -5.975552461110203916e-04
-2.668302984169021105e-02 -1.088797726027716656e-01 4.301275727704163138e-02 -2.617916435565857333e-03 1.902757770474081518e-05 1.766925995702279227e-03
4.517779415369108653e-01 1.352302280006084101e-01 1.284863955651999179e-01 1.859358025412803650e-02 -2.282132088195714184e-02 6.305103610932674078e-04
-1.689055452204037966e+00 -2.334923930199587702e-02 -3.204151685679751393e-02 -5.872852145281561541e-03 1.085583709391582956e-04 -4.881809898231379875e-03
1.243778930682777784e+00 3.361767847755653318e-03 2.614163923910997481e-04 -1.829770822344585750e-03 8.214149472352138973e-04 -3.675839524882372564e-04
-1.690002734430096076e+00 3.890066547679993381e-02 -7.823645694824503394e-02 -9.844767237135608820e-03 -6.477084349914674199e-04 -2.371870932820066731e-03
-1.001433311759775791e+00 -8.230187572700498055e-02 9.893310038800336853e-03 -6.542424956854852973e-03 -2.988220842638460834e-04 -5.590418983084472979e-04
7.890344812463376822e-01 5.488606455533123069e-02 -4.113058000072086079e-02 -3.675115229882336756e-03 1.766411508868917990e-03 -1.278222821323168196e-03
7.529370868080905721e-01 7.614267848639079406e-02 -5.865754104251168916e-02 -7.413057066734554321e-03 -1.341086660764567642e-04 3.216269016501303694e-03
1.029891043993501343e-01 -1.240720011235155046e-01 5.581958933042426713e-02 -9.870506648952197780e-04 1.163736533988670623e-03 -1.038793352475028860e-03
-6.301347399512271519e-01 9.023936144683662730e-02 -9.053316174267279914e-02 -8.927554596057058617e-03 -4.716223025546678344e-04 -6.052023116843959546e-04
1.086633692740213819e+00 1.148404984534242140e-01 -7.135609930493223840e-02 -5.887562738868696958e-03 -6.989230815003380027e-04 2.513281890284524509e-03
-8.884498913485713301e-01 3.340143898458804161e-02 -6.633325955722663148e-02 -1.090968402741984006e-02 2.181624606515108165e-03 -3.801120251552575491e-03
-9.476081236823957060e-03 -4.744378044529976718e-02 7.147264226672855360e-03 -6.304765519942700375e-03 -1.733500471886877028e-03 4.033153776162538146e-03
-6.252833142542563172e-02 6.979837826537538259e-02 -7.135670518627461323e-02 -1.035553030568525136e-02 -1.233120183386175912e-03 2.965731660208336881e-03
-3.806733283747653629e-01 -4.343117555509124622e-02 4.247942146577857539e-05 -3.239882327647186644e-03 1.463201947953779404e-03 -3.589060356202695631e-03
4.500786675773076895e-01 1.770090804009959995e-01 1.025540660603270482e-01 1.823319530702399716e-02 -2.294545034421368798e-02 2.170204330529578764e-03
2.807060656101029866e-02 4.016380946701758603e-02 -9.851058966635110881e-02 1.950262004961210160e-01 -2.588635504854705505e-02 1.266025170494038121e-02
-1.390877551705103743e+00 -3.019848469395065502e-02 -3.334926893298337247e-02 -1.175116621059923983e-02 -3.725020465187632666e-03 5.184550576104720795e-03
-1.515552960127742210e+00 5.536813687647529347e-02 -7.817643504975764490e-02 -4.877079900554549645e-03 6.552417599948502386e-04 -4.988100471143555245e-03
-1.949947094054814256e+00 -2.104670722820263171e-02 -4.510773526139269518e-02 -1.181833055370336803e-02 -1.372127428837437895e-03 -3.320600751246664643e-03
-2.258558409396430877e-01 -1.836083215317061423e-01 8.460064436354583495e-02 -1.432770443086355677e-03 6.266348599447853478e-04 2.189948516874588641e-04
1.082494208932552215e+00 1.248620960468676405e-02 -1.677422419968864617e-03 7.826092853146191268e-04 7.899998399732041611e-04 -1.432462483623772338e-03
-2.415101906834623557e-01 -1.733782623820031288e-01 8.489358954608451635e-02 5.578418348141136714e-04 1.007048972523690673e-03 -1.933071703177858137e-03
1.384975585916178753e+00 -8.078797967131956526e-02 5.089696518133350611e-02 1.412659643086368365e-03 2.073063562796644346e-03 -1.599581977389897625e-03
1.872618125771092323e+00 5.708460714604909891e-02 -1.852802702096232462e-02 -2.713634190107345806e-04 7.880621943204128062e-04 -1.721697711193285584e-03
-8.168089519492541806e-01 2.410878450592138234e-01 1.770480000530346154e-01 2.730931284741238210e-02 -7.724474367648697347e-03 -9.218885517321624354e-03
1.950035216856987608e-01 -4.252027076672513367e-02 1.174003059414875476e-02 -5.474976467819222051e-03 -1.779563261875801057e-03 3.376367324674987760e-03
-5.278207686440455904e-01 1.796884104338106192e-02 -3.783583330664171823e-02 -6.375942149944311202e-03 -2.384647848669933529e-03 2.201017569779552957e-03
-8.706942062625063761e-01 -3.050080383804602835e-02 -1.887613836083336036e-02 -8.494247918911441639e-03 -2.333783136114949905e-03 2.636253119465932666e-03
-1.465259215774342261e+00 1.008152892058906402e-01 -1.009795818215198510e-01 -5.181064396287439477e-03 -4.134533937885113888e-04 -7.244483747018744951e-03
7.856331016682603918e-01 -2.956421210708845213e-02 1.193420641763233946e-02 -2.331809606194412601e-03 -2.302867631836969951e-04 1.527674720827130539e-03
-8.208239978348721433e-01 -5.089176618064277652e-02 -2.309750377603452583e-03 -2.349531455345972488e-03 9.567396448572173910e-04 -1.329937535144350060e-03
8.491886070591372349e-01 -4.840153115572706083e-02 2.799228083793669358e-02 -1.009891649484458359e-03 7.164655523586808267e-04 -1.356238659138790268e-03
-1.634127240253396174e+00 -4.752839773434049814e-02 -2.395444862119882126e-02 -8.793042397583595432e-03 -7.804316400818009803e-04 -3.360559845080976927e-04
-1.977059473148524038e+00 3.504815313106053321e-01 3.150753097990250384e-01 -5.187026612157429051e-02 2.837240385992214828e-02 3.389968768195694704e-02
4.426172152665321380e-01 -4.413772014922403425e-02 1.698339849943099680e-02 -1.863335499568574910e-03 -4.638104776778530485e-04 1.618336335885156010e-03
-1.018643400387351905e+00 2.290707508346285972e-03 -4.057133392669839966e-02 -5.983609008466995310e-03 7.010459110644416290e-04 -2.926162728216945893e-03
1.018547632804966740e+00 -1.465703831538681945e-01 8.597382936068587167e-02 3.317753643589175985e-03 2.648889045303719301e-03 -3.489996914070964736e-03
6.033396542635149906e-01 -6.822527286945648251e-02 3.106229519064023989e-02 9.643911049543001503e-05 1.170059671137934710e-03 5.893146326441793016e-04
1.028564781339950329e+00 -1.816272862531772073e-02 8.410522574286307881e-03 -2.091962980819006416e-04 1.999220627714103256e-03 -7.969935194214461394e-04
9.020656965926633353e-01 2.124326719607931221e-02 -1.187609301239119994e-02 -4.161664671787045078e-03 -1.717728748385015164e-03 3.865564598025865960e-03
-3.074469623759725212e-01 -1.322233628265202278e-02 -1.724355425887018692e-02 -3.450697929876967926e-03 8.286261149738353071e-04 -1.164599332864798761e-03
1.551228471468059311e+00 -4.656998221639972041e-02 4.264155346605078001e-02 3.377325986326574266e-03 1.563179495268702830e-03 -4.002349346856079980e-03
4.982563353628842173e-01 5.457978164570933405e-02 -4.293923663203368796e-02 -5.326926831244075365e-03 -1.563270472447576571e-03 3.322065322881469305e-03
-1.072841067035998464e+00 3.101158770427037484e-02 -7.127787359438936265e-02 -1.418434430955913331e-02 -2.535648223498263780e-04 -1.370727699002424272e-04
2.016835044118147291e+00 5.732414933186370798e-02 -1.298471792955576548e-02 4.789354222503575576e-04 -3.389682047743978891e-05 -2.696985593693695276e-04
-1.266104626571522784e+00 1.621390072059199217e-02 -5.728427600630444511e-02 -1.186700847802814665e-02 -2.018352959659755474e-03 -6.503291989264413462e-04
8.581832380966859797e-03 2.350710961113779973e-01 6.524886974790723715e-02 6.181002590771366573e-02 -1.389164753830316248e-02 -1.859355253113532599e-02
-9.690308874281605700e-01 5.545495879067666861e-02 -6.270553250160623704e-02 -3.839878950497048384e-03 -1.246770941108685466e-03 -2.751983448891251807e-03
-5.800784075537074314e-01 -2.752839813567460603e-02 -1.996944353929667321e-02 -8.502675109252613370e-03 -1.929416301408913006e-03 4.297561262019601418e-03
2.123634744310928801e-01 1.176320156840527653e-01 -8.908452681206108226e-02 -9.376043940410042077e-03 -2.076652034692389598e-03 1.461367986283858928e-03
-5.412545607103755874e-01 -1.017062127052239806e-01 2.955543344707987213e-02 -6.419215416004733950e-03 -1.005183610319145470e-03 1.871153878654616695e-03
-8.796039903866530174e-02 3.782810421219661573e-02 -5.203126022206015083e-02 -9.917647931859074201e-03 -1.445984423134023898e-03 3.254637505643477070e-03
2.382536387128622479e+00 1.406880064153923915e-01 -6.322974994099944679e-02 -1.661085642094244823e-03 4.226680333841999313e-04 1.451543366996806280e-04
-1.394925108661317359e-01 3.345238501826483524e-02 -4.576748761681886241e-02 -4.660218562690996921e-03 4.022256090563702466e-03 -6.368698133580967362e-03
3.470594370445620469e-01 5.979066271026723528e-02 -5.169734420026227129e-02 -8.080686838149291409e-03 -1.495531391556153200e-03 1.864767401564300289e-03
-2.457919534407284126e-02 2.619325129309719655e-02 -3.554890108857516190e-02 -8.610863443491984306e-03 -3.106765516247555169e-03 4.406561876803112565e-03
-1.091875931554899148e+00 1.568672901465871516e-01 2.092366379180274627e-01 2.549479848708640500e-02 -7.670436794993690764e-03 -8.333061460583584407e-03
-3.401833433275767149e-01 4.711388632301809209e-02 -5.654714169329721346e-02 -6.542383630635283283e-03 -7.438299537284917941e-04 1.143284859322527902e-03
-1.004194435791403023e-01 7.534563037729301305e-02 -6.910256807976306037e-02 -6.853522594818771407e-03 -3.950234589268415995e-05 -1.421687154938608855e-03
8.616048658714301478e-01 -3.884696216985835532e-02 2.199615800775311589e-02 -2.496121543048852864e-03 -4.529820619008313514e-04 1.733884585636174527e-03
-9.667139088319446349e-01 1.760109695709945465e-01 1.557545757375023432e-01 2.856707902166806187e-02 -3.017795078461056862e-03 -1.233644420468096164e-02
-6.021035636339032715e-01 5.082009615796151403e-02 1.415134709210277494e-02 9.826056607358960027e-02 1.390324571521964758e-01 2.475076411029748097e-03
-1.328343504461135360e+00 -1.819802071725223555e-02 -3.149370908234550015e-02 -4.359612289074613761e-03 2.329524874712640779e-03 -7.224546304032547495e-03
1.033606043221605209e+00 -2.650925427596943426e-02 1.648696845330587316e-02 3.863192365996268116e-04 1.729517160651784487e-03 -2.173060398166114324e-03
-5.606529691437314167e-01 7.422081865938148781e-02 1.486260847437937405e-01 8.345101110258063698e-03 -2.888778244710189444e-02 5.709577369002093172e-03
-7.565793540578111820e-01 7.730755418609629170e-02 -8.814645308219166975e-02 -1.266225883810113625e-02 -2.098821566563381560e-03 4.697561335588372683e-04
1.160523548250693038e+00 4.510392693560403427e-02 -2.807370186792539080e-02 -2.071645041280207981e-03 2.345211822863960821e-03 -2.308181304147711652e-03
-1.027823613508366485e+00 -1.448531759169491007e-01 5.001296351851097777e-02 -4.390695848850522873e-03 -9.876477055715854499e-04 1.033861960712528479e-03
-4.168748635509290645e-01 1.554386857214288533e-03 -3.248194947271257349e-02 -1.050795956681045869e-02 -3.349582654439678918e-03 5.173521130378918101e-03
-1.192315194345899609e+00 -4.000621979972653758e-02 -1.136409733426746275e-02 -3.195259931150880566e-03 4.970961531052767602e-04 -4.109987761943251390e-03
-1.144154012288738365e+00 9.478583474880200588e-02 -1.104327090296797487e-01 -1.537613928077380225e-02 -1.295732580177640699e-03 -7.767411751639121927e-04
1.386403621416557597e+00 -6.950443627513418210e-02 5.211777237533483237e-02 3.652635087073938334e-03 1.818954925847894675e-03 -3.552601253713877014e-03
7.567579088111037189e-01 -4.755471561566684824e-02 2.251175222326128739e-02 -1.494549753921861970e-03 -9.144741285057166199e-05 1.597076887487481949e-03
-6.802067591984538586e-01 -9.930734598068037544e-02 3.001059621926012791e-02 -5.633696501397137020e-03 -1.591581728612001360e-03 2.034150381814637393e-03
1.955569627192452198e-01 -6.971086834016777811e-02 3.057881579963736204e-02 -1.716735306842585677e-03 -6.679771213411565692e-04 1.334077427189145522e-03
-4.118301719312577602e-01 -2.554804528443537989e-02 -2.009261258220035318e-02 -7.561640211020499366e-03 8.853664914491742770e-04 7.857972063032922375e-04
2.929926203767479476e-01 4.599139869181925050e-02 -5.018907808223019990e-02 -8.239130562353725110e-03 1.203315281440710087e-03 -1.115675803107101140e-04
5.273932580668634351e-01 5.303026163815428851e-02 -4.667496218098993871e-02 -6.330194171717562837e-03 -4.431940187818205531e-04 2.996488806266578517e-03
-4.402042344586609146e-01 1.500703677321660878e-01 1.845678736455474700e-01 -2.032674645623265726e-03 -6.686442592488888587e-03 6.891757168096910614e-03
-6.331242438550046536e-01 5.254751901352859578e-02 -6.086868407646567336e-02 -8.126277284507932297e-03 -2.119808560728768908e-03 -4.073870216146271831e-04
-4.612390878664530125e-01 2.419766842134521076e-02 -4.478345591976545109e-02 -8.142285120906594606e-03 -2.868363386887403266e-03 4.043498906852316735e-03
6.397589842761015611e-01 -4.785327179701436007e-02 2.208977652243704001e-02 -7.881123471857078011e-04 5.828395944120143279e-04 2.201322030147588658e-04
6.251168610009742999e-01 -3.451507157712047774e-03 -1.045895243652540489e-02 -4.607227180269649232e-03 1.839697828230152509e-06 2.347541266982016220e-03
-2.244991166627045842e-01 -1.364272758032275823e-01 6.194384271365927647e-02 -3.138084271255456217e-03 -8.749036013752393287e-04 1.796256972152693396e-03
7.673035028136586388e-02 2.767774730669088010e-02 -4.255111325355638574e-02 -8.046894583267329149e-03 1.898594590980680168e-03 -2.257625279994783518e-03
-4.002967127610073672e-01 -1.329676807470606958e-01 5.396500260107815750e-02 -3.789062387013658259e-03 -3.347683041398467072e-04 7.956892620633827448e-04
4.860392928746380681e-02 4.777206646414813851e-02 -4.951970828518069412e-02 -5.471833056029603432e-03 -3.921557687868190516e-05 1.156482550336731906e-04
-5.980620798934556115e-01 -1.223963056962982243e-01 4.801360225089421757e-02 -1.793721480994065181e-03 5.940551643251063820e-05 -8.131752208134989616e-04
2.380610157428071638e-01 4.145123708109224592e-02 -4.013534988621950128e-02 -7.799126960110115518e-03 -2.829835416244538132e-03 4.796753404621922727e-03
1.465694276105214522e+00 7.929936916699373284e-02 -4.470916718517980309e-02 -3.804534298174495986e-03 1.257865194667861846e-03 -3.472257267105894338e-04
-8.834609069457163288e-01 2.109655515871623754e-01 1.944760024725872283e-01 2.734441631073326190e-02 -7.829356056182108434e-03 -9.397635986585059845e-03
-1.388001004623831691e-01 1.287234967793340033e-02 -3.418545453949918544e-02 -6.232466728964232601e-03 7.463200880434165481e-05 4.183078171627540535e-04
-1.007283588394734863e+00 4.080650159231201390e-02 -5.425238515910819903e-02 -1.347514490354980322e-03 1.764793894167253222e-03 -7.971359693255332390e-03
4.549720543840516385e-01 -5.530065033219891402e-02 1.714089294459014007e-02 -4.751651014348000183e-03 -6.524259468492776826e-04 2.905280105540101500e-03
-2.262691137244780548e-01 7.819912189284879134e-02 -7.511362495968945674e-02 -9.384215383135625227e-03 -5.917579568045888390e-04 -1.884099913722598642e-03
-1.896543276767172770e-01 -6.419501017291159156e-03 -1.799299020310428723e-02 -6.153555714259635601e-03 -2.404518485102990783e-03 3.781762142274539083e-03
4.336985219747900855e-01 -2.341076940881401183e-02 4.483606119976541078e-03 -5.104544047148900157e-03 -1.733390899625383320e-03 3.697369639155716030e-03
-7.126092513389455929e-01 -6.581010492026216629e-03 -4.034899987108535313e-02 -1.172092919509939296e-02 4.080630342509821633e-04 5.018360950080442490e-05
-8.237033900199739467e-01 -3.870868255772517280e-02 -1.069371859051310852e-02 -5.856534006779655875e-03 -2.436384253645809477e-04 -1.839968643501745148e-03
-8.635644013007505171e-01 -9.412917916983358502e-02 2.240540872436327935e-02 -4.799365521939177523e-03 -3.815980386492819911e-04 -2.631518706029179790e-04
-6.178592975799617193e-01 -1.551022255014731233e-01 6.371177524712977325e-02 -4.044068159304015780e-03 -5.312644436086065959e-04 8.979835797344115026e-04
-1.629115442522296175e-01 2.004502118215453071e-02 -3.534305304584007407e-02 -6.409064663790878941e-03 -1.990759012326827858e-03 2.939230008972442722e-03
-2.514326963658871511e-02 -1.147008303363926257e-01 5.168833852730851663e-02 -1.968738095725734022e-03 -5.059895938345653800e-04 1.698373368563205763e-03
-6.904652975067548937e-01 9.967849167705407701e-03 -4.245293247176543106e-02 -9.334784736304549066e-03 -2.144383144808629203e-03 2.317973152895978946e-03
-6.334779684934297439e-01 -5.375325912434102127e-02 7.770099625164301116e-04 -6.252507407744415519e-03 -1.272792300241297339e-03 1.375892130892283861e-03
-9.514912845016736120e-02 3.145233129784555381e-02 -3.933502996218379150e-02 -4.588400332958533431e-03 7.125519333552485192e-04 -3.114745713446352270e-03
6.826968763487430980e-01 1.910353269091657645e-03 -4.205613051254423855e-03 -2.740152028831717868e-03 -1.159303610599571321e-03 2.720220260174838894e-03
-1.482267449369242485e+00 1.132316576085371368e-01 2.640092013281142846e-01 -1.111770528701580031e-02 -1.243244148201963321e-02 1.099082308355400946e-02
1.459106476798131879e+00 5.749796165437008610e-02 -2.907312437370142971e-02 -9.295681440427021108e-04 2.592975604480386720e-03 -3.581871405215153025e-03
1.567318892148702458e+00 -1.644628327300555470e-02 1.781902281804008045e-02 -8.580203588415186879e-07 9.071693836190535031e-04 -1.079099794214573478e-03
-1.643602606127781085e+00 4.418992528184691876e-02 -7.600690063288764731e-02 -9.866498296927412801e-03 -2.179056233490545003e-03 -2.311465279861423059e-03
-1.308206944688589779e+00 -1.006615930996720698e-01 1.631115706562874870e-02 -7.257435766450977786e-03 -6.375781542638459193e-04 -7.141968208306736718e-04
5.951288573083987621e-02 2.170647295391961440e-01 1.611585776035978079e-01 -3.196758836240101535e-03 -7.828620754046519345e-03 8.003412800297631663e-03
-1.536976950089376626e+00 6.099369044706164783e-02 -8.938267428405419213e-02 -1.372749193063260535e-02 -3.153019534149436882e-03 -1.208877896198381043e-03
6.947808140365725749e-02 -2.216450532561941092e-02 -9.610700219257625743e-03 -5.533911465301671190e-03 -7.747134657438117973e-04 3.446663465376032399e-03
1.388615095400567601e+00 -2.456930069581499815e-02 2.125266840010883382e-02 1.623441912493184518e-03 1.095566127128562526e-03 -3.440472270475100191e-04
-1.299562813933527572e+00 5.056492973739410562e-02 -7.519919450162342034e-02 -7.389451342883351058e-03 5.886580310463600772e-04 -5.401886163043584550e-03
1.496645653214059499e-02 -6.969573522436575685e-02 1.732914088082941270e-02 -3.886076340485248963e-03 1.855251601479928833e-03 -9.652790967615185961e-04
3.592540292549139536e-01 3.433390424880744529e-02 -3.444066816546376142e-02 -5.307469457025953095e-03 -1.514531914994221183e-03 3.329385205724645462e-03
6.299049332517512312e-01 -1.603977661945350519e-01 8.931123844379768029e-02 4.249168399688049366e-03 3.334674323381252043e-03 -4.658594683119173484e-03
5.069863830856651266e-01 1.360050681834055596e-03 -1.042615228426075659e-02 -3.034153872934712733e-03 -4.688333320568457670e-04 1.685908276986232629e-03
1.181358229397586390e+00 7.810268523893035275e-02 -4.757261921157731471e-02 -5.063928784215968731e-03 -5.804947644059120244e-04 3.003793029937858010e-03
1.120431357915907977e+00 -1.506551609378015688e-01 9.435522463018697348e-02 4.980549985722585934e-03 2.838959004220236847e-03 -4.965699501795155409e-03
-2.118734370087762997e+00 3.488374991008492132e-01 3.290216160916629717e-01 -3.332583596337015258e-02 1.674623966849982798e-02 2.197066486252375814e-02
7.689852803255378677e-02 8.938204657142395995e-03 -2.574547751197361553e-02 -4.352753801707401858e-03 3.126834262176574823e-04 7.127449334534501340e-04
3.523679679231770390e-01 -6.628956709034902924e-03 -1.070985975142630352e-02 -2.753691517337229864e-03 1.367214108513783522e-03 -8.405880463876290584e-04
-1.336167642824875434e+00 2.381798731755525589e-01 1.762029496890350211e-01 3.738279344550848177e-02 -2.467302896328537210e-03 -1.841027408409076291e-02
1.083768376755581686e-01 -2.347848127785677821e-02 -7.274639983066597156e-03 -5.311861133284990870e-03 -5.257227179742710520e-05 1.077635185673531852e-03
-1.135530021513313725e+00 9.980605816928588003e-02 2.343444969930814081e-01 3.166183000212469123e-02 -4.588623847259467453e-03 -1.304685055736654574e-02
-8.469048882083397567e-01 -1.808127030285414383e-01 7.545163506106758455e-02 -5.117355135262463203e-03 -8.297799683432233132e-04 1.110808226520771562e-03
1.306768602298579829e+00 1.058842110803268621e-01 -5.812369474670117664e-02 -3.523472474424129471e-03 -5.124568478582890033e-04 1.235126821985208867e-03
2.719013546812309445e-01 -3.598941106574578275e-02 1.126805102461968765e-02 -3.395073440672862538e-03 -7.843271134157331044e-04 6.251299517144947400e-04
-1.112549160738163456e+00 -2.156846414103703521e-02 -2.972356254389688091e-02 -9.617342378450329313e-03 -9.672595105744036552e-04 -1.799755582136432046e-03
-4.377205135607244446e-01 -6.352885404073546280e-03 -2.849629924038101988e-02 -7.603065360723463249e-03 1.208166737489037307e-04 -7.236526676403296074e-04
3.926750899671860306e-01 2.191113436063880371e-01 8.938470650875159074e-02 1.631659048906498877e-02 -2.636195667265054179e-02 3.536685717987101546e-03
-1.022540341792942398e+00 7.165125398119272238e-02 -8.596910982352477804e-02 -1.137905953514179759e-02 -2.061592706207441596e-03 -1.006530721374455017e-03
-1.060988726018991635e+00 -2.338262247028009139e-02 -1.542583496404274779e-02 -9.946342509111129500e-04 5.422812893545161852e-04 -4.483814711892832906e-03
-5.889430988392406752e-01 -1.407655397735905756e-01 6.012828254265965150e-02 2.383674533716835010e-04 7.533278102449946119e-04 -1.733210117070353414e-03
-5.661526230828737294e-01 7.454509371184199484e-02 2.184557999885579360e-01 2.121946335029326752e-03 -5.355134066949512016e-03 4.153690075766521342e-03
-5.140586432594655975e-01 2.102265098556773126e-01 1.716861085543916476e-01 3.856042259451852167e-02 -6.361388668386481300e-04 -1.805007429030348193e-02
-5.453011284625497446e-01 -5.716939223555116134e-03 -9.656354926410207207e-02 2.080305424507958578e-01 -5.430658548444459305e-02 1.078496101268005235e-02
7.111499339384876051e-02 -9.038265735549690094e-02 3.812751941697137964e-02 -4.125551006687359738e-03 -1.023525739940127138e-03 2.330041706280127842e-03
4.582967940294193077e-01 -2.362596748785497289e-02 5.545491094913011960e-03 -1.401300201320254592e-03 6.480706802810865018e-04 -1.023841722769905718e-03
-6.067102298114388503e-01 -3.409700609605842425e-02 -9.881924392886298411e-03 -3.200171978672048702e-03 6.445244936785528419e-04 -5.951561136467894671e-04
2.571151886928044750e+00 2.107394533856032232e-02 1.339903014829860704e-02 3.725897084981878889e-03 1.878315562365998146e-03 -3.409715452923582982e-03
-8.870583679613034400e-01 -1.648378266182657648e-01 6.128965787760980860e-02 -4.948056563267188256e-03 -4.380076548254396092e-04 9.974943161220010002e-04
-7.870957165675313005e-01 5.340407182422731575e-02 -6.394596999538006143e-02 -7.029039816176163927e-03 -1.309825934576790878e-03 -1.941238583071143529e-03
-8.755705816827838994e-01 -3.247058776230980770e-02 -1.891921947127140485e-02 -9.793579876106068074e-03 -3.154374724305638190e-03 4.514128742265998730e-03
3.611775310859438037e-01 2.454881897787757235e-03 -1.287699334228197857e-02 -3.404672251165624837e-03 -6.041494486758759719e-04 1.455816053139198521e-03
-6.761981132837474595e-02 -1.635096855893926641e-03 -2.435653811326979681e-02 -7.190094800825845046e-03 -4.645292800988882402e-04 7.747669195696903341e-04
-1.068261713477760555e-01 4.895073727264013380e-02 -5.723170629923238911e-02 -8.653379958100903407e-03 1.442124389704760247e-04 -3.057970943426316477e-04
2.067861518380850472e-01 -4.597946424727010484e-02 1.065228504359163990e-02 -5.599973816828105432e-03 -1.433620994015005973e-03 3.550165893734456325e-03
7.023432962454316808e-01 3.093506103805550300e-02 -2.612726390677911140e-02 -4.997072887430182263e-03 -3.146666773257815746e-04 8.454519810273923444e-04
1.674145712887320503e-01 -1.972221299154285068e-02 -4.916524944625591531e-03 -3.048353548095788113e-03 8.917255508164678539e-04 -1.408713381395789756e-03
7.576487423318620240e-02 -1.020633972690681013e-01 4.430262295406545148e-02 -2.415324154657173730e-03 -6.208798824030413313e-04 2.148644160938783035e-03
-1.168407247337229338e+00 -9.608364415705797357e-02 1.901227277178878586e-02 -6.957499527184498982e-03 -1.582283952270904792e-03 7.192839874619727904e-04
-2.219508259912821579e-01 4.021554223304935061e-02 -5.226644237366887685e-02 -7.695445425924012615e-03 -1.356770594311442054e-03 2.977775090058182913e-03
8.163808343422992442e-01 -8.749784095347082347e-02 5.030073023518622649e-02 4.069640984673951012e-04 1.150638499377407316e-03 -1.639351473166488675e-03
-4.281049654544879374e-02 8.214520750207140662e-03 -3.072267314053507212e-02 -6.879712593940662778e-03 9.483483103275219340e-04 -1.098285928948962951e-03
-2.282757055830592352e-01 -1.101861131262882494e-02 -2.336977654943538790e-02 -6.904133198985262093e-03 1.816643198646306816e-03 -2.379073397089003818e-03
4.397306959558921480e-01 -1.075456230214215242e-01 5.074773728810254292e-02 2.402314056427798752e-04 2.566263831345598316e-03 -2.401631909250764516e-03
-1.400059631112281933e+00 5.543309782833865523e-02 -6.604022085385970187e-02 3.545373379709491706e-04 1.753936375729482676e-03 -9.529219806650472344e-03
-1.201708715179976572e+00 3.287539328946668948e-02 -6.930731642551847538e-02 -1.112717099557502913e-02 -3.112045730167304031e-04 -2.013340939932690889e-03
-6.428275630020258147e-02 -3.831652548670894803e-02 2.523961502509623344e-04 -4.207847569768594954e-03 2.924229795686418315e-04 1.180428224790614665e-04
1.157419687013564014e+00 2.563761972557141236e-02 -1.263093265921296990e-02 -1.944738710883372242e-03 5.302830840306525448e-04 -5.812443937744532236e-04
6.224431915059800424e-01 -2.829970989483074004e-02 1.092838170513927946e-02 -3.055640732686445895e-03 -2.672159070346980100e-04 7.692802514873831174e-04
6.303556431773548185e-01 -1.037587940938104608e-01 5.491768781596126359e-02 -7.768932169735194094e-04 6.854125870106974727e-04 -2.074291790292606501e-04
1.165914196773828682e+00 -5.063329254182748207e-02 3.581287086624015265e-02 8.569175312087687129e-04 9.810281168511078911e-04 -1.675005248689606045e-03
1.089186371714893298e+00 -4.209942898071265122e-02 2.406475218789223477e-02 4.313628054725802572e-04 1.570189894110123226e-03 -4.671404213535745929e-04
2.366603117536325573e-01 -7.664016040594444357e-02 2.854833046206301655e-02 -4.406154851747527343e-03 -4.650245024679087232e-04 1.993688817462151760e-03
-1.241215972728245687e+00 -2.972435698727423845e-03 -3.928043000900108273e-02 -6.703070720479039485e-03 -1.126993016871255223e-03 -8.302307934797543932e-04
-6.598791063291552517e-01 -8.590137344502704608e-02 2.395829859719207644e-02 -4.191787148978125613e-03 -1.661974854486772879e-03 2.002317057482858736e-03
4.295923172567034931e-01 -2.027660567771654224e-02 -4.143358337434134434e-04 -5.250212754290492674e-03 -1.501800352601422419e-03 3.916325050656999443e-03
3.236518368565474701e-01 -8.498489411198793808e-02 4.135167297071514619e-02 -4.214156673639835905e-04 4.737483635994409930e-04 -7.827207264994473935e-04
8.440323382746900416e-01 -1.950609735806428657e-02 8.272215064494959150e-03 -1.116379383243068816e-03 1.632248648672359739e-03 -2.664937866060970370e-03
-2.674290955085470434e-01 4.951196750969973776e-02 -5.761118309222265643e-02 -8.109276581145463680e-03 -2.096377393584186906e-03 3.245430159730728313e-03
-2.156540613216161029e-01 -1.079573409658991512e-01 3.948570895294521710e-02 -2.973353550648481867e-03 -2.023796045549784337e-04 1.914694339530868252e-03
6.733955842956572679e-01 -1.113418163430050234e-01 5.714962953364988857e-02 9.653081328844941066e-04 2.487069523945552481e-03 -1.870444283478646559e-03
-5.105837186894531810e-01 2.258744593989783778e-02 -4.698577234437381622e-02 -7.788408683671304601e-03 -1.248114960409293581e-03 2.410341447625069695e-03
-1.062867194237772983e+00 2.164842616093901329e-01 2.275906655277228074e-01 1.827978954526688488e-02 -1.687666458089649713e-02 -1.585752748332867196e-03
-1.974503956225755752e-01 -1.328285981503154155e-02 -1.501103466473694033e-02 -2.096534285455556486e-03 2.602349151199987755e-03 -3.809148041152246589e-03
-4.556508384158943215e-01 4.777289941875245693e-02 -6.065820826171189339e-02 -8.647540910931386313e-03 -1.381377713783202071e-03 8.864996745986326084e-04
7.332293167946664081e-01 9.317444661797265326e-02 -6.990777719926942468e-02 -8.186976029336302807e-03 1.276360810341118030e-03 -1.131390564492027037e-03
-3.255678921150719773e-01 -1.721459632649229854e-01 7.603783928468076103e-02 -2.246686840485499683e-03 1.607814292510431891e-04 9.381298858206220436e-04
-2.076594347135967966e-01 -1.300019623977926309e-01 6.212551931737889804e-02 -1.982460199873645537e-03 -5.031204850892188147e-04 -1.265010925052883150e-04
8.698574161774180746e-01 -5.142194537555819928e-02 2.826630496036429060e-02 4.861778392992042097e-05 1.267862165888362317e-03 -1.243570263085287762e-03
1.437075626275130080e+00 -9.041380971440099446e-02 6.115942758213242791e-02 4.408444814125115491e-03 3.038605690728292917e-03 -4.534586881948264592e-03
-1.107554834173653635e+00 -9.048422738501045448e-02 1.154410016132197646e-02 -6.505171987486063102e-03 -5.880049318796997521e-04 1.251676823300002135e-03
3.130135204243318925e-01 -5.202145503042519825e-02 1.429036333712413800e-02 -3.130077602363813549e-03 4.797971761759668957e-04 1.078056697772550440e-03
1.186401431967430975e+00 1.945131036734969524e-02 -9.548173349652798111e-03 -5.144525981204042114e-04 1.061004439253105183e-03 2.776869219516833699e-04
-8.239668606370228465e-01 -2.669430309438552973e-02 -2.722613173085469684e-02 -1.025702761754378883e-02 -1.104760183007386142e-03 2.224353316835090810e-03
-8.038152675618307486e-01 4.178953529172257930e-02 -6.328977421925113811e-02 -8.670502093240642708e-03 -6.725327044022331481e-04 -1.260310324855451729e-03
1.485823176331335871e+00 1.357731449407384716e-01 -7.995105857981901765e-02 -6.505074478917042755e-03 -2.411566845770902665e-04 3.356422965860036446e-03
-7.156742488071127228e-02 -8.932109565666948581e-02 2.708241399601388211e-02 -3.809574029408467014e-03 1.745667155598665471e-03 -3.689271085694020716e-04
-3.439537976398851504e-01 -1.676393050472993820e-02 -1.863761906186962511e-02 -5.585703232040790250e-03 6.392108121365288990e-04 -1.566657010273297566e-03
1.677863647922257284e+00 8.962531106732413155e-02 -4.524793444757425898e-02 -1.864335634744771451e-03 1.820018540189399358e-03 -1.622943051409693948e-03
7.399369604239662834e-01 2.644418532932695312e-02 -2.376625342555916537e-02 -4.807030309128104521e-03 -9.563977664468189871e-04 3.522703793554704879e-03
-9.881843504383006627e-01 8.970264466577792389e-03 -4.693591936296288153e-02 -8.812252753102873051e-03 4.573006275051574763e-07 -3.076985726355495245e-03
-7.772466945129007619e-03 7.337966057946070098e-02 -6.198302740648995585e-02 -5.850904539027476821e-03 -1.204857034056715931e-03 -6.332803937491490980e-05
6.684871741742128837e-01 1.051818869073915530e-01 -7.515074382070605075e-02 -7.113058476579840923e-03 4.008343589615013429e-04 -8.404392314845783672e-04
