-3.405198107110337657e-01 -5.828921202401107088e-02 1.148369580051625434e-02 -1.839007273598661446e-03 7.274448355608589649e-03 -2.117582656105863556e-04
-6.483429414619101827e-02 6.817797919279089403e-02 -2.231370815452454141e-03 9.808376769810534922e-04 -8.633105905860619881e-04 -2.150906552786173399e-04
-7.304731287744782586e-02 -6.862983786624496027e-03 -3.813592712944583775e-03 -1.990038407581645914e-03 -2.445253094578356528e-03 -5.832728939980040116e-04
-1.011475503586710956e-01 -3.765910649219735007e-02 -8.069187251884713408e-04 1.281474406516292528e-03 -1.647345575591289621e-03 1.613155985205427453e-03
-4.264512296256921242e-02 -1.772702387419369460e-02 -1.152687642265486567e-03 -5.591880410683967980e-04 -2.401997961531850568e-03 -7.930786082145248176e-05
-2.679832849073296996e-01 -4.156197110943047474e-02 1.877128484099104162e-03 -2.251372043062018109e-03 1.940860114865359826e-03 -5.816340819792378868e-04
2.137312861069015912e-01 1.655466810539408737e-02 2.435301766152024594e-03 -5.422403771459206531e-04 9.530386986996875354e-04 2.483219233587437638e-04
1.158227645741224769e-02 2.130526321074758742e-02 -2.496502857926392524e-03 2.167999528086867952e-03 2.729329926347699351e-04 -7.315682211849230650e-04
-2.520879520323936543e-02 3.674289772895723144e-02 -2.265616188685551369e-03 -3.776130420938406899e-03 -1.654380856289028182e-03 2.234822293726117508e-04
3.112005693755762192e-01 -5.880346822336605245e-02 1.089285990811876721e-03 1.596177320148573398e-04 -2.475570226662432601e-04 7.678194299232641868e-04
2.610123263614216871e-01 3.534964827004093146e-02 8.403687344296879380e-04 -1.482733743155191866e-03 2.289153831708648067e-03 5.864189871935485109e-06
1.454223580409012007e-01 3.168812398167450417e-02 4.551080822121798472e-04 -1.166581792090826391e-03 1.339056650174180697e-03 3.331652406136091822e-04
-1.393678214393667125e-01 -5.489325361176491946e-02 2.143814440908861033e-03 3.318101785790819082e-03 6.991742999826323739e-04 9.378557400779287618e-04
-1.957708365860445499e-01 -3.202260435726041188e-02 -8.073216859157094890e-04 6.791910578938063900e-04 -6.678394723105065016e-04 2.366066825113348308e-03
7.133965457414336020e-02 1.207178120389269284e-02 6.005543347115417912e-04 9.099546110947143911e-05 -1.413581745794490526e-04 1.293056320768865139e-03
2.441572094808422411e-01 3.426112469123938908e-02 7.104598641261507166e-04 -1.786974020453509747e-03 1.037770465108516296e-03 9.779158685133244010e-04
4.310385685625818808e-01 -1.789740740905296917e-02 -1.390046218957115059e-03 2.225296323096367078e-04 1.402948240323117308e-03 1.378351075140189525e-03
-6.158060178008634838e-02 1.943726139233827727e-02 -3.807956175156951154e-04 -2.446414731108520566e-03 -2.379191944433111695e-03 7.691807964574000637e-05
4.343896570155130615e-02 1.403285413296086713e-02 -3.377880965489381791e-03 7.101932678861719262e-04 9.121778836725192370e-05 6.742217256080507712e-04
-2.489300921837784078e-02 -3.123420925261351233e-02 -3.572487127259398824e-03 3.281767765180868207e-04 -1.604057514916846887e-03 -6.501870875766487196e-04
2.632813376936760791e-03 2.008086195159550225e-02 2.127936976545176731e-03 1.756066815649873084e-03 -1.826726727679328557e-03 4.883261474153551777e-04
-2.809325611035621284e-01 -2.185017324219272472e-02 -5.677883521897091404e-03 -7.565314928770707111e-04 3.663123529170852002e-03 1.403163263613030950e-03
-2.629662714251188027e-01 -5.386025633341396703e-03 3.499402368852212101e-04 -7.200475416790670788e-04 8.593831017134947450e-04 2.012620873427691404e-03
1.461313777695067220e-02 8.139247511136600555e-02 2.055068021141798554e-03 -1.997945894203341684e-03 -6.729648473438827388e-04 3.366379274185071530e-04
-6.945734810874738818e-02 1.390530684279057093e-02 -1.905639599275893870e-03 -2.241945121054723933e-03 -1.868219800981546887e-03 -5.020932451037148905e-04
-1.473496458643272500e-01 -7.601872582371392573e-02 1.478458629236430177e-02 -2.994419555458384483e-03 -2.111952725313573798e-03 -2.077796187973355007e-03
-3.078890156434017575e-02 3.753831899262263512e-04 6.170030812024795020e-04 -5.421565834053803387e-04 -1.440456576362111798e-03 6.572289602853365357e-04
1.575157039423561167e-01 -4.303666768546903637e-02 -4.481911599283774721e-04 -1.158448925741910069e-03 -5.374265903169530081e-04 -7.986550879759793690e-04
-1.236848270100657510e-01 -3.232779913078099449e-02 -9.632649302323396424e-04 2.854041184838214482e-03 8.064596889699643433e-04 4.047979618500334659e-04
-2.027405594746095607e-01 4.259945759264294890e-02 -5.914736046117071832e-04 3.125079756220905565e-03 2.054861881434019038e-04 -1.184866682467053487e-03
-1.603013159636924034e-01 -1.124828096677700159e-02 4.901622026975474002e-05 5.012375068048809112e-04 -2.356477190974010961e-03 2.904737542152207360e-03
-1.993279209929369189e-01 -2.833651364690395469e-02 8.689325411777769565e-04 1.957058831179936745e-03 1.561682619458015482e-03 7.458881758620660102e-04
1.942264843359499948e-01 2.690052394037303202e-02 7.770568603773565265e-04 -5.235211108895984925e-04 1.487810150027918041e-03 -2.500049455907345388e-05
6.188697098885654474e-02 -1.574998846795253385e-02 -5.242518087013959887e-04 -5.208301256974386898e-04 -7.760845383794641840e-04 1.475315078123779844e-03
-1.114647646634644579e-01 -2.667385783243607714e-02 1.857958159426390324e-03 3.583412654304131504e-03 1.130670425674680849e-04 2.992464287230863569e-04
-1.341505602293564525e-01 -2.251468945873912400e-02 3.040386785464969065e-03 2.534613224134941740e-03 3.644773299874401917e-04 2.935901131630172457e-04
-8.504468720389814218e-02 7.701176359576765440e-02 -2.484496818987996878e-03 -3.573659504894126046e-04 1.455249517164335050e-03 -8.403343813752712967e-04
-1.603406027948287016e-01 -4.364525356167506254e-02 -5.506788939474632077e-03 -9.220998104467478069e-04 2.502061351709459602e-03 -1.132116430334200417e-03
-1.644217494716964101e-01 7.923994011056413600e-02 2.772016187329724192e-03 1.200514154163410084e-03 -4.405831174833800459e-04 -1.757799362770478798e-03
3.577955301041875757e-01 -2.522569591923316812e-02 -2.376486769881762644e-04 2.068303228762144712e-03 8.475540212077361255e-04 -2.606161832738001344e-04
-1.174074220455498807e-01 -4.658082447733360304e-02 -4.441455354704523101e-03 9.252456188500134387e-04 3.470214978926404025e-04 5.558379587984431987e-04
-9.369929054935366430e-02 3.111429081768216781e-02 2.302263377046944587e-03 1.125169491273024947e-03 2.859770686340750703e-04 -4.540168055642811997e-04
2.427638639099754525e-01 -5.511256204699015865e-02 -1.950204243306416984e-03 7.864742570454614189e-04 1.079346024115749019e-03 -7.052688123140864087e-05
-7.761650773699045602e-02 -1.484939904341905405e-02 -2.351287739493635245e-03 1.139990480836572829e-03 -1.789201935662300489e-03 1.013724106764582336e-03
2.291327009139403070e-02 2.492823909846240971e-02 2.461222124586475574e-03 -5.744210899949411678e-04 -1.791847837490254938e-03 4.362945665792520959e-04
-1.362531859579698967e-01 2.221689698017306498e-03 5.544347025937442983e-03 -1.569625416367523415e-03 -3.373670120351778077e-03 9.221847470788545548e-04
4.325445974444398073e-02 2.535251045862482039e-02 2.674968229775054676e-03 2.581320839689505656e-03 -1.891990564658199399e-03 -9.134117498922580307e-04
6.755165007338048179e-03 3.234174256535356923e-02 2.709090659757342878e-03 1.606544323572798878e-03 9.842158369563647636e-04 -2.151138973374513725e-03
3.643644231943718448e-01 -6.225295761493587071e-02 1.081158228578731062e-03 9.239945878223808622e-04 5.561764777714927471e-04 3.325656678176960521e-04
1.836643369817120841e-01 -4.637068089611838528e-02 1.442316554819118510e-03 9.072496650239004774e-04 2.048458314334621392e-04 -5.011685450984810792e-04
-8.317458611268313540e-02 -9.675770410743871411e-03 4.142367265086041757e-03 -3.088526951377978860e-03 -1.889526154257911011e-03 -5.976543029434499285e-04
-2.598659425675969303e-01 -3.421717993252818696e-02 1.090183170793069915e-02 -1.933053491864734387e-03 1.880323741634625607e-03 5.480677414149123837e-04
3.139673933047857357e-01 4.486586017606444062e-04 -4.193133199854539206e-04 1.059563068635647234e-04 1.948552602034807953e-03 2.014294730091802305e-04
9.529919086331656297e-02 3.840940916600858734e-02 1.293566848423128527e-03 -1.723776400424231530e-03 -3.836612592619646376e-04 2.612612089775394743e-04
3.964683208310965795e-03 -1.470212981194468291e-02 -3.491563332377480185e-03 1.313459456486996317e-03 -1.501747788151956134e-03 1.516317054908600931e-04
-1.762757542329278504e-01 -1.991372697828824173e-02 -9.187063944900982848e-04 -1.247981198598886688e-03 -1.297440749201048604e-03 2.582107139346117154e-04
7.090111712240215747e-02 2.139150696618831449e-02 -3.719845769691980993e-03 1.638333300915709948e-03 6.554686413038489801e-04 -6.616086932140388503e-04
1.031419276595961672e-02 5.641430665907279374e-02 -1.793673153793734064e-04 9.986461259119301399e-04 5.885912473143179672e-04 -2.035964664546502812e-03
-1.545883836968159619e-01 -1.641866890017809263e-02 -1.991291732153347566e-03 4.142523382874071375e-03 -1.226891102784451388e-04 6.164143838708040918e-04
9.660682920968108323e-02 7.099338949335975979e-02 1.872784844457420174e-03 -1.185433340751747841e-03 7.188504698981876793e-04 -4.704461374755484842e-04
2.910274970746807785e-02 -4.596312391571255856e-04 5.638356575818956502e-03 3.043526024551460648e-03 -1.293221734256637964e-04 -2.116108720279473443e-03
-2.129330932321711611e-01 -2.500493835230663611e-02 -1.160437108541770681e-03 3.246197279626446709e-03 8.987124051421698911e-04 1.629098444441585145e-03
-9.998454972991198397e-02 -3.509221949111276245e-02 6.586986786385489899e-04 3.343376229427454799e-03 -4.935439926196813704e-04 3.761299217441579456e-04
-2.161475263895202004e-01 -1.545066583622424147e-03 -2.737772141118253663e-03 -2.562560198379253314e-03 -8.499619166086713317e-04 4.695274260124145869e-05
1.352655926571869893e-01 2.972346533186105699e-02 6.937101948518984915e-03 6.099367809545272251e-04 9.078688063888281506e-04 -2.211029166663315733e-03
4.269902308802933644e-02 5.380395032590040705e-02 4.093181196612937726e-04 4.198630307984415168e-04 -6.668613817404585905e-05 -5.979316844900660864e-04
-1.780039544547149521e-01 1.570027375265427641e-02 -1.463985052691451792e-03 2.014035250015824407e-03 6.577642332229967413e-05 1.701180469451952842e-03
-1.670837218474219843e-01 6.828765647587207999e-02 -2.262874415409722468e-03 1.039099391153404947e-03 -5.391986806517170872e-05 -7.678345937374253625e-05
-2.192188306733826864e-01 1.136564945711653236e-02 -2.678225274103536533e-03 2.377486405668066682e-03 3.057986670452478967e-04 1.268257500578520540e-03
1.095905754761297875e-02 -5.281971307053178605e-02 -1.354043216721630312e-03 6.130942992725207279e-04 8.355971025581671616e-05 -4.745110972638868428e-05
1.753277254256525308e-01 9.801142126822339623e-03 -1.634770621506603848e-04 1.471626479433323304e-03 6.826613651469060811e-04 -7.949840841495056046e-04
1.259863758603969319e-01 1.684356046010341418e-02 6.952994665254176067e-04 -3.873804509599925957e-04 -8.544288250967717888e-04 4.763486949535690571e-04
1.665353854768343578e-01 -2.379479643521801788e-02 -3.753648461286650641e-04 5.879791500830152187e-04 -3.605382796531832429e-04 -1.687982000057234959e-04
3.503381057238783014e-01 -2.927371319028706370e-02 1.331539470524354144e-03 1.316931380501385146e-04 9.327218520300563885e-04 9.358148107545126611e-04
2.382433791406550483e-01 -1.304586565712811952e-02 -2.893027286474604727e-03 2.703772732134229447e-04 1.764964441495619520e-03 4.618039629615238850e-04
7.232750032036650012e-02 3.476846956923238668e-02 6.029184024543116603e-04 5.768086412323700967e-04 1.337906369384436051e-03 -1.232064963857013029e-03
-3.595207239849780578e-02 -1.078751477032173327e-02 -1.329815289786604414e-04 3.570217042038108333e-03 -1.129004020695544095e-03 -6.210351409661706815e-05
3.425889160510470210e-01 -2.624825346517885294e-02 -1.841546733730941568e-03 8.899752852909039542e-04 6.048256477067366849e-04 1.051992255069382791e-03
6.918831802776272133e-02 4.569906769620806636e-02 -2.358638520461084961e-03 -1.354021218609525784e-04 -1.051053290405683694e-04 6.908620556519516750e-04
1.099030484192200646e-01 1.359420507462068967e-02 -1.411790523541450000e-03 1.036452874051838925e-03 1.508297471402651529e-03 -7.498769426486367887e-04
1.423267754086295911e-01 -3.606688812577479170e-02 2.960558418797082370e-03 -9.197068488202309608e-04 1.185973141883816270e-04 3.459278506681373816e-04
1.844465881522977871e-02 2.999715437008876329e-02 2.232056158905515540e-03 2.460586974964196465e-03 -1.040138042136844925e-03 -1.599730346658478778e-03
5.177635998987881738e-01 -7.962155944770546445e-02 -1.051902861999749099e-03 6.393496938701212929e-04 1.275702604478120639e-03 1.509990966302289387e-03
2.051218357653388225e-01 2.489160403365688057e-02 1.906703479035543481e-03 3.886458779492856083e-05 1.938873235845836596e-03 -1.078342440804232671e-03
7.369284727908530230e-02 -2.791260716372555642e-02 -2.639042862806698238e-04 -3.437471808037903618e-03 -1.919264132902641048e-04 -1.208039870895960977e-03
-6.601582617947017451e-02 1.458808642542716583e-02 4.277765158473877463e-03 5.441077291329735619e-04 -3.680889169597080100e-04 -1.281438461642878850e-04
-9.835856197574502358e-02 -4.911941968401636882e-02 -2.145428182041687285e-03 -1.554967898184061613e-03 3.109898924472213481e-05 -1.448743457350998168e-03
1.617308314143018899e-01 1.998101377817847885e-02 3.676479471297482236e-03 -2.509636587859150666e-03 1.963490910513703686e-04 7.072802273798860966e-04
8.421465227398630682e-02 2.111833197695357420e-02 -4.842063047245552597e-04 1.095368451445807162e-03 -1.136782581200929858e-03 6.396683972309615863e-04
-8.588089092761881649e-02 -4.592116605295327308e-02 6.611219658712944210e-03 -3.753534459806366803e-03 -3.834024833809799963e-03 -8.801739325857715641e-04
-4.694054801092390622e-02 5.325212264460425088e-02 -2.448643724941011214e-03 9.593230753919291262e-04 -4.564988393748400388e-04 1.061778926473176861e-04
-1.444492068654062156e-01 1.003080829589427375e-01 -1.694602594698298333e-03 -7.488078160860181954e-04 2.464866084275039873e-04 -9.761811467556832998e-05
-7.336900335968421505e-02 9.726470473656954885e-02 -9.053324879255092526e-04 -1.411046106592039450e-03 6.414777159619074881e-04 -2.722587763405232204e-04
-7.571337994265893434e-02 -1.520019782228006601e-03 5.070402118389116981e-03 3.837100124893189079e-03 -3.376664375003630069e-04 -1.777328907351738560e-03
2.731001430947966810e-02 1.937782614624976654e-03 -8.152792640580537684e-04 -7.767476156231369359e-04 2.265928874679535784e-04 -4.198391190396709460e-04
2.455661995773343598e-01 6.134963500009666705e-03 -1.799194129270609624e-04 1.038089688473016947e-03 1.084121135775429050e-03 -5.362058860425353421e-04
9.972222932389832040e-02 3.466106898575492708e-03 -1.028399456729149663e-03 1.224414561173489463e-03 -5.572107344678385848e-04 3.756658687486763657e-04
-3.342013880490242173e-01 -2.391889648228118920e-02 2.986573796634507671e-03 -1.471541145579975088e-04 5.229324077252451436e-03 8.362063421899086071e-04
-1.528049581362193876e-01 4.285818525920891131e-02 4.431696557176815696e-03 4.165377732678352614e-04 -9.549735668675570378e-04 4.539319255185250202e-04
-1.620669770564265311e-01 -5.165918678772334072e-02 -2.537952588073577251e-03 4.279480251129806948e-04 1.647189516991094161e-04 7.740468622286844147e-04
4.594569033208119324e-02 -1.125490385186616107e-02 1.213470207565490018e-04 1.966942270901963358e-03 6.599843466461721231e-04 -4.494413944818222303e-04
-3.332004261646745458e-03 9.557347613130785791e-02 -3.008735599455898452e-04 -2.403719144104033301e-03 5.429867891528740919e-04 7.184011062785239810e-04
-2.816737478052274216e-02 3.447555949753542542e-02 -3.763956984102628540e-04 7.520732012030597680e-04 -1.785890500247433585e-03 1.540572670306792962e-03
-1.772687094341952319e-01 -2.253301584632383739e-02 -3.405681739294401985e-03 -2.080105379023976329e-03 2.147954667170166865e-03 -8.790111287472588027e-04
4.665290948319805037e-02 3.232073971444274912e-02 6.775798756848403805e-04 -2.375942351197508819e-03 -7.557643657964597693e-04 8.555871514348027326e-04
-9.320026252700240599e-02 -1.835995626380138718e-02 8.011385210161489981e-03 -4.719395923962929721e-05 -1.970565366835669502e-04 -6.645269806701576288e-04
3.143440693161972943e-01 -2.610507417140377900e-02 -2.572853322223209865e-03 1.289279145459212329e-04 1.841255313105075262e-03 7.762389710968507772e-04
-1.386911096588567260e-01 3.328447720259457981e-02 2.259963146492308117e-03 1.164568870779315131e-03 -1.649489228554313789e-03 8.961881892145275291e-04
-9.600612974645557351e-02 3.344479550069937718e-02 1.272405890455143322e-03 2.639195751839058888e-03 -1.467239284733176500e-04 -1.620285147116267473e-03
5.299190358788011257e-02 -4.049318021049807398e-03 8.874755988413339253e-04 -1.661640806735203632e-03 2.343598361568818085e-04 1.258777652957157513e-03
-4.026072849986407631e-02 -1.925064956291402951e-02 -2.172125798104039465e-03 -1.221231494488627268e-03 -1.053150635331235414e-03 -1.007332859750995980e-03
6.375804358405248728e-02 1.785626742436579109e-02 -4.617242649447221938e-04 -2.660919250073113455e-04 -1.125097538830107735e-03 5.749247734120719482e-05
-2.078714970079114429e-03 7.984617617078902663e-02 -1.573109823138364163e-03 -1.214751170079416721e-03 1.564049312225298432e-03 -4.768949947671945666e-04
1.493439916517913003e-02 -2.082306434450272373e-02 -2.662002127173198306e-03 -2.981780154398424882e-03 -1.497335506650412625e-03 -1.997029516862659597e-04
-1.237794912718375578e-02 7.265255084222137227e-02 -1.882652797460591552e-03 3.477891209116965488e-04 -7.949397182980167016e-04 -4.057092392928217514e-05
2.411225622910202204e-01 5.422256029720427112e-02 3.051221205136296199e-03 -1.705664313108224859e-03 1.829044287738265662e-03 -3.879068859526376236e-04
1.899519322945169841e-01 2.707889615683523044e-02 4.561151659676989517e-03 -8.577158465654100006e-04 7.365776316269096076e-04 -1.428710866945058847e-05
9.168319224428188308e-02 7.618687678820494635e-02 1.187132281061695433e-03 -3.181119042189822430e-03 1.996526443346292228e-04 5.043942515281097782e-04
-2.085314363857866116e-01 -5.487531901889346198e-02 -4.845804441431149009e-03 -7.879883787880339165e-04 2.364552206095552316e-03 -1.812365968035770493e-03
1.754084743912510957e-01 4.350219238183782727e-02 6.683165706488935522e-04 -1.366468806555754716e-03 2.153676837984459802e-03 -8.548744977771559079e-05
-5.740387266096811519e-02 6.877657038618865959e-02 -2.792974792653896664e-03 5.811119471413636432e-04 -4.880335699792730567e-04 -1.020200165006692551e-04
-1.322345969839846536e-01 -3.824253317305043032e-02 -6.737065816106847880e-04 -4.088511745609289122e-03 -2.036916410276402422e-03 -5.263600379754182967e-04
4.402230736396362670e-02 1.164041958280466471e-02 3.520379165860614760e-04 9.356019672911553660e-04 -1.002211722611978531e-03 1.160598843674895452e-03
-1.586170801063958302e-01 -5.390597494751666469e-02 -3.964384028681155157e-03 4.028958269852154529e-04 1.010305206360116682e-03 -1.013042419075642836e-04
8.978307049691229558e-02 -6.515523359794446467e-02 -1.367925249406510505e-03 -6.094496530182159704e-04 9.809504392785351693e-05 -1.418413319690412693e-03
-4.160961907643050128e-02 1.068353913661004434e-01 7.143653913192023110e-05 -2.352138339911801108e-03 1.309715480614108115e-03 -4.245888700083943145e-04
-3.862626059537053319e-02 3.040197537343585985e-02 3.193531901282175949e-03 -5.844134173714418679e-04 -4.861591415339069954e-04 7.062553959223020030e-05
6.054066683495069184e-02 2.910688195496887593e-02 -2.402165824068250646e-03 1.419046358810697062e-03 3.532816451870213296e-05 -2.563116099201660282e-04
-2.451196530028827147e-01 4.195689312020560446e-02 1.598596325094568758e-03 3.007513663069070857e-03 -4.765152810939771969e-05 -6.171042326771542831e-04
9.565171858291393603e-03 1.823383716599552215e-02 -1.777288571011101544e-04 1.301181229372019529e-04 -5.287623190747975117e-05 4.689563800493628306e-04
4.415297043993603177e-02 5.289714914069904017e-02 2.991945609971431198e-03 2.799469422141659478e-04 -1.001295322641629695e-03 -2.046490206988777773e-04
8.056953630563061519e-02 -1.541181390982625417e-02 -2.928509650705400733e-03 -6.862485913185724829e-05 -4.564498046825049213e-04 4.889088201805598909e-04
-5.627161952441252918e-02 -2.085319857181130304e-02 -8.294170804015227241e-04 4.025735781252865581e-04 -6.499294730568647858e-06 -9.746234794941803460e-04
-1.314131219340882173e-01 -7.172516283371324110e-03 -2.820854919249536543e-03 9.989912224184372552e-04 -6.765290332714472973e-05 -1.111989641295687854e-04
-4.810661094832063139e-02 8.341746064255754767e-02 1.465668815289707539e-03 -7.435988721067795246e-04 6.614186155990092568e-04 -9.455903220385695898e-04
1.925626228837149512e-01 -7.433277056028968210e-02 -3.150848020074508826e-04 7.386306700053323505e-04 -7.450922694494988875e-04 4.767943041145042524e-04
1.120397124825016494e-01 -8.791550684427140716e-02 -3.131603585848690904e-03 -1.582007791478217676e-03 -7.716197790042212366e-04 -1.889162529462536967e-03
-2.308647780042411279e-01 2.072096556920875049e-02 9.852118488714019327e-04 1.184863566796415143e-04 -6.080200141316602342e-05 3.781770479434800182e-04
-9.700876723495807652e-02 6.815150756100267493e-02 -1.168416080842893607e-03 3.284967564631881580e-04 4.377470030037338127e-04 -3.968459959932875728e-04
1.404973175640215621e-01 4.157234140353228274e-02 -2.200892173742582687e-04 -6.248688435417928348e-04 4.694376247896439158e-04 6.112765536046873812e-04
-2.522121957089271671e-01 -2.028164033491507839e-02 -2.256769940783709232e-03 2.991184251601188265e-03 2.446495970970310584e-03 1.476603244784151009e-03
2.660939792694041461e-01 2.215188638872427410e-02 1.619049171482152502e-05 -2.377318170774823383e-04 1.385390222920752402e-03 -7.752935554639153206e-05
2.221893279470352478e-01 -1.520450422666357743e-02 -1.723264004739318177e-05 1.370384076601080612e-03 1.917510895641285620e-04 4.677722941903316345e-04
-1.267248682902100687e-01 3.929837555878598621e-03 2.842916759091093388e-03 1.961874382754534834e-03 -1.056213003371696659e-03 3.239487134827005017e-04
1.733328605482826468e-01 -2.741866209871585483e-02 7.412754653734012801e-04 -2.125647390481069394e-03 1.986275351369830603e-04 6.602660127756447561e-04
-1.993043264853372465e-01 -2.831234202005567316e-02 -2.522736226496045692e-03 -1.852615653866783799e-03 2.472225677123115269e-04 -2.845983411792859423e-04
1.421759155597190627e-01 -8.664725931465130579e-03 -2.859847342783440952e-03 1.658708311304357783e-03 2.528693751112573982e-04 2.741370683040591670e-04
1.751396470824025942e-01 5.106347416733512945e-02 -3.758786025004883110e-04 -1.052842644207098704e-03 8.489879952614492586e-04 3.648376941394085131e-04
1.611611217105655969e-01 -8.086228441204787541e-04 -1.221161399090587305e-03 1.654285765735459979e-03 1.193622597535567553e-03 -8.002913886064435319e-04
1.048796406078194576e-01 -7.410207190485598727e-02 -3.738283514456968034e-04 -2.731861494302303874e-03 -1.397430536694531985e-03 -8.687575451985089011e-04
3.235823524683182906e-01 -5.379284214342143489e-02 9.848752390965291072e-04 6.500622718155841173e-04 9.984348498864551325e-04 1.805956956030610472e-04
-2.872725898244714582e-01 -4.317600508197368819e-02 8.612954264034293483e-03 6.937020935124892356e-04 4.279013422224105419e-03 4.877946526612191220e-04
3.778866014919637917e-02 4.022293052473169955e-02 3.124753890051872995e-03 -8.696577773545941317e-04 -1.526000548229925228e-04 2.786518320597423807e-04
-8.411042354467697379e-02 -1.586423171274616364e-02 -3.680033901677293683e-03 -5.324349728081519909e-04 -2.819944757671870132e-03 2.220889509215953454e-03
-6.314160265038442667e-03 -1.973069234047361564e-02 -8.961361369631432603e-04 3.650533910546152876e-03 -9.774921175937449614e-05 -9.618027516494369105e-04
1.483090178079563698e-02 -4.638621892885567283e-02 -3.728615885829694547e-03 -2.356988006213562182e-03 -8.868807831023084150e-04 -8.332929661272736859e-04
5.411303586621897532e-02 1.936541866321779201e-02 -1.868547259038347112e-03 5.184285505669624945e-04 -1.362732405051393213e-03 5.100777684007633218e-04
-2.694616783835352969e-01 -1.393542856685967696e-02 -6.019213523844736506e-03 -1.919787090474836229e-03 2.828806943677807020e-03 9.286774896337686284e-05
-2.052076730718428721e-01 1.095520025828115689e-02 -6.398746737479528478e-04 1.109562311351479022e-03 1.137223113822118103e-03 6.742261264209634250e-04
1.321561234394462436e-01 -3.898081286445319316e-02 6.533479609714858485e-04 -9.200318839285110892e-04 -4.532191908290339293e-04 -3.205557134681563908e-04
-5.881878261776341682e-02 2.645648802573412686e-02 -4.306368545202401109e-03 5.295764650912927621e-04 7.795354196437965285e-04 1.730026421625359368e-04
3.311285656868064725e-02 4.108447502170324561e-02 2.916312525211929400e-03 7.187385331120647901e-05 1.071839297128921072e-03 -1.095767681964402362e-03
5.850660835823717071e-02 -5.799034836835137430e-02 -2.174635944191193829e-03 5.386113796514205819e-04 -1.366391448465885091e-03 9.232569409416052425e-04
3.242026848093234048e-01 -3.159189002344706815e-02 -1.822272918965523901e-03 1.084389863489181038e-03 7.032331405905154062e-04 8.461858753305565766e-04
-6.389963744640607402e-02 8.480593393968990923e-02 -2.105761471243420852e-03 -5.096446109438838769e-04 2.045482712902757874e-04 -6.944298651122647180e-05
1.105808261184306751e-01 5.784149939505562471e-02 3.647674480370980028e-03 -4.191254881697518649e-04 2.136980405268737806e-04 -8.318378864987383339e-04
5.141928218732313982e-02 -7.158186099858767498e-03 1.901228948584956331e-04 -3.045961766593232277e-03 -1.474001935044124550e-03 -1.698031263885806726e-04
-1.639210361270790339e-01 -5.134112466179247686e-02 2.041859550623169057e-03 -1.865541591620163741e-03 2.253949649646835775e-03 -6.688793819854051571e-04
-7.661417614702499546e-02 -5.161503466706355431e-03 3.160449047112485425e-04 -2.474472103906080918e-03 -1.612488347591870029e-03 -6.749981946137958945e-04
-1.782549625225662848e-01 1.749411864725636603e-02 -3.382764281562433001e-03 1.967941394707506658e-03 -6.407988692497191196e-04 2.637958588027647985e-03
8.114936785818178955e-02 -3.346670184806165710e-02 3.365567464842665526e-03 3.531993904045936834e-03 -3.975881267412334909e-04 -8.042718549602608565e-04
-2.887568637657218079e-02 -7.060758316020368519e-02 -2.009893098985767075e-03 -2.069728271760960369e-03 -7.765837471253308555e-04 -1.520944536772796335e-03
2.173035204200803872e-01 -4.982694453725010353e-02 -6.767731211758490654e-04 1.344302442763957786e-03 3.625400172557477832e-04 -3.192763273294266495e-04
-2.276577056850448699e-01 -5.890543967410055703e-02 -5.226903226908245423e-03 -1.362458540632893690e-03 2.668061893026736110e-03 -6.725754909387758693e-04
4.461262827810045378e-02 2.360832423687412099e-02 3.571702558066108465e-03 -3.214401385772979076e-03 -1.270118684302078095e-03 -9.248733025524339725e-05
-1.787377870919726608e-01 9.318381227653096607e-03 -1.597108001564845120e-03 3.077299846867615450e-03 4.312755447912931563e-06 4.930071900142475594e-04
2.402206618413846306e-02 -1.277911756602832100e-03 -8.733207053722482618e-04 2.697059611078326744e-03 8.914630511559011291e-04 -1.187514684210428523e-03
7.932799298959174183e-02 1.049766236531062685e-02 -6.756788674686903359e-05 7.118420982196679327e-04 1.556165829803399150e-04 1.067740157435910194e-04
2.055497976367012813e-01 5.348955432044835007e-02 1.483151055731845832e-03 -1.472091142860271380e-03 1.989415750373215407e-03 -4.889286954838046803e-04
1.481702238241467962e-01 -1.902901327941063439e-02 3.166781351895013585e-03 1.577279855856484432e-03 -2.091058682574320208e-05 1.721486832721326726e-04
1.436702814518348581e-01 5.578641324560996984e-02 2.000152527247637743e-03 -1.618962989085976148e-03 4.908657241148373703e-04 5.363514683966802898e-04
-2.990177583765877278e-01 -6.191720468198296662e-02 -3.286122199838590382e-03 -1.448653327630485725e-03 6.393693799003301662e-03 2.345131446473603613e-03
4.027348218044179973e-01 -5.131365168572737251e-02 -2.423520958157070800e-04 7.251386731951863993e-04 7.521512873893313562e-04 6.620367016278180892e-04
4.859609181730007443e-01 4.990632915441522120e-03 9.660834872219635798e-04 -1.503293168397400355e-03 1.565477520185768606e-03 1.430881809582202008e-03
6.118958085336898001e-02 -6.944232404563719166e-03 -5.330658973685437237e-04 3.158352208403546711e-03 4.927977108108884527e-04 -1.556344558498883946e-03
3.763318542321752447e-01 -4.459340358855247433e-02 -1.336561650746265900e-03 1.852326830583124473e-03 1.071872143591505629e-03 8.152264375036257253e-04
8.822665142658791398e-03 6.248340657572111490e-02 1.073291745582400812e-03 -2.349223683571028884e-03 -5.157958234730573117e-04 1.545088066967588501e-04
-1.668605337117765874e-01 -6.320721279772588408e-02 1.298810407128933716e-03 -1.810912805205061506e-03 3.011187240288070929e-03 -1.162657866366562792e-03
2.464787976192290841e-01 -4.662727338483477896e-02 1.756032831970635161e-04 2.487795701319112703e-03 5.503079764899143069e-04 1.104601313279146850e-04
-6.059913630954179287e-02 -5.839438101519237034e-02 3.654825145909865571e-04 2.822129928744374419e-03 8.216168748975780184e-06 2.871381168481941396e-04
-1.641326231058210655e-02 -1.883491115085471693e-02 -1.522180182339982020e-03 -2.537846300893636139e-04 -1.937574957356266378e-03 1.069392012144699264e-03
1.678427238481167982e-01 1.818531216565678552e-02 -1.772757892612730497e-03 8.121474671908494175e-04 1.136432653500698805e-03 -3.768469398261223790e-04
-1.091189969855990566e-01 -4.580316631539695788e-02 4.891435746076555104e-03 2.962664135781591860e-04 -7.159756444908243036e-04 1.574568547369332517e-03
-1.393245522194348773e-01 -5.642656551661299341e-02 -8.069072402526708196e-03 -8.154917784609403515e-04 6.715481701954926564e-05 -8.034719551488119773e-04
-1.800266994475299004e-02 2.027209820179515926e-02 -4.449822122489718867e-04 1.374353990598828042e-03 8.541742753905114723e-04 -9.036792899159606018e-04
-6.565955130726652822e-02 -1.461988926227405540e-02 -1.064515765210722296e-03 -1.701937387018330732e-03 -2.355380456239415405e-03 -1.978644074704598407e-04
-4.446743929654889405e-02 5.208524633060626456e-03 1.786928963893819923e-03 4.049931301247339244e-03 -7.850900782119093948e-04 -1.748695595663623875e-03
-6.806645416447146789e-03 6.508154693427961601e-02 -2.083713815751169797e-03 -4.257301459103061676e-04 1.463229755449379187e-03 -6.397686345430869974e-04
3.106593503044786236e-02 5.428235175230569642e-02 6.899973799246864655e-04 4.254656018812843208e-04 5.503640195745298407e-04 -1.123000918865463835e-03
-5.114880860131585522e-02 5.756417728258977212e-02 1.492580165467131828e-03 1.516974777455804089e-03 -1.193571565704162592e-03 -8.857902470607693186e-04
8.917502717603785489e-02 -1.486480011947946024e-02 2.037799062792561809e-03 2.100541116634566303e-04 -4.229564053153191160e-04 6.228793608141692433e-04
-2.647358997962713789e-01 -1.688313974735626902e-02 -2.535601286142823152e-03 -2.222948760815810290e-03 2.248758028286745782e-03 1.485904939169513774e-03
1.889433396200077553e-01 1.090370558229639998e-02 -4.930854566797935766e-04 -7.678065210157170072e-04 5.157710767440055110e-04 2.046319352308465010e-04
-2.355283497224728573e-01 -5.720021843333298467e-02 7.423998492174433382e-03 1.010025687060914787e-03 2.741564703026752418e-03 -9.718216699431139017e-06
-1.828519002000903171e-01 2.692800420692624541e-02 -2.249117545014472919e-03 -1.000485312958343228e-03 -8.746699955633816361e-04 9.114439455812666695e-04
1.491419474293256553e-01 -2.735419142795315547e-02 2.873091906641576845e-03 -1.285690588563655852e-03 -1.807863896094543180e-05 5.131952632801155181e-04
1.599837173867534323e-01 -3.875741749316252011e-02 -7.056733505590587555e-04 2.472299260584697226e-04 -1.564585258061802460e-03 6.956920710511853680e-04
-4.323810946153695128e-02 6.762503779332114384e-02 5.370570772830318262e-04 -5.378138537114756940e-04 8.361000848053784257e-04 -5.183909363670040913e-04
-3.984940187019524183e-02 -6.981937481007820245e-02 -1.829249553694422365e-03 -5.048553364827929263e-04 -4.252953977180440586e-04 1.090783782000984050e-03
2.269647160564607080e-01 -5.536919543057057524e-02 -1.008565567808918052e-03 2.045375974384051681e-04 -1.169020578505566800e-03 6.598095732089560199e-04
-1.056121252392523691e-01 -4.122973800783888421e-02 -5.680135971547447746e-03 -2.482427592773973728e-03 -2.237091820333999594e-03 -1.821197084232140020e-03
-1.582479584783284821e-02 2.417471103974770663e-02 -3.859054725519179673e-03 2.039403771024606536e-03 -3.861687625295146892e-05 -3.163546280299874176e-04
3.795541072354377543e-02 -4.815127692260078029e-02 -2.729732133737793314e-03 7.511333439663903837e-04 -1.682636455022381910e-03 -3.951749373930486895e-04
-7.187545322103136569e-02 1.384056359118520166e-02 7.560197597014817628e-04 -2.550327453068442374e-03 -1.351953921371920955e-03 -5.045928816481335104e-04
1.133232984700396490e-01 -3.781071232992183617e-02 -1.737382227148774171e-03 9.012452309879547376e-04 -1.275201505177007543e-03 1.556270860772980677e-03
4.298155345874244554e-02 -4.055704848105089882e-02 1.113640327913491225e-03 2.266194309432525197e-03 -1.383825307296579878e-03 9.492241315920517397e-04
-2.176044054961343566e-01 -1.039839002890953663e-02 1.108069805114323238e-04 5.139479937511460574e-03 5.955435625426514857e-04 -3.488590501672645229e-04
-2.016719909873253835e-01 -6.315456877231656607e-02 1.097210310556844155e-02 9.900327748060160690e-04 2.293210028373808031e-03 -7.220955755080029790e-04
-3.047433858918290883e-01 -2.429466317606898684e-02 -5.650746616358629827e-03 -2.657399364764094322e-03 5.163603322669084277e-03 9.477763942893465072e-05
-1.193947233859592449e-01 9.792072421048791941e-02 -2.723276281030859777e-03 -7.978323874275589480e-04 4.583793662812422854e-04 -6.278486757651556625e-05
1.676725184203320396e-01 4.019095946275771589e-03 3.420470011566797541e-03 7.151355131159163906e-05 2.982326258237415163e-04 4.818753172898895018e-04
-1.193222863727978339e-01 9.253483552772549803e-02 2.372735255446074398e-03 -2.229258757968255889e-04 -6.008782747726177471e-04 -7.401781258905794011e-04
1.667080708562918012e-01 6.078797192987710207e-02 -7.194141898858361474e-04 -2.084047530588837519e-03 3.839721608535011485e-04 9.925223694282488650e-04
3.058074115417957484e-01 -1.255753726340194144e-02 -2.584016246593819543e-04 -5.699596710374697133e-04 1.692885670769009006e-03 4.040786653266606162e-04
-7.760686775650284253e-02 -5.739737841111047789e-02 3.022216313360044822e-03 -1.066948194306978131e-03 -2.471963765869829559e-03 -9.540903653143516802e-04
1.403875333041437572e-02 2.451899968684877890e-02 -2.362603513622692133e-03 1.771704888354314620e-03 8.801568835262214710e-04 -9.658095742367352925e-04
-6.195476697159904567e-02 -2.318595132868873573e-02 2.986255205179186301e-03 3.145861393053623733e-03 -1.402571648764688265e-03 3.406358206034263499e-04
-1.372680048729394142e-01 -1.198804157788846587e-03 1.261315096616758913e-03 2.503486812753336500e-03 -1.026314671410871087e-03 5.476207941407407621e-04
-1.713167232285917052e-01 -8.728155759185549090e-02 3.020560999670256555e-03 -2.110557817697368901e-03 2.856984090090121473e-03 -1.940950293083417821e-04
1.055609256746560670e-01 2.395735717934800724e-02 -1.643348766681635700e-03 6.968095835521154321e-04 1.631288353314595298e-03 -7.522646386472500940e-04
-1.415197217336111313e-01 1.162224395702706956e-02 2.457350683842288858e-03 1.037043642200998839e-03 -1.180054612706759719e-03 1.300903467631762261e-03
1.020168275163411409e-01 3.574871092203875389e-02 -5.289864975596106529e-04 -5.755287796947994566e-04 2.119985102978544540e-03 -6.437738518780620599e-04
-2.666462715322081567e-01 -4.782152006009280330e-03 9.494993154217984052e-04 1.268546614019770528e-03 3.185864492377034601e-03 1.243533727514330471e-03
-2.613213872621987788e-01 -7.600100205111096074e-02 3.515045551028499367e-03 -2.042049962248070928e-03 4.250636549870339710e-03 1.711191236093423168e-03
4.941348950457863376e-02 2.817567119407924162e-02 3.108941771910895061e-03 8.682141389960686345e-04 -1.455441068691788395e-03 2.621335477492838157e-04
-1.467370766459320519e-01 -2.485259896451454120e-02 6.255576839349638076e-03 2.125699964865469414e-04 4.205417011880852127e-04 -8.405983843805187516e-04
7.723427316911353480e-02 9.339467012680062463e-02 -3.121926278368963859e-04 -2.939524134684953945e-03 1.018037415385338604e-03 7.381186919683995276e-04
6.057056154250172603e-02 4.352371602705503578e-02 1.620986223861901063e-03 3.118499507107537223e-04 -7.278042380519286194e-04 1.366559405596811229e-04
1.468153047825843660e-01 1.963265072988595178e-02 2.730060705910627994e-03 -7.687726363615177659e-04 -6.304484654337436621e-04 6.988361668532146100e-04
1.498337239503889640e-01 -1.156468072368434718e-03 -3.390080477219491097e-03 1.905223097182446278e-03 1.154955661328578315e-03 -6.097726580470097480e-04
-4.581894883401362029e-02 -3.051520789011454970e-03 2.539014060777719690e-03 5.180923946139024804e-04 -4.877707607390931394e-04 3.944025970747963117e-04
2.026738049743208592e-01 4.349397408456188302e-02 1.794623296699563971e-03 -9.134361859774027493e-04 1.863629535420065165e-03 -6.541138728077244271e-04
1.098307345813536867e-01 -2.786538699882427569e-02 5.711747254409604803e-04 2.061651473670027528e-03 -1.104655223460077442e-03 3.093600307322660762e-04
-1.342156802788723180e-01 -4.313117389169741217e-02 -8.274568935334411859e-03 -1.356666682536380357e-03 -8.583396345617824155e-04 -1.022199159522585790e-03
3.273465432862124880e-01 -9.252261952787168078e-03 4.473742333810085321e-04 1.088093706190882510e-03 1.583576907076572008e-03 -4.502333313407191548e-04
-1.752259306233796554e-01 -3.592850813857944442e-02 -6.327909635823811621e-03 -6.666113064150985942e-04 1.962804480539561552e-03 -8.239239415270614535e-04
7.532233637366578249e-02 -7.635057257235108863e-02 -3.943210240021059396e-03 -1.181253133025736857e-03 -1.849204301242781279e-03 -4.791075801882473183e-04
-1.139432639088659438e-01 -5.194052877327256373e-02 5.756283116589605217e-03 4.719991308976640375e-04 -3.665006965016400723e-04 1.552931995211779756e-03
-8.957231296532794373e-02 9.293618795922140279e-04 5.322950833990012587e-04 2.745612983108381300e-03 -1.598689287672260938e-03 9.937646932604426043e-04
9.952365486112971227e-02 -7.138109199542802541e-02 -1.513108822608675175e-03 5.856295301001089365e-04 3.883520561558160655e-04 -1.029429260931267803e-03
-1.227304904519348205e-01 4.627194045996277372e-02 -4.601100593544012012e-03 3.163278329773114577e-04 2.290232740390503690e-04 5.793383901190363476e-04
1.674483729074239050e-02 -3.016365921224430785e-02 -1.638700017168490900e-03 1.202929262837192917e-03 -6.024858964071373637e-04 -2.270609893657986355e-04
4.255927828093676313e-01 -5.500275274348792598e-02 6.317500757742264804e-05 7.254076682632207632e-04 1.347839469400799245e-03 7.351632768679103747e-04
2.802979325161082235e-03 -2.937370088020817283e-02 -6.325530006766841859e-04 -4.399301698256074047e-03 -7.548723118249844183e-04 -1.244970557708474646e-03
8.915132653928389828e-02 -3.516716639518446819e-02 -2.184143650343727591e-03 5.678812539471820827e-04 1.005751092333534739e-03 -7.241426067833889356e-04
1.764745052730259597e-02 -1.984366465150395886e-02 -4.963414004216789655e-04 3.958480262625307250e-03 4.694783817813983316e-04 -1.459442922807392814e-03
-1.581555217275421032e-01 -1.588070325478151482e-02 3.129235882364961871e-04 -1.768640120918237154e-03 -1.860085995607467166e-03 4.762584962923103820e-04
-1.825744690517911231e-02 -3.873645017350155206e-02 5.337987339661914681e-04 2.144562347971177077e-03 -5.721125525664388402e-04 2.889132646249130366e-04
3.187828925595917462e-02 -5.145630834704828516e-02 -6.891557291574571757e-04 -9.978511059939561365e-04 -1.669583803244780893e-03 -1.626305351332768415e-03
1.118903560448844814e-01 3.225188237363999649e-02 -2.558845789707989669e-03 4.783601013129181725e-04 1.452943960817833008e-03 -5.201139591069489166e-04
-1.178171989874356729e-01 -3.607518777057328041e-02 -5.542484245258256711e-03 -1.369554184114642626e-03 -2.220816732349863935e-03 3.636683528837759537e-04
-7.920745272375978585e-02 -2.124789886284147999e-02 9.401942597941945895e-03 -3.087679578852543013e-03 -3.343157677703241862e-03 -9.117586017569878068e-04
-2.041343563766347680e-01 -1.567622608295955039e-02 -1.265299305992604630e-03 -3.225316978866130287e-03 -1.934320154771707338e-04 -1.369757340733317738e-03
1.423624402720708448e-01 2.543512264662603842e-02 1.135596206055765551e-03 -2.041711645173017748e-03 -5.103982426190180983e-04 9.192337105701628083e-04
-8.903205779810015319e-02 6.499782024202913934e-03 1.753442469235978653e-03 2.168486755900518245e-03 -2.023984272233350819e-03 9.589163140803050366e-04
-6.393986624950345754e-02 -6.438869404797213647e-02 -5.244251784124173699e-03 -8.556485758098119178e-04 -1.202960358343878322e-03 -1.239536255525787662e-03
1.969065905843395969e-01 -1.690746777817682400e-02 3.550342062961609618e-03 -1.842936862585655127e-03 7.984994765374970303e-05 6.750352517696847892e-04
-2.198775255191070810e-01 6.340843583785985005e-02 3.053546518006803549e-04 2.030158286284180179e-03 1.372449204389592794e-04 -1.097966078976744548e-03
-5.015282882680399679e-02 -1.181527728928231241e-02 -5.608848774026377326e-03 2.857600657703333706e-03 9.471403857940068906e-05 4.485659950394157709e-04
-1.948473833683139755e-01 1.291525331606139648e-04 2.948152752934516709e-03 -1.243950281013776662e-03 -1.305382398690173654e-04 1.272361689279678104e-03
-1.169283911440874152e-01 -8.349968708620000846e-02 -1.474645945843954713e-03 -1.044529947875300806e-03 6.917147238870802271e-04 -2.463232478060505340e-03
1.690880957526955664e-01 5.513517733141502092e-02 5.891178965750987814e-04 -1.641849990334777638e-03 9.042790002904521444e-04 7.356417535274037628e-04
9.290693738663173551e-02 3.461779170971047287e-02 -1.412190513104050801e-03 5.165526194282030496e-04 9.171854050606002362e-04 -4.439583239686572332e-04
-1.439684815027412745e-01 4.349674084470095403e-02 -2.286991286592490128e-03 2.164091467610481084e-03 2.860931984840229050e-04 -5.298713961159809546e-04
-9.218356957608279381e-04 4.027658065956409017e-02 8.366861314661060188e-04 1.771586423523769348e-03 -2.922206060230799624e-04 -1.270263663156793359e-03
-6.253514553673407417e-02 2.086746838985517345e-03 -1.112987869056366545e-03 -6.948772426361886963e-04 -3.069519092357796478e-03 1.845929769187942024e-04
7.689050027551627697e-02 -2.924705501121450599e-02 -2.475060334450673166e-03 -2.077452270033734987e-03 -2.091313504349970667e-03 -6.668230654643715356e-04
1.134899007470108606e-01 -2.875961215357165576e-02 1.265456461276211544e-03 1.273463063535297101e-03 -8.629613645201818142e-04 1.399348118137301502e-04
-5.194187820738483535e-02 -1.370696935951718452e-02 1.289386635793322725e-03 -3.962055052753581260e-04 -2.008993070141972242e-03 1.572122223685055520e-03
-6.212821072941220740e-02 -4.637587981259729680e-02 1.371478115749941726e-03 1.428755482888096565e-03 1.023631354053557195e-03 -9.933919121460968709e-04
-4.781760600632432162e-02 -2.657548512997395113e-02 1.676788181989648198e-03 4.718069178235210527e-03 -5.247319082093497003e-04 -1.309389553926039581e-03
7.627164987206211388e-02 3.345125999492232910e-02 -5.366496058663001003e-04 -3.037310097993150691e-04 -6.327473668637543461e-04 7.602930719526514039e-04
9.865186665765125762e-02 6.307589862694715742e-03 -2.716357215469240079e-03 1.613907127394427943e-04 2.671301669636834105e-04 6.245390473896984124e-04
-9.546165628981875817e-02 7.289611006107368785e-02 -3.386913092693177862e-03 4.336800968231377049e-04 3.330665285635889738e-04 -3.568069179431265520e-04
3.362337213159848764e-02 -2.321574753926738607e-02 -1.303713172136995377e-03 -3.529995254490973615e-03 -1.160777982310703038e-03 -1.211813370713475495e-03
-1.196100865370746669e-01 6.675858663254018166e-02 -1.229633444631502565e-03 5.865733028159819890e-04 -6.539202308635253186e-05 -1.865179443687562939e-04
4.154619269356883693e-02 -3.165055259698802692e-02 -1.814540536534076836e-03 -6.422817196018723107e-04 -2.853612751390637373e-03 1.797317315969616184e-04
-1.449279276153882801e-01 5.793526203786898698e-02 2.133047598272350392e-03 5.172509185927065892e-04 -7.780423405092409773e-04 3.339725347818321873e-04
6.520425788609819640e-02 -2.370580306003696250e-02 -2.910939826418810529e-03 3.375777149612729268e-03 4.111766802551344705e-04 -7.479974342698815851e-04
2.607664245674429226e-01 -3.165640858810585961e-02 -1.279826754528094052e-03 -1.290958480704119992e-03 8.147067773764464201e-04 4.850512702492713272e-04
-1.032346135899347844e-01 -4.100849396641496891e-02 3.376264024060185182e-03 -1.605301907722956646e-03 -1.895610809931572811e-03 -6.543142938156594349e-04
-2.679784824165294763e-03 -1.432216399926959649e-02 -3.322790289692540734e-03 -1.141623803806806302e-03 -3.284715233992090578e-03 -4.165797392623032394e-05
-1.282242610116188786e-01 -4.462576026784156186e-02 4.987920642073487114e-03 -2.169481536676300636e-03 6.626965102439645919e-05 -1.213378145759415371e-03
4.662681095643055745e-02 3.386904101894187835e-02 -2.800872574675056931e-03 6.624085800108578826e-04 1.171068064631607076e-03 -3.996840193891118749e-04
1.399117690175014431e-02 -5.674124904113794776e-02 -2.713546100793495786e-03 -2.245255136542631189e-03 1.696007023740516903e-04 -2.040092220831756821e-03
-2.173126287373490506e-02 -2.045385784292825821e-03 -2.688126558131955900e-03 2.983429455332189170e-03 -8.451269642640647263e-04 2.808596639737240947e-04
5.914081562496895095e-02 1.750542757151646311e-02 -2.850937076649562568e-03 1.822525457758897380e-03 8.703442708994667048e-04 -8.385522694592819314e-04
-9.776136989338134187e-02 -1.524695264917776127e-02 -4.412248798520997280e-03 -2.225633294192301027e-03 -2.639151076797887664e-03 -6.843502410143682043e-04
-1.354914085353103315e-01 4.165062936212170046e-03 -5.932666242648022403e-04 -1.487598065264992761e-03 -3.863766405826573008e-04 1.094320049709913674e-03
-1.693646047134393096e-01 3.614898762951326144e-02 1.466230023619795580e-03 3.226460179314672382e-04 -8.979301078492574282e-04 6.734004090873329075e-04
-1.629188621471099052e-01 7.651391894119725923e-02 -2.701372308051363125e-03 6.072798461118390778e-04 2.121993430213353138e-04 -1.414253591430238957e-04
-6.172747481328306335e-03 -1.926855557575997760e-02 1.713536991690495876e-03 3.136153511371765276e-03 5.654850214339992806e-05 -6.782510651062547465e-04
-5.450100584495478490e-02 6.326434515315380869e-02 -1.429463675649566201e-03 9.982069178600745836e-04 -5.652737738128695011e-04 -4.552341637445845137e-04
-8.754564626626025470e-02 -2.159368408036116405e-02 -4.106276579304753323e-03 1.076721086214285595e-03 -1.234348480645753579e-03 3.922035088120882050e-04
-1.135466938154236077e-01 1.623563392083984466e-02 1.813639696663053771e-03 1.329718932264315140e-03 -1.143750531313541142e-03 3.896301858676400943e-04
7.642445039104605285e-03 -2.608163645638067810e-02 1.096756912482307758e-03 -2.541582970340144736e-03 -5.929054366297765132e-04 -1.983057062169648848e-06
1.076126825200256903e-01 6.366191237335574148e-03 1.695209292445123007e-04 2.567110785785775909e-03 -3.916340213098683237e-05 -1.237929557096424356e-03
-2.480196827362663448e-01 1.262895346648935935e-02 1.015795645580049814e-03 -3.819192438806811533e-04 -2.799789671807048370e-04 3.011791485266563251e-03
2.452313326939891680e-01 -2.028023334994725341e-02 1.810870048697880378e-03 -2.247214951838532020e-03 1.229051049285899682e-03 5.932530605614038397e-04
2.236997113329651787e-01 2.588523766858443625e-02 -5.659226080246166106e-04 -5.915907823364319846e-04 2.312720201614656707e-03 -2.447664906118199356e-04
-2.241764394757568002e-01 -5.631212409996279311e-02 -4.285669481897422771e-03 -4.679636357209345583e-04 3.178064044646715120e-03 1.641671734227670779e-03
-2.402598080560416072e-01 3.285203541401064686e-02 -1.350870075283054639e-03 2.421063649859496014e-04 3.708542953700285087e-04 1.980678777575389207e-04
5.344263526653647567e-02 -4.356036058541696426e-02 3.108672326290134926e-03 -1.411892804284679696e-04 -1.259278423600516819e-03 1.601965613815907723e-03
-1.977008991759365564e-01 -6.662257377324225238e-02 -5.213669204190962518e-03 -8.826807990045318613e-04 3.498020430220059786e-03 -8.143617471457158382e-05
9.764604424436612237e-03 9.491866912227130484e-03 -2.971333071383256991e-03 1.258364146756594387e-03 -9.775856124722226773e-04 8.841101624763791564e-04
1.952969327294097612e-01 2.936265313515493136e-02 7.040032921690095010e-04 4.396563039239722724e-04 5.176306463194399595e-04 -4.213904093841517977e-04
-1.650680431524032821e-01 -5.568121146085486250e-02 -3.192180043128913392e-03 -2.547404189133706167e-03 2.180158598712222723e-04 -9.225162078462367105e-04
-2.524478937409481774e-02 3.408261830141992577e-02 4.127423427493019355e-04 -2.149677111086858907e-03 -1.276963410801248587e-03 6.555539140343985332e-04
8.005640709816838618e-02 -1.844471224880079446e-02 5.480205633867992095e-04 1.535447797014334636e-03 -2.145773654190961076e-03 8.126199876416848999e-04
1.280871061882474064e-02 9.614542790854137266e-02 4.949714335353171037e-04 -3.032063130922537340e-03 6.350897752055392233e-04 7.556986007274876793e-04
8.042017188997220567e-02 1.584734572105778953e-03 4.451691542151300224e-03 2.616112105049242607e-03 4.928740011837161273e-05 -1.932696159026860280e-03
2.225257433118856820e-01 -3.176248531949813630e-02 -3.135817508546541628e-03 2.199219011569796423e-04 -7.291181025758133568e-04 1.022186870683134980e-03
8.853811734577143877e-02 9.814099467602306615e-02 -5.733298788321660833e-05 -3.255216662486308879e-03 1.080840966029549769e-03 7.429776843018337561e-04
-2.898369584851296366e-01 -7.337555950193938581e-02 5.168949627136276009e-03 -2.912222650470194969e-03 5.651788633251738844e-03 1.253137522353831284e-03
2.364151830405735941e-02 -9.701048252940816172e-03 3.008016714092302726e-03 5.991961641128771242e-04 -1.247500638519472883e-03 -1.786388146237887333e-04
5.407968985208185669e-02 2.948176902996824719e-03 3.709094554599699518e-03 -2.706646782306649851e-04 -3.015950921176305147e-04 -2.669973586848947114e-04
-1.613708549679100379e-01 -5.997832240781370006e-02 -5.088951618050170482e-03 -2.136564799034344850e-03 -7.008595925220683764e-04 -1.868665732574332724e-04
1.141893053983703520e-02 9.230320007255357964e-03 -9.898142728770205605e-04 1.145879508699234955e-04 8.281574367874966263e-04 4.918924210882552064e-05
-1.916274196967202303e-01 1.417770038738991670e-02 1.120128546120240792e-03 -2.944132889116727204e-03 -2.110940472790835947e-03 -3.121225725237808434e-04
-2.100747643265723497e-01 8.785287728143283126e-02 -3.634797758369939270e-03 5.479142871621591089e-04 4.539064607739535118e-04 -1.790260191859659297e-04
2.509175103515413618e-01 -4.735050818606324069e-02 2.436628837045930109e-03 8.351494559120292488e-04 3.184334911400541146e-05 1.077988197944254730e-04
2.497633550775860828e-02 2.002434720366896501e-02 4.867612195272231004e-03 2.196182593343859804e-03 5.446515708146716260e-04 -2.434340868418539017e-03
-1.707771150409368444e-01 -1.163479682553149493e-02 -3.190029576048641121e-03 -1.624688085737703829e-03 1.425453574674582363e-03 -6.256141248605858775e-04
-6.110046023409815980e-02 -1.088997723080764070e-02 1.638816757829388840e-03 -5.367931578611916024e-04 3.705670747812171663e-04 -8.559026534029773054e-04
1.224017332184009071e-01 -6.042952734304431195e-02 1.081891837757660091e-03 2.356215591136284933e-03 -7.245124253645301299e-04 6.014128518655767301e-04
-1.106883766769023864e-01 -6.530564862591504982e-02 -3.779571444255966990e-04 -3.232117737104123678e-04 6.773643097924269424e-05 -1.186381090718711213e-03
-1.675820881349954494e-01 -6.705986512305348902e-03 4.798502098864218524e-03 5.350831523266939014e-04 -3.852561356539789344e-04 4.583120416402457209e-04
-1.528001904389739152e-01 6.893855856268842064e-02 3.940591113311742492e-04 -4.332294642252427011e-04 -8.198910200694211692e-04 1.612422331220493598e-03
-1.070172870020254241e-01 2.576530131020355815e-02 1.066587829741048789e-03 -1.659558692805677190e-03 -2.412286458197823898e-03 1.683651127224087803e-03
-3.896711794691157249e-02 -4.140933333614545825e-02 -3.148245730696852020e-03 -2.445261297844229537e-03 -2.897814396260756271e-03 -8.020791034452742947e-04
-6.205770671338742273e-02 -2.692275441241191378e-02 2.168816491681990321e-03 3.428572221746774978e-03 -1.867719063546576744e-03 6.494601464341194204e-04
-2.871143105860238590e-02 5.018960510993228374e-02 -2.240728996537589418e-03 8.801716845455221684e-04 6.193666325208721513e-04 -6.686819615434429209e-04
6.012419019996013969e-02 1.571391599126723687e-02 2.767380892469428495e-03 -6.837319316857342353e-04 -6.168580229465779824e-04 2.875597180016555292e-04
-1.012883411565824454e-01 4.234116292907639557e-03 6.244374714403637394e-03 1.732329210848882308e-03 -1.312694894749691105e-03 -7.477743816979843768e-05
3.909047230574259624e-01 1.681879098985133991e-02 2.747622217451639614e-04 -1.565347637474089060e-03 1.372358691219194684e-03 1.316962691738006366e-03
-2.074846273139017150e-01 7.669255288585449803e-02 -2.207982015517148157e-03 9.840329218838903252e-04 3.451618580851370955e-04 -2.858074078577618965e-04
-8.433840053555230476e-02 -4.881314355368121527e-02 -1.859036678773055016e-03 -8.008300519046360677e-04 3.567802042698905085e-04 8.112941138846003737e-04
-1.368600107572389424e-01 1.358267300007729187e-03 -5.606263508854834356e-03 3.081401896564688048e-03 -5.821909024686987375e-04 1.181689224210320322e-03
6.171570209162322018e-02 1.915857250532296979e-04 9.094391109930193050e-04 9.561747965643951300e-04 -8.351113681358154862e-04 3.105578036350855491e-04
-3.824166096777930225e-03 -7.175822301900151683e-03 1.129941645987871026e-03 4.654712332169864833e-04 8.967546180171778389e-04 -9.508404502029322225e-04
1.698827106255114752e-02 -3.838554383475495380e-02 1.536193327319275567e-03 -1.744452339016818159e-03 -3.995140507474045531e-04 -3.892192832410958894e-04
1.555307117245635119e-02 2.622228435087355439e-02 -2.784741494721657603e-03 1.544732585697495761e-03 3.170391509417194893e-04 -4.630363504379841899e-04
1.249092577497305234e-01 -1.260143483354558835e-02 -5.660346316001433698e-04 2.048486552930584373e-04 8.121502033219560410e-04 -4.181127579511274232e-04
2.161421619753800191e-02 8.903859946486500365e-03 -7.908959058179744570e-04 -1.924303149720591648e-03 -9.977095041572901866e-04 3.782811374562395387e-04
-3.222245872843316344e-02 5.676687852413692809e-02 5.162985975985417194e-04 1.677959261668306298e-03 -1.741180990025755545e-03 -5.022716184066163773e-04
-2.173812998723178569e-01 3.270518266063546925e-02 1.707600391689228884e-03 1.605683698036302481e-03 2.358834751033339714e-04 6.800778364198451290e-04
-2.926678534984859196e-03 -3.316763962446322989e-02 1.124959754915700293e-03 2.441966579205176718e-03 -1.426801004637428139e-03 8.324413917973834441e-04
7.809691324481410346e-02 5.817108809165504046e-02 -4.485756175144309677e-04 -1.143219957414056027e-03 1.271353073409854390e-03 -2.564443911557653163e-04
5.042725085420805484e-03 -1.329874852673711486e-02 2.009021418191342390e-03 -2.328948338616137256e-03 -5.943419847514891949e-04 -4.008239746979821777e-04
-3.138544494518408917e-02 -4.877538359782067692e-03 -7.675560989149912911e-04 -2.763137374760187871e-03 -8.732588687792664298e-04 -9.536712160034456097e-04
1.446058343906917072e-02 6.229852245634385360e-02 2.227118595264508845e-03 -2.038462443486944650e-03 -3.629395816166774568e-04 5.024877207599145633e-04
-1.846215614273435945e-01 -5.827140589875708793e-02 8.580653792199710930e-03 -2.653521832670283683e-03 8.750114047251235068e-04 4.265315935741410239e-04
-1.551380792889913707e-01 -4.457220386189267997e-02 -7.073957715229316386e-03 -1.440887125002477840e-03 -1.200924452530177742e-03 -1.351703486809280493e-03
-2.179319913817243104e-02 1.569529150014418312e-02 1.518500133423233717e-04 1.539267259261726921e-04 1.104884375762461959e-04 -2.828242716489162939e-04
1.865483753493888397e-01 -3.329216627228999068e-03 9.088249077200527938e-04 -3.314285333493586952e-04 8.645594217037700898e-04 2.066762405098117035e-04
8.146124043592695152e-02 2.135922811132960619e-02 -4.243638019047917855e-04 6.169655234150222883e-04 1.304580559527377401e-03 -6.244669131028015479e-04
4.454963732441775265e-02 6.504849108673947666e-02 -8.882399706160046477e-04 -7.981459816122711722e-04 6.541198111026273266e-04 -1.049199545876384847e-04
1.472280402024170320e-01 4.166521292206515348e-02 -4.129495899647130075e-04 -6.554445922391310356e-04 1.562090576967897207e-03 -1.535039279061747863e-04
1.432123174801924470e-01 3.458692788574768695e-02 1.270221859902780906e-03 -4.223259529995513771e-04 1.755643762139351015e-04 4.063847770340929706e-04
4.168336824406385956e-03 4.387186331551733154e-02 -3.394651187649865096e-03 -1.557644497133145152e-04 3.107287704138686295e-04 4.673739567777125984e-04
-1.819014450704779240e-01 -2.217743514509721431e-02 -2.114639434633685785e-04 2.052017075313354838e-04 -9.959000334089191612e-04 1.917953673422681787e-03
-1.347074342029603577e-01 3.594671824279573047e-02 2.833792069573845725e-03 3.149733346812982459e-03 -1.462943819312273160e-03 -1.033040664772181139e-03
6.177585237614151986e-02 1.520692795183021216e-02 -3.009039142492069170e-03 1.824371570185891536e-03 1.490359832434169141e-04 -3.719240882488450113e-04
8.934688654759402604e-03 5.053416901018908947e-02 -3.240773686502911553e-04 -1.431656589465506472e-04 4.690918023971319046e-04 -2.722612917977500669e-04
1.176209046034743799e-01 1.805111361094628719e-02 -5.604302356191702243e-04 -2.690893442835802507e-03 4.201906293116342982e-04 3.616850340421457746e-04
-5.811201601031130461e-03 -3.905749857788010787e-02 1.528319951300903057e-03 2.912043129794068732e-03 -3.079053010903846943e-04 6.739825256753148542e-05
-7.824462565913889445e-02 5.449334171189253173e-02 1.137664756355872501e-03 1.793428963163334802e-03 -1.261022785693627878e-03 -7.778762756609246872e-04
4.762060771056326330e-02 6.871710581450732325e-02 1.541178693153063737e-04 -2.098839074186393920e-03 -5.510150566823358766e-04 6.291461411823985866e-04
-5.594990726616998200e-02 -2.808487248317049698e-02 4.931329303859622280e-03 3.109104649073720673e-03 -1.867060657421383855e-03 3.309153112110155883e-05
-1.373714677199786294e-01 -3.641427287163558763e-02 7.203220548675415627e-03 -1.161373302389827203e-03 -2.099279164190416807e-03 1.213068612493781694e-03
-3.082057052389483229e-02 -2.181661781813654718e-03 4.796742663647260950e-03 -2.286117891697495626e-03 -8.237894537632758788e-04 1.004875593653910010e-03
-3.345576063907985259e-02 -4.049283978464126438e-02 -1.952748115876342403e-03 3.822162553242150593e-04 -2.177781962120359238e-03 -3.417736162307885334e-04
1.628712626990451440e-01 -5.152417434970257143e-02 -1.742281347267699660e-03 -2.914243635720952831e-03 -5.921805234006584113e-04 -9.745511744116485764e-04
-1.274239066897861483e-01 9.002962210358281259e-02 -2.648592304143004145e-03 -1.644443749993594454e-04 -4.131334075428067697e-05 9.196085912349230481e-06
-9.286284391339917621e-02 6.926357518554360215e-02 -2.163619784108014067e-03 4.727296579829773143e-05 1.491693279114924848e-03 -1.031246564485154569e-03
1.062774879458370653e-01 3.819474022310014732e-02 -9.728260554458347583e-04 -1.139821963996106744e-03 2.761589373692241597e-04 3.784337650550739936e-04
1.657035731690100766e-01 6.606942446859218054e-02 1.458376781730326898e-03 -2.500368794105096992e-03 8.948963836441699857e-04 8.526573770359459131e-04
-2.036397750273231111e-01 2.906077649103000135e-02 1.651428433895012725e-03 1.360577558690711716e-03 -3.741133715071886471e-04 1.391231491471809798e-03
2.697745688088854996e-02 2.921545005501691508e-02 1.787974044340270071e-03 2.931693741820283233e-04 -6.824768084857325747e-04 3.313381675193519918e-04
1.891764968785678014e-01 1.115644047326144143e-03 1.152984181086452817e-03 5.132991945008016877e-04 1.836379179897521701e-04 4.105336771623037504e-04
-1.263061847210157906e-01 -4.415110367775427168e-03 -2.450571106778557696e-03 8.123272893231511067e-04 -4.715520622014759858e-04 -3.614713093861116148e-05
-9.006690909345896334e-02 -4.303460501359764739e-02 -3.116170056577611657e-03 -1.156574165891232882e-03 -1.922013144824124024e-03 -2.120551804333442928e-04
2.963268185473891259e-01 -6.274861682634962079e-02 -6.494987312443965041e-04 6.850219174883534793e-04 -8.874246615929069163e-04 3.091548074653472863e-05
-4.679915185721360282e-02 4.470566418498936323e-02 -1.259924059536187768e-03 -2.036798337347956248e-03 -1.558363355172749393e-03 8.406593123955316462e-04
-5.043766959160391611e-02 -1.052854897340919872e-03 -2.760421968658345691e-03 -1.728945974163438896e-03 -1.868307521949789636e-03 -7.826543680164868913e-04
2.957858300370867499e-01 -3.494019533927102822e-02 5.116032293269882946e-04 -1.351406577034093125e-03 6.671490032615549990e-04 9.090464096710293559e-04
1.316065954457988352e-01 -7.697929143755982868e-03 -2.578633249371535020e-03 1.204400405450767146e-03 -6.378770726708883143e-04 3.199397970896656891e-04
-1.361895035082341388e-01 -2.787174904888001237e-02 -1.288428538310464446e-03 -2.186760687664147246e-03 -5.318428125275702183e-04 -2.053618699317786081e-03
4.281849258911460399e-02 -4.805084559041172820e-02 1.753640373065320926e-03 4.857646229806763432e-04 -3.033105104011144340e-04 7.129957256162098179e-05
1.599635784696905871e-01 -5.775831693128973682e-02 -2.356990499525105521e-03 -1.688372810550455580e-03 -1.115441768314906924e-03 -1.604376476474522837e-03
