-2.858914096476079525e-01 -2.642486010049865941e-02 1.136391121701544812e-02 5.730810079065870415e-03 4.148887811616614602e-03 1.657188735524854325e-03
-4.112674497424290143e-02 4.857136411098540718e-02 -2.831211410409539830e-03 -8.378063956646394743e-04 -7.355162325805017495e-06 -3.313309107679126534e-04
-5.716983832403046972e-02 -7.088108794399548829e-03 -3.322156167512032177e-03 6.079261660421719348e-04 -2.076521593533394751e-03 5.548549974940385644e-04
-8.737280226725757659e-02 -2.747365048634189608e-02 -5.005664127406158053e-04 -1.272520428263608028e-03 2.431316660599908261e-04 -1.359003920525795901e-03
-3.533446147354288996e-02 -1.511832571270684510e-02 -9.458398165687485672e-04 -8.237158561351376473e-04 -1.798334211131514355e-03 -5.689490169682977965e-05
-2.234581798908915340e-01 -2.170587489569183320e-02 2.177808087307612789e-03 4.175486157937747904e-03 1.062534358577287832e-03 1.349161316362310894e-03
1.709427788701700646e-01 1.220981386848559065e-02 1.947880975569480375e-03 1.378346659833166749e-03 7.542989127272982895e-04 -3.594321639260142663e-05
1.275458985117767022e-02 1.432588254604457573e-02 -2.655670880981859678e-03 -1.879875966918607283e-03 7.774361094524555099e-04 1.108127206264946973e-04
-1.108398638677514196e-02 2.436599101108871679e-02 -5.331035006363653121e-04 1.532886427638757319e-03 -2.715463155874306943e-03 6.158942116603478541e-04
2.381970103343663270e-01 -4.598020121060594767e-02 9.688833742916920684e-04 6.383621060444756752e-05 7.509160006802101384e-04 -4.134809099308533542e-04
2.081819040449731928e-01 2.853588647441002851e-02 1.520009019572035516e-03 3.267375728849212634e-03 8.389758421498208496e-04 3.023501411328658687e-04
1.200153279340701040e-01 2.345821842387656522e-02 6.227139209143346980e-04 1.694544455748076515e-03 2.207544776648432880e-04 -3.499287156557877245e-04
-1.216239321998221629e-01 -3.684530774590064756e-02 1.845063514615276909e-03 -1.649351773389879120e-03 2.264026852226849133e-03 -6.328669256821041521e-04
-1.636501499580793606e-01 -1.987026412363796998e-02 -5.060451285655442758e-04 5.935927093495968476e-04 1.668045244607225912e-03 -1.380714374877359523e-03
6.070206828233166291e-02 6.516900923447953471e-03 1.153232060067043699e-03 -4.582560288999736530e-04 2.669995544936234035e-04 -9.337185248359460184e-04
1.957376614072499077e-01 2.625003441410431182e-02 1.039088050449028930e-03 3.125800952182117634e-03 5.631316770634164264e-04 -4.892674356424222453e-04
3.328359330907607605e-01 -1.219437458527512265e-02 -6.825734419888857159e-04 2.625528185251172712e-03 2.505175073851303221e-03 -7.289587692618445820e-04
-4.304896299651540803e-02 1.169892374237293219e-02 -5.561249292549987180e-05 5.119398140678519662e-04 -2.614515621749935806e-03 -3.557891703504853503e-05
3.727808046299560529e-02 8.515558867199013449e-03 -1.939901490980290881e-03 -1.110636723391264773e-03 1.254255941805015023e-05 -5.694641912062372528e-04
-2.397881518199857301e-02 -2.430868102943876258e-02 -3.472183409721086699e-03 -1.027570658129688336e-03 -1.088582580857717225e-03 2.663640849938953307e-04
6.199755610157011224e-03 1.191763244245964103e-02 2.178079696484745611e-03 -2.712022677762750134e-03 -1.445955269949085142e-05 9.436679841422713313e-07
-2.324070119075629104e-01 -6.910950922528005282e-03 -2.326768606488009011e-03 3.046676421752948435e-03 2.899487161921756456e-03 5.164063220420777537e-04
-2.128307723295388143e-01 1.466010455557911719e-03 7.675486911107721848e-04 1.909255902518640011e-03 1.487701975094852863e-03 -1.177144079884949327e-03
2.487988493182563890e-02 5.908140250066670068e-02 7.386312448234810509e-04 1.835824762755637520e-03 -1.133435218290183583e-03 -5.552953010180764881e-04
-5.035985510526765074e-02 8.184261044512421493e-03 -1.411624284473074215e-03 6.238007187817685723e-04 -2.425993855930084174e-03 4.027387074677224585e-04
-1.275712682344398718e-01 -5.207574108097164783e-02 4.157984120206932935e-03 2.326620914752360395e-03 -1.597392932206958324e-03 1.119281369773845840e-03
-2.247561938845650184e-02 -1.767362356509757666e-03 8.677174643231511629e-04 -9.379560572376020172e-04 -1.472154363335095341e-03 -7.906035957538523574e-04
1.213044275399169786e-01 -3.444570792883734633e-02 -5.403249883399792062e-04 2.373708017729086301e-04 -1.075149638751071420e-03 5.472205317569968971e-04
-1.054790663737840556e-01 -2.111861920788505112e-02 -7.726836732589916629e-04 -1.852208983911334504e-03 1.532338957061775593e-03 -7.165733556734689468e-04
-1.554417726601231564e-01 3.308384482722245140e-02 -2.125788568558200503e-03 -1.861004270949448945e-03 1.756065413253849556e-03 5.512660824895039601e-04
-1.299872575754193460e-01 -8.146224948960868739e-03 -3.499420237025972899e-04 -4.964955062012842407e-04 5.687289500769364013e-04 -2.041467538082079262e-03
-1.655741609382978263e-01 -1.586234702864818685e-02 1.201030594981226029e-03 -3.225009026059524691e-04 1.968786148294923797e-03 -4.316308721569849915e-04
1.568352178846442180e-01 2.027763606456466083e-02 6.599031467565373565e-04 1.647822440305397136e-03 8.584911815853901338e-04 1.338523478045989558e-04
4.979105608230555841e-02 -1.463023612932881981e-02 -1.681505258307569963e-04 -3.544035380375493431e-04 -5.376002441315815440e-04 -1.293655866405110525e-03
-9.382406408798613096e-02 -1.795729186613197886e-02 -2.857812466383652015e-04 -2.650511184242043423e-03 2.007928014951949371e-03 -7.321882440396479093e-04
-1.106827579693553526e-01 -1.486243413586520352e-02 3.083202742026247035e-03 -1.991076411880221813e-03 8.250494254343500831e-04 -7.723273199452231541e-04
-5.469629345106820362e-02 5.644687390780182834e-02 -1.446488571925899115e-03 -1.411742833845729291e-04 1.229900237216252024e-05 9.349028124465755523e-04
-1.367515997394498362e-01 -2.662315044002283235e-02 -4.080010465623677002e-03 2.092242476242610685e-03 1.540315819593952005e-04 3.270757190404622304e-04
-1.165840550504582684e-01 5.807272505194403800e-02 9.677732270790436982e-05 -9.471359112853471951e-04 1.988920729907215051e-04 6.354089320251723842e-04
2.762639399908272120e-01 -1.945389728250625228e-02 3.872398460975638073e-04 3.383772114383981513e-05 2.436975964129930484e-03 7.843446602469309912e-04
-1.027707059127287298e-01 -3.159512676964414818e-02 -3.468806696987922732e-03 -3.048510612005727458e-05 6.701499281074335549e-04 -7.562188686137055011e-04
-6.841512107340309845e-02 2.241560008337659463e-02 3.042522061472033388e-03 -2.481453643304723945e-03 -2.374041860046418163e-04 1.019827119357203434e-03
1.850180701046734433e-01 -4.256655741050887481e-02 -7.450906276163107118e-04 -6.895986775024973885e-04 6.991554284559160608e-04 2.822034244933808436e-04
-6.480592687224981385e-02 -1.194117158713484290e-02 -7.644280086306406291e-04 -2.186243130047012262e-03 -4.697748676936835651e-04 -2.224955037304459900e-04
2.413897730883972706e-02 1.591145214508858652e-02 1.025966273849850032e-03 -6.085409704847587154e-04 -1.198731029081577830e-03 -3.769147674953411014e-04
-1.059628478190666745e-01 1.460409105608349617e-04 3.423738044038266478e-03 -1.983134141935823016e-04 -2.158959493608640732e-03 -9.371455727387019647e-04
3.874884280027907080e-02 1.578809241932676438e-02 2.076143323780694442e-03 -3.062372800825575829e-03 2.143188028850081422e-04 1.349092030474520129e-03
1.250153019159496587e-02 2.351255245322798546e-02 4.207159011953367253e-04 -9.353315929266846048e-04 5.453985021020125263e-04 6.677521555454288315e-04
2.785315624144557023e-01 -4.746875935774461097e-02 5.161366770529781820e-04 2.290705765766652918e-04 1.645937474618715951e-03 1.212830516146137306e-04
1.404940024908412632e-01 -3.626265928624069351e-02 6.330778019211264103e-04 -1.179287117886015403e-03 1.317408003309951435e-04 1.611270997410692762e-04
-6.383639755488682010e-02 -8.500965599861857319e-03 1.337638917344370539e-03 1.143881692347177657e-03 -2.922548060671082380e-03 -2.776876058061612438e-04
-2.143219388672289727e-01 -1.746862575489791652e-02 9.476224916819632471e-03 2.522898406984836004e-03 2.025814574117641633e-04 -6.635813308166661631e-04
2.453797142851019963e-01 1.317484567215876541e-03 1.894657833503914600e-04 1.912282121464499874e-03 1.784701728239470762e-03 1.760499778209740468e-04
8.243058451416578059e-02 2.717197807573828658e-02 8.408094888031932132e-04 1.303437031741910487e-03 -1.000052295126580264e-03 -1.322774191156139397e-04
1.334970448282544759e-03 -1.270140876907984231e-02 -3.878678548661276555e-03 -1.712768467744910225e-03 -3.842896063700110124e-04 -5.043835632033483911e-04
-1.442305779749908090e-01 -1.269341309230900307e-02 -8.057515413954211740e-04 1.138880868829427124e-03 -8.059906226493483402e-04 -1.011468293440034356e-04
5.893396105177060168e-02 1.387729451656214558e-02 -1.486434215176271785e-03 -2.186166723072471060e-03 7.348463334722483411e-04 1.571385532083776140e-03
1.725646078712351691e-02 4.075460597984962435e-02 -5.585109033101511977e-04 -7.859531679072764496e-04 9.857245088480014921e-05 1.517249852131782916e-03
-1.290876878870516331e-01 -9.614279969759321337e-03 -1.112733421791097573e-03 -3.279977438420200210e-03 2.548285742165394205e-03 6.959742559375862569e-04
8.645180592303591816e-02 5.256889549006621420e-02 1.531889795092195462e-03 1.795461266950677641e-03 -5.444884522991322518e-05 5.842733192047907002e-04
2.503588056630762226e-02 -1.867283504929528925e-03 4.259472067376985326e-03 -3.551347879112871312e-03 4.596386000432430723e-04 1.895695588364741018e-03
-1.776977402108766424e-01 -1.310081873227887314e-02 -4.606096461756522186e-04 -9.270706082045242864e-04 3.489126169183008261e-03 -5.951777364838359502e-04
-8.646695703238793662e-02 -2.476111975577207497e-02 1.029105048074671841e-03 -2.849465385507450425e-03 1.075703325809262718e-03 -2.922270084357849948e-04
-1.728920434546536433e-01 9.316237522821560783e-04 -2.275131010646552223e-04 1.967995963431896055e-03 -1.425613166487960408e-03 7.521099035553328134e-04
1.121868003085568777e-01 2.196329471306640926e-02 6.094200028163889761e-03 -5.049083050474889893e-04 2.952366228300935336e-04 2.410288245320004342e-03
4.243136771814593616e-02 3.838354230825916091e-02 -6.362436743098553896e-05 -3.048917801110158842e-04 8.678725864233420500e-06 4.740922271699995138e-04
-1.398550791836400131e-01 1.254568092604811495e-02 -6.412541059256682578e-04 -1.456877117202249510e-03 1.711742454529872112e-03 -1.259433685441875691e-03
-1.218284815025608842e-01 5.007910832249042737e-02 -2.278416958124892047e-03 -1.001995230799889282e-03 4.549773541190577173e-04 1.871308451983473264e-06
-1.758425610577648568e-01 1.165170159523604664e-02 -1.645572617900296995e-03 -1.248327906991221741e-03 2.214037420900819703e-03 -3.809721013471501112e-04
1.432907599995179382e-03 -3.983508797014351233e-02 -8.956363459147608397e-05 -1.793595786248576053e-03 -7.531384985739394966e-04 5.456472180441527766e-05
1.398550136107866715e-01 6.115484397528412989e-03 -4.579678417958012930e-04 -5.800891416050984106e-04 1.052108893558486484e-03 5.739953877350020871e-04
1.032437322827196718e-01 1.039579644470435722e-02 1.519091489057091456e-04 1.148252234382883920e-04 -4.455256748294988143e-04 -3.498592585992428214e-04
1.296788358545736819e-01 -1.972323832579974540e-02 -8.661225575370975300e-04 -7.561946396304889458e-04 -7.534688464334735264e-05 1.424855820033296636e-05
2.707265975276331171e-01 -2.210928508295318534e-02 2.799302496909536996e-03 9.070703685689463598e-04 1.474619205783795749e-03 3.672085265640933792e-04
1.859241124289296998e-01 -1.004905258453172787e-02 -2.076651952094145815e-03 8.509291204208571484e-04 1.161082205957221459e-03 -6.224740171857089414e-04
6.354859583130717526e-02 2.546488736103144981e-02 -4.297165788375650821e-04 1.621522999903081636e-04 4.333274470470651718e-04 2.253644737499386173e-04
-3.088655254861710081e-02 -9.345506299500632580e-03 3.417886560040144439e-04 -4.215326718869529150e-03 8.174664454257964900e-04 8.021695611504968751e-04
2.646605649122734660e-01 -2.039828544905611385e-02 -1.366049203542117662e-03 8.101828248354641477e-04 1.768777803260068076e-03 -6.946110052194937089e-04
6.145127684006846530e-02 3.203750915229566787e-02 -1.643441105069037497e-03 -7.436337986826395288e-05 -5.622551049790435005e-05 -3.006420664784056245e-04
8.957173236411017370e-02 9.445314791929313586e-03 -1.119658951991623708e-03 -5.500191318931584028e-04 6.705459981617224773e-04 3.043043464871903175e-04
1.103854114332082637e-01 -2.897404318252385161e-02 3.189434257776141250e-03 -2.040384256239876606e-04 -8.052438381779413075e-04 -5.186933074148418216e-04
1.999506928794745828e-02 2.012760870160590354e-02 5.053069981232501378e-04 -2.521995367459170263e-03 3.985184103254780716e-04 1.230602387759024670e-03
3.936969270402132515e-01 -5.894413964483308926e-02 2.422731572181711424e-04 1.460664243879458268e-03 2.893382163547820584e-03 2.328921742340941720e-04
1.648527164014579882e-01 1.916711434809244968e-02 2.385575594429767150e-03 1.222817748634740746e-03 1.104256034652845555e-03 1.242851333911985413e-03
5.815558512216821574e-02 -2.293952770766291560e-02 1.256584317908566485e-03 1.136306991514179909e-03 -2.553816902803502514e-03 1.351664132085881979e-03
-4.795249188063979706e-02 9.711922338471169064e-03 4.072382456788791946e-03 -1.793434200575457285e-03 -9.304685559721043425e-04 -1.488025290341710876e-04
-8.540981566424107885e-02 -3.472619455668828070e-02 -1.883405623308780129e-03 1.245609391728360856e-03 -1.552176893782826993e-03 6.894326666391957991e-04
1.320396050223287265e-01 1.407590926588240393e-02 3.714567839572312929e-03 1.736967710396821298e-03 -8.122020163015154087e-04 1.103455867950733622e-04
7.030602975160053780e-02 1.279313609853682809e-02 4.559824697601959245e-04 -1.459716234121427982e-03 1.733909716576485585e-05 -2.357715650513132375e-04
-7.300920963057250246e-02 -3.592041678341266475e-02 6.163118703310660994e-03 8.344812034228720615e-04 -4.174406251701188834e-03 5.758824029487439244e-04
-2.862705509295217568e-02 3.764462306750190890e-02 -2.387167448799282828e-03 -1.045037436021888479e-03 1.253520666082321832e-04 -2.602682247581129685e-04
-9.809570853735635754e-02 7.317301430953862540e-02 -2.013780623008150448e-03 5.434408809285148825e-04 -1.809825275419179149e-04 -1.606934194625148538e-04
-4.261854272838888624e-02 7.126876908253047815e-02 -5.153232608969338709e-04 1.024965321287037850e-03 -9.259830930506012013e-04 7.577052805552263594e-05
-5.965581893668192581e-02 -1.504267511516026255e-03 4.221249463390389263e-03 -4.181928543240460983e-03 6.579562558040319420e-04 1.572001837363317745e-03
2.428567101283489113e-02 3.055710654186453599e-04 -1.042230590242941872e-03 -1.731341071100647610e-05 -1.105602814930326796e-03 -2.005771232864573107e-04
1.936132923170471032e-01 4.230007442140905523e-03 -9.825958945412324903e-04 7.397398274743386152e-04 1.451935249348538896e-03 -3.779736581193253475e-05
8.035784533139260499e-02 3.741624661834558113e-04 -1.584540716820678286e-03 -1.235914115602792813e-03 3.038683205568330293e-04 -5.744705213461001820e-04
-2.754283275076893633e-01 -5.010363301988157020e-03 3.737358897476278276e-03 3.700019222668333128e-03 4.211846582054565129e-03 6.385613202529047622e-04
-1.126171952483566302e-01 3.103257227053880796e-02 2.514756246022509158e-03 -8.706936937305656890e-04 -3.791179088217987376e-04 -1.256219468255269671e-03
-1.398380057629222406e-01 -3.312045129398960563e-02 -4.695486774906585531e-03 1.324394695403839119e-03 1.696833544194869745e-03 -7.499504962693176197e-04
3.597569510874812360e-02 -9.602578705151900915e-03 4.859703913563957062e-04 -2.633342785389275204e-03 4.603518829930848565e-04 6.877167371115765291e-04
1.209379850966610034e-02 7.004385311384593582e-02 2.350886496027742374e-04 2.063098327433007112e-03 -6.961264489004164412e-04 -2.203400726834007150e-04
-1.573175017146897364e-02 2.246483521927071514e-02 1.389481250894822686e-04 -1.461266256566541360e-03 -7.260955488900889588e-05 -1.051916072258559124e-03
-1.456137905756065831e-01 -1.207697896763885656e-02 -2.125132463138733156e-03 2.321411564471962449e-03 -8.805973322907883084e-04 -4.985933578483079266e-05
4.408418828466919431e-02 2.183975294002992243e-02 1.470920038809019493e-03 9.871063663873989001e-04 -1.660616671550636022e-03 -5.481714537852380850e-04
-7.430180142007512811e-02 -1.309677651774918822e-02 4.628559345094782583e-03 -1.033814784451493000e-03 -1.308718253656696072e-03 -3.791007339672671709e-04
2.431652973270654328e-01 -1.934170500567009704e-02 -1.809861387381222000e-03 1.500992324128417937e-03 1.644760309474182060e-03 -6.544053108138236192e-04
-1.041037294206312858e-01 2.353861123335256392e-02 1.053375747697975640e-03 -1.551642878919579907e-03 8.994448408880402728e-06 -1.128045205760350427e-03
-7.037818157838764133e-02 2.409033748955967391e-02 4.449621603731884160e-05 -2.605937707210579171e-03 8.167990558022386952e-04 1.023883158882306571e-03
4.512423656171255654e-02 -5.150946759849206122e-03 1.287021561445615215e-03 6.457644111722896357e-04 -8.493919800492878312e-04 -1.258322485662451097e-03
-3.302286913677417862e-02 -1.540198090770604662e-02 -1.839451092560078068e-03 7.703654612303708461e-06 -1.922964756236851449e-03 4.863667958485309146e-04
5.463831031370355862e-02 1.104644652668672865e-02 -1.137438556668188923e-03 -3.562671161965005103e-04 -8.936157063695017921e-04 -1.949597081497256551e-04
1.076370019719862133e-02 5.892489627082768411e-02 -1.077704757810146090e-03 1.367050133001978434e-03 -2.897980327990897984e-04 4.537308080763774942e-05
1.245283506493019034e-02 -1.849085869517061789e-02 -1.500179107453583497e-03 1.035525151386659749e-03 -2.428263621676466765e-03 4.338970046179564449e-04
1.256274107341730055e-03 5.165157750860076280e-02 -2.960916116634566657e-03 9.649833914770866554e-05 1.621245807252883137e-04 -5.290944439254183706e-04
1.950283517723716831e-01 4.274710156907777364e-02 3.078914764119158442e-03 3.615664111304052117e-03 8.625257518176515908e-04 9.157575582507552006e-04
1.539839060115132940e-01 2.012309174140684137e-02 3.898059482221920106e-03 1.338788666421176967e-03 3.910580441737073441e-04 3.808088329848971000e-04
8.361191847441776237e-02 5.647368060596136274e-02 1.181316338026054376e-03 3.209310237359884292e-03 -1.213098519515237381e-03 -1.789231860499907562e-04
-1.786953589437324241e-01 -3.227521193723443399e-02 -3.142679603060704891e-03 3.029040871916287639e-03 1.245291076509043174e-03 2.083551660715673472e-03
1.440633905008395776e-01 3.350555152325113834e-02 9.897161549834677594e-04 2.580739261468471303e-03 6.831144774669175310e-04 1.867620981605671974e-04
-3.530452126591459433e-02 4.919444417617346160e-02 -2.485368636696998028e-03 -7.648207417387047850e-04 -3.378326968127031197e-04 -1.141472121672820918e-04
-1.095956368338976417e-01 -2.837347500414537718e-02 -1.476601057947653491e-05 2.803284293530762267e-03 -2.853095480941587707e-03 2.576274838457001237e-04
3.847502553428562566e-02 5.793145212637548606e-03 5.798903194096408868e-04 -1.377778362624428824e-03 1.945349623722709899e-04 -9.872917282530801857e-04
-1.380953472081485889e-01 -3.444516435672075050e-02 -2.920909316844847847e-03 1.095910327930203895e-03 1.028468387181078695e-03 6.874860128659802646e-05
6.405200227100196764e-02 -5.000773414169466802e-02 -9.722724829948530337e-04 -3.980055226047022926e-04 -1.320816323010570812e-03 5.867172451146583341e-04
-1.625395753806458884e-02 7.931054116029376266e-02 -1.687276128219772180e-04 2.493665352929965145e-03 -1.016166801019369311e-03 -2.415433814679437551e-04
-2.339270571258869960e-02 2.097542577918470874e-02 2.996493966259191830e-03 -7.352151370360832192e-04 -1.303634445725334809e-03 -2.572116576827965435e-04
5.234565161179469128e-02 1.971088303265857572e-02 -2.324060472979296976e-03 -1.160641457215486408e-03 5.270952365432283581e-04 -1.110584369332522265e-04
-1.899873779650717021e-01 3.327414858588453178e-02 9.924807982905855565e-04 -2.210562001727118999e-03 1.885196332681974207e-03 1.174098949349050265e-03
1.219078016581553840e-02 1.197716068105503066e-02 -5.669420926012267836e-04 -6.723917685330383634e-04 -3.168159712300248660e-04 -8.539201816245535958e-04
4.368302832851848200e-02 3.700558901666040762e-02 2.536481628352267505e-03 -1.053757109806875399e-03 -1.553567268989215289e-04 1.117275823540294592e-03
6.304667676889418038e-02 -1.359090077251314845e-02 -2.383773776728915616e-03 -8.493385237842429126e-04 -5.378996870065613344e-04 -3.319094975121934126e-04
-4.712542464950034843e-02 -1.490535803866583839e-02 -2.097705265345480886e-03 -8.659345259352199155e-04 -8.110853747165792894e-04 -8.626516794312105436e-06
-1.066995926954891205e-01 -3.670676296766164481e-03 -2.784673596944977052e-03 -8.095702873893280633e-04 3.152147104441296676e-05 -2.993738818466281856e-04
-2.395872183642620487e-02 6.113216626891649491e-02 1.171122091137364934e-03 4.649820901859040068e-04 -5.766988650499267101e-04 7.126215369047859093e-04
1.438523887008319457e-01 -5.848636968803447994e-02 -7.111178359650179004e-05 -1.408466791944846868e-03 -4.674942893008918296e-05 -5.810279931118692356e-04
7.926465304693749991e-02 -6.810885186484118281e-02 -3.127578270630881636e-03 5.957078396083959450e-04 -1.421436324252431643e-03 1.119149304960171320e-03
-1.816140869231148425e-01 1.812120969273500054e-02 1.133959088491623673e-03 -1.330367104641671573e-04 4.705971950975629768e-05 -1.076711901989430139e-04
-6.542298541323857131e-02 4.934787970342870839e-02 3.027423309035717921e-04 -1.047480677020033290e-03 -2.161006624054649195e-04 7.504230641954607499e-04
1.168992310324505207e-01 2.985428163101800161e-02 -1.331647405886304206e-04 1.052036117492531012e-03 4.955904409492945103e-04 -1.247090434806207709e-04
-2.094182836589194296e-01 -7.365926080455369868e-03 -6.868349331771867730e-04 -1.103406964149448538e-04 4.268239125633723104e-03 -1.041953132598468965e-04
2.106696799403109666e-01 1.713003167588822429e-02 5.119026888563489759e-04 1.799228460593794380e-03 8.978693110150103279e-04 2.716421935396193883e-04
1.734103308984123459e-01 -1.331276424413660973e-02 1.375120578266100010e-03 -9.496975839634821687e-04 1.005615972968903864e-03 6.367672127369465183e-05
-9.988684554488884426e-02 2.790230310333705662e-03 2.530470176894396642e-03 -2.354416140447848464e-03 5.799558898553566636e-05 -3.203621645869456146e-04
1.361768086522602006e-01 -2.260882592699032384e-02 1.587353981678366098e-03 1.333528023740757681e-03 -7.850281659677628681e-04 -4.380609899994919345e-04
-1.647721192369742682e-01 -1.702890095978932747e-02 -1.026061547925003912e-04 2.028157092450866457e-03 -7.193561353545444015e-04 8.375212518330666951e-04
1.113313476567550364e-01 -8.377928328071290384e-03 -2.138854073904622368e-03 -1.616269397539569662e-03 7.280799901556295455e-04 -8.402322117615365030e-05
1.441917981576214536e-01 3.779054222332553503e-02 1.828444634554993327e-04 2.037082974754168396e-03 3.377791586737657697e-04 -8.973602482702328640e-05
1.279100800595179555e-01 -1.839436196359308003e-03 -2.041478789313890072e-03 -5.974771255703408132e-04 1.719573168020105056e-03 2.246766293309915502e-04
7.601711402294905606e-02 -5.904261795514995081e-02 2.575417245386880938e-03 3.004193046112687291e-04 -2.773362855309147428e-03 1.028779140040185676e-03
2.480216512927209127e-01 -4.100825656766503291e-02 1.140767338184740408e-03 2.401022833396940866e-04 1.312945970285784919e-03 1.399863042746980594e-04
-2.395962321435599340e-01 -2.047618573622518937e-02 6.837956731880301224e-03 2.467538597645503855e-03 3.643996469999764842e-03 1.520526066553461707e-04
3.801284451649331042e-02 2.835776708477560221e-02 2.474741758971674057e-03 1.040475063628629236e-04 -6.764731080408974357e-04 -2.338110542113590090e-04
-6.892227549956098098e-02 -1.409883524209587860e-02 -1.001210215058497043e-03 -7.638542501536131103e-04 -1.141374912155577971e-03 -1.094250579116317354e-03
-7.961818266050708220e-03 -1.524828751734859898e-02 -1.656963350434060471e-03 -3.355226147209663945e-03 8.709696640426704351e-04 3.563676347323182039e-04
7.732243864804188085e-03 -3.663259965392641482e-02 -2.349803251957533097e-03 6.881254437636645299e-04 -2.119472551428080997e-03 8.863994104692689887e-04
4.655428867943623567e-02 1.180184489326619769e-02 -2.063291097032108126e-03 -9.551367543784903234e-04 -4.947390122493986603e-04 -5.303063941917915414e-04
-2.205253020288603094e-01 -2.382683457402307459e-03 -3.844048531207536808e-03 3.833081737411583086e-03 1.361474720001715254e-03 4.161331875322235910e-04
-1.629942210140643832e-01 1.124974885670500940e-02 4.678981508056267058e-05 -5.645586121538848177e-04 9.804221235117651593e-04 -7.173330743850850170e-04
1.019054876990176800e-01 -3.096710089974980679e-02 -1.365220536953531873e-03 1.065261429447877234e-04 -7.197116051275491378e-04 -3.074921417451987791e-04
-4.225687335614485701e-02 1.923946752935424762e-02 -3.244614509109677858e-03 -9.336694094484256122e-04 -1.302253104422053701e-04 -3.720258090999682883e-04
3.432554579613499718e-02 3.002196846656134469e-02 2.077079748695843074e-03 -2.053830240328176555e-04 -7.710402104757940918e-05 7.275187030255044797e-04
3.939671834595512290e-02 -4.564002099807658308e-02 -1.599305556800342679e-03 -1.374771133259013959e-03 -6.113663592087988964e-04 -1.090924447570560535e-03
2.501135474821834515e-01 -2.453010601040649108e-02 -1.618570543748101614e-03 4.514191936689165656e-04 1.743391574937362860e-03 -6.352872077877489256e-04
-3.744302099425757258e-02 6.145663082033455543e-02 -1.946387000511757030e-03 3.378464339514272458e-04 -3.987442567552976084e-04 -2.515807854243676343e-04
9.606344316925347071e-02 4.235389642671879423e-02 2.795162205626401230e-03 8.396552560901650482e-04 1.542424723723215068e-04 1.193236587170349531e-03
4.380465573641380977e-02 -8.349018136115134506e-03 2.979004993355654943e-04 1.333520141991971714e-03 -2.388228650687622325e-03 4.847327715042552230e-05
-1.393274591051523181e-01 -3.196207295210282823e-02 -1.055572643398984111e-03 2.709298084852065653e-03 -1.091345225450708958e-04 -8.456792338138023092e-04
-5.883060899951988304e-02 -5.323245800871435028e-03 1.452343365040789408e-04 7.656409688533240060e-04 -2.691703880577857744e-03 1.431462451861096165e-04
-1.400974035660481343e-01 1.328617480045152233e-02 -2.429183335000633260e-03 -1.220375867457931763e-03 2.035935658535460973e-03 -1.825638800488746123e-03
6.032999702571974904e-02 -2.706508822302569617e-02 3.329096864851626217e-03 -4.625547463139172664e-03 9.358839942141562989e-04 1.668352833448636828e-03
-3.225095234519246429e-02 -5.240593095256132483e-02 -2.944920403465149487e-03 7.834118472098300931e-04 -1.703897441821333215e-03 1.360433967489108661e-03
1.658793973428332180e-01 -3.881531830877989891e-02 -1.215809531830540097e-03 -1.106815285249127846e-03 6.594519467636697670e-04 3.428741079627752730e-05
-1.945524357147436212e-01 -3.458231972328601467e-02 -3.285325923901710309e-03 4.298802501002488632e-03 1.942556279730054455e-03 1.432360860255618403e-03
4.281404813960439787e-02 1.568669475969849264e-02 2.057622339094164802e-04 1.896429059610540936e-03 -1.918238445626894821e-03 -3.924861347026856336e-04
-1.431437773226549026e-01 8.827462238707495940e-03 -8.693863554170033238e-04 -2.669691926732536708e-03 1.892721487996031375e-03 6.114496883367501407e-04
1.990430690824837243e-02 -1.780058760688043966e-03 -1.465910154464217198e-03 -2.379455297309007646e-03 9.566004831726338973e-04 4.492460610562285829e-04
6.578296458585365658e-02 6.169635430737795828e-03 -4.522744565046605300e-04 -8.518609090449419342e-04 1.709679599254005115e-04 -3.469602373081416146e-04
1.681448164072609219e-01 4.157657965102560388e-02 3.008317559196330344e-04 3.678096020250182663e-03 1.076881402207882036e-03 -4.774843710717894093e-05
1.161138680892137842e-01 -1.645793744490408814e-02 3.387879118663382396e-03 -1.983081027569755760e-03 7.165747421925760478e-04 1.469851083631114287e-04
1.212055492784182009e-01 4.122447484042674609e-02 1.493126593662675011e-03 2.244434107625435052e-03 7.982127378900487531e-05 -3.102913898961203549e-04
-2.540447581268204247e-01 -3.137831736076506645e-02 -1.114399118406372889e-03 6.475884911513426698e-03 5.547165168110713453e-03 -4.774918852093179827e-04
3.086786627663189453e-01 -3.859650831567573714e-02 7.312526485127574633e-05 1.027799007183290668e-03 1.879379683606775169e-03 4.519405957501930330e-05
3.764817808645623542e-01 8.075791255788800430e-03 1.796810296836248103e-03 5.007727199379943990e-03 1.844608064365876963e-03 -5.540677680814582373e-04
4.834445893365162811e-02 -6.547440527431295544e-03 -1.838306606324200971e-03 -2.633632466365335573e-03 1.391454860792644063e-03 6.591047668688246102e-04
2.886585682141822873e-01 -3.401866533561728051e-02 -1.116618039486637261e-03 -5.311856209973588761e-06 2.759678925646482425e-03 -7.071063927176064329e-06
1.825231593361085689e-02 4.499328475545944644e-02 6.780780703706567117e-04 1.460588551450324717e-03 -1.635143600608243838e-03 -1.189834210097162886e-04
-1.447507041779013959e-01 -3.976745184980071818e-02 1.447776357416972982e-03 2.761420499437270294e-03 -3.568228185014930571e-04 -1.011157917595213593e-04
1.885456958362533297e-01 -3.686116161859014084e-02 1.268515791465653656e-03 -2.000956683804176392e-03 1.558758199266918436e-03 2.065265301811431635e-04
-5.781819571825762283e-02 -4.214799406192104581e-02 2.239871145797442474e-04 -2.238486758179958954e-03 8.283698004157118155e-04 -5.462595235643498632e-04
-1.422991668842564332e-02 -1.643912600169973592e-02 -9.633399844350729697e-04 -9.493803812289652736e-04 -1.207273948395037443e-03 -1.024066677725873594e-03
1.348586344539310367e-01 1.270185944765478067e-02 -2.294197204565754517e-03 2.730130736070993211e-04 1.084072429072080977e-03 -1.437659353641262581e-04
-9.413766949382920690e-02 -3.295027429042689249e-02 5.161113478800424814e-03 -1.820286814632153787e-03 -3.758921635264519945e-04 -2.451844579115088573e-04
-1.222214813190275751e-01 -3.835804146436892770e-02 -4.298228743281229391e-03 1.306014171715037028e-03 4.008425176839299663e-05 1.964827900249732986e-03
-9.867919163179642711e-03 1.448322384781064801e-02 -6.623871709453709898e-04 -1.501903741199584743e-03 6.762889896618209050e-05 2.597230024950876394e-04
-5.226272231777261135e-02 -1.277502932953992684e-02 -1.236361297658945075e-03 2.708443733850155713e-04 -2.191220505125349334e-03 -3.497439419050476936e-05
-3.414300179635414850e-02 2.736207929315681749e-03 3.598958047056780105e-04 -3.938400259288044915e-03 1.004331372705092934e-03 1.424831486317022560e-03
5.372208743708952773e-03 4.760894643910448809e-02 -1.859523609135021582e-03 6.733659202902381007e-04 2.389969831229563893e-04 9.171778049689763811e-05
3.392490558772995324e-02 3.923977951395596353e-02 -3.120165993423856463e-04 2.273683952784046893e-04 2.777999721235977263e-04 1.942707541768473242e-04
-3.069711975954290961e-02 4.052033394226420976e-02 3.845416125968978676e-04 -1.830087199286667020e-03 8.120005871996272516e-05 9.583953107006809103e-04
7.125585414826922370e-02 -1.363069614060073709e-02 2.563199742607745642e-03 -1.073210079991793360e-03 -4.409686518158334283e-04 -3.976744269772603392e-04
-2.161163053268589374e-01 -5.519122507153377891e-03 -1.490017115940024889e-03 3.883106947857068326e-03 1.262840149273680755e-03 -1.025521909968118159e-03
1.511020450478421373e-01 7.324186368712158786e-03 -3.508008741081385345e-04 1.184958724318712275e-03 -5.717594433372651862e-06 -1.266075662403855966e-04
-2.001178449255754110e-01 -3.298482517046251450e-02 6.554289471350161628e-03 1.431225967800743137e-03 2.378482681062788970e-03 4.621216443503400276e-04
-1.410995828878223446e-01 2.046653782585070025e-02 -1.819088697144316188e-03 4.331229331550626930e-04 -7.632376324877377998e-04 -8.774800896047733976e-04
1.169923931392906485e-01 -2.253824471192536483e-02 3.116158063241857880e-03 2.267206112051302607e-04 -8.355999148336395272e-04 -5.234274704505990786e-04
1.228683493439681890e-01 -3.207033552096684448e-02 -1.162176193781349915e-03 -9.136800439040114420e-04 -3.984729048503809590e-04 -7.588136167392147118e-04
-2.222482611731780439e-02 4.946815161595930627e-02 2.226117331774619392e-04 2.700728939618897559e-04 -3.802156190144750317e-04 1.642321105830704198e-04
-4.185742811633595684e-02 -5.154418521162535544e-02 -2.050846844355040579e-03 3.777453713038271717e-04 -4.753239494669009779e-04 -1.763770619880236775e-03
1.732743001363174495e-01 -4.447172989730447529e-02 -9.483431413356983907e-04 -5.907292665592716327e-04 -5.168304590425462166e-06 -5.129417732248227595e-04
-8.881126135531101917e-02 -3.117498984003445189e-02 -5.081313759860197829e-03 2.057297520176072387e-03 -1.727988908429930635e-03 2.016943666262711876e-03
-9.134562208610705683e-03 1.664140642151457419e-02 -3.520322690230101581e-03 -1.901413010529820523e-03 3.428167855567950339e-04 -1.631341643833166379e-04
2.370908059466805828e-02 -3.758603412506637820e-02 -2.925646194909813178e-03 -1.555473611046633139e-03 -9.182939280063833658e-04 -1.330984510129236279e-04
-5.202559485931702171e-02 8.640764398116205364e-03 8.968777085020700809e-04 6.082864953397431641e-04 -2.725906438790499323e-03 1.059816289708756271e-04
8.641583518949411125e-02 -3.161193283312799251e-02 -1.022798270374160236e-03 -1.464907273017779709e-03 7.975825673459810351e-05 -1.166992148257771887e-03
2.955297878831132652e-02 -3.313124066480379465e-02 3.175311324251802163e-03 -3.466147596066781588e-03 -1.757340489872928548e-04 -4.246906728366185683e-06
-1.792354500218059088e-01 -2.856670035562326043e-03 2.579413909463978971e-04 -2.848903165225332833e-03 3.837642596815130785e-03 1.418770353529787446e-03
-1.729237109941090256e-01 -3.877344883437176815e-02 9.074352377400207378e-03 4.611806190698396072e-04 1.108285739227396829e-03 3.563561974234513404e-04
-2.515329536217768558e-01 -6.442289073226758339e-03 -3.123092372932539506e-03 5.635805248444576351e-03 2.480636775200834553e-03 5.750912350716530204e-04
-7.896922221901205019e-02 7.128509208862239543e-02 -2.321457569598417339e-03 6.125793896855787589e-04 -1.887283178733658532e-04 -1.398990315796317285e-04
1.343644756882758640e-01 1.404293519614932062e-03 3.914482359269376779e-03 -2.636454615210956061e-04 4.329218368516349292e-04 1.158890808314022960e-04
-7.868232315679885014e-02 6.707888263417378927e-02 1.368203292996145052e-03 -4.009724287260869489e-04 -6.077832354688283327e-04 8.081834537476023953e-04
1.387263878509316650e-01 4.489964248735257846e-02 -2.505591847975134710e-04 2.859130845294477734e-03 -2.898910441597910242e-04 -7.830964907091112013e-04
2.383136547261938687e-01 -8.648384133778020191e-03 1.050084505805724139e-04 2.093483992269189707e-03 1.202279607323881831e-03 -5.118173608321724324e-05
-6.974635795538883243e-02 -4.257937328184183134e-02 1.440590631582185695e-03 6.522620711203051716e-05 -2.021744411496871098e-03 4.429229797232617184e-04
1.552890566639352279e-02 1.713697741236069536e-02 -2.791326831492828807e-03 -1.371592523561550271e-03 8.183088481236386064e-04 1.458343134959799758e-04
-5.232123494192833513e-02 -1.785151174471048471e-02 1.030054609696111172e-03 -2.736242953878488624e-03 7.129844269247205676e-04 -1.277757621486323800e-03
-1.100437026365133908e-01 -2.343451721927516549e-04 2.484626534885106129e-04 -2.051507966960397326e-03 8.267802936904962343e-04 -9.351954549902049023e-04
-1.521453325220225583e-01 -5.710185490149311677e-02 4.009868185562680439e-03 3.732598555341042415e-03 2.220920166077465507e-04 -3.324928876660907385e-04
8.774134106167566505e-02 1.712540874522160139e-02 -2.012706063284941047e-03 1.354095362977174072e-04 1.090299277785605802e-03 1.080225114377110734e-04
-1.098694458764584991e-01 7.474414946264182867e-03 5.284160976379161101e-03 -2.520136056272369220e-03 -5.749282443347340267e-04 1.941232720961481959e-04
8.653993158528879015e-02 2.696914661715196088e-02 -3.666271368026669713e-04 1.101819722633310154e-03 1.731924187766331537e-04 1.865976883350617898e-04
-2.160882724696717438e-01 3.450511032204724854e-03 1.846266147737294023e-03 7.189494678540457378e-04 2.828866697140935017e-03 -7.673763400309711056e-04
-2.241970414582852011e-01 -4.415851042707231305e-02 4.224935413580804995e-03 5.724804703729350838e-03 3.391363544598065098e-03 -5.921844664645494350e-04
4.465202162599966190e-02 1.817635338002252660e-02 2.631155041395357233e-03 -1.688221170535643715e-03 -2.473732971398909307e-04 1.219415800759991877e-04
-1.203145619116354342e-01 -1.584480985990090532e-02 5.221543796714889739e-03 -7.646385374528758168e-04 -1.081148851198122929e-03 4.575732869515478280e-05
7.338082294235773184e-02 6.941572490973182963e-02 9.185244083708411474e-04 3.011104161542131792e-03 -7.427299528278224171e-04 -6.559648717708992940e-05
5.508100963371369979e-02 3.001304407424829762e-02 2.069519768406339992e-03 -1.133120590999960389e-03 -1.176305513866315948e-04 8.658755357416332392e-04
1.201001055050764377e-01 1.280076755335361575e-02 1.994452914978739767e-03 5.650127439028803126e-04 -2.689474710682818333e-04 -4.099118560145467889e-04
1.185085968058551542e-01 -2.340694112821053649e-03 -3.483086426981728441e-03 -8.940161782203337546e-04 1.662441844195375676e-03 4.575812330972407640e-05
-3.434859650349359611e-02 -3.736230959734156837e-03 2.539469276969486770e-03 -1.483740704828336856e-03 -7.931356184200872086e-04 -5.789390455409996767e-04
1.647613657970256329e-01 3.357945131074260153e-02 1.843715113761641277e-03 2.383347999983688806e-03 8.561923179608674651e-04 7.844706647638727487e-04
8.420882987204830750e-02 -2.333068889842965926e-02 -3.641650081031683715e-04 -2.407007548589849832e-03 3.310421161697378167e-04 -4.900525612111044337e-04
-1.142660667538995534e-01 -3.009222750683184303e-02 -6.864846843978703733e-03 2.055652635122745021e-03 -2.696261651883301606e-04 1.276324678991435898e-03
2.546673645290555843e-01 -6.441618887738579345e-03 5.168212769457170008e-04 1.035127368283524823e-03 2.117128073259335903e-03 6.814679759381608512e-04
-1.477375705247854221e-01 -2.106387823283689675e-02 -4.885255483629949262e-03 1.992604212223150328e-03 4.931628375808597099e-04 3.910134231486894329e-04
5.111782059210390888e-02 -5.987321028441377341e-02 -3.721740686828992842e-03 1.798859372997741346e-04 -1.414392510074395041e-03 1.254661700659056071e-04
-9.925785197911780877e-02 -3.685826471208838995e-02 5.965764799136154088e-03 -1.811888205254615167e-03 -1.544761954540306895e-04 -2.552726985237862493e-04
-7.124551668864517739e-02 -2.427862634509643210e-04 -9.339688798279511357e-04 -2.745782971656138358e-03 1.073510481395586547e-03 -9.269574351709353741e-04
6.994869027669257944e-02 -5.400526305810720434e-02 -2.089888963737965549e-03 -1.136860299604689969e-03 -4.852954595785448247e-04 -9.235204044881343329e-05
-9.020014418424110447e-02 3.397304525756244392e-02 -3.862109055540264083e-03 -4.074247602792460069e-04 -5.220577444173483402e-05 -9.350426724806209632e-04
9.744805734645591369e-03 -2.359730240201210819e-02 -1.935158279270028734e-03 -1.715314129992021605e-03 -4.813173688778183594e-04 -3.989386325514573885e-04
3.258024655834967365e-01 -4.065140544740294959e-02 1.926810423847763465e-04 1.399330384265638685e-03 2.339192421989029578e-03 -2.777248982742011829e-05
2.595513859668534956e-03 -2.414067124016378366e-02 -6.064049505402741534e-04 2.437279018180157995e-03 -3.144792895579406628e-03 4.572818290997677105e-04
6.727236054191922110e-02 -2.691984047029557028e-02 -2.458630304538988922e-03 -7.770181927371377527e-04 -1.683159231564950581e-04 -1.460102981080790136e-04
1.148719487484280675e-02 -1.546609254417901161e-02 -1.426061309710395519e-03 -3.474318462708028687e-03 1.326283702423316927e-03 6.724709507946892819e-04
-1.276681908637583018e-01 -1.118658781682591377e-02 -2.342636879549066004e-04 1.160267318951527715e-03 -1.458087310499162677e-03 -5.232492178101406282e-04
-1.950754659786145540e-02 -2.973272167668840338e-02 8.436612900625677135e-04 -2.509516644393115087e-03 -1.888388838997143569e-05 -4.991944589106295542e-04
2.031754750890408384e-02 -3.995813113782051285e-02 -3.213254265717788508e-03 -1.918615060632247846e-04 -1.558233813863842653e-03 9.427499802630716656e-04
9.304570628595999759e-02 2.333078045193999472e-02 -2.552919814273607590e-03 3.386962996025103196e-04 6.330883092229716309e-04 -1.252664383878507228e-04
-9.951662237964112312e-02 -2.663880582630939395e-02 -4.715407680359414225e-03 1.262258543572480907e-03 -8.796649289166880896e-04 -1.671476126212727932e-05
-6.217511768577054648e-02 -1.852415207224587107e-02 8.695138821945041369e-03 6.994648999460242606e-05 -4.428642944320925270e-03 4.429312150767485980e-04
-1.647525383105390151e-01 -8.590851016834797488e-03 -8.641370409920961755e-04 2.981621551967138500e-03 -1.818062215883338179e-03 1.144483128868465987e-03
1.172388905121092145e-01 1.726930290285171726e-02 1.528809487556926586e-03 1.217803461117573319e-03 -8.734682622914519785e-04 -6.784844804550574097e-06
-6.940516591795539703e-02 3.220209488979477053e-03 1.297785117913306157e-03 -2.715674251479672108e-03 2.040228634534360761e-04 -7.238636196134745062e-04
-6.094354077231320388e-02 -4.705035249479553455e-02 -4.654348060794296672e-03 8.074873524655935657e-04 -9.363522897629538615e-04 8.808776040977909583e-04
1.554016256306495758e-01 -1.422328702247818710e-02 3.663687632232605785e-03 1.162277903240451589e-03 -6.030701486229577291e-04 -3.577470273560852268e-04
-1.650657353516646886e-01 4.771797097264546261e-02 -6.982429247235059531e-04 -1.645720225054763059e-03 1.283863677687622487e-03 9.684249071654761577e-04
-4.305664037056384369e-02 -8.834947706580846896e-03 -4.588285214255028756e-03 -2.578484441954715690e-03 1.070978049264459039e-03 -4.436197059377523962e-04
-1.548042355426096361e-01 2.171659464915856076e-03 2.530099814740497353e-03 7.317487655241915103e-04 -6.741109793889936332e-04 -1.515008499156862741e-03
-1.072961122603609957e-01 -5.677476661725021356e-02 -3.720883096343587972e-03 2.274218884205066963e-03 -2.329892351324972552e-05 1.785395020593094021e-03
1.400385677679006069e-01 4.082566721242594093e-02 2.450954908231123535e-03 1.856450978288856114e-03 2.011652988914601416e-04 6.741113501533868872e-04
7.882553132296149512e-02 2.459395901126840145e-02 -1.305270047530433884e-03 -5.783134942573089942e-05 5.499024083762993646e-04 7.726116689352400244e-05
-1.077323712021086843e-01 3.224854561952016779e-02 -2.303821481752402894e-03 -1.801549137337011284e-03 9.656398330221582131e-04 2.426498174737402305e-04
6.502728768426869164e-03 2.811699952822774642e-02 1.166294264801066529e-04 -1.797752901822254144e-03 3.401234370400589373e-04 1.050138389781056980e-03
-4.815648934689992222e-02 -9.170015699761068645e-04 -1.122051394922199538e-03 -8.236989439537636655e-04 -1.863118327202741877e-03 -3.624246205914628469e-05
6.000449894347548857e-02 -2.519936031470593890e-02 -2.119915228669110117e-03 5.517820690541254923e-04 -1.941258973891894172e-03 5.982543141365055401e-04
8.745709097344317451e-02 -2.395405304182851580e-02 1.218624271511461934e-03 -1.978097846282362172e-03 -2.356935116590752784e-04 -1.848302139104697993e-04
-4.114351442860648272e-02 -1.220084452451330841e-02 -2.261806759955007663e-04 -7.045023732123650633e-04 -9.013781976853154796e-04 -1.691324991626193828e-03
-5.687985260569543289e-02 -3.257163201181059731e-02 1.986003183384018548e-03 -1.882432390798183383e-03 -4.997983317181722189e-04 2.996210035922612777e-04
-4.280242849779251207e-02 -1.971224766115302340e-02 1.017315921275394920e-03 -4.421963245807810847e-03 1.183123318289195465e-03 1.029829364105025111e-03
6.626761257012775408e-02 2.264867410883686372e-02 -1.612501281648119571e-05 -7.251695552700824728e-05 -4.151163370228999182e-04 -4.990090212709885707e-04
8.014635574939875384e-02 3.017881583994682076e-03 -2.492809255985626270e-03 -1.481480215535426880e-04 9.787714222272467072e-05 -8.906345222523644667e-04
-6.412451678627335838e-02 5.271738016878972644e-02 -3.183552560580077233e-03 -3.804677985758452095e-04 3.177159997822175076e-04 -3.684515940864958042e-05
2.757124538586940010e-02 -1.993708839929406867e-02 -1.023284518160417957e-03 1.699795632923229707e-03 -2.667791944361859631e-03 7.694606709967329169e-04
-8.364869678591464741e-02 4.842853599716034907e-02 -1.359320649557875385e-03 -8.213243489297617243e-04 -1.790061768055515635e-05 -2.083692193742869077e-05
3.042048192145350299e-02 -2.703625360279821727e-02 -1.509983506709372059e-03 -8.397533770684390214e-04 -1.744199041915207729e-03 -1.042194318504645947e-04
-1.047463665581497561e-01 4.171146461389513282e-02 2.052673912279539756e-03 -1.438927168977792263e-03 -2.620930370971440138e-04 -1.404048557392252551e-04
4.832549433050840892e-02 -1.877686455968995832e-02 -3.195343120380663132e-03 -2.916802217508008156e-03 1.086992745653076126e-03 5.683693571764888850e-05
2.024467423279478762e-01 -2.455049325828235346e-02 -1.138166890535200620e-03 1.751906883892435278e-03 3.900410750454047742e-04 -4.220738995459520182e-04
-8.706174251562534550e-02 -2.987067984532544226e-02 2.789422694919955190e-04 6.880357354937311669e-04 -1.808957042860342805e-03 -6.405330331885129608e-05
-2.475870700111309879e-03 -1.399224273037026796e-02 -2.981502319405781361e-03 -3.933620068237525741e-04 -1.901446112881452878e-03 1.544512602841244969e-04
-1.074675666705468408e-01 -3.069021893524479655e-02 2.156938384837697904e-03 2.139783775382339635e-03 -2.029488772540559167e-03 -1.075031438649173788e-03
4.232369727292749351e-02 2.423541976318079397e-02 -2.209538241607758146e-03 -4.743156715926680894e-04 2.638350560138976461e-04 -7.867304158098409566e-05
4.938396818156685041e-03 -4.304043672796625808e-02 -1.015728837933773179e-03 4.311975176249107332e-04 -2.258337287885288543e-03 1.770706883574190522e-03
-1.798572905747095052e-02 -3.127088795806737438e-03 -2.135459161348946065e-03 -3.271886066549730028e-03 7.997781310501928453e-04 1.325046873829057532e-04
4.978014825036361501e-02 1.178906882589256071e-02 -3.194883242812052507e-03 -1.302582853752414730e-03 8.516505622248550164e-04 4.903258636685540111e-05
-7.838837331942181963e-02 -1.290437285822311313e-02 -3.832004858060115548e-03 1.097799066640842147e-03 -2.016075973960985632e-03 8.212205687629228279e-04
-1.059501703687910218e-01 3.036288183977866630e-03 1.008664478657728516e-03 2.437057820448877633e-04 -1.446914945813932915e-03 -1.105846013414480203e-03
-1.281422105129947919e-01 2.647588429166313623e-02 1.701934944426220604e-03 -1.093398895568888996e-03 -5.276097774316462503e-04 -5.015066532921824824e-04
-1.171047088506329548e-01 5.602763439797768530e-02 -2.090241898310200158e-03 -6.622722002750881711e-04 1.910872188726126018e-04 -2.533057323113380768e-05
-7.417044437983742397e-03 -1.527850778594795969e-02 2.200121998770159654e-03 -4.063693337476711673e-03 6.033549235541047851e-04 1.171623177917977768e-03
-3.323884373348910681e-02 4.501905992666654227e-02 -1.417603191335941367e-03 -1.146308074168069001e-03 -3.209498702161229768e-05 2.868069599962522155e-04
-7.421114722564278732e-02 -1.562363883663315557e-02 -3.966835993416779546e-03 -1.392965819077777523e-03 -3.460536600132827579e-05 -1.466534944834436461e-04
-8.707962896846807577e-02 1.129978057664714555e-02 1.474648860154865798e-03 -2.022920979737570252e-03 -2.658079842460136957e-04 -4.300410813826363999e-04
6.130909342377970084e-03 -2.138361578103145644e-02 4.555444877341357406e-04 1.006295039025089299e-03 -2.155323510633134088e-03 -7.519963688457237134e-04
8.683565781516641713e-02 2.785495949732359408e-03 -5.487352827997582852e-04 -2.100457640596995607e-03 1.015445351492079819e-03 9.909020565764502242e-04
-1.968098032095507433e-01 1.185512469044563630e-02 2.463312819160978252e-03 -7.360025468659966378e-05 1.040141965574975730e-03 -7.151251949477716247e-04
1.919804039310530341e-01 -1.554191640523450504e-02 2.884838955851406952e-03 2.142381484467324390e-03 -1.547830049011853588e-04 -1.559697971026666381e-04
1.787445432450983085e-01 2.037903225851036421e-02 -3.066957886988110169e-04 2.138558863333276869e-03 9.890853485655685604e-04 1.757179790817437664e-06
-1.916234397718513116e-01 -3.281153874215133465e-02 -2.553266366285895927e-03 3.573387635437441732e-03 2.957908838442817757e-03 -9.040409523028842794e-04
-1.875210886122049003e-01 2.735761676216670255e-02 -1.254550031146887696e-03 5.449949077666693355e-05 3.906413504370412045e-04 -3.559241350856304421e-05
3.915748242412316060e-02 -3.526268894740097054e-02 1.874884644658408091e-03 -1.052624588055020094e-03 -6.181171259786021749e-04 -1.845569982341057052e-03
-1.721651618785029481e-01 -4.049979138531836081e-02 -2.105507097918087652e-03 3.377072530604536930e-03 1.755887268346800756e-03 4.277931527254237674e-04
9.853908011761365951e-03 4.862955064014389678e-03 -3.114544020296558611e-03 -1.486708936832509135e-03 1.217704209342755623e-04 -1.107400169655331588e-03
1.575786012425808846e-01 2.108888918483395672e-02 4.314679249753212119e-04 7.040284310830688614e-04 9.443402434169193265e-04 5.651808008569627565e-04
-1.414734099018714608e-01 -3.675687642576544456e-02 -3.165500771961013253e-03 2.766377113666239600e-03 -3.649594347773633496e-04 1.642491626910497953e-03
-1.211733356614256088e-02 2.304224962717243974e-02 2.156490000520556582e-04 6.624610865973946591e-04 -1.887493230812357795e-03 -7.901170103021293864e-04
6.210551674797996219e-02 -1.710149985387826241e-02 4.962099282323532371e-04 -2.384812588046669995e-03 -3.457938975815902719e-04 -5.420896613720314070e-04
2.496313195799748641e-02 7.098645287525925940e-02 7.571336604325297395e-04 2.930643286626775403e-03 -1.001272561751825278e-03 -6.190810161382276399e-04
6.573134182194734221e-02 -3.789392835024381714e-04 2.871316270338158602e-03 -2.741748897058085815e-03 6.608876673006916763e-04 1.736609946034854690e-03
1.721315560302848491e-01 -2.623533682519161095e-02 -3.355831339438387646e-03 2.274482459479572940e-05 4.414285438093647836e-04 -9.928570379323395454e-04
8.239878821443130663e-02 7.326106827534203947e-02 1.315387265007653302e-03 3.391219115175719227e-03 -8.703787870945584688e-04 1.455042654935045789e-06
-2.467715768200291204e-01 -4.045222343001402682e-02 6.513184695672065080e-03 6.743150227363488985e-03 3.405883073409142654e-03 -9.063688792230468322e-05
1.939141565728816699e-02 -9.256034837602945126e-03 2.053872893060507913e-03 -1.836959679734512371e-03 -1.055941515295098819e-03 -1.165616867751119836e-04
4.600154608039837972e-02 5.967336206045634065e-04 2.323885236916588271e-03 -7.357219457225581526e-04 -8.816805195314108678e-04 -1.019596180514410847e-04
-1.393479199063830110e-01 -4.073073487288753070e-02 -4.163658141977433919e-03 3.278217917418889057e-03 -1.570151815882357474e-05 6.217501667565561701e-04
1.231484149646150210e-02 6.062248403855546343e-03 -1.203170342368389215e-03 -4.975614138671665462e-04 -2.609133534675253641e-04 -7.410750888085725855e-04
-1.487053965299771630e-01 1.061667375530530623e-02 5.104988561240866255e-04 1.610600411464691755e-03 -2.416475238753932817e-03 2.374386476453910644e-04
-1.531972321304884421e-01 6.484970727007732805e-02 -3.512326864504373546e-03 -2.603640197924369658e-04 7.865570026853530364e-04 4.519721690467956202e-05
1.928569683406281821e-01 -3.716981024580145315e-02 1.641164365487638279e-03 -7.487343332405582263e-04 6.633226868984835574e-04 4.757915575652508515e-06
2.477049637678437055e-02 1.366510394216460290e-02 4.791469429227336423e-03 -2.743284449443298897e-03 1.759651840320138440e-04 2.354197726857651905e-03
-1.384518596397085188e-01 -5.051285850149796024e-03 -2.201407242500714231e-03 1.580726324470415776e-03 -9.055533966719877051e-04 -1.887599683027021394e-04
-4.823270279943634581e-02 -7.993379795270734792e-03 1.574125814402361091e-03 -5.957650580142253129e-04 -1.599932306133050423e-03 -3.228591503614465738e-06
8.995772641602806097e-02 -4.802165711114401297e-02 2.554682472943332460e-03 -3.179485578282608121e-03 2.410817992300870103e-04 -7.313466753090157530e-05
-9.918226712663073819e-02 -4.491343140464985201e-02 -1.801467576700078272e-03 1.273068018165948809e-03 -4.172133942618148645e-04 -1.499129448031369144e-04
-1.337087866535441039e-01 -3.513456527791405503e-03 3.670768375444792044e-03 -8.291665043119942876e-04 -3.519993479293135360e-04 -6.226126778463672877e-04
-1.088107410126305796e-01 4.919301021420347669e-02 1.396927391833929950e-03 -6.100120430732432686e-04 -2.024222296406079965e-04 -9.329247262099285782e-04
-7.850790557274545112e-02 1.658150317478095451e-02 9.311503222978644500e-04 3.630923025931010064e-05 -1.736243722918365089e-03 -1.397912848294073944e-03
-3.466131158174305671e-02 -3.327832742778756570e-02 -3.145663075090232141e-03 1.078294619177233831e-03 -2.371383047185253445e-03 7.147578448426985132e-04
-5.372911373710752281e-02 -2.095310725515219658e-02 1.696420950925292201e-03 -3.518897876917267530e-03 6.720978372239386949e-04 -5.053509378594223979e-04
-1.437662912836366186e-02 3.610243397971752560e-02 -2.796401936508247695e-03 -6.470032531749863453e-04 4.432623915878118040e-04 -3.649903165645981980e-05
5.241469977268480018e-02 9.582275446175120628e-03 2.657022286556513097e-03 -3.432973806859665315e-04 -1.014905365766855362e-03 -2.194793497641115711e-04
-7.799221110628008768e-02 2.130013482565359245e-03 4.999763052308014641e-03 -2.597490945566659735e-03 -5.114844700559167002e-04 -4.835332914903017786e-05
3.053269893495897391e-01 1.501400378358347040e-02 9.787214709661288311e-04 4.204455438051862316e-03 1.388244644477275866e-03 -6.621110863983019823e-04
-1.528171747416793846e-01 5.689330940391338493e-02 -2.145789899702174684e-03 -7.917793985166704518e-04 7.213158385647267055e-04 2.120657116516700444e-04
-7.428559608758125710e-02 -3.492034256368171247e-02 -1.645723735086100691e-03 6.829110427676401453e-04 -5.679970777777518937e-04 -1.527213003564712682e-03
-1.115444122885934364e-01 1.955616055084001461e-03 -3.847802595311864467e-03 -2.368856486848279919e-03 1.649154538376059777e-03 -5.116702983897316367e-04
5.071840268769294696e-02 -2.087051556607806644e-03 -1.801032297521396291e-04 -1.294384583152112089e-03 -1.322560015613851109e-04 -7.917521631180134047e-04
-2.027225571803806248e-03 -5.385272157569215463e-03 -1.657754793389890785e-04 -8.137586097837534770e-04 -6.057812286872340862e-04 -4.136759960646939544e-04
1.109252132238145068e-02 -2.951606615941543971e-02 -1.782287921292273611e-03 5.823882237702308418e-04 -1.395819512374007337e-03 -7.972480035684929075e-04
1.660216920818705089e-02 1.814552935963374344e-02 -2.600311698687624365e-03 -1.431579470967004860e-03 2.456843484797295845e-04 -5.235893818762074045e-05
9.870477738538073476e-02 -1.042812222207400302e-02 -7.890892391719189032e-04 -3.254647059792532197e-04 -9.691688471933120736e-05 -3.116562333024896581e-05
2.134522034435160434e-02 4.240443788284553941e-03 -3.690318590855335844e-04 5.465385821647200269e-04 -1.755771610752961598e-03 -5.044917751015244459e-04
-1.671306840980291836e-02 3.913268433721178718e-02 1.500542676088130901e-03 -2.316842957737786594e-03 -1.962146440957539750e-04 1.096450200371400794e-03
-1.682324344192551446e-01 2.608232070733496055e-02 5.214358021138433335e-04 -1.223887225877032681e-03 1.428920394977655807e-03 -5.959033571428678545e-04
-6.365147611814541556e-03 -2.688275454354416977e-02 2.606753595939106504e-03 -3.369729602686697984e-03 -9.799399753207799874e-05 -2.093579703531228534e-04
7.050003054730358265e-02 4.310118617023438875e-02 -3.315081379613483438e-04 1.485091315388829868e-03 -3.028474562558153239e-04 3.784558524410643738e-06
5.293826139649422842e-03 -1.154132907483233078e-02 1.972781834542817071e-03 3.959180904516214935e-04 -2.416352251075594860e-03 -2.840535493955216833e-04
-2.216089206312863574e-02 -5.368550909225434237e-03 -3.767985776632857154e-04 1.042687109371775783e-03 -2.649111788856712592e-03 4.475678028039784657e-04
2.273973803387740675e-02 4.485437751947294466e-02 1.618506471237793169e-03 1.268478158475951512e-03 -1.222576168177269161e-03 -4.226774971977289978e-04
-1.567093951994077139e-01 -3.808482875553775848e-02 7.899219873888011292e-03 2.523172067573778779e-03 -1.264301034954448200e-03 -1.165146260007222066e-03
-1.312603441734259413e-01 -3.046646828978565383e-02 -6.903482213591591310e-03 2.643657946338955761e-03 -3.138658055522193215e-05 1.504794968446357016e-03
-1.295984410004667395e-02 1.078230497926698124e-02 -7.417148844637940679e-04 -5.852414844364831319e-04 -6.834643674295163380e-04 -6.774149041851889501e-04
1.480657911423014783e-01 -3.287167124441156291e-03 4.782444362004053965e-04 7.087858751298212277e-04 4.000939236764171109e-04 -2.436181190305362931e-04
6.885318162816372878e-02 1.519315355634890188e-02 -6.344795122886734721e-04 -3.115574788171741275e-04 4.363141235435431635e-04 1.853046495573329564e-04
4.515445933513572568e-02 4.740846675819995054e-02 -6.500707057757658348e-04 9.365738433282778767e-04 -3.558824311971029450e-04 -6.139198470571064381e-05
1.218363737382124889e-01 3.090454475906534437e-02 9.174002870884935676e-04 1.191389573508311317e-03 3.796074354850588342e-04 5.496058040236458326e-04
1.184759883862660651e-01 2.457973079001294497e-02 7.210915970984920539e-04 8.525480347388719998e-04 3.414655765291189308e-04 -2.879242530935059545e-04
1.031126714161317848e-02 3.106408885632334915e-02 -1.944317662466493648e-03 -4.595069555279070574e-04 -4.383777224758835835e-04 -2.229620890989641795e-04
-1.499295426544175192e-01 -1.387286809537209564e-02 -3.379501556706443455e-04 3.352756456772429047e-04 7.110452634368684497e-04 -1.381938049465231046e-03
-1.012117692357005494e-01 2.564956479041214168e-02 1.660134563194482545e-03 -3.359907495935135491e-03 7.506920123834338659e-04 1.277855626679637270e-03
5.126468428261937021e-02 9.679318394131145378e-03 -2.864726795363504823e-03 -1.600086166316830880e-03 3.997949916543178258e-04 -8.048740082828879038e-05
1.595481476957515479e-02 3.640836027701939426e-02 -4.430259761599165654e-04 -9.711174923804412859e-07 -3.144938047049658557e-04 -3.753404319327462374e-05
9.780741328738973284e-02 1.244745358994676920e-02 -7.021181952015861797e-04 2.290589366336102939e-03 -9.887109361522458499e-04 -5.273521048251545535e-04
-1.017381694217681272e-02 -2.964251383322129285e-02 1.106356959695719558e-03 -3.203576486053889925e-03 5.334852393703347437e-04 -5.411858265417608324e-04
-5.287802275619352815e-02 3.844218837839765562e-02 1.927192386759984488e-04 -2.137192922841067017e-03 9.134478293605820124e-05 8.250440349804399149e-04
4.868438984676226600e-02 4.954622268265328894e-02 -2.016846244605523210e-05 1.766246086407645540e-03 -1.134868076052350429e-03 -4.134226779814872900e-04
-4.792609540536441753e-02 -2.199159074455275809e-02 3.589747639285842916e-03 -3.506658632785162981e-03 1.035802063190193449e-04 -4.895541434037691745e-05
-1.144310992681637495e-01 -2.609420391209435128e-02 5.271627820378303568e-03 -2.752391649678969531e-06 -1.402314312471183034e-03 -1.418130623452519730e-03
-2.079531651975682557e-02 -3.651567665302305095e-03 4.087618408439730282e-03 2.990168517916517370e-04 -2.109124612858143556e-03 -1.473691803380322183e-03
-3.253230074486855583e-02 -3.122448051606585215e-02 -1.649082414408164316e-03 -1.296192124593432624e-03 -1.282643702319202121e-03 1.250901339239398734e-04
1.255949613736348780e-01 -4.147848022031856013e-02 -1.108038612797907461e-03 1.738448053965947673e-03 -1.519187738945788858e-03 8.541431967468551606e-04
-8.662108549490811493e-02 6.520076956394556256e-02 -2.644350466822826661e-03 6.780997906061915850e-05 1.024743616787410829e-04 -1.871558985190822639e-04
-6.211438533386097471e-02 5.055151703552182574e-02 2.247802069289550359e-04 -1.220232782279953403e-03 5.930482227182402849e-05 2.029944772511689706e-03
9.029944642950109290e-02 2.729643548910425446e-02 -8.111087877502435629e-04 1.222652533903992702e-03 -4.441941529580900106e-04 -3.549694505343551666e-04
1.389709585878516618e-01 4.978800479158747294e-02 1.169347412997643948e-03 3.531040668265220551e-03 5.546908823744300091e-05 -5.813178990373680209e-04
-1.573480808597705338e-01 2.275748466440797105e-02 -7.090350954394224279e-04 -8.812370161673943473e-04 1.519852812623226010e-03 -1.399363321342619870e-03
2.756877810109098839e-02 1.963152820009252814e-02 8.790406507029445296e-04 -9.092490526265142523e-04 -2.574913884915354281e-04 -3.505531900374523843e-04
1.503332629714585755e-01 -6.771229613745337458e-04 6.381880072823792717e-04 -5.023021273264660782e-05 7.896397417508048411e-04 -1.918424498306497907e-04
-1.018719876428244991e-01 -2.220755938590108017e-03 -2.331082342979682795e-03 -8.769442516608548597e-04 -2.451140292815143316e-04 -2.869724801968907986e-04
-7.809311934663977495e-02 -3.230610181218666888e-02 -1.037937664843087545e-03 2.249838103283712139e-04 -1.709357806819421059e-03 5.917578261819945009e-04
2.263128502264647735e-01 -4.922029469460333789e-02 -2.495572847347951508e-03 5.025629759364344297e-06 7.479234018437094051e-04 -4.566181061594460863e-04
-2.810280172772198007e-02 3.080606725799347329e-02 -1.396208762796602703e-03 7.316372493233503109e-04 -1.732739746642184995e-03 -8.909865901077330475e-04
-3.779163973729045972e-02 -2.842986873641939211e-03 -2.387376379024435617e-03 3.395751265799856972e-04 -2.147124956101725823e-03 6.414377999715943027e-04
2.289764653979802778e-01 -2.708821819270877673e-02 1.849194415754163920e-03 1.557921074226259993e-03 3.588524985783363846e-04 -2.281098432824509969e-04
1.036311684612705591e-01 -8.048232907939750075e-03 -2.627715570911520835e-03 -1.159675899721118340e-03 1.776001056229492233e-04 -4.426658026453880517e-04
-1.121466796810626221e-01 -1.898953471564872320e-02 -8.801076847627489807e-04 1.429950577307359614e-03 -2.147946760543181788e-03 1.436552641977744630e-03
2.843578020725389885e-02 -3.727230934618736002e-02 2.600264914477155159e-03 -2.207393408141267947e-03 -1.000792842586814254e-03 1.184828251488535095e-04
1.224003315249310442e-01 -4.613182162919813450e-02 -3.640353020876711636e-03 1.240680887337725514e-03 -9.592036668538625466e-04 9.669701700675182752e-04
