-5.093149325362003772e-03
-6.972806180829174347e-03
-8.679290146121702507e-03
-9.634163043611237293e-03
-1.199460588481805930e-02
-1.405862482624200931e-02
-1.914280219081521475e-02
-2.149550905478325377e-02
-2.044983797015504853e-02
-1.795352790451702069e-02
-1.283016642686594933e-02
-2.013013017940116361e-02
-1.651989832456536925e-02
-6.217590827361539792e-03
-9.037509057935232126e-03
1.771211361632150406e-03
1.311228837956263278e-02
4.034106675329276852e-03
6.403217739760175969e-03
1.835513753446528507e-02
2.834556216897900563e-02
3.667698850929940885e-02
5.413522410985526639e-02
6.799766024629712302e-02
5.386132820900733226e-02
6.649849490612187719e-02
9.081751961913533955e-02
9.471548044277405820e-02
1.209405641138456555e-01
1.247094828287276663e-01
1.363682850590366979e-01
1.440409261160152665e-01
1.613547046192699841e-01
1.597848433871178198e-01
1.857989266132935580e-01
2.035267511216697078e-01
2.196587306146682295e-01
2.389957266073017561e-01
2.472457210221155333e-01
2.503954828149188017e-01
2.733593322479835885e-01
2.836679935964698251e-01
2.968830247296765368e-01
3.091544878480386171e-01
3.188944657680561345e-01
3.408074371534677849e-01
3.579665263236123107e-01
3.693216506989455694e-01
3.802917043469114522e-01
4.069997527770166657e-01
4.138473616297750901e-01
4.237514580837224987e-01
4.448749122352947949e-01
4.450283932247651175e-01
4.635293193056075900e-01
4.855376515789679992e-01
5.031118636941660505e-01
5.189564634817689370e-01
5.336487625929879908e-01
5.431781747808749339e-01
5.577903792562974861e-01
5.705669318035703208e-01
5.908512773296884513e-01
6.004015110163367641e-01
6.159529393473758274e-01
6.297043490961558021e-01
6.404767864410666478e-01
6.567589685099887165e-01
6.691936437243823921e-01
6.815249425057967603e-01
6.886219363866554755e-01
7.142295675453024240e-01
7.304519308963030033e-01
7.301051384698046265e-01
7.566585427603419456e-01
7.660319621632535325e-01
7.785960524142104822e-01
7.895250085342874202e-01
8.044665504464972861e-01
8.121753961578813685e-01
8.289594311510142255e-01
8.427408840030529147e-01
8.519146672983349822e-01
8.701710684652153027e-01
8.839279782464032342e-01
9.009516568951494442e-01
9.136298243022126231e-01
9.243737230368292979e-01
9.368569055245622446e-01
9.464537090772512373e-01
9.619270896259102255e-01
9.763040413535276629e-01
9.857522773870428523e-01
9.969263272776111018e-01
1.011022594263048857e+00
1.018860664716817244e+00
1.031238262578670462e+00
1.044846005901949093e+00
1.052575887644404018e+00
1.069768890004205053e+00
1.088735587642625235e+00
1.096097543670714769e+00
1.109928017913355269e+00
1.117185999299306509e+00
1.129782627691421792e+00
1.135598627574514907e+00
1.150260827540553699e+00
1.164273239267405780e+00
1.178743168611984027e+00
1.190415784261071419e+00
1.196925838826792265e+00
1.206619529874004115e+00
1.217432358159677763e+00
1.229994508499332229e+00
1.237402769148320036e+00
1.247674335835173398e+00
1.265760954372818547e+00
1.272501333731635542e+00
1.282230704567051793e+00
1.293275732463478711e+00
1.304327907458121549e+00
1.312196085523960720e+00
1.332943274727461658e+00
1.337879561367105063e+00
1.342693210363907985e+00
1.354759316477330611e+00
1.363868020358014466e+00
1.376094438253999686e+00
1.388574990258591768e+00
1.395681670893606174e+00
1.407747396366219927e+00
1.417361336941034056e+00
1.422595249421310104e+00
1.434838033049922856e+00
1.443065021997052444e+00
1.457466427365007977e+00
1.465363950753979516e+00
1.473467828089555010e+00
1.483080176102028025e+00
1.490745015684417751e+00
1.500340250068927794e+00
1.510684650015997388e+00
1.518954618956224190e+00
1.531886466982625539e+00
1.537450751712028163e+00
1.546741029941243628e+00
1.554747416947650507e+00
1.562045294962945752e+00
1.568536203016869912e+00
1.581658447049144600e+00
1.590404070064761477e+00
1.596324860463384177e+00
1.608984787246803050e+00
1.615351543779865340e+00
1.624007255495222735e+00
1.632634005645112740e+00
1.641039412187392132e+00
1.648980627237812469e+00
1.656555229803685192e+00
1.665943887034080806e+00
1.674383174473109470e+00
1.683447575799626561e+00
1.690294666248595368e+00
1.696345697635586403e+00
1.703982586304984004e+00
1.711258530397462341e+00
1.720964465392210707e+00
1.729470037211011668e+00
1.739477385575857848e+00
1.744555580156576635e+00
1.750866793366268936e+00
1.757818483680887889e+00
1.768294007481060248e+00
1.774510804384937135e+00
1.781732739681891609e+00
1.788952189958028960e+00
1.795470330914410440e+00
1.804010957679066163e+00
1.811750332801846719e+00
1.819826659484926612e+00
1.824862379825266778e+00
1.831866025871822012e+00
1.838897744474912832e+00
1.846362092388431408e+00
1.852803536410118079e+00
1.861027212442149859e+00
1.866226833587521172e+00
1.875350543596512098e+00
1.881895739703603576e+00
1.889489953054230620e+00
1.896667487664353668e+00
1.902625536207527279e+00
1.908745650985500975e+00
1.917601947179399913e+00
1.922145751703332905e+00
1.928522949255378371e+00
1.935866737886555056e+00
1.941472389971576229e+00
1.946631751274729316e+00
1.955240297085766299e+00
1.961115564574105852e+00
1.968289740251624620e+00
1.972604924548201577e+00
1.979444353765978271e+00
1.985380342943941834e+00
1.993286825921613215e+00
1.998318958052832439e+00
2.006897254643835282e+00
2.013895480005675420e+00
2.017377854788485969e+00
2.020983243971814503e+00
2.027023595955633528e+00
2.034850730512826278e+00
2.040790810528009924e+00
2.046126486108001519e+00
2.050532408627660619e+00
2.057729157076725102e+00
2.065086399305387843e+00
2.068744966666936858e+00
2.074921324128725875e+00
2.079167639067334594e+00
2.087932001688916017e+00
2.093172235755204724e+00
2.096101872633955310e+00
2.104789025055159080e+00
2.110735281438353095e+00
2.112324750403383078e+00
2.119459733505803190e+00
2.124305646933665415e+00
2.129570598214140187e+00
2.134993225470262157e+00
2.140160979390190565e+00
2.144903875474846178e+00
2.151976085792759452e+00
2.155354555810363504e+00
2.160642838181320080e+00
2.164392948269870054e+00
2.171685604978376816e+00
2.180436169522310674e+00
2.184355928386259915e+00
2.185113683917488725e+00
2.185866539171271938e+00
2.190372297234063570e+00
2.197162088197711416e+00
2.203658141035552021e+00
