-4.848162700443221264e-03
-6.768386642472973627e-03
-8.251129622851549258e-03
-8.788037344068959367e-03
-1.062172412408021044e-02
-1.241533224479022916e-02
-1.668335271076477888e-02
-1.882039070853220794e-02
-1.792998052434030890e-02
-1.582763008795140189e-02
-1.121381196882868456e-02
-1.735124391006188579e-02
-1.412365321416873820e-02
-4.779004728361044112e-03
-7.393335607516764336e-03
2.524895734867946100e-03
1.277796243256792454e-02
4.078829635719249773e-03
6.267989808244263904e-03
1.738518017265501883e-02
2.633448374668828987e-02
3.426012505466793229e-02
4.997378099261907264e-02
6.324221206625252334e-02
4.984288138637156529e-02
6.158935675847396207e-02
8.405207445832468816e-02
8.661094932178223238e-02
1.118608995649583160e-01
1.152073752246931815e-01
1.260324421346114832e-01
1.317994342928121010e-01
1.484072067144015239e-01
1.466569987957792032e-01
1.722599806856600635e-01
1.886154139994144774e-01
2.023996213554009604e-01
2.213608627243386084e-01
2.292699092399036742e-01
2.312540997047884128e-01
2.534624569900515989e-01
2.628938438692836055e-01
2.748304690771824488e-01
2.867738180173342588e-01
2.955324724802366743e-01
3.154224856336133587e-01
3.295929177513897690e-01
3.417070614229402725e-01
3.526124193585182809e-01
3.773636991307606214e-01
3.834419165324901013e-01
3.932703653180312231e-01
4.135864263200951241e-01
4.127155046286060114e-01
4.297803866664920425e-01
4.520329849821848045e-01
4.689000679245192149e-01
4.841270967663906521e-01
4.970839600770324829e-01
5.051678679421740537e-01
5.199652201372702010e-01
5.306734126185732592e-01
5.522300092564494944e-01
5.581945754327916065e-01
5.747664480159875300e-01
5.892508318794295041e-01
5.971165947106754635e-01
6.121773943684269970e-01
6.249913678675943496e-01
6.358750091990559294e-01
6.436697206291492890e-01
6.676169880580147264e-01
6.822441138858797993e-01
6.813174440330956871e-01
7.085692890216308548e-01
7.167283297725502988e-01
7.293842474157444800e-01
7.387198658214516600e-01
7.522604382557201985e-01
7.606443027715745764e-01
7.767731152335930478e-01
7.889325461877544354e-01
7.993202613315668614e-01
8.167435312017020665e-01
8.299920075613970161e-01
8.458333998421480038e-01
8.570981704354924124e-01
8.674114346459558256e-01
8.792827284700868162e-01
8.889053401029869406e-01
9.034006247320246485e-01
9.180252972386468979e-01
9.285525357235325794e-01
9.386566270432286085e-01
9.509363548859468551e-01
9.586185914016001064e-01
9.697476058397204168e-01
9.833700976719721432e-01
9.919050061455603196e-01
1.008703404281146687e+00
1.027824555479047497e+00
1.032669596591889283e+00
1.046527182075304596e+00
1.055108177990338403e+00
1.067524269557235561e+00
1.071920434762100527e+00
1.085599122626871527e+00
1.099803812228195676e+00
1.113753364438456961e+00
1.124142314275407895e+00
1.129367332541637570e+00
1.139996720730563462e+00
1.150789377486306053e+00
1.163783856669911243e+00
1.170775064778942554e+00
1.181722494328201867e+00
1.198436195978594521e+00
1.205522079634257393e+00
1.214776250499949084e+00
1.224795174211363191e+00
1.233955380639322197e+00
1.243944071436467125e+00
1.263442582462077635e+00
1.268418580302481447e+00
1.274732050409929984e+00
1.286760004070245822e+00
1.294852003413944574e+00
1.305620636686295244e+00
1.318556120103335338e+00
1.324708774379394827e+00
1.338224230920699753e+00
1.346116601522701517e+00
1.351125233187743024e+00
1.364313883639562075e+00
1.371533482054817732e+00
1.385488392772984412e+00
1.391723014230986433e+00
1.400641470385563636e+00
1.410662056557545396e+00
1.419587528106438512e+00
1.427849797109153274e+00
1.437647703888069728e+00
1.446269996155972182e+00
1.458280293148051410e+00
1.464120313746256841e+00
1.473096146356588809e+00
1.482081676771185297e+00
1.489460736001104735e+00
1.497236581433665670e+00
1.507469361074637471e+00
1.516445423734689379e+00
1.523210081534457361e+00
1.534966309161504228e+00
1.541210524869006004e+00
1.549693357350585554e+00
1.557338593078143818e+00
1.566060129621941410e+00
1.573961487690877625e+00
1.582868564879327034e+00
1.591864270346930343e+00
1.599078796963500304e+00
1.609051037778921778e+00
1.615050675335660602e+00
1.621095195582430870e+00
1.627991744055020895e+00
1.634516184944073691e+00
1.646414796138836234e+00
1.654311319810753966e+00
1.663589668090954987e+00
1.669634238532584636e+00
1.675775801969127121e+00
1.680777677264955861e+00
1.692911261879289198e+00
1.699075803469527246e+00
1.705864532965236213e+00
1.713756817114638453e+00
1.719489056579346364e+00
1.728410527497327598e+00
1.736628512346123587e+00
1.744405926892806269e+00
1.750215273998206200e+00
1.756039864841086429e+00
1.764080310277278185e+00
1.772023555288382957e+00
1.777636212953680905e+00
1.785289024967652294e+00
1.790059423598810540e+00
1.798543685398285907e+00
1.806281147466652692e+00
1.811950868516960300e+00
1.818583223248327219e+00
1.827026913263549712e+00
1.832639399524007118e+00
1.841225171437174568e+00
1.846921075312919269e+00
1.851512051019881255e+00
1.860259108267865447e+00
1.864759934612356229e+00
1.871006470387406750e+00
1.875667855872141576e+00
1.883501937941060689e+00
1.891426104683993303e+00
1.894864605993816342e+00
1.902370387622907222e+00
1.907269477050250073e+00
1.916483957996588661e+00
1.921839666847521277e+00
1.930367304143125295e+00
1.934963971626884716e+00
1.941347697657923588e+00
1.944727415369227330e+00
1.952023398169026036e+00
1.958596796308762933e+00
1.963690460809533356e+00
1.969488653093019126e+00
1.975093324746679091e+00
1.981197101042650344e+00
1.988048745929164918e+00
1.993386663598702091e+00
1.997991842574806665e+00
1.999581963492857772e+00
2.008578507842447181e+00
2.016868772177018432e+00
2.018272781651944570e+00
2.026066046412894117e+00
2.031267303100126931e+00
2.034061549882272946e+00
2.040608147189210353e+00
2.047817019172529118e+00
2.051918688301881843e+00
2.057878180196916151e+00
2.062382419289023883e+00
2.068811848028157208e+00
2.072726308699099462e+00
2.078285317780579344e+00
2.083367091024305395e+00
2.088100474545693697e+00
2.097276390415939051e+00
2.103971039295887024e+00
2.105572893810691237e+00
2.104650450665167316e+00
2.106817616006880556e+00
2.114896722366067294e+00
2.125649560694605533e+00
