-5.037253884577705572e-03
-6.775128490890264255e-03
-8.403494885924565547e-03
-9.166147164364209232e-03
-1.118260201105566662e-02
-1.307203622475801991e-02
-1.777652159236406751e-02
-1.994915995774690365e-02
-1.902105040961357685e-02
-1.672220050043598735e-02
-1.195571325341242101e-02
-1.878241089950261414e-02
-1.541289038336584281e-02
-5.686040809384836775e-03
-8.343999436375836021e-03
1.932986249987005741e-03
1.264686127373819934e-02
3.797804386239320585e-03
5.967803263984191968e-03
1.735175552628746842e-02
2.665904430586574225e-02
3.473844262033792818e-02
5.113872071571590183e-02
6.475378150811789135e-02
5.089084946605614695e-02
6.290621828549411432e-02
8.642806724711248056e-02
8.952456127709323974e-02
1.148803712918180092e-01
1.185450144219463431e-01
1.296059406802456682e-01
1.361378445567552886e-01
1.528889338690050670e-01
1.512647086862487500e-01
1.771964616301197615e-01
1.940017319740300894e-01
2.087877656431587903e-01
2.279759166516936442e-01
2.358781156666822920e-01
2.382929631960131189e-01
2.609329713146456009e-01
2.705543443294918249e-01
2.829221003644708521e-01
2.949008438378147856e-01
3.041864290776142843e-01
3.245940074188022328e-01
3.405014747118850771e-01
3.521376040083669667e-01
3.629800394901367411e-01
3.886367529240412622e-01
3.950113044533872242e-01
4.050359129833573379e-01
4.252941219304816611e-01
4.250105146145912172e-01
4.426156206750171407e-01
4.648811683667394834e-01
4.817923274396002098e-01
4.973392158767884763e-01
5.112964743861501127e-01
5.196157966183436727e-01
5.340283459716732573e-01
5.459349270916767916e-01
5.667133841859870458e-01
5.743722905152147673e-01
5.904690455286012440e-01
6.046370078402955039e-01
6.136640945780329481e-01
6.289275794014566046e-01
6.420509645172229884e-01
6.534826441326648805e-01
6.607596714546200012e-01
6.854964047192676491e-01
7.005628698329273707e-01
7.003656800379637337e-01
7.268669530607476670e-01
7.356665107322207797e-01
7.485479393613344579e-01
7.583235000998612696e-01
7.721923777751658058e-01
7.803840849715301120e-01
7.967412549743732031e-01
8.098236835534674549e-01
8.194692954285414110e-01
8.376679679125119682e-01
8.504799370985439699e-01
8.670590194586470512e-01
8.791143440065334325e-01
8.894481641713929410e-01
9.014713813232410056e-01
9.108184295542717246e-01
9.259214073148084312e-01
9.406985931954386926e-01
9.505271985291265935e-01
9.605977880735125929e-01
9.740984661802787326e-01
9.820214734038631432e-01
9.936272392571997569e-01
1.007134124513050510e+00
1.015207258800741474e+00
1.032414061923545345e+00
1.051018284446790796e+00
1.057609473422685298e+00
1.070684213346479785e+00
1.078817178873579419e+00
1.091488486603313657e+00
1.096179253097883999e+00
1.110367013544114378e+00
1.124835753079603151e+00
1.138605287900055663e+00
1.149877657443882484e+00
1.155867405703022932e+00
1.165816458206581974e+00
1.176482501022494409e+00
1.188945614700992914e+00
1.196437960902494879e+00
1.206801316978882710e+00
1.224478163490404059e+00
1.231346035845042319e+00
1.240614128576527087e+00
1.251406808802206339e+00
1.261283853450706260e+00
1.269751330991397253e+00
1.290235549387819924e+00
1.294730082513748881e+00
1.300744841532118334e+00
1.312459742916802563e+00
1.321065725118673484e+00
1.332879131013810392e+00
1.344776791096084612e+00
1.351827614427975055e+00
1.364178327387860490e+00
1.373863635240609282e+00
1.378316396300041990e+00
1.390818670843244620e+00
1.398951300920711738e+00
1.413227305973757675e+00
1.420081256308089346e+00
1.429049236649927002e+00
1.438310213738740018e+00
1.446332039516553314e+00
1.455484771916373488e+00
1.465929078666542207e+00
1.474083480228842724e+00
1.487025079577189768e+00
1.492613749008312896e+00
1.502009352386254548e+00
1.510118060583166333e+00
1.517330761809347672e+00
1.524224806494798079e+00
1.536353206234171820e+00
1.544599630782828914e+00
1.551022101749278015e+00
1.563760249438196803e+00
1.569708993890652993e+00
1.578314045433580226e+00
1.586760583916041689e+00
1.594855109790928482e+00
1.603464502590064455e+00
1.611302139387712273e+00
1.620377108106422437e+00
1.628458851389940287e+00
1.637646151681821705e+00
1.644397345307266889e+00
1.650136695716085677e+00
1.657282135840467019e+00
1.664869203186528646e+00
1.675378965599055858e+00
1.683336075537523957e+00
1.692994871490390185e+00
1.698297235583406950e+00
1.704603122643410407e+00
1.711411947057631222e+00
1.721856441456021347e+00
1.728412978418333523e+00
1.735343822035043448e+00
1.743051854645150112e+00
1.749199115206102162e+00
1.757679744737963068e+00
1.765643359550762792e+00
1.773111082891268175e+00
1.778635846922480557e+00
1.785807076964804008e+00
1.792350999165127412e+00
1.800479813480934554e+00
1.806769487151858034e+00
1.814398610091003006e+00
1.819764833296926287e+00
1.828428547270035898e+00
1.835566911816849167e+00
1.842297148890520431e+00
1.849535224270641987e+00
1.856213107265433537e+00
1.862360724355208497e+00
1.870978409273200027e+00
1.876226881033202343e+00
1.881598195887712599e+00
1.889659582167920737e+00
1.894450645470569183e+00
1.900446576026255885e+00
1.907252353981939264e+00
1.913948229746354368e+00
1.921396943602516671e+00
1.925751378452560170e+00
1.932753372852024309e+00
1.938366622143238738e+00
1.946338797451379499e+00
1.951542633064972332e+00
1.960149652564419309e+00
1.966499352275816292e+00
1.970720804561770123e+00
1.974493660602136824e+00
1.980501864336242202e+00
1.988294240237742150e+00
1.993374671435614642e+00
1.999217262745789370e+00
2.004201425502072365e+00
2.010619577343509157e+00
2.017863235742455963e+00
2.022329818517895283e+00
2.028132890227389407e+00
2.030907640496861788e+00
2.040096281385581189e+00
2.045989048190476556e+00
2.048076383110995824e+00
2.056773403422345492e+00
2.062935917305001698e+00
2.064643570208653411e+00
2.072015408738005604e+00
2.077739124302045770e+00
2.082152044543442049e+00
2.088129201313488004e+00
2.092928659842189454e+00
2.098064301120282860e+00
2.103465311286961015e+00
2.108286335751427210e+00
2.112797231026398048e+00
2.116637247525477328e+00
2.124705005228824994e+00
2.133610442928880246e+00
2.137217090854465873e+00
2.138232800159492797e+00
2.138568474503676153e+00
2.143630982281957920e+00
2.149554845497625433e+00
2.157415124865764700e+00
