-4.855469583433863999e-03
-6.845578382533313785e-03
-8.355037342216060231e-03
-8.957258198639284769e-03
-1.091791529104948338e-02
-1.277970805816409233e-02
-1.717409300619767223e-02
-1.937698052510673785e-02
-1.844848691026442639e-02
-1.627853469041434450e-02
-1.153496838587785879e-02
-1.784234520493625450e-02
-1.453494839662197204e-02
-4.977338836964867626e-03
-7.655437481273037227e-03
2.464106564630778526e-03
1.294438821693060480e-02
4.145225547561723171e-03
6.390747079434130722e-03
1.773221333634433447e-02
2.692378984852417112e-02
3.494612865135999363e-02
5.103641161861539183e-02
6.441257750364724755e-02
5.089854511464553255e-02
6.288219853634963163e-02
8.564533351691321073e-02
8.847338568084657517e-02
1.140737178155027814e-01
1.174508442360332888e-01
1.284917198172006170e-01
1.346636881378880934e-01
1.515149978272133935e-01
1.497283519629057646e-01
1.753935066408483234e-01
1.921208950012752992e-01
2.063776523829609355e-01
2.254257490034140277e-01
2.334297300001055286e-01
2.356951986474298266e-01
2.580307689606867183e-01
2.676962524157350254e-01
2.799534597366543642e-01
2.920180100899025244e-01
3.009712161603327885e-01
3.214241968058420551e-01
3.360232816330636640e-01
3.480310795262853141e-01
3.589761873961549443e-01
3.841213135594131467e-01
3.904103555879993581e-01
4.002027841886628967e-01
4.208055545860858726e-01
4.200710083261805505e-01
4.375312619637374834e-01
4.596785900477826647e-01
4.767947608688358763e-01
4.921507701838708226e-01
5.054226285892687853e-01
5.139615644481484447e-01
5.287712376569196904e-01
5.397767696554000016e-01
5.612466586737335783e-01
5.677965354564408207e-01
5.842686209009054776e-01
5.985758858598656529e-01
6.070257177079394495e-01
6.225145580212542162e-01
6.351338863783325683e-01
6.463317211774669557e-01
6.540747566174315297e-01
6.783424505132715776e-01
6.933642666740336136e-01
6.922784765843468247e-01
7.198109807293167073e-01
7.280778466543587069e-01
7.405790754338155146e-01
7.503641734203219116e-01
7.643196155283932258e-01
7.724454810367679114e-01
7.887689134657253076e-01
8.011740572909806790e-01
8.113539319659281990e-01
8.288351825619590940e-01
8.425294327484756929e-01
8.585375333221177963e-01
8.699791062073616299e-01
8.804670120493728325e-01
8.924583966221830700e-01
9.020536441508950620e-01
9.168157257226287049e-01
9.313583252556675296e-01
9.416532109388917604e-01
9.521979052441915670e-01
9.645878917132978403e-01
9.722386627026980976e-01
9.837371882765126863e-01
9.973128298233936428e-01
1.005796385018713046e+00
1.022614416914628732e+00
1.041896600435878728e+00
1.047058972346186945e+00
1.061193668014021041e+00
1.069255805247963487e+00
1.081847651100622087e+00
1.086455327912877467e+00
1.100433422988023713e+00
1.114463556101905173e+00
1.128740122168114590e+00
1.139256930692065239e+00
1.144556359759696385e+00
1.155147870309683578e+00
1.166027930511194022e+00
1.179172914287569540e+00
1.185810162374208110e+00
1.196852839467064999e+00
1.213843042061196531e+00
1.220720359692846202e+00
1.230152033092756003e+00
1.240334372609149138e+00
1.249709712155747443e+00
1.259660319568609577e+00
1.279397853724248746e+00
1.284627408511170410e+00
1.290451312599296685e+00
1.302460050214007126e+00
1.310743150866825024e+00
1.321759488342818756e+00
1.334875473470694685e+00
1.340901400225829709e+00
1.354407934849781947e+00
1.362286313005152127e+00
1.367452224408328920e+00
1.380695479637143785e+00
1.387872666194473359e+00
1.402163528181975982e+00
1.408528483023750111e+00
1.417208333953883015e+00
1.427414949041324821e+00
1.436018850730519603e+00
1.444404413839786461e+00
1.454367170728944503e+00
1.462849136769702518e+00
1.475135871830786982e+00
1.480766490114324929e+00
1.489477527753695130e+00
1.498731727762393939e+00
1.506300299472430604e+00
1.513670901790620471e+00
1.524264940347983099e+00
1.533567360977689642e+00
1.540177614878757817e+00
1.551994670971013290e+00
1.557951346233690471e+00
1.566861778664284666e+00
1.574562043960909596e+00
1.583342976707367677e+00
1.591116362050787547e+00
1.599551830357360149e+00
1.608873814499472088e+00
1.616110683740120013e+00
1.626185226705188169e+00
1.632356515530284380e+00
1.638424135795901071e+00
1.645410918825261248e+00
1.651839541775710352e+00
1.663554720382917296e+00
1.671515171375159259e+00
1.680794885472722600e+00
1.686553654938662605e+00
1.693003589920648144e+00
1.698037613265094503e+00
1.710284559084372269e+00
1.716178957580838160e+00
1.723154337334385167e+00
1.730949067221496884e+00
1.736778058249674128e+00
1.745793542929780839e+00
1.753864906405828261e+00
1.761611962121065522e+00
1.767446438573846645e+00
1.773276604440950255e+00
1.781226199860124648e+00
1.789187591964838786e+00
1.794878480348245153e+00
1.802556944135422778e+00
1.807389760810221624e+00
1.815917768427740997e+00
1.823409547657007579e+00
1.829646288252628761e+00
1.835979960530758515e+00
1.844245976386640118e+00
1.850170695500736207e+00
1.858545141440740123e+00
1.864254019907971793e+00
1.869075881488930779e+00
1.877615267254897802e+00
1.882320238754324970e+00
1.888195684760480830e+00
1.893241813437268828e+00
1.900881957704579683e+00
1.908791927514720044e+00
1.912257689309804443e+00
1.919718956068225513e+00
1.924566037487061676e+00
1.933895950787186235e+00
1.938901849081647200e+00
1.947518026591760432e+00
1.952596661939049572e+00
1.958435987081658336e+00
1.961734982197345323e+00
1.969413765471314859e+00
1.975625660378986570e+00
1.981061713141290870e+00
1.987080193853334453e+00
1.992178345492779945e+00
1.998280120755411504e+00
2.005407489357776463e+00
2.010443583548904289e+00
2.015244952616031426e+00
2.017054205640151476e+00
2.026084864228986149e+00
2.034256722415271668e+00
2.035563130779931118e+00
2.043452298465477046e+00
2.048812861246846140e+00
2.051447448357470282e+00
2.058172268113416692e+00
2.064644864795833090e+00
2.068915700888959375e+00
2.074737718770880868e+00
2.079237033623996034e+00
2.085749087156184789e+00
2.090223695353886413e+00
2.095172953816339056e+00
2.100501831427072474e+00
2.105045232271617550e+00
2.114151011626153931e+00
2.120765513059322149e+00
2.122036238851447543e+00
2.121252343806868446e+00
2.123437191119256440e+00
2.131566128509562841e+00
2.142507610261184414e+00
