-4.971605193040298624e-03
-6.495640548480847987e-03
-8.003952568601660489e-03
-8.480420859576122752e-03
-1.000441327091932536e-02
-1.164717272351364734e-02
-1.579856625037624404e-02
-1.770874952095873728e-02
-1.695574526212983643e-02
-1.493134627878492209e-02
-1.067522762336988590e-02
-1.681797957344776870e-02
-1.377326231907682018e-02
-4.882723981770154160e-03
-7.278914737522502315e-03
2.210340365453674141e-03
1.201498573241780929e-02
3.580439257582840405e-03
5.483844723487812066e-03
1.600423009010247533e-02
2.433497008813674187e-02
3.201183220303400329e-02
4.690798058770106332e-02
6.008300043841619670e-02
4.673362150047313812e-02
5.783052867992796719e-02
8.011702003799393845e-02
8.213092822671642923e-02
1.060875963244007486e-01
1.096557544289266800e-01
1.197876682088787337e-01
1.247190270111327576e-01
1.405712159263028116e-01
1.390613743236109034e-01
1.646537669136408921e-01
1.801083809360441712e-01
1.929562816556011640e-01
2.117667319753825939e-01
2.192373476495256268e-01
2.205885237477590854e-01
2.426460748678515300e-01
2.513320735384208526e-01
2.624635474682429637e-01
2.739754144706569305e-01
2.825256563732287396e-01
3.007415924575373434e-01
3.147416266764300197e-01
3.268327780019033013e-01
3.376319719950272580e-01
3.615251489376118399e-01
3.672354507018665837e-01
3.773496686741538153e-01
3.963693833905588826e-01
3.955335549806930362e-01
4.116932149067021318e-01
4.342242571138511531e-01
4.501747005201061080e-01
4.652825741628561773e-01
4.781126331674788177e-01
4.846343883126962848e-01
4.987036921403693590e-01
5.094991828489593422e-01
5.305941972906688120e-01
5.360027270601013250e-01
5.525154156174277853e-01
5.673289653614206340e-01
5.740696768930654281e-01
5.875365803810391752e-01
6.014155818159746536e-01
6.117450317868926568e-01
6.192194714261576305e-01
6.426523012757614506e-01
6.561955379074185801e-01
6.563257310079884110e-01
6.822569284662067801e-01
6.904378285025599693e-01
7.036528699515425256e-01
7.119111601296108649e-01
7.239098454472054911e-01
7.330186097346996776e-01
7.489682962384504039e-01
7.608808253557992618e-01
7.715329712491140191e-01
7.893730272256723746e-01
8.004282707917107498e-01
8.163195453780944799e-01
8.276292209531659338e-01
8.372110438869801996e-01
8.490356793141944358e-01
8.579930843167903332e-01
8.723547250484767757e-01
8.875812531675713046e-01
8.981838639356893861e-01
9.063969548506427554e-01
9.192347480646222424e-01
9.276046863427086508e-01
9.377298984254470726e-01
9.514373444691959225e-01
9.598771470482425627e-01
9.767295926951475860e-01
9.944006506163379777e-01
1.000263895499264866e+00
1.011801317071475026e+00
1.021923311241537125e+00
1.034033078464119848e+00
1.037625869545828028e+00
1.051047837433909171e+00
1.065866509488028191e+00
1.078611073673376053e+00
1.089471616911636964e+00
1.094751404090040348e+00
1.105168191076207895e+00
1.115417714578601949e+00
1.127731428400900349e+00
1.135979421984952831e+00
1.146366594179551779e+00
1.162522567925445394e+00
1.170622255611967866e+00
1.178864373622890094e+00
1.189231332293176679e+00
1.197707961110605401e+00
1.206742507068792714e+00
1.226007398656831837e+00
1.230239242506306230e+00
1.238157779330563368e+00
1.249311737727148319e+00
1.257435551894187320e+00
1.268345669187947555e+00
1.279600086917509927e+00
1.287241038050327635e+00
1.299321341154939580e+00
1.308934814184654849e+00
1.313154630949237900e+00
1.325759815747427073e+00
1.333667342911796894e+00
1.346782545742274850e+00
1.352916890861173727e+00
1.363446155495232404e+00
1.371854200968754434e+00
1.380593182899568783e+00
1.389024638834577940e+00
1.399152753338763988e+00
1.407951729564165699e+00
1.420118684178941049e+00
1.425812631754153070e+00
1.435716990161418849e+00
1.443507061223346932e+00
1.450324399069391479e+00
1.458508922491417836e+00
1.468415471924819027e+00
1.476015927521958204e+00
1.483438028703180311e+00
1.495832496277220924e+00
1.502385547801192711e+00
1.510295593566394423e+00
1.518040145965618093e+00
1.525532988681408630e+00
1.535088784482101509e+00
1.544148372931942070e+00
1.552270671821347703e+00
1.560027498972358151e+00
1.568888439838961757e+00
1.574969300531066096e+00
1.580820833181092011e+00
1.587505402104595120e+00
1.596135155422228058e+00
1.606930088509356924e+00
1.614828995948828450e+00
1.623700344159064723e+00
1.629482762064126344e+00
1.635634832414226691e+00
1.642081728448584022e+00
1.652036189709528147e+00
1.659656482170112302e+00
1.665914125468132445e+00
1.674429534973003841e+00
1.680504020395403586e+00
1.688612491343726374e+00
1.696585445564369632e+00
1.704167781768057610e+00
1.710261293471455391e+00
1.716523006224796033e+00
1.723083736601263904e+00
1.731978647776013291e+00
1.737789270772014172e+00
1.744822845780457321e+00
1.751059024864258795e+00
1.758578526429546152e+00
1.765918933142095248e+00
1.771207554006583917e+00
1.779397065433250935e+00
1.786436312357530865e+00
1.792105783954476506e+00
1.800768852753080962e+00
1.807079480904026703e+00
1.811588954416659680e+00
1.820162262902955685e+00
1.823963710561427032e+00
1.831206213176392428e+00
1.836011483270855171e+00
1.843684567347084968e+00
1.851360053460238575e+00
1.855404127154081984e+00
1.863087454389876774e+00
1.868399971466011777e+00
1.875683472573803856e+00
1.881884732236318358e+00
1.890637509083936241e+00
1.895559170119949011e+00
1.901437351234982698e+00
1.905359685779643764e+00
1.911378645634484119e+00
1.918968438530314735e+00
1.923051794296368744e+00
1.929198580558259213e+00
1.935489163029350479e+00
1.941224349630347401e+00
1.947536818833609074e+00
1.953418030699951569e+00
1.957923875571911276e+00
1.960872706784207331e+00
1.969658072660349646e+00
1.976227494493913328e+00
1.978153678852036190e+00
1.986208021726893147e+00
1.991782682485676137e+00
1.994579170285275094e+00
2.001560047404189469e+00
2.008447566985469557e+00
2.013024828771487584e+00
2.019414435379901285e+00
2.023527389147136368e+00
2.028938965168420872e+00
2.032491961842211925e+00
2.039712457079755126e+00
2.043239604841511348e+00
2.048026091181103236e+00
2.056434821808334146e+00
2.065207612462674369e+00
2.069146200559400572e+00
2.070271137384985582e+00
2.070986853903485692e+00
2.075844322623085159e+00
2.080574275772240522e+00
2.089677949346332664e+00
