-4.948364363601838976e-03
-6.421473998680422672e-03
-7.922439464604533535e-03
-8.326108097765546126e-03
-9.637185616280184372e-03
-1.107974649344718211e-02
-1.503021430263551221e-02
-1.702351523601925917e-02
-1.666654873581912416e-02
-1.503808837295313866e-02
-1.099945093538894775e-02
-1.676019910227266943e-02
-1.335527661439336704e-02
-4.166237004226271828e-03
-6.101873047531240941e-03
3.260177631306222096e-03
1.252453497803861227e-02
3.701793479559652503e-03
5.080739539407905410e-03
1.512003829900602364e-02
2.317621269344379009e-02
3.083453369176199915e-02
4.542842855166228516e-02
5.854041417850322504e-02
4.546024033412551096e-02
5.646474927450053499e-02
7.859344466457593437e-02
8.051051594502953157e-02
1.041598459984214853e-01
1.077222549991647266e-01
1.175169540265373624e-01
1.218569447326431771e-01
1.372303429179416168e-01
1.355608793344981744e-01
1.608722607382188918e-01
1.759296291936071899e-01
1.883002109931395385e-01
2.070619627216598313e-01
2.145586033145746307e-01
2.157653713593540024e-01
2.377574193028941241e-01
2.462857413699774956e-01
2.571386464339714406e-01
2.685065732045107123e-01
2.767741704459416585e-01
2.943250881768896265e-01
3.076921708629250518e-01
3.197967594840436800e-01
3.305590900805311372e-01
3.539020489656068413e-01
3.594592526662697130e-01
3.696256561441494393e-01
3.883723300393602251e-01
3.874586380148716258e-01
4.032376087624035543e-01
4.258378025790844346e-01
4.415445861065663280e-01
4.565224607593750261e-01
4.690266189401519070e-01
4.750394541844448759e-01
4.889595066723578243e-01
4.994510549662826704e-01
5.205208606826774442e-01
5.254378632977045882e-01
5.419498851314840104e-01
5.569599348734960431e-01
5.631482376844700877e-01
5.760929971745080147e-01
5.901228064850350119e-01
6.002309033667966309e-01
6.077332831471414787e-01
6.308091284830054102e-01
6.439788119663307775e-01
6.442078962729625990e-01
6.698768274985184012e-01
6.779106806951401554e-01
6.911483797974413701e-01
6.990694574941430650e-01
7.104945796931122493e-01
7.198912824634120522e-01
7.357576097022699990e-01
7.473534342922212304e-01
7.583157105778985940e-01
7.759813262374102294e-01
7.865351227531567346e-01
8.021974551526672714e-01
8.133728209785792140e-01
8.227344691936544496e-01
8.345689995876499623e-01
8.433893093533046947e-01
8.575316723851247325e-01
8.728285944502179872e-01
8.836369831241174255e-01
8.913262348818880021e-01
9.040263467296828503e-01
9.125938174794554492e-01
9.222320172183501308e-01
9.360434499630165828e-01
9.445816182518355086e-01
9.612380405136533579e-01
9.785310718362996152e-01
9.843296577315483464e-01
9.953688128039391847e-01
1.006099480358007670e+00
1.017977953368983224e+00
1.021350562412968177e+00
1.034616893541454585e+00
1.049427828230021786e+00
1.061876201184921431e+00
1.072652822393562522e+00
1.077806249152958529e+00
1.088286277502254595e+00
1.098411865684696176e+00
1.110679107873874027e+00
1.119237573608257375e+00
1.129557526922353450e+00
1.145157305876689735e+00
1.153674149228954615e+00
1.161683324066757450e+00
1.171877517098893318e+00
1.180129536594343387e+00
1.189198869804544145e+00
1.207987412988342779e+00
1.212247427574237202e+00
1.220654141020357963e+00
1.231654153571845489e+00
1.239683770115979744e+00
1.250300422512790277e+00
1.261417620374158055e+00
1.269350387570134409e+00
1.281181530568673788e+00
1.290753423682061696e+00
1.295151772442715510e+00
1.307640657384286476e+00
1.315444478149972340e+00
1.328140176766368752e+00
1.334248910569290292e+00
1.345140989193736258e+00
1.353271215577993569e+00
1.362232500153072623e+00
1.370471032480195639e+00
1.380424413957288099e+00
1.389478752581543963e+00
1.401349891150265092e+00
1.407089858603445043e+00
1.417121567446056662e+00
1.424818757818299808e+00
1.431468156966313465e+00
1.440024864845979913e+00
1.449338603472780207e+00
1.456731303886315665e+00
1.464464000592625714e+00
1.476658021840794088e+00
1.483533391830893278e+00
1.491286270868743991e+00
1.498804502404877281e+00
1.506060454499443813e+00
1.515729569081556205e+00
1.525316782400032878e+00
1.533113647391446177e+00
1.540792508038394626e+00
1.549520385519971732e+00
1.555416051050509729e+00
1.561363144805001157e+00
1.567987987692150087e+00
1.576932861420220711e+00
1.587700803741617817e+00
1.595618362268872881e+00
1.604324423895394869e+00
1.610077116513710882e+00
1.616309336639255800e+00
1.622680374930453917e+00
1.632485741101324717e+00
1.640276181510014641e+00
1.646476355533534885e+00
1.655129058367150963e+00
1.661182525619588901e+00
1.669246374846558245e+00
1.677139878920507421e+00
1.684865204038126230e+00
1.691028366997719745e+00
1.696975754571088846e+00
1.703645385077714902e+00
1.712591128378453842e+00
1.718452952435256087e+00
1.725299790518239451e+00
1.731859033203350329e+00
1.738963310769377157e+00
1.746307978219940882e+00
1.751264670936742318e+00
1.759812925552767249e+00
1.766833901273990870e+00
1.772238131661709071e+00
1.781015905537882915e+00
1.787547483907285129e+00
1.792007063395144817e+00
1.800561284500688197e+00
1.804272226755100572e+00
1.811859278555284725e+00
1.816286448146829491e+00
1.824181841762630318e+00
1.831789043698979658e+00
1.835704888535167001e+00
1.843586019013402799e+00
1.848975575322070020e+00
1.855907022234268844e+00
1.862571057497262039e+00
1.871277113406242254e+00
1.875881810116982740e+00
1.881965528572261181e+00
1.886118793274301098e+00
1.892084679965789551e+00
1.899591657857686577e+00
1.903428505674955584e+00
1.909740575177510502e+00
1.916461922925034811e+00
1.922068062786372211e+00
1.928156225774301014e+00
1.934176183030171581e+00
1.938445520715398551e+00
1.941877652614406369e+00
1.950446023212555335e+00
1.956835927245354378e+00
1.958951372360692833e+00
1.966565249692023842e+00
1.971891956191674344e+00
1.975030473707727996e+00
1.981900811843203769e+00
1.989078358317633688e+00
1.994101983028384373e+00
2.000649476655385950e+00
2.004688321084417524e+00
2.010255391186511975e+00
2.013842561506009599e+00
2.021637697227334662e+00
2.025282410504097630e+00
2.029359501954488998e+00
2.035858680293539891e+00
2.042692271854875230e+00
2.046875194318395152e+00
2.050857345817211463e+00
2.056147558616995941e+00
2.063842250062446038e+00
2.067015021609149628e+00
2.071288266135537626e+00
2.076965407054885304e+00
2.082396482024280626e+00
2.085006924175399234e+00
2.091743059610839062e+00
2.096710887646021870e+00
2.101358995573899158e+00
2.107414584971197158e+00
2.112051496467914902e+00
2.114680887967043788e+00
2.119811392578646814e+00
2.126288338432916092e+00
2.130222553345183290e+00
2.134709337502830540e+00
2.138592755777439347e+00
2.144900244376834575e+00
2.148483405868395479e+00
2.153085088606243147e+00
2.159451479555742015e+00
2.163356211850846034e+00
2.167457142769519063e+00
2.170237848089281663e+00
2.177008327553747069e+00
2.179727610028785012e+00
2.184661949029208294e+00
2.189942849490950749e+00
2.192462370459869803e+00
2.198882764138365253e+00
2.201867242557570936e+00
2.206677337094308911e+00
2.212367638540040815e+00
2.214627956002873876e+00
2.219398962159330413e+00
2.223840783217693406e+00
2.228265566429329603e+00
2.231958184094663622e+00
2.235492826961932078e+00
2.238920303691657843e+00
2.244057428046847491e+00
2.247613178433424785e+00
2.251406250979050672e+00
2.255557829541707360e+00
2.261166963038061972e+00
2.264967091833648194e+00
2.267673689916826607e+00
2.272025701782240947e+00
2.275798616990325929e+00
2.280621718530329023e+00
2.284693060283453647e+00
2.289029043144310993e+00
2.292233320700334254e+00
2.295559423252115483e+00
2.298591106318933264e+00
2.304134669768163057e+00
2.307426951131025028e+00
2.310099098829148989e+00
2.315689690197607398e+00
2.318619507373938848e+00
2.321221169758116876e+00
2.327209773230079382e+00
2.329681320874352757e+00
2.334071472997838015e+00
2.338164548190713177e+00
2.341040721970047755e+00
2.345723784412609980e+00
2.347826865640922467e+00
2.351769336649316866e+00
2.356151294943475971e+00
2.359882352061057453e+00
2.362262650793881313e+00
2.365826994740587441e+00
2.369191905198785530e+00
2.373029351274961840e+00
2.376561714493317545e+00
2.379691457156736689e+00
2.382675158094795798e+00
2.387523483403385161e+00
2.390847976536696340e+00
2.393133269252808670e+00
2.397216315364373962e+00
2.400043665916467006e+00
2.404164625697335467e+00
2.406783184347559779e+00
2.410212881117831607e+00
2.413530729472381786e+00
2.417579878998995291e+00
2.420413790565901113e+00
2.423835343687012589e+00
2.426052576431279473e+00
2.430121630382361619e+00
2.433384739729322455e+00
2.437096107351831797e+00
2.440486187244189420e+00
2.443308399194942027e+00
2.446812066848288225e+00
2.449056882343584096e+00
2.453013247762758198e+00
2.455939436541153320e+00
2.456889450488424220e+00
2.460929829228264420e+00
2.464628062610099146e+00
2.468202347230429528e+00
2.471001368407165444e+00
2.473180352897710321e+00
2.477408990742242079e+00
2.480138554957957542e+00
2.482755490663103526e+00
2.485300943624779713e+00
2.488653466120517077e+00
2.491641222611284512e+00
2.495218006941672950e+00
2.498549524581100023e+00
2.501693722667457820e+00
2.504401004846203094e+00
2.505591626882514689e+00
2.508561644079382980e+00
2.512373164229538602e+00
2.514584144458988479e+00
2.516669449678131443e+00
2.521075618422325082e+00
2.523855367885216694e+00
2.525552695869281550e+00
2.528391213784206837e+00
2.531134378217040126e+00
2.534435732342339431e+00
2.536948067137021923e+00
2.539741967761750985e+00
2.542865794980484484e+00
2.544693505336646400e+00
2.547625651233177635e+00
2.551574266758319443e+00
2.553198346511985406e+00
2.555672402386128805e+00
2.558381550582725872e+00
2.561114825191166844e+00
2.563920944721640449e+00
2.567316851671085587e+00
2.568979429528521763e+00
2.571982017678827059e+00
2.573974546785928297e+00
2.578308086487963280e+00
2.580588753234349664e+00
2.583157377094955631e+00
2.584571106850355182e+00
2.587760262305093484e+00
2.590512012792209440e+00
2.593569182626636049e+00
2.594696843904484851e+00
2.597780849583423368e+00
2.599294881551849290e+00
2.602701893107154607e+00
2.605811554764647653e+00
2.607702902064923833e+00
2.609205513008184152e+00
2.612217744120250540e+00
2.615186478787683733e+00
2.616804070679159100e+00
2.620059304729948746e+00
2.621345582734162072e+00
2.623619792827184938e+00
2.627497000070068811e+00
2.629949214857164375e+00
2.630362916370464710e+00
2.633395730148393010e+00
2.635938222603915193e+00
2.639168524315743003e+00
2.642115966290211393e+00
2.643010952125450341e+00
2.645175280727762424e+00
2.647863427609577602e+00
2.649664443041087392e+00
2.653272521530992023e+00
2.655385110891144151e+00
2.657280021588237950e+00
2.660393639711303493e+00
2.662876702599357159e+00
2.664923592461337254e+00
2.665899421783800349e+00
2.669218305543641812e+00
2.671746003057867469e+00
2.673712933267785363e+00
2.675451822885400066e+00
2.677151316903307432e+00
2.679640059395687945e+00
2.682520336536061922e+00
2.684766514405005022e+00
2.686791415161504215e+00
2.688876981116568921e+00
2.689976239309431971e+00
2.692991154763371142e+00
2.695304779340531365e+00
2.698166752868879303e+00
2.699548399318169700e+00
2.701429348319207779e+00
2.702877598124475700e+00
2.705782311113315686e+00
2.708672193819255281e+00
2.710972900480413283e+00
2.712506977486634607e+00
2.713977455322117205e+00
2.716324733918009215e+00
2.717252429857255347e+00
2.721166771535645790e+00
2.722834519863147396e+00
2.723951289790462749e+00
2.727015268622608346e+00
2.729217422619591549e+00
2.731475503857290210e+00
2.731750878487936074e+00
2.734854181400705020e+00
2.737652505188590712e+00
2.739632517646620524e+00
2.740765449412569499e+00
2.743813398239566492e+00
2.745005426518072777e+00
2.746994735198250215e+00
2.748748086852545569e+00
2.751145938114082590e+00
2.753538919667659624e+00
2.754800925999944194e+00
2.757406762044052329e+00
2.758469486509214974e+00
2.760246135146021462e+00
2.762758503861007853e+00
2.764639658655889676e+00
2.765891098583089125e+00
2.768114689918130367e+00
2.770548272887536800e+00
2.771839998540496008e+00
2.774025880198765837e+00
2.775766136576761856e+00
2.777937631594905366e+00
2.778832691961058199e+00
2.781874280721012838e+00
2.782754158513363496e+00
2.785501777998715678e+00
2.786596886039632182e+00
2.789332635772511892e+00
2.790937413636475739e+00
2.792498872336011129e+00
2.794318899907971332e+00
2.795795727020853327e+00
2.797999411972972084e+00
2.800070627762480058e+00
2.801347333099524661e+00
2.803485002199228582e+00
2.805635457563468549e+00
2.806187129138954184e+00
2.808478457463128741e+00
2.810410904881351257e+00
2.813696761622601183e+00
2.816930247915786723e+00
2.818050553990026241e+00
2.819362500319616771e+00
2.819087357976316266e+00
2.819290190973349208e+00
2.818597409251582420e+00
2.820173443028463733e+00
2.824955301126524265e+00
2.830764408689729006e+00
2.836685131422937101e+00
2.839114277024488153e+00
2.837957762783756888e+00
2.834678383239765509e+00
2.829898597337910715e+00
2.829408515750480024e+00
2.833027445967248870e+00
2.839363553016480690e+00
