-4.934958902869789922e-03
-6.350283553413675099e-03
-7.815698407743081749e-03
-8.148676122303693745e-03
-9.329687507646238984e-03
-1.070666300035539448e-02
-1.450198524616779297e-02
-1.642258837958405354e-02
-1.609828665438190268e-02
-1.453432126377915933e-02
-1.063577661274456472e-02
-1.622311680322836153e-02
-1.291480799759940276e-02
-3.969467365207111909e-03
-5.833403352211902031e-03
3.306767404311754602e-03
1.233704248341661001e-02
3.664338143374558810e-03
4.989592722940156683e-03
1.479284733942061100e-02
2.258714818946803635e-02
3.012322424427728296e-02
4.431008814969836229e-02
5.727496578187189769e-02
4.436065058300193986e-02
5.510571833916437512e-02
7.686429167627001346e-02
7.851360221484615654e-02
1.017349226077971236e-01
1.052939298260440470e-01
1.148198278980290948e-01
1.187481755801763628e-01
1.338682835768694734e-01
1.322838916452044045e-01
1.574241440671705905e-01
1.721066077122215821e-01
1.839598265667696242e-01
2.025707356846110363e-01
2.099690583905928776e-01
2.108845868053265959e-01
2.326816127505111353e-01
2.409613004153360882e-01
2.514822017202050786e-01
2.626999943874537280e-01
2.707345974046705406e-01
2.877207163982559157e-01
3.005574071226942423e-01
3.127717673657419706e-01
3.235745503433540282e-01
3.463545148067771473e-01
3.517314227585389141e-01
3.619027034028963197e-01
3.803238984106341869e-01
3.792902106549957408e-01
3.946267388179077740e-01
4.172417897698116329e-01
4.326850646771429609e-01
4.475267883471204522e-01
4.597229110752386605e-01
4.652536453134162309e-01
4.790487278680338190e-01
4.892774893345677167e-01
5.102948110056388931e-01
5.147927449847786718e-01
5.312450483993700345e-01
5.464523236500595793e-01
5.520913252193536680e-01
5.644800487705792236e-01
5.785982334659557358e-01
5.885019231923559468e-01
5.960185048227036875e-01
6.187296867636949971e-01
6.315448078341999727e-01
6.318798024509436617e-01
6.572591754055046032e-01
6.651698445317499875e-01
6.784116478400242789e-01
6.860233325306427377e-01
6.968458923048821418e-01
7.065484180938658154e-01
7.223288464104719031e-01
7.336029019379778360e-01
7.448711715773559394e-01
7.623319378422651615e-01
7.723729700500397977e-01
7.877796992954583244e-01
7.988448327863869602e-01
8.080066968337372701e-01
8.198638357171331714e-01
8.285189315917014241e-01
8.424359890721231370e-01
8.577780479711732964e-01
8.687894940992717530e-01
8.759493294192156609e-01
8.885314405988387065e-01
8.973317097252149210e-01
9.064365975346757587e-01
9.203633752179465333e-01
9.289889895358044436e-01
9.454195654150755468e-01
9.622666613643121591e-01
9.680661391839763263e-01
9.785867439755558950e-01
9.899298189983042340e-01
1.001553627163175308e+00
1.004736348649246880e+00
1.017873633758874075e+00
1.032612756856199576e+00
1.044754358675884731e+00
1.055455552545704556e+00
1.060524593851242425e+00
1.071030765336542068e+00
1.081037372585482714e+00
1.093254753184900174e+00
1.102153202069280358e+00
1.112369023763985165e+00
1.127354606445181595e+00
1.136311418655288064e+00
1.144110213222784500e+00
1.154106732655157730e+00
1.162208329298476617e+00
1.171252599223981061e+00
1.189510152725635317e+00
1.193819947560110339e+00
1.202693195718597341e+00
1.213551532637163533e+00
1.221490629946998752e+00
1.231792806958232678e+00
1.242806829541807323e+00
1.251073613739558610e+00
1.262574514937234049e+00
1.272089771045063156e+00
1.276780328572424850e+00
1.289051271698079093e+00
1.296732280932802128e+00
1.308994004251667009e+00
1.315161722514203602e+00
1.326351745931200421e+00
1.334203634609837374e+00
1.343356485203378581e+00
1.351424554534011335e+00
1.361169098705526048e+00
1.370491152145592029e+00
1.382042620674851285e+00
1.387860669455552642e+00
1.397988104644321661e+00
1.405592591124236401e+00
1.412059539787413831e+00
1.420981643593588917e+00
1.429757674361282982e+00
1.436911628901815341e+00
1.444956387270416309e+00
1.456893664618455153e+00
1.464124942027715592e+00
1.471741976311329303e+00
1.479053261267949892e+00
1.486057525719141958e+00
1.495753400087584728e+00
1.505920628189400867e+00
1.513384081682274340e+00
1.520996065043214385e+00
1.529579213794285630e+00
1.535295652539812927e+00
1.541364634946984502e+00
1.547936027289436911e+00
1.557185648390047028e+00
1.567889388904457393e+00
1.575811755317815477e+00
1.584371065391820821e+00
1.590060637396856880e+00
1.596428366687385969e+00
1.602728549627506993e+00
1.612393192607193937e+00
1.620242383735194025e+00
1.626482831578869082e+00
1.635212765069135266e+00
1.641242010869579993e+00
1.649324987836048084e+00
1.657090401158726856e+00
1.664959051576831772e+00
1.671152650267211381e+00
1.676809113353040726e+00
1.683615923643799528e+00
1.692517412220164497e+00
1.698536681395675041e+00
1.705185519617857581e+00
1.712062645124235782e+00
1.718724309859465116e+00
1.726085218912608132e+00
1.730779565304633616e+00
1.739668479181950778e+00
1.746655963365099318e+00
1.751764601563942536e+00
1.760673646008287463e+00
1.767363339514814946e+00
1.771877170074012797e+00
1.780344318742081988e+00
1.784032068498900614e+00
1.791969422695804504e+00
1.796065038564013339e+00
1.804186068171639734e+00
1.811606912256908064e+00
1.815429117013163340e+00
1.823486136734726593e+00
1.828995558340724692e+00
1.835565985773906394e+00
1.842730091382906110e+00
1.851396470802677996e+00
1.855728980838942110e+00
1.861833696713809383e+00
1.866325275167166842e+00
1.872210582602475304e+00
1.879657926406138158e+00
1.883299816538076543e+00
1.889757211738522180e+00
1.896825386625375920e+00
1.902268755587136262e+00
1.908221316178787319e+00
1.914296780525515107e+00
1.918405037469984808e+00
1.922294395836819936e+00
1.930628164275461245e+00
1.936825455541505869e+00
1.939347570150269817e+00
1.946483444714616873e+00
1.951606537185484935e+00
1.955041769655326611e+00
1.961890560799399497e+00
1.969248777983087173e+00
1.974651935232119460e+00
1.981081220274922616e+00
1.985023037558016679e+00
1.990649287596403472e+00
1.994300761807506817e+00
2.002035594661528695e+00
2.005830964032810027e+00
2.009950626400673901e+00
2.016504438134840260e+00
2.023267770630184259e+00
2.027663070379999155e+00
2.031600259616873849e+00
2.036942672520802411e+00
2.044659682694584646e+00
2.047395439613940660e+00
2.051508150931275143e+00
2.057399619807200430e+00
2.063085152856420912e+00
2.065846701331460533e+00
2.072206348908373297e+00
2.077519979406716732e+00
2.082226057478426817e+00
2.088118939729848300e+00
2.092765668595232942e+00
2.095617040425718614e+00
2.100357304783327272e+00
2.107238352283263616e+00
2.111115131022870628e+00
2.115554725940666181e+00
2.119393511869877234e+00
2.125601030378556189e+00
2.129344417358740138e+00
2.133799867984151444e+00
2.140238104248379791e+00
2.144410579034447206e+00
2.148243218204192839e+00
2.151105011967241687e+00
2.158115093159824305e+00
2.160563947191738610e+00
2.165233913178218561e+00
2.170626102717659212e+00
2.173453941585583138e+00
2.179561027437799670e+00
2.182961727772080529e+00
2.187555712432201815e+00
2.193377939838865753e+00
2.195784909901433490e+00
2.200254483352796608e+00
2.204877626527382617e+00
2.209196815155377358e+00
2.213086918001680559e+00
2.216808394782451952e+00
2.220085061177007990e+00
2.225356150374357078e+00
2.228823747198538374e+00
2.232779220799149034e+00
2.236821632338024113e+00
2.242184022555264722e+00
2.246449089884307693e+00
2.249068820531983093e+00
2.253527438353788437e+00
2.257306144063856657e+00
2.262213428507272805e+00
2.266378228025923924e+00
2.270780707316310654e+00
2.274032289111501903e+00
2.277133813844210319e+00
2.280176551814608210e+00
2.285833120080847713e+00
2.289167464657009710e+00
2.291760021785981927e+00
2.297228043510017415e+00
2.300480616715839588e+00
2.302892723816036380e+00
2.308996932669878266e+00
2.310854114936885750e+00
2.315634995610553748e+00
2.320078565497744716e+00
2.323102111498366984e+00
2.327355139160510067e+00
2.329583080992014388e+00
2.333852810939156530e+00
2.338013592898397608e+00
2.341801427453835238e+00
2.344355909960976980e+00
2.348069772699118207e+00
2.351028908977664589e+00
2.355019386509178414e+00
2.358702454617823019e+00
2.361639503094694614e+00
2.364525577984435856e+00
2.369367719513260973e+00
2.372921540074878877e+00
2.375057039580271478e+00
2.379475758936017815e+00
2.381988272594591560e+00
2.386103119077738643e+00
2.389116823246924870e+00
2.392170939373261085e+00
2.395610401992643190e+00
2.399937117010709997e+00
2.402747830488317415e+00
2.405849381058598802e+00
2.408277903048867685e+00
2.411976769557795830e+00
2.415508567428529485e+00
2.419305835348210199e+00
2.422810349792576812e+00
2.425820722722545675e+00
2.429000490015037261e+00
2.431166206188998480e+00
2.434995071019645962e+00
2.438263070390597420e+00
2.439318756418497713e+00
2.442973233061525029e+00
2.446722442487692106e+00
2.450465198924955512e+00
2.453235648841148642e+00
2.455521429941104117e+00
2.459732288286259561e+00
2.462326394411814778e+00
2.465136841660101830e+00
2.467953277464940420e+00
2.470854426485895594e+00
2.474048289685738755e+00
2.477980618858135475e+00
2.480964851913929792e+00
2.483920357191673034e+00
2.486435121553081995e+00
2.487797400894521171e+00
2.491179636611537518e+00
2.494663990231548834e+00
2.497240164180056787e+00
2.499245861635364552e+00
2.503715700790998699e+00
2.506476384913514543e+00
2.508096005780637849e+00
2.510929367912522636e+00
2.513571309769359274e+00
2.517002481431608985e+00
2.519237320292988969e+00
2.522362846799693692e+00
2.525275059517517295e+00
2.527622081185989078e+00
2.530472597674770174e+00
2.534370309203806571e+00
2.535924406088130745e+00
2.538147663240182705e+00
2.541032651489164351e+00
2.544297305038509371e+00
2.546622813590737167e+00
2.549956162612822208e+00
2.551589555844365531e+00
2.554616282743942257e+00
2.556684966570031303e+00
2.560833617090667591e+00
2.563266070622737924e+00
2.566001781884613919e+00
2.567269123221399774e+00
2.570652662343926309e+00
2.573126206996805720e+00
2.576503070727052425e+00
2.577454230227950394e+00
2.580238703726324356e+00
2.582382205546777332e+00
2.585374208454206180e+00
2.588501336871824599e+00
2.590816833687506371e+00
2.592545795975885525e+00
2.595039691430690798e+00
2.598190396454908679e+00
2.599376229162645213e+00
2.602755600867752594e+00
2.604589043905458645e+00
2.606610743313753531e+00
2.610364044842250930e+00
2.612794800524505412e+00
2.613570580062247295e+00
2.616656632317218456e+00
2.619047005353619006e+00
2.622650217227811886e+00
2.625200541398010401e+00
2.626154720591023395e+00
2.628643907174712968e+00
2.630870357811229354e+00
2.632708971764506245e+00
2.636681292321274128e+00
2.638129705430492855e+00
2.640441941315927021e+00
2.643666224308089507e+00
2.646015123924995383e+00
2.648466349817316434e+00
2.649011157286289997e+00
2.652982718062087297e+00
2.654942803465652812e+00
2.657145796828035422e+00
2.658929284583537278e+00
2.660763670764449529e+00
2.662890246835973418e+00
2.666170217481633742e+00
2.668408935438208118e+00
2.670369682749866413e+00
2.672299501309509662e+00
2.673726905204497406e+00
2.676526277411950261e+00
2.678901634628048978e+00
2.681584600723936784e+00
2.682888275267113709e+00
2.685116162050216637e+00
2.686668403071317712e+00
2.689311806444762087e+00
2.691997085556158797e+00
2.694540052520082440e+00
2.696020909850744829e+00
2.697593824507034110e+00
2.699362468966784778e+00
2.700658224296497156e+00
2.704450218254710769e+00
2.706818072544785458e+00
2.707445075630527054e+00
2.710546019274798990e+00
2.712815726139393036e+00
2.715097491195480384e+00
2.715263230230233749e+00
2.718379324872078673e+00
2.720644756973642941e+00
2.722685698142718103e+00
2.724452220758213361e+00
2.727555001627527176e+00
2.728376714103232459e+00
2.730413422645475485e+00
2.732204586689413350e+00
2.734510464487836856e+00
2.736901475613869206e+00
2.738064360807158426e+00
2.741303458219805034e+00
2.742051250250698846e+00
2.743741160574353799e+00
2.746313051374318803e+00
2.747991940549844525e+00
2.749702502249725011e+00
2.752179713436643915e+00
2.754355921031435006e+00
2.755831790451449770e+00
2.757670344565600562e+00
2.759521502453333497e+00
2.761492627663534094e+00
2.762207143932445597e+00
2.765520526991634753e+00
2.766367424153092003e+00
2.769067511879521604e+00
2.770672192098708297e+00
2.772725493967417965e+00
2.774786490344533174e+00
2.776236223234871403e+00
2.778335623142348165e+00
2.779714469779554609e+00
2.782005905868120355e+00
2.783704712058674424e+00
2.784985770358488377e+00
2.787264776521955145e+00
2.789064608619797880e+00
2.789928094015130089e+00
2.791719900253023745e+00
2.793784387872138009e+00
2.797398171365845343e+00
2.800619423992169565e+00
2.801968642548201771e+00
2.803200234627780230e+00
2.802803563981529855e+00
2.803202613261851717e+00
2.803004701640768204e+00
2.803906508452330915e+00
2.808885342767359905e+00
2.814712133374027481e+00
2.820311346392688101e+00
2.822929389016342050e+00
2.821732109776111219e+00
2.818167713905458172e+00
2.814262751987603117e+00
2.813525195902089493e+00
2.816719894018027581e+00
2.823853123765168949e+00
