-4.758066425413572456e-03
-6.233813908340087549e-03
-7.500481995532970111e-03
-7.527366913766041744e-03
-8.429742486080017000e-03
-9.742333474118890571e-03
-1.298358125478523036e-02
-1.461614849067633011e-02
-1.407079539612340717e-02
-1.244825104498456861e-02
-8.816623967919261229e-03
-1.369214398820011412e-02
-1.103242761454823265e-02
-3.296787156265777903e-03
-5.340622774098576636e-03
3.030863817898707922e-03
1.157196602484247307e-02
3.817369303280691937e-03
5.585741614452516615e-03
1.491111302599388427e-02
2.203994723992290516e-02
2.913721961534618959e-02
4.202130141979004696e-02
5.427571457194695081e-02
4.204932478913470106e-02
5.197263788573606991e-02
7.192627006932333922e-02
7.268409237554290803e-02
9.491125592975592495e-02
9.816169829884344167e-02
1.072014355394955432e-01
1.100352831824904926e-01
1.246406269704994491e-01
1.234762701003690871e-01
1.481097877506704907e-01
1.615869673234360815e-01
1.718463840987525248e-01
1.897190693903106629e-01
1.970277321728233222e-01
1.970275083328493215e-01
2.179035086128654486e-01
2.256333358268557965e-01
2.350723874437717631e-01
2.458946021813646909e-01
2.529092060795298247e-01
2.688769358485160743e-01
2.796650315017110700e-01
2.923799979461438325e-01
3.034352521706304429e-01
3.244719171596698870e-01
3.290732300190557513e-01
3.389559765840500227e-01
3.570539906048040835e-01
3.555314943656525672e-01
3.692436849306113267e-01
3.917498634566631277e-01
4.067063431455676947e-01
4.208085924485654994e-01
4.314544813085272046e-01
4.362691109575401183e-01
4.504179616569283229e-01
4.592357689184371483e-01
4.802782390687673209e-01
4.834529947374739400e-01
4.993112083363341336e-01
5.153357726372174152e-01
5.194486855188640284e-01
5.304851754287986942e-01
5.440560593041304793e-01
5.535158484221370800e-01
5.609262073335782306e-01
5.825992110719010464e-01
5.946995931829605064e-01
5.950484767709818268e-01
6.192061773562002047e-01
6.270347946697990560e-01
6.399321158024040557e-01
6.468420312817076967e-01
6.562915140851148799e-01
6.670283972378022730e-01
6.820320508157715622e-01
6.927242318342282656e-01
7.044728217933524661e-01
7.207941470891473523e-01
7.300984754265327226e-01
7.444959684980826387e-01
7.550508769789133767e-01
7.641372240469366250e-01
7.757397532789508388e-01
7.849447406784778591e-01
7.973035955474904179e-01
8.121408645268073379e-01
8.244614472673180705e-01
8.302424713341828300e-01
8.422259986334811321e-01
8.514397129432298428e-01
8.589698640240699401e-01
8.732496328411487596e-01
8.822058495714166781e-01
8.976886565748369851e-01
9.139118729612143444e-01
9.184372247062789762e-01
9.289049759203840129e-01
9.418250814994219011e-01
9.523063753541451959e-01
9.557209053107074137e-01
9.676081729368297690e-01
9.816842582203491041e-01
9.930607057994912390e-01
1.003274352573064743e+00
1.008587141432750300e+00
1.018481364268553069e+00
1.028831672281454779e+00
1.040698172314760583e+00
1.051329833216338994e+00
1.060166412702810534e+00
1.073658147854501754e+00
1.083284958764378025e+00
1.091446910331761222e+00
1.100210057661225926e+00
1.108936936526399020e+00
1.117436101234814405e+00
1.133579335454428128e+00
1.137959687044667323e+00
1.147676430310403006e+00
1.159478194704216980e+00
1.166664687682910539e+00
1.175760625614921784e+00
1.187281913603769334e+00
1.195736045204651710e+00
1.206960887392206860e+00
1.215301403175861550e+00
1.221083938874706787e+00
1.232414203407929509e+00
1.239954221526651912e+00
1.250306669860274278e+00
1.257823895979101048e+00
1.268029796220200289e+00
1.275625701824558256e+00
1.285740874437831582e+00
1.294205497957800155e+00
1.302382626282439837e+00
1.312425121452838184e+00
1.322489746499352581e+00
1.329058363613772054e+00
1.339929990710770014e+00
1.346602676045485891e+00
1.352629961689329363e+00
1.362641931005363460e+00
1.370477769523254397e+00
1.376914160486873095e+00
1.385562149811659260e+00
1.395709735999849155e+00
1.405162554877172454e+00
1.411062207293302784e+00
1.418390680842648299e+00
1.425618278013997209e+00
1.434040789182692732e+00
1.446846722870141377e+00
1.452778624358115778e+00
1.460857219280828678e+00
1.468602948487211624e+00
1.473806204513426144e+00
1.480514563465264999e+00
1.486599490001643709e+00
1.495863275939144588e+00
1.506693639773869720e+00
1.514542237838186090e+00
1.523631148370646393e+00
1.529418600490723090e+00
1.536213374531779419e+00
1.541559046109809206e+00
1.551179360165306997e+00
1.558640192781501010e+00
1.565856814576608524e+00
1.573597763612197831e+00
1.579722379029206314e+00
1.588037097261738806e+00
1.595898304156169178e+00
1.604025451187112816e+00
1.610611073001951832e+00
1.615332221018650483e+00
1.622946081632967052e+00
1.630688851563209640e+00
1.637795535070720732e+00
1.644313347843632256e+00
1.650840710687854429e+00
1.656785209810566650e+00
1.664912774561015496e+00
1.669218371621931540e+00
1.678582636721521082e+00
1.685628272760252511e+00
1.689812016370289216e+00
1.698607785078286359e+00
1.705264814732003975e+00
1.709635743246476602e+00
1.718892523214533341e+00
1.722310818543863808e+00
1.731473632363035087e+00
1.734461048224865465e+00
1.743006548521879528e+00
1.749873300616015648e+00
1.753872911451973771e+00
1.762400328972507646e+00
1.768286560732054147e+00
1.774244523977561494e+00
1.783810001374237730e+00
1.791298977831201178e+00
1.793774031148706483e+00
1.799817632589159278e+00
1.806587951452768515e+00
1.811182538514771734e+00
1.818711260261783202e+00
1.821817414262862700e+00
1.829281900790456383e+00
1.837251984468606381e+00
1.842050950878704629e+00
1.847418685681831985e+00
1.854304874004311099e+00
1.857440997722788145e+00
1.862108161786812044e+00
1.870445242548343323e+00
1.875940016117339182e+00
1.880702462633667915e+00
1.885186401266652823e+00
1.890530900110463763e+00
1.893870658816914743e+00
1.901160706452956539e+00
1.909336568014997848e+00
1.915088618190440961e+00
1.921077913256820091e+00
1.925344506535970224e+00
1.930425127183473144e+00
1.934919813442513625e+00
1.940110985852417480e+00
1.946714073194826478e+00
1.952635368626363555e+00
1.960777472811698674e+00
1.967839600107137210e+00
1.969710119694034534e+00
1.967723376421164794e+00
1.972420032724748973e+00
1.979650504669803635e+00
1.987376110885769043e+00
