-4.831030340362864675e-03
-5.756074756186129252e-03
-6.954298993655730864e-03
-6.644182686377677997e-03
-6.760419362333983280e-03
-7.607479372701841068e-03
-1.017381571227347209e-02
-1.147655842828104733e-02
-1.144023215167952641e-02
-1.037112500973836303e-02
-7.610288595891746312e-03
-1.169212100463377230e-02
-9.145531661706396420e-03
-2.302005581723569685e-03
-3.533164326693630144e-03
3.645833002722759751e-03
1.061281976771757431e-02
3.477590036468183529e-03
4.375335594871250511e-03
1.203704352333196878e-02
1.770093179479176673e-02
2.403246359606455579e-02
3.468888960720074160e-02
4.602718695553109640e-02
3.500431916004555222e-02
4.346293624342080497e-02
6.163796258879032652e-02
6.141295320432456351e-02
8.044723252600854968e-02
8.398893316372924023e-02
9.108439737656233437e-02
9.189150339202525886e-02
1.044839493872292413e-01
1.039133258473148996e-01
1.266844888536664548e-01
1.381027038642291815e-01
1.455618069888910682e-01
1.621296488609609843e-01
1.689037925935911455e-01
1.676411282120091051e-01
1.870399368401325924e-01
1.931982669122309648e-01
2.010552488225169909e-01
2.104468300885964649e-01
2.161397294196059637e-01
2.289296291486574153e-01
2.374866571341613664e-01
2.497826180874132551e-01
2.611099723743821599e-01
2.783865004366113394e-01
2.820296485105793227e-01
2.921670120943010707e-01
3.078918726170876696e-01
3.061833586030990872e-01
3.172750106341969967e-01
3.386763313545142484e-01
3.517880205829265194e-01
3.652778802127368829e-01
3.744976544829481946e-01
3.768325254655269241e-01
3.888844168004043644e-01
3.972117565613706991e-01
4.154785258693952654e-01
4.191168230985743981e-01
4.326004293789600386e-01
4.489340045307409488e-01
4.513997368873768901e-01
4.585904487856584111e-01
4.718837645561080318e-01
4.811343512394776201e-01
4.885162814914562057e-01
5.081905796271251052e-01
5.180597452106695533e-01
5.188880589466365878e-01
5.410881702491200373e-01
5.479393379456863888e-01
5.598672956849463089e-01
5.663274080717497494e-01
5.715846316597971155e-01
5.837734754668481019e-01
5.981435981848239880e-01
6.075802499689750835e-01
6.201467546015961840e-01
6.356236247411903850e-01
6.412087785730656853e-01
6.533250442493192534e-01
6.641003791027789704e-01
6.722006023034426958e-01
6.846223241482596311e-01
6.907852748027345502e-01
7.019411284361932735e-01
7.166154831148694448e-01
7.282107543346993950e-01
7.320057011100996602e-01
7.436280528426573166e-01
7.547320474704741766e-01
7.591068689011742920e-01
7.744226408361468694e-01
7.824154498637804211e-01
7.957995496755010389e-01
8.071311957146225513e-01
8.151653092678224910e-01
8.217360667011484043e-01
8.367792435601097978e-01
8.456627610938315387e-01
8.481578186353679882e-01
8.605427977385030625e-01
8.721863580111617331e-01
8.822506396065640244e-01
8.912165922649496475e-01
8.981398893385219573e-01
9.071698814277107115e-01
9.162176171655785906e-01
9.269453298886127790e-01
9.394064267033555016e-01
9.460368250184361116e-01
9.561327840473496931e-01
9.684594284723654356e-01
9.762482870319409978e-01
9.832843567685987107e-01
9.919037495327500675e-01
9.995086752860771195e-01
1.011450252600652799e+00
1.016696347691646629e+00
1.028266927400244501e+00
1.039011563981074415e+00
1.046216581750760266e+00
1.052901965063453682e+00
1.063916208703244104e+00
1.075028746402575841e+00
1.081598243989420727e+00
1.090425795729758729e+00
1.099322795840292910e+00
1.107282846907819751e+00
1.113232635426398609e+00
1.123272719540396647e+00
1.132657938352876759e+00
1.141856172854911255e+00
1.148989525242734455e+00
1.158229962840270577e+00
1.165949525094984063e+00
1.173366350853573215e+00
1.183223511209552159e+00
1.192860038557926661e+00
1.199617727310904103e+00
1.210266412663748570e+00
1.216125863987024269e+00
1.222437615722243409e+00
1.231792591740505038e+00
1.239976599162432747e+00
1.244952366018121426e+00
1.253473733561367931e+00
1.263013492800543203e+00
1.271998265981701737e+00
1.278212899661556268e+00
1.285895942432868200e+00
1.291183257480971402e+00
1.299378460879347497e+00
1.313507835361037657e+00
1.318858902581866444e+00
1.326378754044337915e+00
1.333198426064515996e+00
1.338637176341623825e+00
1.345778616279748485e+00
1.351039794187329335e+00
1.361985646481985279e+00
1.372607047130757874e+00
1.378405350360416337e+00
1.384977385619267531e+00
1.392184994731951564e+00
1.400400751128796806e+00
1.407522129414525702e+00
1.415978067947114560e+00
1.422693282462359710e+00
1.429908963022176405e+00
1.436844898558728323e+00
1.443885842547834697e+00
1.451902203204742170e+00
1.458118362352663899e+00
1.465737154949002363e+00
1.469947448705951620e+00
1.477039872538947751e+00
1.485445701747622360e+00
1.491911187257908500e+00
1.498821529749932546e+00
1.504552103591866308e+00
1.512139964986720875e+00
1.518002817280977634e+00
1.527028225274278617e+00
1.530361910821489646e+00
1.539178276880920793e+00
1.546779020352819778e+00
1.550667485522497557e+00
1.559102864392691634e+00
1.565163024667466818e+00
1.571024397635315317e+00
1.578641173028355604e+00
1.583467265774943566e+00
1.592857084016039204e+00
1.596259023774846852e+00
1.604878591214953465e+00
1.609426017684060906e+00
1.614359698577382485e+00
1.622090261459980143e+00
1.628597205965007566e+00
1.634007806102482308e+00
1.643738316810558153e+00
1.651267165508707224e+00
1.653010929173411858e+00
1.658513372358463300e+00
1.666312443634079488e+00
1.670060295782558102e+00
1.677910140511376991e+00
1.683392629325221712e+00
1.689520864268581946e+00
1.696732263990950340e+00
1.700598923982993282e+00
1.707775233283533645e+00
1.713811030633972665e+00
1.717561996022190618e+00
1.723841606824972228e+00
1.729966861429239389e+00
1.734364512178817375e+00
1.739849015080809247e+00
1.745686248608005808e+00
1.750470428985452687e+00
1.757001481192822956e+00
1.763542296799760711e+00
1.770213798204327116e+00
1.776489135612681070e+00
1.780410909740846259e+00
1.784934223514080154e+00
1.791285194119067503e+00
1.796079383901979520e+00
1.802329795552687131e+00
1.807128166424765592e+00
1.811740801277411439e+00
1.817875701588028248e+00
1.824691822534161290e+00
1.830019208815609533e+00
1.831516455651704067e+00
1.839260815072293331e+00
1.845913765038675880e+00
1.847698922837851310e+00
1.852871353927284970e+00
1.858237637826348765e+00
1.863836399335552008e+00
1.870032633525341437e+00
1.874171229884235901e+00
1.880229564099755724e+00
1.884793863340716413e+00
1.889686332091423449e+00
1.894121174303427413e+00
1.898733759394603426e+00
1.903663104284260887e+00
1.910501496705579338e+00
1.914015441946495200e+00
1.920227499816273609e+00
1.922797918864353584e+00
1.927899791313129718e+00
1.932769716026244256e+00
1.937943109201352154e+00
1.944452502316835307e+00
1.949351337692785124e+00
1.950381871108276544e+00
1.955096093533138069e+00
1.963116590023591179e+00
1.966434670955986563e+00
1.969556257644981878e+00
1.975041430484081095e+00
1.981443961857385361e+00
1.985193680007208528e+00
1.990149985314572767e+00
1.993027640456322747e+00
1.996712187019634488e+00
2.003494453277478993e+00
2.008799865497625348e+00
2.011490508038008773e+00
2.015506331935768891e+00
2.021215826149257655e+00
2.025642286585597418e+00
2.028924174384600043e+00
2.032778615306015002e+00
2.037823179468039925e+00
2.042611640820954477e+00
2.046636778005770818e+00
2.050737858694639204e+00
2.054218523486752712e+00
2.058771243489840419e+00
2.063117966842599404e+00
2.065610154143846522e+00
2.070756674435191069e+00
2.075722340516036102e+00
2.079528906723304704e+00
2.082248689481950965e+00
2.086815332764434761e+00
2.091483557065803467e+00
2.097373352633483456e+00
2.099715663348681094e+00
2.102426554373540313e+00
2.109138595987190445e+00
2.112752592009736752e+00
2.115272910080820967e+00
2.119761928820108388e+00
2.123071001701600125e+00
2.126951937879701049e+00
2.131271280987808936e+00
2.134890377514336191e+00
2.138060891458607671e+00
2.143012399153233716e+00
2.146768694587462001e+00
2.151214548661589454e+00
2.154333512029376063e+00
2.158139794836657632e+00
2.161567079908560007e+00
2.165564576035281075e+00
2.169771549055725224e+00
2.173929730488819878e+00
2.176454617391789803e+00
2.180252835977783299e+00
2.183735390789323549e+00
2.188168395593649951e+00
2.192071172700020831e+00
2.194569676606463293e+00
2.197873094729911436e+00
2.202133313038841855e+00
2.205535202918554649e+00
2.209807329710433255e+00
2.212703483547694638e+00
2.215964967277372910e+00
2.219703856385208507e+00
2.222354911912006958e+00
2.226392148586611164e+00
2.230850668121791447e+00
2.232924232698541012e+00
2.235951650856944362e+00
2.239293499365722973e+00
2.244070763019405668e+00
2.246817806581034915e+00
2.249455209994639659e+00
2.253696899117111130e+00
2.257573451114595731e+00
2.260470810397748664e+00
2.263602807514605075e+00
2.267038626385099676e+00
2.269573428645637936e+00
2.273177748165021939e+00
2.277019249429516723e+00
2.280569871219773948e+00
2.282585545249252945e+00
2.286055249277600510e+00
2.289651847674888607e+00
2.294021518825502426e+00
2.297850132630030906e+00
2.299209384228891651e+00
2.302472001120118072e+00
2.305604834125690950e+00
2.307942578799668354e+00
2.310976610410564902e+00
2.314123888790633909e+00
2.318066363199599245e+00
2.320480808344895785e+00
2.323285699943959504e+00
2.327157240170460550e+00
2.331105913961195153e+00
2.333533988434726592e+00
2.336612555731035989e+00
2.338289159175827692e+00
2.341484026299993637e+00
2.344089815862084869e+00
2.347335212634498181e+00
2.351595112282432343e+00
2.354200057242064936e+00
2.357194900022975048e+00
2.359998728119610867e+00
2.363050484092346082e+00
2.366129740248576141e+00
2.369521307567742596e+00
2.371939210624324890e+00
2.373791787370160389e+00
2.377009891980503831e+00
2.380114806750811329e+00
2.383925823330662386e+00
2.386222517252045705e+00
2.388116868053896891e+00
2.391161711729222539e+00
2.394976234695583184e+00
2.397646362005839471e+00
2.400082536568825642e+00
2.403142561683336176e+00
2.405150712547173164e+00
2.406867548364971743e+00
2.409685967348292213e+00
2.412538337426338053e+00
2.415275451719396838e+00
2.417948754168305570e+00
2.421171042281673458e+00
2.423957477930847038e+00
2.427352362167817912e+00
2.428922379764221873e+00
2.432311073069436613e+00
2.434605199330936554e+00
2.436942710082482311e+00
2.440129362618734365e+00
2.441505950651074563e+00
2.445614150417413590e+00
2.448505037667251472e+00
2.450680052010151933e+00
2.453528644176779405e+00
2.456155868525411901e+00
2.458772723801525117e+00
2.460669127744305573e+00
2.462422270174581040e+00
2.465476759813565621e+00
2.468498262293205237e+00
2.471014588283324098e+00
2.472439790718473418e+00
2.476076959645278297e+00
2.479557295536645167e+00
2.480957337904210469e+00
2.483199203460825899e+00
2.486239102816348190e+00
2.487599054559663792e+00
2.490447728056416121e+00
2.492229143245638046e+00
2.496036294134180711e+00
2.498125141098584745e+00
2.500364468633202275e+00
2.503138557745744119e+00
2.504939388743379514e+00
2.506700100450417690e+00
2.509401668913990413e+00
2.513103258222406211e+00
2.514448547160328840e+00
2.516390466855329855e+00
2.519314413160006261e+00
2.521625728163061186e+00
2.523037525820319260e+00
2.526445384770392266e+00
2.528107480416819097e+00
2.531347459848254822e+00
2.533727987972089757e+00
2.536099166928011073e+00
2.537658114797159303e+00
2.538768082350624233e+00
2.541543942015319857e+00
2.545080615283683123e+00
2.546936508802162269e+00
2.548431441693916888e+00
2.550541014817649721e+00
2.552927167862202307e+00
2.555011692993146344e+00
2.558276188510407945e+00
2.559770192778047626e+00
2.562366001619591938e+00
2.563736619500732061e+00
2.566199225461829769e+00
2.568346981106468974e+00
2.571146612336414172e+00
2.573525665373903148e+00
2.575220051194770043e+00
2.575956002087414376e+00
2.579557382251789655e+00
2.581032837961040105e+00
2.582744180051381733e+00
2.585402128914203512e+00
2.586990816461317344e+00
2.589882016365955497e+00
2.591815766512256314e+00
2.593672595950128112e+00
2.595117325909496842e+00
2.596638926703852768e+00
2.599893997571789406e+00
2.601465376542423602e+00
2.603273572379564360e+00
2.606672036846658269e+00
2.607911247989852299e+00
2.609912915442691883e+00
2.611421504103943914e+00
2.613718205299536024e+00
2.616055428747756650e+00
2.618450914341742042e+00
2.620004288182107288e+00
2.622396697110425556e+00
2.623321883759037298e+00
2.625560421848427861e+00
2.627808344175760258e+00
2.629833900359738408e+00
2.631374569551368836e+00
2.633830779668884237e+00
2.635338562228243475e+00
2.637556640222075366e+00
2.638990507495361904e+00
2.639834725494635492e+00
2.643188313580132398e+00
2.646542583950785676e+00
2.649549663803056010e+00
2.649628244640753749e+00
2.650071039163797160e+00
2.649028955566697707e+00
2.649058340710195747e+00
2.652143809242792472e+00
2.656912269458227893e+00
2.662909510503603805e+00
2.669047611708559753e+00
2.671946067766953092e+00
2.669145622151952058e+00
2.667218777976157362e+00
2.662299408392246214e+00
2.662692817570383674e+00
2.665447026302422806e+00
2.673354055543216479e+00
