-4.816845985032887877e-03
-5.429138418821016950e-03
-6.457147702097701045e-03
-5.752088610901406537e-03
-5.248166144145654036e-03
-5.847122854656714060e-03
-7.673752745829304396e-03
-8.523965527974271608e-03
-8.468287870718366889e-03
-7.520009767662375749e-03
-5.437391446069281091e-03
-8.714508298415333393e-03
-6.872169235046804089e-03
-1.664063208953738557e-03
-2.675578464622053142e-03
3.128789122773094084e-03
8.910934814029155410e-03
3.291005391357573577e-03
4.185270879196834742e-03
1.049990905818969956e-02
1.487449741070381339e-02
2.019083034580917285e-02
2.851889641604686901e-02
3.835070321892228296e-02
2.895571712959310248e-02
3.578006460920057225e-02
5.104517399389451454e-02
4.989830887443574142e-02
6.567188858246407468e-02
6.911474251664136148e-02
7.459159508105563108e-02
7.405669107752867186e-02
8.482721442740523421e-02
8.521820182937669963e-02
1.054107690788409907e-01
1.147155338405250330e-01
1.195977060777000250e-01
1.341066447139149242e-01
1.403875519304018382e-01
1.379221733934195004e-01
1.548697719685228069e-01
1.596734604448329375e-01
1.658490560686426696e-01
1.736144367042005421e-01
1.776178905929480523e-01
1.884569721092464734e-01
1.948899097643840284e-01
2.061556485812489903e-01
2.175212152775219954e-01
2.308549808591340846e-01
2.333638421185072753e-01
2.432495425673488476e-01
2.570902038566323378e-01
2.552649004775022767e-01
2.632945986296654217e-01
2.820851507521554558e-01
2.936648670262320127e-01
3.060868973102647272e-01
3.132810519513148928e-01
3.141090437343388997e-01
3.247823307508675428e-01
3.316923444544417343e-01
3.464818556533122429e-01
3.517985892839141093e-01
3.609972734522892135e-01
3.766361696747610455e-01
3.796307009955565137e-01
3.832242495814787708e-01
3.948375237620244671e-01
4.039898264245960768e-01
4.112322217788298429e-01
4.288109400268294014e-01
4.363908822949902899e-01
4.372406824624182065e-01
4.567997948963891663e-01
4.624124974560591128e-01
4.727457450828236318e-01
4.794485318680723474e-01
4.817258208216081417e-01
4.945514951963378425e-01
5.074981751963121290e-01
5.159334674735130966e-01
5.276488305085941244e-01
5.420494440482044318e-01
5.449185614873880423e-01
5.533797767546364543e-01
5.642103749146905045e-01
5.724021920228244964e-01
5.846864111713865331e-01
5.882079938608221203e-01
5.971213582112848695e-01
6.110155991265575626e-01
6.209853774217763966e-01
6.245805085627543773e-01
6.346297544479578834e-01
6.467648312575527969e-01
6.500138367693126806e-01
6.653135225295006006e-01
6.700677457124712966e-01
6.820315634879837718e-01
6.894647785140993745e-01
6.995306842484585452e-01
7.049502777837993728e-01
7.196238477366284636e-01
7.259938218352596229e-01
7.274428066294359452e-01
7.408176193530383591e-01
7.482133640580334033e-01
7.581226282218799239e-01
7.647310650031848844e-01
7.736033538451054792e-01
7.812420785489905262e-01
7.885925115168634925e-01
7.993729871812945698e-01
8.120294831239133204e-01
8.148265348130853125e-01
8.239072754096821161e-01
8.373330125286053693e-01
8.450651309265961864e-01
8.498462323303865862e-01
8.585811858044123390e-01
8.652728795651440930e-01
8.729040037504411931e-01
8.785073796637783428e-01
8.911024005496215317e-01
9.022664706586432937e-01
9.086192304030845657e-01
9.130876395089088104e-01
9.236223643661916061e-01
9.342670697010766467e-01
9.378879652056685279e-01
9.466029900558862176e-01
9.569295992996277311e-01
9.624678837736476700e-01
9.669385057993461485e-01
9.781651283072035907e-01
9.890418093276877043e-01
9.949266871508577470e-01
1.002213284830653306e+00
1.009210854562642812e+00
1.018376020005525850e+00
1.024042741332914952e+00
1.032961249480561561e+00
1.042135581326128824e+00
1.048948949866135738e+00
1.058428564786730641e+00
1.063348502583692623e+00
1.070894193954992302e+00
1.079251623168894447e+00
1.087408447575732184e+00
1.091614280605811782e+00
1.098636941474129936e+00
1.106949202101990659e+00
1.114415085421355922e+00
1.121987176017219312e+00
1.129845895308175363e+00
1.133526029506868538e+00
1.141168904929753536e+00
1.156623406239187579e+00
1.160094691368236175e+00
1.168305459326661078e+00
1.173395952714884283e+00
1.179510484379507673e+00
1.187134204016570882e+00
1.192503895827588867e+00
1.202447425096550226e+00
1.211176923312829112e+00
1.216440686214973921e+00
1.221661885444123019e+00
1.229818269802859687e+00
1.238129708925100214e+00
1.247030555067101254e+00
1.253509356032897148e+00
1.259910776415733347e+00
1.266701031282922552e+00
1.272890559686033374e+00
1.279496746776673133e+00
1.284679166408105644e+00
1.291423164104281707e+00
1.298415620979089580e+00
1.301716701623842898e+00
1.309717496902740308e+00
1.319864347851999797e+00
1.324757675033151560e+00
1.330502926987983559e+00
1.337051805653461267e+00
1.344094818620665155e+00
1.350531631621419315e+00
1.359052080580463562e+00
1.361788824467150549e+00
1.370225144875186984e+00
1.375888600655623240e+00
1.382546095143955212e+00
1.389063065355751636e+00
1.394303870292433967e+00
1.401691368941132776e+00
1.406978063253625288e+00
1.413455597694236898e+00
1.421483509637880394e+00
1.426755368535503887e+00
1.433326250198169394e+00
1.437158232769540467e+00
1.443702179328909097e+00
1.450870786422440606e+00
1.455383252838045927e+00
1.461827417842035182e+00
1.471210034727172822e+00
1.475656025208030631e+00
1.479383555661855532e+00
1.485531417396340537e+00
1.492668536108673782e+00
1.495924601245032459e+00
1.502378963769655185e+00
1.510717075859638880e+00
1.514360904376573780e+00
1.520682672308970806e+00
1.526182763745965953e+00
1.532568969960203420e+00
1.538494900436137680e+00
1.543692428496334257e+00
1.549467013204099741e+00
1.555141104036621869e+00
1.559608129158257084e+00
1.565907569663735677e+00
1.574423243776618131e+00
1.576897777740491335e+00
1.584361549068876496e+00
1.589242858294784400e+00
1.595918475844574358e+00
1.601611279869792126e+00
1.603996994534481635e+00
1.608753380609301953e+00
1.614665059324223106e+00
1.621936493167073445e+00
1.626973135741228038e+00
1.628883452701470835e+00
1.636032398522537790e+00
1.645047144265380679e+00
1.652445624038306304e+00
1.658223266307680133e+00
1.657558345029177094e+00
1.659184160665011731e+00
1.661559851960399570e+00
1.668297838220718532e+00
1.678049153036389241e+00
