-4.834459636003618846e-03
-5.201156486350225899e-03
-6.112389753033861152e-03
-5.082578750695945433e-03
-3.997449623857734710e-03
-4.253302728106221620e-03
-5.427275537251886710e-03
-6.065409173921528993e-03
-6.352726656156054350e-03
-5.826759306128870448e-03
-4.406240161917358497e-03
-6.836321529870765558e-03
-5.131609738534869194e-03
-7.501587131588491504e-04
-1.167707942343489732e-03
3.520626070655219313e-03
7.968074258560504941e-03
3.210227086687160013e-03
3.604467141965239999e-03
8.436673638504345318e-03
1.173829485371395004e-02
1.613879858219728972e-02
2.263824211427683392e-02
3.094436327043868784e-02
2.335930054493819477e-02
2.890798589338873167e-02
4.158116406615466887e-02
4.015129019007163125e-02
5.294399479669156111e-02
5.609644016107490777e-02
6.018820472953398393e-02
5.875044939368244401e-02
6.743063507369198573e-02
6.835267914479484230e-02
8.536061379155082673e-02
9.271731108357657292e-02
9.581703386794936106e-02
1.081729420528692448e-01
1.139882641636495580e-01
1.110301071615828611e-01
1.254554044180181960e-01
1.293259208008530892e-01
1.340803961850417225e-01
1.402508501355218817e-01
1.428331511175224555e-01
1.521357689120144963e-01
1.569772460265440595e-01
1.664688304918660322e-01
1.770402445517833823e-01
1.869866296952501505e-01
1.887231538807605802e-01
1.979901168063375461e-01
2.099486550092496684e-01
2.084362206759815539e-01
2.139737400955659952e-01
2.292592243323301193e-01
2.395145596325270465e-01
2.509988385792397692e-01
2.562531285694595873e-01
2.557620174234078170e-01
2.653063856565734957e-01
2.706312098103285102e-01
2.819048547714869679e-01
2.887809942924788320e-01
2.941235108916511742e-01
3.074344538485347389e-01
3.126620214786516305e-01
3.134864569012454361e-01
3.234287414568342012e-01
3.315620441583586597e-01
3.385719857971261626e-01
3.540343840159940747e-01
3.591431263825999864e-01
3.601473901177953962e-01
3.769102001125158030e-01
3.808669744177543004e-01
3.900996782546628516e-01
3.967951054689002333e-01
3.973693953213445762e-01
4.100735978444117746e-01
4.215506210286478761e-01
4.281246351375305181e-01
4.385349307429107779e-01
4.521732728544008428e-01
4.524779646629790708e-01
4.569339037562676897e-01
4.673543050548265576e-01
4.756583141971360562e-01
4.872708135294223641e-01
4.886684458283401256e-01
4.952643332332125059e-01
5.082387649706937571e-01
5.162830231856483376e-01
5.205393038600846234e-01
5.283828097360272480e-01
5.404787863949900295e-01
5.445378564546706768e-01
5.574063897581488236e-01
5.586494046182511886e-01
5.697490645280922639e-01
5.749322414434143713e-01
5.863447299055890571e-01
5.905108326185530832e-01
6.029846537470141543e-01
6.068748207920904303e-01
6.083360746058399382e-01
6.221506539367601674e-01
6.260875269748310545e-01
6.359038702015272770e-01
6.406648357671640426e-01
6.487493944543905044e-01
6.557963927520060743e-01
6.613786608769942621e-01
6.736547558266476887e-01
6.837085666601753209e-01
6.831379085816755570e-01
6.933793749872277923e-01
7.058090329516852890e-01
7.120594991678755870e-01
7.155500365314410027e-01
7.237122930667796439e-01
7.298092874098794924e-01
7.359096486199564469e-01
7.412026144682041240e-01
7.542036036719876879e-01
7.639420015611882997e-01
7.696998064418113517e-01
7.729863811338049118e-01
7.811922440231343634e-01
7.909052301229441140e-01
7.939721771816153906e-01
8.022455954290914626e-01
8.119410380357366952e-01
8.157675603130951636e-01
8.190792013526766446e-01
8.319654945219329134e-01
8.404822503808477840e-01
8.457500459087665678e-01
8.531860320860573665e-01
8.571677831865827102e-01
8.666031614784308612e-01
8.723062964982126744e-01
8.801435978945368888e-01
8.888844603099103070e-01
8.940073111102272430e-01
9.011307496209265411e-01
9.069277456756167366e-01
9.149746134355106753e-01
9.235062726605682837e-01
9.285907447267206516e-01
9.335073954654816708e-01
9.412157444829225561e-01
9.459965764525476439e-01
9.527373468243947041e-01
9.622738611540877507e-01
9.686282599289245399e-01
9.714836275880172067e-01
9.787083156354984270e-01
9.916746731118873948e-01
9.953788105214325110e-01
1.003326288837885105e+00
1.008169191707720458e+00
1.014289652244956930e+00
1.021050607786765596e+00
1.026871800932350087e+00
1.034592099874450000e+00
1.042197939432641496e+00
1.047115713106208323e+00
1.052221977572720624e+00
1.057569407836891795e+00
1.066562940355384015e+00
1.076634874096205063e+00
1.079748044182731626e+00
1.086717017575572930e+00
1.092946820209471870e+00
1.097818305394776983e+00
1.104298364445188696e+00
1.109541364875532787e+00
1.115637306400689477e+00
1.121566480316656289e+00
1.126408260852348464e+00
1.132658216817774566e+00
1.141090530351765775e+00
1.146914766184732981e+00
1.150836185491641794e+00
1.158616565276824328e+00
1.164836055775170243e+00
1.171493098485475004e+00
1.177556799068267601e+00
1.181052776671670079e+00
1.189296941182861556e+00
1.191768463341230211e+00
1.199563516975427069e+00
1.207544820954111531e+00
1.210527180065393615e+00
1.218501870942587217e+00
1.223201184154848464e+00
1.231116947645857218e+00
1.235234061992675603e+00
1.242287152924492988e+00
1.247692619989110296e+00
1.250598836203836273e+00
1.257822572011902507e+00
1.264672425632972663e+00
1.268127033440240359e+00
1.274486596335663524e+00
1.281433024909820695e+00
1.286154539028501853e+00
1.292663737292576220e+00
1.297443258297252822e+00
1.303939645225431931e+00
1.306654029419739516e+00
1.311265288308704591e+00
1.320288177088546844e+00
1.324385853744095343e+00
1.329905080476024848e+00
1.336156608805030066e+00
1.340996153470126240e+00
1.345835696030389661e+00
1.352774445385527491e+00
1.359452330951966159e+00
1.364030880142614199e+00
1.369101099699152835e+00
1.373593506524229957e+00
1.380877750873538590e+00
1.385614906870756835e+00
1.390949570201143404e+00
1.396694151889582791e+00
1.401487287925590186e+00
1.405216021551642047e+00
1.411025366982610940e+00
1.416099690450195681e+00
1.420412004704529885e+00
1.427357733457818911e+00
1.433263780139405696e+00
1.435972128270617265e+00
1.440091385616223851e+00
1.445986196639692301e+00
1.452573405982839683e+00
1.457937311950630255e+00
1.462464350228776189e+00
1.466498972567763737e+00
1.471759511858288016e+00
1.477424070521942578e+00
1.482661407015763100e+00
1.487662717565370940e+00
1.493091049000553783e+00
1.497809006957060873e+00
1.502013243142785948e+00
1.507907486451336210e+00
1.511431734845735342e+00
1.516014439807686465e+00
1.520892867088982747e+00
1.525429898300048048e+00
1.531457678359081642e+00
1.536441467027353847e+00
1.541289097602873692e+00
1.545392277862519093e+00
1.550046545058557657e+00
1.555493179059912690e+00
1.559151613216130050e+00
1.563939998325474035e+00
1.569098716144167627e+00
1.574088460900656239e+00
1.579095126269551397e+00
1.584395717426990036e+00
1.589143132751615006e+00
1.593433592448851854e+00
1.597816943006006962e+00
1.602103151356147670e+00
1.606887525954713292e+00
1.612747828095529856e+00
1.616547519039385206e+00
1.621046064641109785e+00
1.624473777321096657e+00
1.627376575215315979e+00
1.633100714508327833e+00
1.639960214747141265e+00
1.644340415637173480e+00
1.646078069298026580e+00
1.651143400799736316e+00
1.657170510551515763e+00
1.662415987307833243e+00
1.664937179872163497e+00
1.667083204368730920e+00
1.673582152419636815e+00
1.678734361509009343e+00
1.682525439657154065e+00
1.686632556890634183e+00
1.690893019545789189e+00
1.695766246805500366e+00
1.698992091675499472e+00
1.703709351840038577e+00
1.709994285890832577e+00
1.711812458604232701e+00
1.714923817454926169e+00
1.719716401272849859e+00
1.725037722579767285e+00
1.728931145740976616e+00
1.733463707783308605e+00
1.738043832226950913e+00
1.742628994591119307e+00
1.746274646249846185e+00
1.750786835035820888e+00
1.754816007651592402e+00
1.758330783721569368e+00
1.761181074082783793e+00
1.765047084377459052e+00
1.769896210870656406e+00
1.773052161966656382e+00
1.776608474060851206e+00
1.781730213690045694e+00
1.785743513515886116e+00
1.789338014527388721e+00
1.793102997996521619e+00
1.797802144612144826e+00
1.803213718113143127e+00
1.807430004774626564e+00
1.810460018663299531e+00
1.813308341851213257e+00
1.816790051882108514e+00
1.821762012309840140e+00
1.826178076837841502e+00
1.830195100066547953e+00
1.833383786084273659e+00
1.837692947776600860e+00
1.841443858052292271e+00
1.845812074541741676e+00
1.848234075543136790e+00
1.850999675123595756e+00
1.856428829411069570e+00
1.859730232367275526e+00
1.863417419504917127e+00
1.865968229517350752e+00
1.870708595392785778e+00
1.875058231815170062e+00
1.877643233093359898e+00
1.880846031723433232e+00
1.884486769994338173e+00
1.887720774265713608e+00
1.891647593178799491e+00
1.896061496418120385e+00
1.899532209068991229e+00
1.902984017442552522e+00
1.906115962050383139e+00
1.909895681790956701e+00
1.912601898260238409e+00
1.916732119380248678e+00
1.919791059633741082e+00
1.924556482813669867e+00
1.928006601897338523e+00
1.931390006983969787e+00
1.935667197507001669e+00
1.938293527720165388e+00
1.942307893989164480e+00
1.944957979389674074e+00
1.948028503450627502e+00
1.951653781098415585e+00
1.954193112840737934e+00
1.958059132267198743e+00
1.961678909383917535e+00
1.965926394009837486e+00
1.967864425868721234e+00
1.972432986341482675e+00
1.975919171442535927e+00
1.980404929524705704e+00
1.981692338975604706e+00
1.984919380167301517e+00
1.988656513811143611e+00
1.991619756015956089e+00
1.995151712651289877e+00
1.998325250295019062e+00
2.001876753794555430e+00
2.005719833059168788e+00
2.009596327415803074e+00
2.011823551603870275e+00
2.015106377240122093e+00
2.018400969137857714e+00
2.020702632820297051e+00
2.024476089616741969e+00
2.028253385912868634e+00
2.031372518990758547e+00
2.034392126359477526e+00
2.037568101636363593e+00
2.040583821680492349e+00
2.044059738348341426e+00
2.046887342807929056e+00
2.049659241915150698e+00
2.053885764869716191e+00
2.056600823914728871e+00
2.059202325318556070e+00
2.061336689398134414e+00
2.065227393311067861e+00
2.069699849979689255e+00
2.072026143047787983e+00
2.074440862569996380e+00
2.078384535155965995e+00
2.080571001680626697e+00
2.083174368369608231e+00
2.086030977664260710e+00
2.089513149163352512e+00
2.091838392610765762e+00
2.094930839359247621e+00
2.097570691473071847e+00
2.100989723588399638e+00
2.104049881919472842e+00
2.105801707688788937e+00
2.109233947993619740e+00
2.112813476951414415e+00
2.116720954104128527e+00
2.119543136436791375e+00
2.121818859463926898e+00
2.124815502821637558e+00
2.127984504594692350e+00
2.130663619954409782e+00
2.133415203063246945e+00
2.136178876690258743e+00
2.138873428200195104e+00
2.141311687405703434e+00
2.142897149934167356e+00
2.147211856431657573e+00
2.150683735626970794e+00
2.153843957420697564e+00
2.155707314701511113e+00
2.157841756466250427e+00
2.161469038876087545e+00
2.163391400365021866e+00
2.166095186944263506e+00
2.170736939324827475e+00
2.172533797247676812e+00
2.175565774588969603e+00
2.178499145298536277e+00
2.181562451307060613e+00
2.183723675823717070e+00
2.186670711305821246e+00
2.187985369442806860e+00
2.191891458592500452e+00
2.194401366950232912e+00
2.196998240429097748e+00
2.199320283918222874e+00
2.201021090265052660e+00
2.204081911836357932e+00
2.207307384939619865e+00
2.209730763546659205e+00
2.212835797710742014e+00
2.214454232350398843e+00
2.217141699265019028e+00
2.219184397014800414e+00
2.222380257249958024e+00
2.225466980956921859e+00
2.228124772418276667e+00
2.230268266473272920e+00
2.233048176570121779e+00
2.236147555371362117e+00
2.238167629403309267e+00
2.240374256054981750e+00
2.243102521673111305e+00
2.245188197865637836e+00
2.247752732642874118e+00
2.250750259282870758e+00
2.253147658036546375e+00
2.256416591561771767e+00
2.258439369925219875e+00
2.260286102502731875e+00
2.262768210248123246e+00
2.264822135019159965e+00
2.267410304037125179e+00
2.270886037306901084e+00
2.273649168850857549e+00
2.275313722869456434e+00
2.277515491591526775e+00
2.279585947925538036e+00
2.283114198451472898e+00
2.284765924280322213e+00
2.286957340544657047e+00
2.288152065954395020e+00
2.290925012542017303e+00
2.293959254901598577e+00
2.296614092382132100e+00
2.298871523946766970e+00
2.301461042972030580e+00
2.304211227059692835e+00
2.305518471787459056e+00
2.308733106656783995e+00
2.310961281044901838e+00
2.312494319986779789e+00
2.315240501312779919e+00
2.316751569607981232e+00
2.319616789989754402e+00
2.321628902291473562e+00
2.324259184482488472e+00
2.327520396659207513e+00
2.330032538428300271e+00
2.330940151223592327e+00
2.334001861898199692e+00
2.336913714568960465e+00
2.339258098024393551e+00
2.341669167246006822e+00
2.342472748864671050e+00
2.341860443732493469e+00
2.342471546650685355e+00
2.344748610265700250e+00
2.349890031914375399e+00
2.357222764441488927e+00
2.362576071544123746e+00
2.365946092874887441e+00
2.364554689776361407e+00
2.360748759317519596e+00
2.357832030948148194e+00
2.357369140392756801e+00
2.362169410861694629e+00
2.369434886763402304e+00
