-4.852868443927498693e-03
-5.151170966783287161e-03
-6.020173368093770065e-03
-4.907249424333478757e-03
-3.718072778574482012e-03
-3.960546304759981692e-03
-4.997227630448124180e-03
-5.505893875696098519e-03
-5.691077103634123099e-03
-5.107285783083405882e-03
-3.811740014271094816e-03
-6.136567081330815236e-03
-4.705164798214115859e-03
-8.188257594860453648e-04
-1.298355270802970061e-03
3.044928488216499477e-03
7.297627533390883652e-03
3.067481306267986606e-03
3.591680163382399062e-03
8.158850077246896856e-03
1.119289977403409991e-02
1.527877343118350627e-02
2.126073698512339835e-02
2.908391408289130731e-02
2.195390850444084094e-02
2.706662136926327178e-02
3.889051819593791759e-02
3.733080227084691061e-02
4.923591019754713222e-02
5.225597588377384889e-02
5.603972293272706240e-02
5.454423569613429251e-02
6.277332650923732327e-02
6.396397246639540235e-02
8.012600287673844746e-02
8.700099798548452390e-02
8.967508755613852467e-02
1.013293609174386184e-01
1.068891724562020668e-01
1.037939264331523836e-01
1.173705740397737451e-01
1.209167864511712376e-01
1.252414170924580350e-01
1.309603220171632332e-01
1.332552320543685109e-01
1.422429761971562012e-01
1.468154200647100172e-01
1.558206056821810348e-01
1.660888610933556331e-01
1.752016140802117872e-01
1.767322699950174270e-01
1.857066604219899664e-01
1.970532749904057579e-01
1.956068643016841413e-01
2.005023095692231028e-01
2.146570426247215724e-01
2.245022796293306699e-01
2.357593253475707973e-01
2.404770018014787125e-01
2.396678803420191906e-01
2.489760852022843696e-01
2.538554615163998718e-01
2.642329698301835172e-01
2.713856201964054971e-01
2.758496702208869666e-01
2.882239863187471829e-01
2.941891479333944570e-01
2.943815094406378452e-01
3.038622543145981236e-01
3.114717756149949501e-01
3.183780593544762172e-01
3.332353150995699953e-01
3.376177572794506476e-01
3.387024703146186422e-01
3.546452018034190190e-01
3.581505492955039394e-01
3.671782909692186680e-01
3.736989693647883581e-01
3.739953816951118171e-01
3.865867171749248765e-01
3.976097265037564221e-01
4.034361823971268080e-01
4.134645393724085127e-01
4.268839350442032443e-01
4.264915161561784185e-01
4.299079158862679217e-01
4.400490924398742787e-01
4.483129414321389006e-01
4.596283903107403757e-01
4.605810195191815115e-01
4.665461407370324887e-01
4.792246820228255322e-01
4.868057584232730051e-01
4.912305520118615543e-01
4.984815892897190293e-01
5.103388993042946575e-01
5.145435512551272961e-01
5.265397128046950259e-01
5.270174460861317689e-01
5.378001917819329458e-01
5.426159527280792760e-01
5.542419773541936712e-01
5.579336500684675126e-01
5.695579785765425562e-01
5.729165802161745313e-01
5.747321646663845485e-01
5.881757326236841665e-01
5.914405481993912916e-01
6.011470622592751667e-01
6.054864690894298240e-01
6.130480599101433281e-01
6.199091020940145080e-01
6.250337900325464435e-01
6.376640695484163679e-01
6.467174639799325719e-01
6.455749982439953349e-01
6.562061219317049110e-01
6.679901821018026098e-01
6.736679227622849320e-01
6.770027601211267010e-01
6.849439433779066499e-01
6.907353619561760194e-01
6.968613987342853200e-01
7.020879402655366697e-01
7.148121981829792526e-01
7.238131176982898207e-01
7.295309629074968605e-01
7.326198038447501171e-01
7.400558032141821840e-01
7.495659979640397763e-01
7.526867937867877112e-01
7.606837587777620646e-01
7.698631928773558286e-01
7.733029164072824369e-01
7.764363097897413191e-01
7.895873906723197555e-01
7.969592309357905746e-01
8.023717090466169211e-01
8.101359185188796719e-01
8.132754346367366827e-01
8.223179049956330644e-01
8.283145369509449241e-01
8.357114656328813451e-01
8.443641206337660909e-01
8.488292520977700484e-01
8.553081274847579296e-01
8.614610696209323848e-01
8.695234243647298467e-01
8.779946264212259432e-01
8.822601354577114252e-01
8.871902017749226932e-01
8.950874481595491039e-01
8.991608887121530502e-01
9.055873070630910959e-01
9.152313865954075922e-01
9.211258010702551013e-01
9.239642498205676846e-01
9.308176262976337600e-01
9.428577697321846030e-01
9.468333463444460474e-01
9.542780225957543383e-01
9.593561990855458133e-01
9.651876054033116104e-01
9.716652817207453996e-01
9.776496690965547076e-01
9.849766321977075911e-01
9.920260492127184193e-01
9.967743772675001779e-01
1.001872776117473940e+00
1.006393035897110044e+00
1.015511536007157156e+00
1.025552331915557058e+00
1.027845780782599361e+00
1.034707906512177145e+00
1.040976192253747268e+00
1.045299673044739697e+00
1.051883361615909784e+00
1.057730348039128909e+00
1.063473246430023389e+00
1.068698041048489200e+00
1.074306413984692732e+00
1.080102756906318850e+00
1.087391669676402772e+00
1.093501230030511806e+00
1.097078001991485419e+00
1.104734588112304516e+00
1.110844520102715949e+00
1.117210760143701354e+00
1.123153021661611461e+00
1.126786401598014242e+00
1.134584998944872192e+00
1.136601010303759374e+00
1.144373281785928675e+00
1.152740840513689413e+00
1.155163767025214616e+00
1.162867594648805625e+00
1.167807050050011730e+00
1.175787520150890719e+00
1.178884648465575502e+00
1.186201128890450152e+00
1.191436790933762424e+00
1.194179223904004550e+00
1.201403226418266579e+00
1.207865743524366930e+00
1.211587780194211872e+00
1.217358676064055567e+00
1.224026619832232043e+00
1.228609068403405002e+00
1.235960315310740798e+00
1.240038408306806117e+00
1.245970018169686444e+00
1.249315888556352450e+00
1.253645001404433357e+00
1.262129566002285319e+00
1.266544945923400167e+00
1.272056748112968316e+00
1.277986583427912937e+00
1.282656391118551342e+00
1.287383657175624530e+00
1.294353959646362240e+00
1.300587788606105910e+00
1.305430947276246423e+00
1.310616561721511530e+00
1.314416950447236498e+00
1.321348417390359575e+00
1.326735536864127818e+00
1.331666446028284767e+00
1.337408122511799524e+00
1.341759284445665168e+00
1.345110486474488054e+00
1.351170229960837910e+00
1.355881997059516175e+00
1.360019390158329511e+00
1.366647434361188296e+00
1.371889589029897438e+00
1.375400474757038527e+00
1.379573353844308015e+00
1.386843061814654998e+00
1.395577737566940257e+00
1.400935544195395899e+00
1.402913596606403024e+00
1.402304637725537262e+00
1.404330346152372622e+00
1.410777978251560150e+00
1.420971312699128353e+00
