-4.899435385657296624e-03
-5.074120484090738521e-03
-5.890620497522128587e-03
-4.622618318469895633e-03
-3.144997448822336571e-03
-3.202983479104766235e-03
-3.920389739123461906e-03
-4.352707615156823848e-03
-4.748174226974846007e-03
-4.416905843150375523e-03
-3.461040487645327193e-03
-5.359509889878985751e-03
-3.944577524285035851e-03
-4.173945864033704913e-04
-5.597616079655117925e-04
3.212487135678520050e-03
6.752915922113734287e-03
2.940022132974427944e-03
3.137483617775487822e-03
6.901007361209767627e-03
9.389249538066477344e-03
1.296394136249862973e-02
1.805339934035375335e-02
2.495928237089229881e-02
1.888860566688470646e-02
2.335290977400925755e-02
3.370259277241892393e-02
3.219740691990305437e-02
4.245402190677007026e-02
4.520121170296856339e-02
4.830473847045585467e-02
4.658109459349168285e-02
5.357820059568701998e-02
5.491759176276606036e-02
6.904862268286753035e-02
7.489440037037814468e-02
7.685756606148845538e-02
8.716423365830068548e-02
9.232657900610406754e-02
8.928847094995606692e-02
1.013066244225003520e-01
1.044000902689250915e-01
1.079836948120359852e-01
1.127961035965233116e-01
1.145035925716617470e-01
1.226598895460865035e-01
1.265635253511428471e-01
1.343156295508864673e-01
1.436375684878335446e-01
1.511304633469413294e-01
1.523242100673219690e-01
1.607059354188354883e-01
1.708572228938106674e-01
1.696781580711789750e-01
1.734942123225832467e-01
1.853276557400240498e-01
1.942975873441041557e-01
2.051135572653066674e-01
2.086831552877606577e-01
2.072041596160537902e-01
2.159742116541992496e-01
2.198815744763878977e-01
2.285308695962192660e-01
2.358856121242978443e-01
2.389012849599835009e-01
2.490599398498518635e-01
2.565243636048959996e-01
2.557114572113944329e-01
2.643608032488211634e-01
2.706476804447066065e-01
2.773245913720434608e-01
2.908805136489254761e-01
2.938388712242756551e-01
2.950585742556866564e-01
3.092542148116214085e-01
3.118544822320994392e-01
3.204222309960724213e-01
3.263150596956270189e-01
3.263564164755340391e-01
3.386228817759984189e-01
3.486118389402709794e-01
3.526677356286960219e-01
3.619784831510150513e-01
3.748537352626375441e-01
3.730992427576636516e-01
3.747454636917557091e-01
3.840723985467935919e-01
3.919973809179130853e-01
4.026004002026772888e-01
4.027639670987919196e-01
4.075762075969807663e-01
4.196147625413499949e-01
4.263299839417467041e-01
4.309060622864494539e-01
4.372032345750361260e-01
4.482290178909634770e-01
4.522081625280404138e-01
4.625976862685544089e-01
4.619798269234861032e-01
4.717785145129891888e-01
4.762669507504378452e-01
4.878578898767016447e-01
4.904358335809110292e-01
5.001446702022832591e-01
5.027669181109312158e-01
5.057690369794149987e-01
5.176884522303799585e-01
5.199115389442542368e-01
5.293740050669650810e-01
5.327521738496602266e-01
5.392523802042824554e-01
5.455280044164038111e-01
5.498926781810440367e-01
5.626258141948206060e-01
5.697872546024472795e-01
5.679871924114173742e-01
5.790241369155052498e-01
5.891691581266431665e-01
5.936783399385605620e-01
5.970104071781835442e-01
6.044982320440420720e-01
6.093442553625878499e-01
6.157128983326125571e-01
6.210214530823915391e-01
6.324001144518266448e-01
6.396392945979990641e-01
6.454985193278082178e-01
6.483152729879784193e-01
6.544635850717345216e-01
6.634392059410467724e-01
6.665108227579185085e-01
6.738127791368259123e-01
6.815879636704642586e-01
6.844260058226798726e-01
6.874377491702163834e-01
7.005962017850763113e-01
7.055150500948144110e-01
7.112655686670825705e-01
7.200228410769372589e-01
7.215378684436071222e-01
7.292399915553465783e-01
7.359601523560032055e-01
7.422954186525306808e-01
7.506066136607545403e-01
7.537054534602006806e-01
7.590160556004879044e-01
7.657171284229949970e-01
7.737199648267231167e-01
7.817975822526532781e-01
7.847700431443359603e-01
7.893291349435491711e-01
7.968603440522731285e-01
8.004321968061056669e-01
8.060524180513500836e-01
8.146754295225947518e-01
8.201366499820973432e-01
8.232743495601017036e-01
8.291023018588852267e-01
8.390953542563690526e-01
8.439197638498876497e-01
8.496118357958153400e-01
8.552421351433427965e-01
8.602306655313016748e-01
8.667258147629000042e-01
8.727993992519786914e-01
8.793525799498178586e-01
8.849116647064688701e-01
8.893777665626154683e-01
8.944448440674136469e-01
8.978006991550082638e-01
9.067877677258373570e-01
9.162901435467258882e-01
9.171847591949134904e-01
9.233869467505005924e-01
9.299162980292550174e-01
9.332903083330320593e-01
9.400469665960164978e-01
9.468404993947863169e-01
9.519168025645039499e-01
9.557000390285698144e-01
9.625770179074677468e-01
9.672731935769608436e-01
9.726954700608071436e-01
9.789762133677081257e-01
9.818956583242888225e-01
9.889490631954375166e-01
9.949053366167055490e-01
1.000214712807240058e+00
1.006461923404276204e+00
1.010609342325279547e+00
1.017193406931827804e+00
1.018362355597716817e+00
1.026201901104573544e+00
1.034578618844723019e+00
1.036277757034109515e+00
1.043007993842027359e+00
1.048413715197633600e+00
1.056061895796980510e+00
1.057983652426526033e+00
1.064886251258277738e+00
1.070383027140390686e+00
1.072975882962470262e+00
1.079645056142997994e+00
1.085233609598710292e+00
1.089586491345215125e+00
1.093931718576289347e+00
1.100575567029982826e+00
1.104347927734600221e+00
1.112520519604334179e+00
1.115425079337961645e+00
1.120463516414649030e+00
1.125771806651975959e+00
1.129428031534870147e+00
1.135996145898098497e+00
1.141299222167552863e+00
1.146912122079801755e+00
1.152220814110078040e+00
1.156404563680167419e+00
1.161204716141514659e+00
1.167631241788629648e+00
1.172409415724927406e+00
1.177748612025368402e+00
1.182978856431587067e+00
1.185398400769467342e+00
1.191073692957822061e+00
1.197470082366235644e+00
1.201822932430112623e+00
1.207138718534016553e+00
1.211057663550423547e+00
1.215147842136684586e+00
1.221314903583780920e+00
1.224843421491426554e+00
1.229455768081206823e+00
1.235989286072135762e+00
1.240678299374345039e+00
1.245508146592122056e+00
1.248058406943019394e+00
1.252404557944601926e+00
1.259136224135996907e+00
1.264957871559510449e+00
1.269912530493873204e+00
1.272951121087769533e+00
1.277300068967176294e+00
1.282717067734833183e+00
1.287943576747794694e+00
1.292776944276889939e+00
1.298000044208645898e+00
1.301325312856087324e+00
1.305272185984071909e+00
1.310553630435306927e+00
1.314231726032775605e+00
1.317843595932439715e+00
1.323017772070589126e+00
1.328442325767519749e+00
1.332803003410810705e+00
1.338430267474325586e+00
1.341882386341073818e+00
1.346180055788290364e+00
1.352572857282571483e+00
1.356553442278445321e+00
1.360051033903417084e+00
1.363327820927219713e+00
1.367491827102205848e+00
1.374107180205292211e+00
1.380006416072994790e+00
1.384275755673791020e+00
1.388501761823121017e+00
1.393309735556526929e+00
1.395795461386077907e+00
1.400221199398125060e+00
1.405369149150112573e+00
1.409285645497111883e+00
1.412381340011236608e+00
1.417275697366108034e+00
1.422123441959529000e+00
1.422792546734423791e+00
1.429680536650203448e+00
1.435691372648056463e+00
1.439712848402037615e+00
1.443174340761354424e+00
1.447490264076488176e+00
1.452598299196564469e+00
1.456601210364153687e+00
1.458724187386957638e+00
1.463359702284229513e+00
1.468048493691738621e+00
1.472275540572097752e+00
1.476081484982380454e+00
1.479175405408091670e+00
1.483364773445229989e+00
1.489008177489973939e+00
1.492717970338564459e+00
1.496724279723763429e+00
1.502780343664677831e+00
1.504735521650250041e+00
1.508704249614264192e+00
1.513785504276708771e+00
1.517571519807876079e+00
1.521553409405008495e+00
1.525724976338168615e+00
1.528687576372905088e+00
1.533118380095366939e+00
1.537579639953972954e+00
1.542014857596045063e+00
1.545509429076784569e+00
1.549239075973116275e+00
1.553322149779310823e+00
1.557016962440427532e+00
1.560172492083508278e+00
1.564603414784164759e+00
1.568013929503375925e+00
1.572752802058932309e+00
1.576774380611397852e+00
1.580044795797011625e+00
1.583014063226932278e+00
1.588487073620412859e+00
1.593858600578757834e+00
1.598638034198974989e+00
1.601532509373342350e+00
1.603278690471319878e+00
1.604304757021456806e+00
1.609434619738819183e+00
1.614734955181687637e+00
1.618829036524447762e+00
1.621835109325223012e+00
1.625881096662761038e+00
1.630225749842742822e+00
1.634242255507319941e+00
1.637194955543463948e+00
1.640814948621071689e+00
1.643740531959215101e+00
1.647761431251119069e+00
1.651362217448560710e+00
1.654944041585637793e+00
1.657478630989185353e+00
1.661574985840177598e+00
1.666566932601375228e+00
1.669318742992296434e+00
1.673099821799290288e+00
1.677167943683156359e+00
1.681184854982851862e+00
1.683975167785571436e+00
1.688766316112893184e+00
1.692156284646086473e+00
1.694367834736805190e+00
1.698155679030525667e+00
1.701641200520899622e+00
1.704675772226271979e+00
1.708839695778508805e+00
1.712861717417373697e+00
1.716361089568943621e+00
1.720222234490251800e+00
1.723375254871708284e+00
1.725597064504444056e+00
1.729469752390755621e+00
1.733601444964137039e+00
1.736349491674054057e+00
1.739515891843131490e+00
1.742626915224178896e+00
1.747600191576166528e+00
1.750644140260727122e+00
1.753949029475835530e+00
1.756000553264679853e+00
1.759417435518018102e+00
1.763874229848132691e+00
1.768231370211765130e+00
1.770134346437168160e+00
1.772466313311638730e+00
1.775592340121477930e+00
1.779155743605921547e+00
1.782620236797436419e+00
1.786073070993202894e+00
1.788755461929168789e+00
1.792546926108661509e+00
1.797049507593516449e+00
1.800561878454311371e+00
1.803166572111927657e+00
1.806209259532987055e+00
1.809039470404272043e+00
1.813334579453938389e+00
1.816201567327536237e+00
1.819486306411569387e+00
1.822303475217211144e+00
1.825559994122180063e+00
1.828803599398365565e+00
1.832122753599971121e+00
1.834535260687957470e+00
1.837911723689285015e+00
1.840535912718495037e+00
1.843562284989950451e+00
1.846011308884662361e+00
1.848921686598966607e+00
1.853417193042408595e+00
1.857079508582474503e+00
1.860371126722311086e+00
1.862476087890901244e+00
1.865410339046609245e+00
1.868661033363735902e+00
1.870932484318277078e+00
1.874036339491577330e+00
1.877923866071431247e+00
1.881036100087918994e+00
1.883616484633994226e+00
1.885958492791018015e+00
1.888286090016045415e+00
1.891665398998191083e+00
1.894812003043897963e+00
1.897583891466381179e+00
1.901268128219715248e+00
1.904297412578190851e+00
1.908607873771223984e+00
1.910390997180116956e+00
1.914350163801123328e+00
1.916315971013957897e+00
1.919409077904423055e+00
1.922093832358556353e+00
1.924873233652021121e+00
1.927572940381176325e+00
1.930246143155646577e+00
1.932985431936002918e+00
1.936310396189593330e+00
1.940250033257566731e+00
1.942930831036912886e+00
1.944931944384860056e+00
1.947740907114161368e+00
1.950584874525362222e+00
1.953470964449745439e+00
1.956040117928873778e+00
1.959998003897263530e+00
1.962639420561629322e+00
1.964627411292785064e+00
1.967092860077031879e+00
1.970194539183816040e+00
1.972321252044281215e+00
1.975358832122180441e+00
1.978085489212818349e+00
1.981694298796958353e+00
1.984500886621171745e+00
1.986935847684340839e+00
1.989145844186240852e+00
1.990835427362141807e+00
1.994182183220646554e+00
1.997376715072969766e+00
2.000010219530485855e+00
2.002119137239993574e+00
2.004607582620039352e+00
2.007073607215121847e+00
2.009061274860302504e+00
2.013483320136077559e+00
2.016304117958918951e+00
2.018559057611796881e+00
2.021166062857552070e+00
2.024346324959065413e+00
2.025893452731835520e+00
2.029297306181432337e+00
2.031094110622673643e+00
2.034274837718459406e+00
2.036912699738382404e+00
2.039159446280672583e+00
2.041473627039915861e+00
2.043564356019188288e+00
2.046712446404145069e+00
2.049080777683256471e+00
2.051520071667169987e+00
2.055185150497668367e+00
2.058233350155416197e+00
2.060201538715117131e+00
2.061456149940765314e+00
2.063538895942552021e+00
2.067035645480062467e+00
2.070350802342829866e+00
2.072870087203074085e+00
2.075295126365925391e+00
2.076605324092604565e+00
2.079073258661777945e+00
2.081674305815745196e+00
2.083595409682241772e+00
2.087725109708856497e+00
2.090572724784223180e+00
2.092139450060620742e+00
2.093988641813397500e+00
2.096464835704277885e+00
2.099384770955742496e+00
2.101669414060642449e+00
2.103676075522478151e+00
2.105954669073777374e+00
2.107627861656757418e+00
2.110526515782619406e+00
2.113472080092451133e+00
2.115921585041308894e+00
2.118250176204405477e+00
2.120177601448309801e+00
2.122558922354671918e+00
2.125497737777104046e+00
2.127513702569350240e+00
2.131444586463496105e+00
2.134018295295741829e+00
2.136378169840480012e+00
2.136434043302308350e+00
2.136618273374678356e+00
2.137282082175682163e+00
2.139638542141304445e+00
2.144354068525655244e+00
2.151829449424698559e+00
2.157155947119183903e+00
2.160943705199821263e+00
2.160354423979201410e+00
2.156514872523850990e+00
2.152341236917744816e+00
2.153335675752178879e+00
2.157374876646493966e+00
2.165451936157173130e+00
