-4.984642143428640558e-03
-5.032499380122587226e-03
-5.783413291834443165e-03
-4.374365142346095699e-03
-2.681231630077971634e-03
-2.647450405035221919e-03
-3.101476732574917107e-03
-3.369097928042092977e-03
-3.741912669996784631e-03
-3.449407289403706549e-03
-2.764862640288222057e-03
-4.391350612499940118e-03
-3.285672842121104952e-03
-4.364816502790192822e-04
-5.194905274032000529e-04
2.630520076872809240e-03
5.666608377245013935e-03
2.622192313687973352e-03
2.803755613331384601e-03
5.927947462084428264e-03
7.918999163213895007e-03
1.090041791590717901e-02
1.507697423246350671e-02
2.097671852343804128e-02
1.591715010401763969e-02
1.962959969265069132e-02
2.831195447173856863e-02
2.680744201739255692e-02
3.532882227031875627e-02
3.773120496173590355e-02
4.024071773483115649e-02
3.853998682913153256e-02
4.447968827364077310e-02
4.604156839891313663e-02
5.816541908614338702e-02
6.306607742689697427e-02
6.441253414782728559e-02
7.320430609150369028e-02
7.777823484178009172e-02
7.482878252118418949e-02
8.505893206002394791e-02
8.759456590296109402e-02
9.040407494883874462e-02
9.430927959420536133e-02
9.558082991428036579e-02
1.029632653377325346e-01
1.063736253599248394e-01
1.128748568452351830e-01
1.211053606237248864e-01
1.271162277448740774e-01
1.280097643967771093e-01
1.355676494694561252e-01
1.443453623296687971e-01
1.433706261595454889e-01
1.462168523775314866e-01
1.556095324693178295e-01
1.635616603252984524e-01
1.738767321957953027e-01
1.763134118957799257e-01
1.742548947100834300e-01
1.824770322251635657e-01
1.854404296799137264e-01
1.926611422777326499e-01
1.996725376321256407e-01
2.017242157218702703e-01
2.093039493172370868e-01
2.179755472228647462e-01
2.165080166023148622e-01
2.242805632514952019e-01
2.289440117445434852e-01
2.352984460378974019e-01
2.473932173736817508e-01
2.490795477980433104e-01
2.504389805647893597e-01
2.627475996361584021e-01
2.644310657933017228e-01
2.724293744481113833e-01
2.773922192586430469e-01
2.775223835737855027e-01
2.892935744858232683e-01
2.980581752325372480e-01
3.001049355896815984e-01
3.087194355660928258e-01
3.207915167404290502e-01
3.178052464823615253e-01
3.182137546810441808e-01
3.263911739566590642e-01
3.335138769299378914e-01
3.433374265179907625e-01
3.427221049388547436e-01
3.466496772654834579e-01
3.579623035751799964e-01
3.638343258220333998e-01
3.682101846715161719e-01
3.738681269610447666e-01
3.837174872722005081e-01
3.864667259656162090e-01
3.958879973125947749e-01
3.947498634755510771e-01
4.029804416725836225e-01
4.076690294668307568e-01
4.183110052821939484e-01
4.197963301974270145e-01
4.274568694622255527e-01
4.297261961729617608e-01
4.343591913687700479e-01
4.438424527592997881e-01
4.454331158747950048e-01
4.546487081197727043e-01
4.566923787050310435e-01
4.623427293513914793e-01
4.675847175434232339e-01
4.714465868422978434e-01
4.831636532444785748e-01
4.891015591057892298e-01
4.872406551298836264e-01
4.975824019071517501e-01
5.059631259890833288e-01
5.094058221360391325e-01
5.129270822316955858e-01
5.203046878545183329e-01
5.236432372915422739e-01
5.300060220084202856e-01
5.355940138619598168e-01
5.447810384361206903e-01
5.501779369295242139e-01
5.563895532438337677e-01
5.589935127655684122e-01
5.642812301338883119e-01
5.721645892197384509e-01
5.748387055564414538e-01
5.816293919933588352e-01
5.875711254529760730e-01
5.900304044573592144e-01
5.932249896783079457e-01
6.053643078945314393e-01
6.082076562037258549e-01
6.140667708557020488e-01
6.238745159698775300e-01
6.239018872492899659e-01
6.299368415832284906e-01
6.372731668358768697e-01
6.423775191783996918e-01
6.497256031300103762e-01
6.519619985297094855e-01
6.562504924425062169e-01
6.631450846260740217e-01
6.706587985770720017e-01
6.782147509836855548e-01
6.801118224892844788e-01
6.840694336383434937e-01
6.899138890433230697e-01
6.940673996171474736e-01
6.990776290172103780e-01
7.048354641604791526e-01
7.110796043783653708e-01
7.144185417491928369e-01
7.193437587012109224e-01
7.269221331236104255e-01
7.327745875482847282e-01
7.361997961520636569e-01
7.420697556090626312e-01
7.463700700519487752e-01
7.531120074857831082e-01
7.593852694848775009e-01
7.644580330753369957e-01
7.681730108835936877e-01
7.727663807343638780e-01
7.777806536112850111e-01
7.806297920379805522e-01
7.889195649932108090e-01
7.972943750192864609e-01
7.972800396596726458e-01
8.024483616804443109e-01
8.092907419398879254e-01
8.123138893794232818e-01
8.185681014766861274e-01
8.253212308736892489e-01
8.294911041695702814e-01
8.324490689695026591e-01
8.394394749213482942e-01
8.427828686789776702e-01
8.480911973783169522e-01
8.539994194172290110e-01
8.562881318142996356e-01
8.622714326316226474e-01
8.677474822445165881e-01
8.721945873113002845e-01
8.780905436624923954e-01
8.832680590194920134e-01
8.891082111242012420e-01
8.890278477002308000e-01
8.969453673632221680e-01
9.039928733561853891e-01
9.056987186862280881e-01
9.112886779591089503e-01
9.174204451529134330e-01
9.231943767979529092e-01
9.254506379450784248e-01
9.307540317207961822e-01
9.369980547090240863e-01
9.395705837027434892e-01
9.448989955029887255e-01
9.498979397039980510e-01
9.541924086014432760e-01
9.575122351292644218e-01
9.637321560017514388e-01
9.670575149980099594e-01
9.746368834527290304e-01
9.772253952633593865e-01
9.817315439713897307e-01
9.887790633585373801e-01
9.916302042247796544e-01
9.958143154405358910e-01
1.002115467014365269e+00
1.007313239442794162e+00
1.011569030626541910e+00
1.015175813001654381e+00
1.020135437623616692e+00
1.025676713081040914e+00
1.028975555833761657e+00
1.033859188318209776e+00
1.039767176446392494e+00
1.041829087025705203e+00
1.045663081404222705e+00
1.052587619584242962e+00
1.056271622813708122e+00
1.060835419521613199e+00
1.065005240220674443e+00
1.069773011465372292e+00
1.074690971905468251e+00
1.076862132893749102e+00
1.081898849537207274e+00
1.087785741697464115e+00
1.091617946399791705e+00
1.096546502322714556e+00
1.099839828396263597e+00
1.105358270013901079e+00
1.113017007706763373e+00
1.118728269850847612e+00
1.120387341615890486e+00
1.117623088138104404e+00
1.119279898161817499e+00
1.126393759084506563e+00
1.135329662863223010e+00
