-4.955968417741097622e-03
-4.528901974711044623e-03
-5.029473096239026747e-03
-3.206052853657229574e-03
-8.677707666951734074e-04
-4.377538089858616795e-04
-3.317526769574489099e-05
2.580001075074201413e-06
-7.462504452841391567e-04
-8.627063439941390311e-04
-1.113312347274713742e-03
-1.668619269644480230e-03
-1.018764808411593220e-03
3.298622411700452995e-04
7.029321119814437285e-04
2.070248425013214086e-03
3.259487024403736125e-03
2.049898187081544785e-03
1.775594732631758125e-03
2.560768728056889675e-03
2.973417885246998002e-03
4.061873215208940645e-03
5.668189277724587812e-03
8.102866095688802603e-03
6.541454990140940090e-03
8.151992698070032600e-03
1.129762993259476184e-02
1.046471387410054243e-02
1.355858478970916985e-02
1.435241225384433980e-02
1.517842887213168013e-02
1.420383065952666134e-02
1.638411761791020230e-02
1.744892251481592466e-02
2.224218870313211804e-02
2.387441306423130488e-02
2.435116027372467851e-02
2.780491777924836219e-02
2.983429293664879162e-02
2.819199107945941779e-02
3.218798064188277408e-02
3.308913120998921431e-02
3.389055931380725167e-02
3.514923294352335220e-02
3.532393316446504755e-02
3.900101072577250028e-02
4.066836179949723240e-02
4.273466136759626610e-02
4.590848716980921312e-02
4.800181264998691633e-02
4.818092051384099961e-02
5.195617074673500313e-02
5.523581820344088122e-02
5.500759464386751479e-02
5.573255583180607153e-02
5.802065165303092048e-02
6.167305735870553390e-02
6.793097351660754013e-02
6.761569134479433751e-02
6.530048577428378132e-02
7.005350098147740401e-02
7.018289001507919955e-02
7.366679827608589581e-02
7.635259516194103924e-02
7.766591432615567447e-02
7.740445762427279608e-02
8.466694331111053462e-02
8.391552373356248040e-02
8.749068605374217544e-02
8.768028200119244719e-02
9.151615775013467735e-02
9.692136195396652831e-02
9.642901797988943924e-02
9.789355342007236005e-02
1.029787971331137808e-01
1.022875206492123157e-01
1.059239382688663134e-01
1.070866760316890182e-01
1.084729666328208691e-01
1.160042285388036970e-01
1.196979274560955320e-01
1.165296244039178419e-01
1.211493351962134035e-01
1.279504282494277334e-01
1.237698199661319831e-01
1.242169636960974988e-01
1.273762005708290457e-01
1.292184953723096441e-01
1.344251663359258830e-01
1.315528578061499476e-01
1.345896379877545013e-01
1.424432150934188956e-01
1.438295474172930077e-01
1.453889864972770785e-01
1.492955308744284559e-01
1.545870965033879219e-01
1.495540543721670113e-01
1.586487009505774814e-01
1.581532768749856210e-01
1.598149453786049667e-01
1.652006854972958294e-01
1.661513424834627495e-01
1.666742786757334227e-01
1.690922377995608961e-01
1.700047833781778428e-01
1.767405951812869580e-01
1.780110257387073902e-01
1.788590264798463891e-01
1.851222420318305306e-01
1.838539316317940042e-01
1.861091729354578950e-01
1.855488341224705018e-01
1.872311472301470547e-01
1.911607039070555292e-01
1.988214154235395381e-01
1.978587218104755630e-01
1.983545495788032187e-01
2.030190903513919010e-01
2.027867507780270195e-01
2.045988337740092811e-01
2.127370911568805534e-01
2.130341695908565536e-01
2.133055561963841107e-01
2.171795552709938903e-01
2.213658267919342837e-01
2.243661851599790813e-01
2.271213398265951033e-01
2.275639831541360902e-01
2.308173094599212660e-01
2.308146291361196090e-01
2.329175580228555476e-01
2.401396613761055676e-01
2.389249620784957562e-01
2.408378796017504875e-01
2.437535919705114962e-01
2.463889629231946765e-01
2.480024426559850059e-01
2.526195486510777188e-01
2.569280607611493239e-01
2.588606898705572701e-01
2.600706127462659722e-01
2.642523535298331172e-01
2.646086150952708382e-01
2.681134637059355286e-01
2.708515864487796576e-01
2.713610222871120081e-01
2.755726917134799780e-01
2.771596270215212487e-01
2.822467810172449298e-01
2.804701515302578940e-01
2.853701307989966462e-01
2.811782339947481724e-01
2.894101968842119343e-01
2.903319455328922105e-01
2.905411119897267636e-01
2.974585070954115507e-01
2.975941864489851096e-01
3.011707342640751461e-01
2.997713952107780577e-01
3.028809145987219065e-01
3.073891386406352733e-01
3.102625883304199195e-01
3.150154794633830413e-01
3.150918515929527208e-01
3.197369146326848321e-01
3.192946998128421421e-01
3.183127818369445583e-01
3.221204333636888406e-01
3.263845356623907845e-01
3.276010933893780952e-01
3.308183640263342995e-01
3.348014748269184104e-01
3.362958828182971427e-01
3.398944736239288833e-01
3.417629953230873485e-01
3.428997676471968736e-01
3.452597350197597614e-01
3.465415986053278496e-01
3.478003394729208275e-01
3.517144940351430993e-01
3.530209313034212149e-01
3.562672806562733330e-01
3.599045221071126566e-01
3.635223111877246005e-01
3.653293563948982747e-01
3.652059649042619927e-01
3.655948234882526737e-01
3.711678436135061876e-01
3.724324810481375869e-01
3.771066406485434341e-01
3.779332561105341326e-01
3.791978773658206125e-01
3.810316319865574841e-01
3.833080159679962962e-01
3.878064382276197319e-01
3.866472060996583582e-01
3.911507635631210622e-01
3.945640506816332493e-01
3.965135817653057670e-01
3.959652552011128090e-01
4.004730415852702508e-01
4.051938992833743480e-01
4.063813819620908374e-01
4.064087795128387692e-01
4.083004057359163608e-01
4.090557056248323997e-01
4.140537269389070740e-01
4.175206219749236225e-01
4.183831571516333780e-01
4.199049435232058425e-01
4.223969073609199487e-01
4.268849808559321835e-01
4.270061933495125084e-01
4.297187469880076049e-01
4.341625245684326284e-01
4.361382713978839698e-01
4.377700189577058976e-01
4.394494283323073236e-01
4.430862640664356977e-01
4.443077838629739262e-01
4.442548597303534463e-01
4.472732925807934579e-01
4.533449598491710031e-01
4.543947788931550491e-01
4.554950454264008464e-01
4.562794314092327164e-01
4.612107103093439076e-01
4.635043671640108887e-01
4.646175331440144385e-01
4.673287932412096279e-01
4.700094190764735336e-01
4.691630754216817856e-01
4.747390910216576221e-01
4.778121521236411429e-01
4.764171807113612434e-01
4.818317599426304998e-01
4.838999556345740527e-01
4.884794030609660442e-01
4.922543093011447213e-01
4.911606505444087167e-01
4.876733726932706015e-01
4.883938059302033174e-01
4.898653870121573717e-01
4.979423694853384874e-01
