-4.993801093555842729e-03
-4.500931506491739724e-03
-4.982589679367768580e-03
-3.131837649174813460e-03
-7.524949339915595848e-04
-2.729563275196320005e-04
1.783538995686558578e-04
2.329031641555089993e-04
-5.403947403144389056e-04
-7.030117336299880528e-04
-1.023958112709858100e-03
-1.516331166861648299e-03
-9.116403877082305575e-04
3.130989143701026268e-04
7.170877945925411114e-04
1.933771326867579155e-03
2.957734189200878546e-03
1.906293751764195042e-03
1.570321908435992619e-03
2.156154774942162927e-03
2.440616222624431095e-03
3.353832228437040285e-03
4.740058004127369572e-03
6.859787785788369271e-03
5.596782282212418164e-03
7.013908274098119323e-03
9.680896625272947600e-03
8.926944576350700697e-03
1.152774641760272167e-02
1.215295216609364390e-02
1.283301084223409903e-02
1.196909820681743737e-02
1.381625440140893911e-02
1.476921714882964767e-02
1.886612133835381330e-02
2.025103040142997926e-02
2.066624208009970598e-02
2.360384210003736716e-02
2.534056857247230302e-02
2.388027836655535335e-02
2.728903854284775096e-02
2.803037061689014897e-02
2.868679684524955489e-02
2.973539943095740434e-02
2.986785288123066165e-02
3.307304870403746794e-02
3.452548147063363299e-02
3.624106288604247300e-02
3.892986359001374130e-02
4.069332445102766260e-02
4.082811138673174411e-02
4.410604624986179390e-02
4.685801768717703236e-02
4.666780046507509883e-02
4.726407697377948969e-02
4.908690269374539616e-02
5.224324874204472335e-02
5.779978553884859011e-02
5.739126204714462692e-02
5.525626646605078657e-02
5.948040786585211820e-02
5.946568266101295158e-02
6.253935337985895571e-02
6.473349043817312742e-02
6.598378427026753423e-02
6.539458199635167501e-02
7.189377588339584957e-02
7.131740427741552202e-02
7.434868226850692430e-02
7.436173316557875834e-02
7.774669101562237117e-02
8.244374647349181351e-02
8.194098917983741459e-02
8.325988871852096906e-02
8.762412378700303039e-02
8.685385294554942570e-02
8.991873027106961347e-02
9.080670515421546130e-02
9.216694955475603079e-02
9.891777168836393686e-02
1.020781550882748634e-01
9.890488501068356308e-02
1.029003528016936980e-01
1.088971045219110922e-01
1.050110505920908294e-01
1.055937773697412513e-01
1.082519154358957403e-01
1.096392536134773027e-01
1.141938304465326404e-01
1.113068030110366119e-01
1.141877591156150173e-01
1.213853892806408957e-01
1.223676526423145977e-01
1.235296172313190693e-01
1.270637163051760443e-01
1.318597168373981943e-01
1.266359171670133899e-01
1.351938206599653525e-01
1.347767584462400414e-01
1.359836402809230238e-01
1.409871222691476411e-01
1.412043768559231305e-01
1.416544214867055951e-01
1.437777468613788967e-01
1.444184593299345232e-01
1.506595130138243810e-01
1.515386495166240188e-01
1.522228615078371761e-01
1.578270586020184829e-01
1.567236251334309660e-01
1.584456059993996357e-01
1.574824849104649316e-01
1.587359499248700290e-01
1.621350893980540164e-01
1.696449770996521222e-01
1.687734770966331510e-01
1.685872694049857790e-01
1.727379627078066415e-01
1.722244993202839414e-01
1.736175475958942338e-01
1.812730139894660752e-01
1.818067934003789465e-01
1.813987421217242157e-01
1.847589211227803618e-01
1.885859976144397543e-01
1.914811537462476343e-01
1.936559391213266701e-01
1.938257865604358920e-01
1.966217329585180085e-01
1.960445910878169384e-01
1.982903018582999610e-01
2.050019398537430149e-01
2.034124847045582496e-01
2.050782509591899949e-01
2.076494628246393082e-01
2.093436484275007781e-01
2.111945226855043989e-01
2.157129097043876675e-01
2.186295093165283032e-01
2.212500541517222197e-01
2.218860332305866434e-01
2.253481780957982683e-01
2.253710238297679525e-01
2.287824043858753265e-01
2.311563511542253924e-01
2.314257973761878751e-01
2.351231569342660532e-01
2.364060308416985057e-01
2.404443732600701766e-01
2.389177619919878315e-01
2.436751490016894062e-01
2.392522285182142050e-01
2.473552773591020659e-01
2.471843398831830574e-01
2.477965178532754165e-01
2.537655574626615507e-01
2.537586074652851131e-01
2.569742870503438081e-01
2.549535272673859043e-01
2.576276447660272306e-01
2.625897944999872058e-01
2.650695566693956895e-01
2.691848760088973447e-01
2.687928426315386310e-01
2.723308086760113378e-01
2.721663084309928760e-01
2.713963069858230659e-01
2.743026227994260768e-01
2.779524830805247260e-01
2.792372093941321576e-01
2.819303466203841313e-01
2.855621669689400455e-01
2.870066968655700101e-01
2.902741708402674647e-01
2.915273727405112147e-01
2.923899037145345492e-01
2.947603084682627328e-01
2.953004343945185850e-01
2.967938908088870176e-01
3.003842583868372440e-01
3.006758510086862679e-01
3.039928246628981756e-01
3.073941292492426980e-01
3.100081088945314534e-01
3.116885519199005250e-01
3.115075596255087453e-01
3.116315729038384164e-01
3.171144254339186008e-01
3.180965896042888819e-01
3.214628432183639917e-01
3.223902078470309296e-01
3.239352431359578954e-01
3.248836242113127271e-01
3.269614093179889491e-01
3.312689645981655717e-01
3.294147794116300543e-01
3.333780472118976768e-01
3.372755803038653410e-01
3.384594003697040665e-01
3.376503681939095891e-01
3.418682332671572621e-01
3.464437161705719026e-01
3.474466594009031906e-01
3.467631902875352723e-01
3.482953008475788703e-01
3.490312707543651305e-01
3.537493756718303461e-01
3.566598239358561018e-01
3.567573688112228303e-01
3.580411388986419752e-01
3.601066837775992457e-01
3.645873344267226979e-01
3.648378794796823255e-01
3.668106094989619925e-01
3.709364986759159932e-01
3.724311980929994048e-01
3.738826133008268937e-01
3.756227413891050082e-01
3.787653704063093651e-01
3.796828533433718178e-01
3.792276134709448021e-01
3.819676370734579329e-01
3.876027017109797690e-01
3.885217076376686896e-01
3.896289295921631091e-01
3.894398047182807687e-01
3.943095899680824079e-01
3.962744310256927083e-01
3.968367135928577705e-01
3.993873923410424798e-01
4.024239107499528179e-01
4.000676394893892263e-01
4.065190127375079565e-01
4.090274096815042504e-01
4.068215054692803645e-01
4.122656645379763063e-01
4.134329562050099716e-01
4.177017322001976285e-01
4.215719716261496219e-01
4.201811032281105307e-01
4.163244677583877174e-01
4.168871789239666503e-01
4.178619655314591563e-01
4.258554719036387604e-01
