-1.236029998783944039e-02
-1.185586507482664330e-02
-1.241205253009991342e-02
-1.058812117184109239e-02
-8.020115897292078716e-03
-7.299835265827071470e-03
-6.736431514583104616e-03
-6.655421371938759212e-03
-7.422328476175180621e-03
-7.841632827709202683e-03
-8.352485177521306453e-03
-8.720038538215551388e-03
-8.303209894560726473e-03
-7.563043995593756938e-03
-7.021114064221348032e-03
-6.388651091915406241e-03
-6.037017542281949804e-03
-6.483090612578398110e-03
-7.142740872534700594e-03
-7.231983334005337265e-03
-7.395374861914866434e-03
-7.234505581214910851e-03
-6.703095180347754152e-03
-5.805254430640539864e-03
-5.881853099989506513e-03
-5.327906616380546738e-03
-4.461505478856681896e-03
-4.840127557070330461e-03
-4.273663902746351224e-03
-4.272547314683415413e-03
-4.250943007066486368e-03
-4.656096144244638996e-03
-4.033017612032184333e-03
-3.630074291063731338e-03
-2.385480428025421248e-03
-1.682889866048004925e-03
-1.760656239952339231e-03
-9.233072198293410925e-04
-4.583411258786370714e-04
-9.499394953867143021e-04
6.874269781221576142e-06
9.253385212405101142e-05
2.351216215279524778e-04
5.085794499688205562e-04
6.756157887898926306e-04
1.712024627128355464e-03
2.085626290473562450e-03
2.560923612791724154e-03
3.411158273399050866e-03
3.796430277579772479e-03
3.812610079152564842e-03
4.658456994892349115e-03
5.622776110779059006e-03
5.456462184140715294e-03
5.604556471565277399e-03
5.947965902511974379e-03
6.957555940305832146e-03
8.977089469043223260e-03
8.500714406752703928e-03
7.668147143354176777e-03
8.992937246109711930e-03
8.939436678402782124e-03
1.000407160274855226e-02
1.051994884876797549e-02
1.101115913773522900e-02
1.034988087214292266e-02
1.260526264906024554e-02
1.251109779803627996e-02
1.338588835236190731e-02
1.307704127212071590e-02
1.419129807832963941e-02
1.590176612265437051e-02
1.564858517153232612e-02
1.595094766386543836e-02
1.716726852716046400e-02
1.665633167534018647e-02
1.743539415031927081e-02
1.754358391091219785e-02
1.817397439400899109e-02
2.071248846617869746e-02
2.175318330919245174e-02
1.994607067598160380e-02
2.128076436481554645e-02
2.316803717374634961e-02
2.155416665345820382e-02
2.201926236499725242e-02
2.278103753483363969e-02
2.287553846612402908e-02
2.444309560922117153e-02
2.273813143487419391e-02
2.392457356146078518e-02
2.696966605258843686e-02
2.692947708512179877e-02
2.691152724818478628e-02
2.821157138856346044e-02
3.009134371132438437e-02
2.695565780429068706e-02
3.068425479540906609e-02
3.057710759664165195e-02
3.073148627591001242e-02
3.268720411684365029e-02
3.183881163258057978e-02
3.180597409358685429e-02
3.259274734461436313e-02
3.244354734689831876e-02
3.501531293382682819e-02
3.491827584531717599e-02
3.479246550210801647e-02
3.710325713601166780e-02
3.685931955227036982e-02
3.656282855180032626e-02
3.568724794792289823e-02
3.549470353859020960e-02
3.679183590387913316e-02
4.055285767496161903e-02
4.034807477679270421e-02
3.943504633506233342e-02
4.055075512338688487e-02
3.975448484029917018e-02
3.989430779082021872e-02
4.330691767088647864e-02
4.425023892732651148e-02
4.275725922387039329e-02
4.370330374549927233e-02
4.519600301388074920e-02
4.662959047658350731e-02
4.691228591942920439e-02
4.677293678014673994e-02
4.749786361637094861e-02
4.617732772857791046e-02
4.767185154143596670e-02
5.033039576912667207e-02
4.888308625120116324e-02
4.895683932302256902e-02
4.989489380571598270e-02
4.939864321494066152e-02
5.096541584954660670e-02
5.418550751379111463e-02
5.315786798236099564e-02
5.591656607558557340e-02
5.496809383137112037e-02
5.504822163437411708e-02
5.478429698468531561e-02
5.689507366184917009e-02
5.746782949008891195e-02
5.720966769357783283e-02
5.808568672114420434e-02
5.901850851030034789e-02
5.863979930909561655e-02
5.879084968498426295e-02
6.034426871599229275e-02
5.853564888743446187e-02
6.292023694143260293e-02
6.014912334199204458e-02
6.103213401693923651e-02
6.350793599776774490e-02
6.268957756409244964e-02
6.373404734041759889e-02
6.159016049926210185e-02
6.265842585019169853e-02
6.636467666886311512e-02
6.751708003537172653e-02
6.779440300768228844e-02
6.663814564966999421e-02
6.684747393661255588e-02
6.863345492529876468e-02
6.926519775155398628e-02
6.763425902795952571e-02
6.786253140886004676e-02
6.923231352124753490e-02
7.003688026116686172e-02
7.191709138045342120e-02
7.223320709810462925e-02
7.264361540844657683e-02
7.286803484990815594e-02
7.325610707770230379e-02
7.474209627092967545e-02
7.368946576776966295e-02
7.531730292076434241e-02
7.605861686147225020e-02
7.484891861375576882e-02
7.710961161620265292e-02
7.774071891278028223e-02
7.784724701790599055e-02
7.841299923660673132e-02
7.919350585806603227e-02
7.786784679033663392e-02
8.013795206331936205e-02
8.138845497438700061e-02
8.032880461841188091e-02
8.164932212418257729e-02
8.304099311072128675e-02
8.171493924793309105e-02
8.263482939451517739e-02
8.410004115016053716e-02
8.202969072575100329e-02
8.432330896799715425e-02
8.727010387006077508e-02
8.540639646857306477e-02
8.477537560785833315e-02
8.639674405972104509e-02
8.829979633909386394e-02
8.861716453592745346e-02
8.775681516088619516e-02
8.836015705086609773e-02
8.905173596846922834e-02
8.922057576603287243e-02
8.917703941863502903e-02
8.994466200046920268e-02
8.926569606394720025e-02
9.083498981536890227e-02
9.363535409986804836e-02
9.305594418555065972e-02
9.311606045646229901e-02
9.484436498109419245e-02
9.538008571452288864e-02
9.582012414469916195e-02
9.632444825426014767e-02
9.695823428232554220e-02
9.755260437035097321e-02
9.645706305384414703e-02
9.751769582905886469e-02
9.922284065283795695e-02
1.003485031452763798e-01
9.992575941622455771e-02
9.970477738243760379e-02
1.001375628887603980e-01
1.013173902586897573e-01
1.012929234221861263e-01
1.026618823149435256e-01
1.053104059892592953e-01
1.014614732153822640e-01
1.052070390345196116e-01
1.048367812866374538e-01
1.019193200698373380e-01
1.064107690309294280e-01
1.037711296409292022e-01
1.067284887539998867e-01
1.107627678905623025e-01
1.101011314056288826e-01
1.086003793791876920e-01
1.077629657156107118e-01
1.035489700136068836e-01
1.077252088953161852e-01
1.083585004865061791e-01
