2.418865287652815776e-01 5.824364931761775999e-02 9.723401532879922815e-01 1.975241358579317458e-09 6.162334469951240568e-01
3.936558662079708282e-01 4.852207901759064690e-02 9.329509767037624801e-01 1.719472656271731666e-09 6.526715608567026372e-01
2.675804790914546594e-01 4.045824584081830766e-02 9.642126716402644737e-01 1.767448379610540364e-09 7.002610095896031339e-01
2.864566477362444075e-01 5.364929624596470603e-02 9.208752092820366997e-01 1.941064536578422688e-09 6.780343190633062456e-01
2.846318872194734118e-01 4.521175585181676226e-02 9.450629634572248472e-01 1.892963687239182697e-09 6.905682369320206293e-01
2.462428486780878500e-01 5.129681973270410617e-02 9.622862379433579916e-01 1.817167370463626783e-09 6.495706408470247606e-01
3.632692481408078544e-01 5.113623689962362023e-02 9.731270644992195962e-01 2.272186883107415585e-09 7.013885014817694552e-01
3.739625814398865877e-01 5.244372155580676736e-02 9.405936206859769610e-01 2.212289575940865304e-09 6.242591574519343878e-01
2.881207906329985025e-01 4.132745932468192412e-02 9.988174524002828569e-01 1.758864450968956511e-09 7.218389064459423965e-01
3.252705802932197576e-01 4.620483039407195097e-02 9.364662786759029300e-01 2.295756886626716456e-09 7.292235201320761417e-01
3.875995810746921122e-01 4.456130879869114186e-02 9.935954001027240690e-01 2.401164450489638997e-09 6.672205463494650379e-01
3.575883279620988286e-01 4.720361077828202911e-02 9.855611747682837542e-01 2.243066677066162303e-09 6.754935160767140401e-01
2.803273016604783674e-01 5.881623450795070429e-02 9.270549770823156566e-01 2.219204566345077066e-09 6.428578595539562457e-01
2.780224632218041281e-01 5.589041737210974359e-02 9.277369224655682700e-01 1.746953861097966541e-09 6.785459981196559909e-01
3.291606229514519866e-01 5.793823610098175481e-02 9.682246796300261193e-01 2.155023995708047145e-09 7.171000862450703783e-01
3.704245122220408137e-01 4.658788028155851774e-02 9.759826706314329581e-01 2.093592174629020120e-09 7.219650237783070690e-01
3.944082726777426995e-01 4.684062623110599177e-02 9.433913620827052426e-01 2.338801172542554131e-09 7.187357181097433489e-01
2.859132924360182071e-01 4.570748347542172990e-02 9.813325020200450721e-01 1.800688419633951389e-09 7.113897443547769761e-01
3.462078916782836968e-01 4.518880891725684384e-02 9.478352587833620557e-01 2.079731769354926548e-09 6.521082016798854797e-01
2.835416468169155157e-01 4.002056943722531041e-02 9.358391970395286696e-01 1.950464769990141511e-09 6.654272830630190150e-01
3.447490734491904241e-01 5.802965268650064901e-02 9.354457488471069615e-01 1.909159348326481532e-09 7.090911281966686408e-01
2.633567526900048028e-01 4.782072677360246771e-02 9.702582757234917699e-01 1.729234721419952063e-09 6.216254749368383958e-01
2.715665895434221655e-01 5.487655081216449848e-02 9.780046571364351404e-01 1.743029428073171346e-09 6.552315186472912334e-01
3.600971517733707050e-01 4.678811596237476139e-02 9.763594439577174544e-01 1.704326307739586235e-09 7.192779424182146331e-01
2.793367894060648782e-01 4.276647340143253928e-02 9.852096575211412022e-01 1.840892973923715555e-09 6.940156206370583503e-01
2.421677233218829939e-01 5.873621782114968326e-02 9.375833168386661365e-01 2.304381622723354480e-09 6.868177236216912451e-01
3.004677860243638032e-01 4.882719725639401986e-02 9.635661266848543072e-01 2.016767814292672215e-09 6.808803781897226903e-01
2.913314314475403122e-01 4.142632051596127629e-02 9.602515465272607464e-01 2.252558863177216670e-09 6.971281686411054945e-01
2.953513137127616872e-01 5.117761598601880402e-02 9.416917558277645428e-01 2.185621400513557335e-09 6.147898295496526666e-01
3.430127621456150466e-01 5.515195969135543164e-02 9.753090548608049914e-01 1.873880347104247319e-09 6.100827988993257067e-01
2.876419639020538765e-01 5.899986525991024466e-02 9.357361664932929424e-01 1.715161974269776855e-09 7.150675232191312514e-01
2.763605462989820460e-01 5.536866631559439478e-02 9.625533320236256962e-01 2.101090215013303604e-09 6.271786857684543692e-01
3.718491060643717150e-01 5.007049714158429143e-02 9.773629105102431547e-01 2.302414482313118574e-09 6.825456443548496566e-01
3.022498584729985671e-01 5.455569129956647917e-02 9.617725002068540086e-01 2.196573109205598067e-09 7.149839943385655205e-01
3.060425118354039853e-01 5.695489077378287912e-02 9.402000679430129182e-01 2.217087686699594944e-09 6.277617133166838448e-01
2.887548351959150494e-01 5.738002730289699926e-02 9.638284637007665800e-01 2.261602692592388089e-09 6.361292510906872977e-01
3.846489629468413662e-01 5.558528658914320408e-02 9.923611566791032956e-01 2.168593958209562307e-09 6.112357485430277571e-01
2.506712884254993501e-01 4.098737277342211216e-02 9.692708752540859507e-01 2.176809691840880235e-09 6.107701031213853549e-01
3.622964604088399487e-01 5.914247000297226387e-02 9.927964463816714158e-01 1.869409215232155660e-09 6.432644099901978496e-01
3.931961878319308323e-01 5.637337776580435278e-02 9.225489608538272046e-01 2.385397791670455194e-09 7.202499136590739814e-01
2.751509090836640192e-01 4.637188064489303901e-02 9.309941197280053871e-01 2.048640368654624921e-09 6.355643842516374153e-01
3.266703604349867063e-01 5.393198930330975194e-02 9.910092820351765752e-01 2.198591417982664138e-09 6.299428909220369244e-01
3.229480872849554984e-01 4.147556852092381535e-02 9.455199014116023593e-01 2.473030848197472066e-09 6.666215640659245434e-01
3.017418438146556303e-01 4.711411444407109100e-02 9.290293497412464019e-01 1.851595361427781055e-09 6.673242842536604158e-01
3.250938025263538922e-01 4.885473122277837754e-02 9.606315478490486948e-01 1.878682380924010606e-09 7.106599895691321223e-01
2.771180960292439210e-01 5.677949988832040051e-02 9.710001395270871916e-01 1.837142283933978503e-09 7.207827701454947444e-01
3.653041282140502277e-01 5.943379174026228173e-02 9.230137391577621919e-01 1.900712608096388980e-09 7.176798131505546241e-01
3.542879095308711923e-01 5.727389722877281042e-02 9.888285075353721032e-01 2.438993721601341945e-09 6.323159244695354397e-01
3.371743535191882857e-01 4.509660635005152685e-02 9.431285468968965136e-01 2.417788681623204325e-09 7.143079223565255154e-01
3.173850806050481088e-01 4.528984035376421025e-02 9.482110441927196209e-01 2.442735792194340847e-09 6.702628695761706501e-01
2.641698068942909261e-01 5.231227459386774553e-02 9.951264483015549445e-01 2.175090914263974096e-09 6.933868606331251572e-01
2.502489044811130325e-01 5.842955627243869021e-02 9.898265198811690979e-01 2.171104135032763377e-09 6.365282060933903363e-01
3.856205774605261372e-01 4.807180088203268781e-02 9.650474634695461740e-01 2.456497942752498776e-09 6.800195694280360970e-01
3.383555553383006953e-01 4.385444978588891318e-02 9.777202631853481041e-01 1.932671199497060618e-09 7.070922336874527758e-01
3.138022638742608561e-01 4.116056354280749757e-02 9.263201987704074991e-01 1.920795926321370331e-09 6.617611327218805295e-01
2.649312711558072797e-01 4.967054146072317350e-02 9.589801347313525737e-01 1.823003509365516626e-09 6.747191084933491512e-01
3.958420808043173755e-01 5.666354973644214393e-02 9.311632488456427215e-01 2.299948168613218075e-09 6.340776576892015459e-01
3.987037286010577386e-01 5.707449377958415115e-02 9.619239665525062266e-01 2.223775499006557904e-09 6.311082278661915845e-01
3.188423941528079619e-01 5.352390640702216207e-02 9.214403120782312939e-01 1.888470477713025375e-09 6.255255718648004004e-01
3.861267690824268239e-01 5.347788748711033990e-02 9.756151836513119457e-01 2.003683196244974358e-09 7.024815297055261309e-01
3.373786697238236321e-01 5.978221950228586323e-02 9.658127288211175721e-01 2.455792662209867720e-09 6.525165800675074568e-01
2.969833939105052667e-01 5.591843514523296699e-02 9.294891502792740345e-01 1.798927863374633123e-09 6.368568656466377931e-01
2.980373756228918425e-01 5.414215858882918259e-02 9.292039119636595901e-01 2.121930014883725389e-09 6.413351568151901549e-01
2.574280544880248600e-01 4.873097406802946036e-02 9.869342187143431699e-01 1.753817912599500527e-09 6.774000417925188922e-01
3.636136719902743897e-01 5.986166499699838162e-02 9.924038120426239562e-01 2.451299646626271385e-09 6.830189683591423311e-01
3.800634368904892701e-01 5.226488952681813960e-02 9.547715211598376550e-01 1.983246015215166513e-09 6.764826358356500480e-01
3.105423350198820431e-01 5.878513219524692662e-02 9.687682249420418445e-01 1.910874222008962201e-09 6.519859958709840475e-01
3.558262820634915946e-01 5.094914588803608341e-02 9.787070267174770022e-01 1.769603871387011326e-09 6.308828018786951652e-01
3.128294586590192328e-01 5.133006341039698245e-02 9.532752877633694499e-01 1.702360698167017723e-09 6.288610787745768649e-01
2.842709328959832638e-01 4.686647710675515693e-02 9.429442218904271478e-01 2.399809101389193105e-09 6.435216024160820281e-01
3.849586066538303597e-01 5.211296500471529480e-02 9.398729056049925923e-01 2.311539180852932119e-09 6.651356683419324956e-01
3.433745414791747330e-01 4.564144622749283231e-02 9.498613304744063512e-01 1.952011237524869956e-09 7.115262117472781478e-01
3.282627798169792666e-01 4.227102131234185961e-02 9.424411262260330435e-01 2.187743544532157511e-09 6.811384203650183711e-01
3.527902551269080922e-01 4.906502173003815526e-02 9.594994679180063324e-01 2.354180353376325791e-09 7.275206104686846587e-01
3.624692437315048532e-01 4.042618726572692195e-02 9.543440214568127411e-01 2.411975450389509813e-09 6.486780813104277010e-01
3.708085287803325469e-01 5.074585429404128434e-02 9.784335127132856025e-01 2.374729747212582954e-09 6.331154490611101693e-01
3.353652736587655614e-01 5.367623533656065704e-02 9.223343955239599046e-01 2.077249069689734303e-09 6.455676098182988598e-01
3.749138674977961494e-01 4.405712041971400483e-02 9.251607885699776324e-01 2.230007194811153271e-09 7.072958282082896231e-01
3.796809395438346391e-01 4.533349273758945780e-02 9.388019507807749964e-01 1.895293260716527444e-09 6.760270329618848217e-01
3.692934186630369986e-01 4.695142396407255697e-02 9.628925576525108054e-01 2.436405947870401404e-09 6.230940287796146171e-01
3.015039764322886562e-01 5.078633620224179412e-02 9.714480172812793857e-01 2.463030024549173673e-09 6.934870521800037269e-01
3.730936259264751031e-01 5.836612804171179003e-02 9.370729381139426550e-01 2.054452352775693879e-09 6.716851136409989209e-01
3.485968665294174595e-01 4.211189064454629732e-02 9.524324432047904798e-01 2.481171560403258764e-09 7.288577218384689749e-01
3.804423279277021619e-01 5.631476149813054166e-02 9.844456217482697724e-01 2.498548873690879016e-09 6.750852028641317615e-01
2.683515208703217692e-01 4.189333209819059295e-02 9.954536560000724066e-01 2.313913839787088331e-09 6.895259981675612160e-01
3.071551196866039168e-01 5.446834632006555127e-02 9.904162377409062579e-01 2.227871502823612188e-09 6.559618083999856353e-01
2.516206603316069046e-01 4.663903022925764558e-02 9.621654329419194740e-01 2.249344189888312276e-09 6.533928997493599899e-01
3.287115265575121237e-01 4.794020185228910907e-02 9.948355550135360437e-01 2.151121528909214611e-09 7.196160106991753569e-01
3.599673116907229353e-01 5.206090808537355841e-02 9.280060139461031588e-01 1.912040142194973127e-09 7.102441419413570989e-01
2.514998421306861021e-01 5.583647329439994644e-02 9.530335019621291037e-01 2.098849200805794063e-09 7.282005734817249554e-01
3.700026781513757745e-01 4.929749330030464005e-02 9.485847679029495438e-01 1.847368305749502561e-09 6.542412557477732538e-01
3.836195826815214094e-01 5.319152448046250703e-02 9.837059474354636901e-01 1.736031804626409798e-09 6.472213300136276937e-01
3.853455081048513531e-01 4.414963596236309157e-02 9.846313992100483858e-01 1.819811288061286033e-09 6.391338873698269030e-01
3.219514676733627456e-01 5.963650359139381629e-02 9.644548813803833776e-01 2.328027136434084714e-09 6.343617326237055432e-01
3.059137573713813230e-01 4.206959207906236370e-02 9.818931376255406462e-01 2.207795927211800835e-09 6.513231085107789031e-01
3.965923743109712740e-01 5.039262387008217048e-02 9.394115610232912639e-01 2.361758698173746424e-09 6.697207153506572475e-01
3.511691818258347308e-01 4.738143894626206665e-02 9.335455660822161716e-01 2.072105637270182185e-09 6.766671176820886480e-01
2.601283629876310344e-01 5.529753386819145911e-02 9.867364830159901512e-01 1.774442765976544138e-09 6.181423189856248834e-01
3.115349387580290674e-01 5.751950278793550864e-02 9.993214251607647203e-01 1.939424367163453064e-09 6.693069903116468655e-01
2.692008202148457041e-01 4.814062866211606118e-02 9.206349566792715322e-01 1.890568467561691197e-09 6.468102057050529874e-01
3.320126675628964352e-01 5.064077178828300940e-02 9.578005151872437395e-01 2.434052455467303034e-09 6.319824302298959751e-01
3.791391991340603562e-01 4.976063872292271761e-02 9.817254526678915738e-01 1.777005377378330607e-09 6.985813484123717387e-01
3.385954892219319445e-01 5.715402813610818977e-02 9.438572939950378160e-01 1.772413539548309687e-09 7.261760817050905148e-01
2.510552578703467153e-01 4.350909813690093109e-02 9.979997228383457042e-01 2.211043594836117567e-09 6.164132141513002372e-01
3.196585603043871071e-01 4.569866824118687387e-02 9.832441972329345470e-01 1.931472351984060605e-09 7.088435040426137590e-01
2.741686704498774718e-01 5.642009804053990663e-02 9.962320705639128304e-01 2.491376849192765155e-09 6.500477021921482468e-01
3.612688332673498204e-01 4.037282835749694127e-02 9.556694193570972606e-01 2.433214971731316866e-09 6.685238314994369491e-01
3.195369969745360805e-01 5.609055740857081529e-02 9.677730226159499960e-01 1.794239106912478017e-09 6.795351476055142559e-01
3.544273227342090160e-01 5.981788681691008192e-02 9.662322417032458421e-01 2.153907853143489604e-09 6.269608290423246411e-01
2.979282943986716337e-01 5.483405677194563149e-02 9.931050469548959869e-01 2.347305524556787171e-09 7.017231577840596923e-01
2.734944519604522450e-01 4.203480933996794899e-02 9.695490282448477881e-01 2.066918934364633105e-09 6.667948678956622244e-01
3.325615611658708781e-01 4.171563240806071965e-02 9.517404489152110347e-01 1.904225724026076752e-09 6.878532667034216175e-01
3.974175686250551731e-01 4.894491115456624936e-02 9.831514996395431805e-01 2.131178311096319330e-09 6.251021107083595263e-01
2.697923069197764034e-01 4.705040061189504075e-02 9.768397352784981003e-01 2.109026260690874888e-09 7.135797772512121329e-01
3.999626226189958444e-01 5.432962380049347756e-02 9.273331720002909728e-01 1.712219099392653627e-09 6.951918688398831536e-01
3.889279717462993391e-01 5.534124831583520088e-02 9.985253300732324089e-01 2.278453636132237260e-09 7.161322413370756479e-01
3.595624607082977819e-01 5.396094855421120634e-02 9.838694822740361445e-01 2.246561961972565395e-09 7.129102540219893758e-01
3.564977745548915666e-01 4.137219532008393208e-02 9.906871507066006277e-01 1.791456593753243980e-09 7.184939724714999310e-01
2.433131905713283583e-01 4.058731323239835737e-02 9.457792059865633982e-01 1.881306093512322768e-09 6.264029911953233887e-01
3.758378080410249567e-01 5.012430408799359999e-02 9.967147782090575170e-01 2.359522468784864832e-09 6.709158288702534723e-01
3.916113793667993503e-01 4.283332201425029545e-02 9.391645167144604400e-01 1.744969991058453674e-09 6.371750036620018598e-01
2.454553736910199957e-01 5.308580656055537916e-02 9.652398993493088719e-01 2.047357585715976670e-09 7.076811463008132463e-01
3.347566386486821033e-01 5.701753183774209421e-02 9.475695103593468893e-01 2.023782575873371008e-09 7.140820347015041092e-01
2.639268299401378859e-01 4.419790999394985348e-02 9.286663512227348871e-01 1.960914332347716070e-09 6.290634805124586393e-01
2.736570815760119846e-01 4.302243000592426148e-02 9.528925336685988290e-01 2.469892144590117510e-09 6.636195567178742039e-01
3.915667346172273522e-01 4.384198203776465408e-02 9.980440578302145482e-01 1.903869858436553120e-09 6.400540176367529588e-01
3.151814690086422455e-01 5.143193895062323634e-02 9.942282128980013400e-01 2.106376666509150755e-09 6.706203717800313102e-01
3.868640555422078187e-01 5.055091485445437072e-02 9.305968080263538056e-01 2.094076585999918525e-09 6.479153718176526855e-01
3.274627159472134896e-01 5.730248718534414198e-02 9.823460486709002515e-01 1.732200722202453763e-09 6.296913413810879545e-01
3.298586348227989240e-01 4.875213752458034538e-02 9.699607546048565343e-01 2.127227043248298925e-09 6.597709369597086759e-01
3.681040749744787233e-01 5.831326015518532857e-02 9.509646692918072297e-01 1.866797554419376463e-09 7.280793137646129898e-01
3.159707208821589397e-01 4.159245788049566184e-02 9.460145924425379382e-01 2.103790411525726572e-09 6.690378697815523301e-01
2.862264800465064152e-01 4.221166049711127383e-02 9.657944099229394119e-01 2.200614928740011766e-09 6.282003246676239883e-01
2.918959078002242302e-01 4.309009734201927483e-02 9.596445405982333421e-01 1.948495791832032698e-09 6.256880578460505271e-01
3.712164772950176106e-01 5.260058454235169711e-02 9.972592287468883265e-01 2.004636515932776528e-09 6.537044389300441516e-01
3.011257693259613011e-01 4.923584691804165636e-02 9.218954576186185745e-01 2.383276346779061409e-09 7.063600395348205163e-01
2.563101064076702129e-01 4.397322579470337028e-02 9.381864115798984605e-01 2.413375038559458371e-09 7.004576032967451127e-01
2.870505608086721949e-01 4.939599399215925668e-02 9.936540458892244576e-01 1.780925770980548322e-09 6.378953318815701046e-01
3.604015041780476158e-01 5.267830680535520033e-02 9.865202220963884550e-01 1.968770631766910449e-09 6.382324564547878776e-01
3.769236046001920304e-01 5.199754533168781528e-02 9.551482088835256956e-01 2.027755574737432475e-09 7.083242983039662599e-01
2.956578048257207381e-01 5.407391087056737794e-02 9.419388004994184715e-01 1.760389345758206608e-09 6.167907087248474252e-01
3.978431608748937975e-01 4.359496917236400926e-02 9.552265060947087161e-01 2.275332179631560967e-09 6.712556236577547075e-01
3.588386417455169397e-01 5.219340541587759452e-02 9.339684829803855948e-01 2.244876589409879544e-09 7.062946462233363754e-01
3.036570335983598268e-01 5.553415714687426341e-02 9.647228424793287127e-01 2.009871500243559476e-09 6.572428101399487854e-01
2.992725527334346158e-01 4.955240631800452572e-02 9.824206950789934334e-01 2.350108713937605233e-09 7.204720790437977307e-01
2.532525584646991290e-01 4.846601928770771783e-02 9.688807893839800345e-01 1.914559667671118513e-09 6.566356004309819028e-01
3.629885577669031971e-01 4.446122660026376183e-02 9.259527758176625545e-01 2.220669583541295586e-09 6.503404743937734045e-01
3.925066695354941237e-01 4.777305700428845919e-02 9.555405308401069275e-01 2.018090230078670251e-09 7.008071586446014134e-01
3.811254803195266438e-01 5.922840688050391711e-02 9.421887278088035833e-01 2.493248135212031117e-09 6.591863110007567528e-01
2.612820505264907833e-01 5.107929472444232982e-02 9.500088526355584539e-01 2.424118119143170753e-09 7.277848653582823513e-01
3.342730610191421703e-01 4.543448435316382872e-02 9.541172518349929632e-01 2.484177630303250603e-09 6.979174105297200059e-01
2.570433029019084659e-01 5.907570806068708491e-02 9.740111187400570802e-01 2.086005068238580589e-09 6.180206742666694009e-01
3.397598710116180865e-01 5.188302426279470247e-02 9.850763373506196130e-01 2.074785370428417809e-09 6.899327650176256821e-01
2.855587569100052625e-01 5.357454025952922139e-02 9.313666407255687396e-01 1.764071829879534145e-09 7.267779292213697451e-01
3.301141788527087728e-01 4.897730776402910158e-02 9.343057204513459668e-01 2.285973500684428673e-09 6.194060126698758273e-01
2.609092978254999307e-01 4.589392799995409278e-02 9.636919855458943029e-01 2.257771605630794044e-09 6.914800031818664205e-01
3.449730589239398126e-01 4.294528370712393656e-02 9.325771621826161040e-01 1.833016337189383563e-09 6.889958954033996719e-01
2.529857435389047948e-01 4.339002569452807268e-02 9.882462636762927577e-01 1.754757022911104597e-09 6.245695031755907900e-01
2.939016570799233286e-01 5.095860558173916088e-02 9.891078062134599502e-01 1.994618292954129475e-09 6.156173094262669121e-01
2.974282636147053682e-01 4.368759525723395210e-02 9.582460008851603206e-01 2.300748785278882089e-09 6.843568017162384720e-01
3.332571779280396607e-01 4.062933465705903524e-02 9.713051928795906065e-01 2.068266661859079270e-09 6.110099902877501599e-01
3.499927084100264429e-01 5.299664253717452367e-02 9.982588217302426070e-01 2.333687636470087247e-09 6.490238613790736411e-01
2.890399833941046936e-01 5.089899004927787851e-02 9.220060600467584466e-01 2.234592930607689744e-09 6.944741209498943579e-01
3.684406254695102301e-01 4.379464810488782611e-02 9.275343201233917645e-01 2.287266818543817189e-09 6.953257917920669939e-01
3.961219408896713423e-01 4.742497402927657590e-02 9.593984230492277332e-01 1.809817911688594154e-09 6.411643223371527034e-01
3.760263477070179827e-01 5.775543542557313309e-02 9.727686863485425217e-01 2.032336142726900776e-09 7.227538315485806386e-01
2.815204271197389585e-01 4.753021978830807015e-02 9.860398150064396683e-01 2.090566694498137539e-09 7.247347440352018832e-01
2.477406042649279994e-01 4.946038004395202081e-02 9.761717238401902419e-01 2.429564483549693537e-09 6.177072531346436968e-01
2.688539470638618423e-01 4.745760248138122805e-02 9.881566544131581420e-01 2.052980883625813317e-09 6.857875033587182978e-01
3.147771789325037317e-01 5.969624093482646388e-02 9.515916757845804819e-01 1.735670643960153675e-09 6.782980962087415966e-01
3.358899192622978314e-01 5.848286754136253901e-02 9.301549730975710029e-01 2.465204863252671312e-09 6.588874992931281760e-01
2.497303241951422115e-01 4.626221773491327738e-02 9.423710112452400312e-01 2.314907775517172691e-09 6.735507386433425836e-01
3.271711779519250185e-01 4.255936370602960567e-02 9.362640923586502684e-01 2.395664177552945789e-09 6.681661638263146630e-01
2.448471820174287217e-01 4.674901360701198827e-02 9.377453064483927125e-01 1.856756713743153916e-09 6.416062038384021671e-01
3.002049986055735920e-01 4.596719322198668939e-02 9.990114629850959105e-01 2.001169572655483005e-09 7.165425958451635546e-01
3.213013821478835630e-01 5.293457756545022486e-02 9.503971148144145786e-01 1.858077142554237300e-09 6.235440420104799708e-01
3.465301602092704658e-01 5.193522582233477125e-02 9.562825018583807068e-01 2.448193929070214180e-09 6.157551306939732516e-01
3.453551660595222117e-01 4.865663673831498170e-02 9.574367244109023289e-01 2.195697210510327380e-09 6.632271445210853322e-01
3.968201267578270741e-01 5.626536407878288126e-02 9.878760393740882995e-01 2.320494633319581537e-09 6.939938498318415361e-01
3.390655789401672560e-01 5.747519368000725271e-02 9.481343214076900505e-01 2.376511654902082626e-09 6.964785949891938444e-01
3.734270078749627464e-01 5.165932695276261033e-02 9.728396081778800664e-01 1.987054951330170536e-09 7.230429561885443057e-01
2.536379171330124249e-01 5.421462671655835619e-02 9.321326102398577174e-01 1.756101267190686435e-09 6.314946484604917476e-01
3.504486498073648426e-01 4.267860210566744306e-02 9.453016285191643275e-01 2.343651422585632990e-09 7.189286357258519722e-01
3.920920002729356701e-01 4.031089597697787991e-02 9.946704883546916287e-01 2.397583935003413526e-09 7.120898170850407105e-01
3.649958558768979233e-01 5.799628011166903241e-02 9.372499658476438622e-01 2.483172241866591646e-09 6.276789908589227585e-01
3.773539146123400800e-01 5.102381846052331943e-02 9.233329209864818976e-01 2.426422495709551013e-09 7.093022245763923594e-01
3.348828710432584232e-01 4.241428265024232980e-02 9.916619397427628435e-01 1.814500947765154629e-09 6.956228700595251668e-01
2.426519071929921778e-01 4.842511658701696697e-02 9.675056858232132795e-01 2.461311075597144149e-09 6.119358637011172997e-01
3.502132963526121134e-01 5.258539537383299933e-02 9.264881140477116972e-01 2.474996003518692530e-09 6.849361876840185381e-01
2.836652869107215702e-01 5.452569958171628317e-02 9.268517160725019410e-01 2.344602523436348154e-09 6.450332424000431164e-01
2.931126195549871305e-01 5.033116428798987962e-02 9.435202462738440099e-01 1.991544097045791025e-09 6.992839241794562843e-01
3.980451483973950211e-01 4.952596616503647520e-02 9.397085926302931602e-01 2.335811189291561318e-09 6.446656361745812802e-01
2.729424035527213688e-01 5.886344377522234605e-02 9.467569877524557587e-01 2.270716019086856964e-09 6.682579623499146360e-01
2.489583492749364024e-01 4.103889568939891874e-02 9.282309335986742571e-01 1.855230180338741202e-09 6.600477660809891400e-01
3.377955839393846915e-01 4.757435611513248508e-02 9.778551950540953497e-01 2.297189622028391585e-09 6.171513078158976651e-01
2.727559610023123637e-01 4.788884964707239289e-02 9.626618213059696672e-01 1.935943403466079587e-09 7.009027011747668290e-01
3.458538597955550520e-01 5.759524314345282336e-02 9.410830564769248063e-01 2.180719542708292631e-09 6.375411868571215779e-01
3.882569502609518608e-01 5.522209879596900323e-02 9.806032876955899091e-01 2.225389574232561032e-09 6.294185172451152166e-01
3.781814213269073521e-01 5.670049354691240884e-02 9.708628227367147590e-01 2.141289891384522793e-09 6.648041021474178081e-01
3.671627011530593787e-01 5.767463875596682416e-02 9.526205522257330527e-01 1.829907497303134954e-09 6.876014595005902619e-01
3.111070230330121311e-01 5.470603225069169823e-02 9.661354015984591204e-01 2.290732368061934456e-09 7.044660000602502858e-01
2.558327509976143777e-01 5.202146919776233502e-02 9.871501764230369291e-01 1.864433905562844983e-09 6.422284772420630006e-01
3.491221219755863414e-01 4.027584799495913248e-02 9.640201546700452040e-01 2.119980631385025498e-09 6.850827771461285298e-01
2.576813338548282761e-01 5.712669577979390123e-02 9.497373470317913569e-01 2.143191302209695878e-09 6.259967958810694899e-01
2.907522511801864384e-01 4.606091727852452272e-02 9.858112651644712621e-01 1.725957151123815878e-09 6.578182244917694099e-01
3.043793898391007335e-01 5.080056362675625103e-02 9.754360188396459241e-01 2.387367853531580556e-09 7.051140308769884291e-01
3.143459398150320050e-01 4.602089067187567495e-02 9.245250262330744206e-01 2.084760742819666527e-09 7.169916138346741352e-01
3.570491184964748044e-01 5.069972382048896359e-02 9.986820699149806524e-01 2.081964485172165379e-09 6.444488775683078208e-01
2.663485003964060627e-01 5.334974161182918367e-02 9.267650971133728488e-01 2.337540929363655313e-09 6.720727815368033875e-01
3.127088501507421237e-01 4.578040608953325152e-02 9.234809713007791077e-01 2.163358105923713002e-09 7.286631791514973644e-01
2.404271052890872284e-01 4.463790694092445444e-02 9.545619162818778092e-01 1.884609074495245585e-09 7.109074373830097660e-01
3.663463890349247798e-01 4.262157768866041418e-02 9.360739849290320436e-01 2.028041112143462514e-09 6.140118417376729809e-01
2.903285403328256797e-01 4.123842766101540325e-02 9.203521806338346156e-01 2.060721747760505720e-09 6.704038174043479570e-01
2.797445860907669668e-01 4.502938847285779117e-02 9.976488368797393758e-01 1.992288291924403421e-09 6.796846945375827342e-01
3.097291325731018063e-01 5.404791308168985231e-02 9.278633725550955447e-01 2.159367108704453086e-09 7.249455360402604631e-01
3.034549717418428827e-01 5.806094553287823035e-02 9.296259820037614530e-01 2.250709736049013635e-09 7.033025714756458990e-01
3.184172105825204269e-01 5.818421688130168135e-02 9.315748446578981934e-01 1.804306818636743740e-09 6.227038695618083430e-01
2.544911834098179670e-01 5.784455357111273344e-02 9.564926640658488743e-01 2.409752424212514777e-09 6.207680311383595440e-01
2.443574948578090822e-01 4.499464198466150699e-02 9.945573024064888745e-01 1.803555342827837121e-09 6.121292793476644789e-01
3.942589967109615401e-01 5.340259692574088335e-02 9.746695570388319574e-01 1.782051981129773407e-09 6.436597850507345120e-01
3.441822494082920070e-01 5.622903323470941628e-02 9.680064722386065856e-01 2.276024854224018953e-09 7.157061677588322235e-01
3.643207866541524620e-01 5.545484049301759727e-02 9.893729083675616431e-01 1.740578407047223036e-09 6.792308829291283656e-01
3.865806146145915889e-01 4.081972178480092889e-02 9.520904183652003638e-01 1.826596487582914720e-09 7.134082808037603973e-01
3.534814907909202275e-01 4.190905821931677211e-02 9.766323389662991961e-01 2.392191673187897401e-09 6.853632819937053311e-01
2.593491158648346673e-01 5.222908809795009238e-02 9.332143768926572935e-01 2.114193869718649600e-09 6.930041757541777203e-01
3.744729306883688436e-01 5.285309635518124077e-02 9.538838258539621417e-01 2.330928273741844849e-09 6.135455254330918207e-01
3.075711205001268600e-01 5.744972000713832044e-02 9.347355040566281970e-01 2.129835272661541282e-09 6.659037366167581684e-01
3.079717047495857951e-01 5.418893586017488329e-02 9.493178824763679469e-01 1.926300845654491974e-09 6.507389988452455531e-01
2.400208397632507540e-01 5.570012411697674443e-02 9.340142668554598515e-01 2.440230627360121393e-09 6.396181145067402207e-01
3.825723014352886420e-01 5.508752654803195092e-02 9.633661445339787299e-01 2.459137944790378883e-09 6.360386744589728858e-01
2.945071132264334701e-01 5.994544849944577480e-02 9.790965609806485670e-01 1.984019562700429176e-09 6.863344159321382865e-01
3.659904544138126714e-01 4.332381824339383986e-02 9.920891318940810999e-01 2.415857707694372082e-09 6.222936156835133792e-01
2.772731310064455723e-01 5.656595073926193318e-02 9.974989849655174767e-01 2.044812152162954421e-09 6.104833305578462044e-01
2.472313870969973237e-01 5.827530663108908271e-02 9.238351131425995844e-01 1.962371233499849165e-09 6.498656404043264834e-01
3.513085923461480853e-01 5.619176167974247738e-02 9.440513239371037812e-01 1.928818143534937685e-09 7.181948196006785468e-01
2.671071852556416437e-01 5.379045778411834650e-02 9.885251005275529357e-01 2.379318593498285503e-09 6.317758876322054906e-01
3.950992239364390368e-01 4.438871138934070981e-02 9.738991691239698989e-01 1.821236092434817470e-09 6.959944181050967682e-01
3.666359308693345476e-01 5.542780213448989662e-02 9.486430602564449588e-01 1.923814441609663825e-09 7.125011902407970554e-01
3.438878475740385632e-01 5.044174908598713508e-02 9.608089722336025096e-01 2.011531942156403546e-09 7.298771419433895957e-01
3.904925599255166802e-01 5.681523651809429476e-02 9.298447726399887703e-01 2.470675133413527486e-09 6.420974851243466119e-01
2.962889414478540040e-01 5.579882109732180184e-02 9.810064033092471547e-01 2.265085714716266835e-09 6.722692335121775997e-01
3.893375325174882606e-01 5.438699248756793947e-02 9.863556839279443711e-01 2.356178044211688917e-09 6.846208517841395613e-01
3.315325170433246482e-01 5.023382411827441441e-02 9.228752238168034250e-01 2.182788388440812657e-09 6.834290846998473112e-01
2.465201990769999296e-01 4.109652688212795529e-02 9.427010439332386138e-01 1.807018731669756669e-09 6.789871977351943366e-01
3.933551295368502010e-01 5.373143711375505394e-02 9.495723740936187207e-01 2.497454376654965938e-09 6.894957965023162938e-01
2.549279863877108587e-01 4.014376367737550882e-02 9.649252836047942372e-01 2.006313696892449336e-09 6.173360136545423815e-01
2.654937617136599037e-01 4.827377998866418107e-02 9.227948003021112511e-01 2.233269493212064002e-09 7.179771870098564657e-01
2.708589606099630620e-01 5.949961657837313234e-02 9.445196700935092338e-01 2.326308055916547680e-09 6.625344931585702701e-01
3.244869035235930510e-01 5.648593201940512593e-02 9.318029642016987246e-01 1.906231338696356443e-09 6.695631206540547664e-01
2.850990641057090658e-01 4.125602531960141650e-02 9.367238340821466558e-01 2.495896990553666794e-09 6.424174331303563745e-01
3.365112689107583321e-01 4.151210684391636041e-02 9.733362543471526518e-01 1.831533516846558735e-09 6.208110372897808205e-01
3.025083530013659705e-01 4.424363976547893845e-02 9.409978250838821889e-01 2.192741550120926874e-09 6.481005909154070599e-01
3.528190268243662775e-01 4.393946617597477289e-02 9.561199883680439049e-01 2.478149198349555808e-09 7.100307642790509854e-01
2.541102680315371343e-01 4.863941566688210344e-02 9.997340728138506272e-01 2.367966985525061737e-09 7.018423911238570456e-01
3.049249387586338567e-01 4.071593561925714727e-02 9.605604147764856826e-01 2.445855081065733372e-09 6.327362360408321784e-01
3.409154678154098228e-01 5.339832504726518131e-02 9.384822457468047219e-01 2.466286903556535851e-09 6.138849323355116683e-01
2.644160474773616376e-01 5.310726518300358523e-02 9.673221705355552480e-01 1.896778568358145930e-09 6.921675824426000156e-01
2.951332691625163096e-01 5.381627437619729282e-02 9.412342955825729884e-01 2.309825391197556122e-09 6.594456580623958564e-01
2.678511323010410172e-01 4.245899552806119137e-02 9.469852004349126329e-01 2.173756113843247378e-09 6.839428855514526617e-01
3.989892878512332763e-01 4.632237280209460656e-02 9.511979869523548015e-01 2.341175691231282336e-09 6.184983042538694242e-01
2.619705368948515578e-01 4.796071699689593432e-02 9.326288167914298377e-01 1.785934309149901959e-09 7.036375452510166273e-01
2.587892402985580431e-01 5.953329998361248099e-02 9.877682611390316003e-01 2.229067126545954191e-09 7.294668534076962363e-01
2.445549012786342735e-01 4.831597014443246574e-02 9.964572739103734200e-01 1.973735264320320735e-09 6.644069541927831724e-01
3.362586508085203540e-01 4.468176864437306550e-02 9.701080655405532882e-01 1.944312429107566985e-09 7.253204472147312121e-01
3.180811241661499755e-01 5.664246884447778074e-02 9.406628668309180430e-01 1.870476684113238762e-09 6.861382708942719288e-01
2.526769373613250713e-01 4.253666367144257748e-02 9.253304749099139359e-01 2.021886546076121186e-09 6.744437283900822644e-01
3.134433295871494884e-01 5.002585676995466302e-02 9.827831560153681423e-01 2.307491861496415093e-09 7.244704380695972112e-01
3.518202391633539761e-01 5.938663934112594495e-02 9.896061999224236017e-01 1.835530722696350169e-09 6.212305464228632390e-01
3.306841530909642168e-01 4.402016032657599109e-02 9.261613657371048358e-01 2.065235702978768033e-09 6.124361986429034399e-01
2.719625034466976454e-01 5.502811611282790172e-02 9.952044044569070547e-01 2.040963897796700993e-09 6.548777724165093517e-01
2.410598619904087969e-01 4.553598875811046276e-02 9.246068708910306633e-01 2.215245560849377020e-09 6.470375077656901341e-01
3.816224491038133770e-01 5.272998805631114172e-02 9.691968468160029326e-01 2.014788812205400516e-09 7.256508424652438061e-01
3.884547478640532070e-01 5.163696501202416633e-02 9.519047487511944627e-01 2.240529776446586532e-09 6.462303980521032498e-01
3.481553515176852853e-01 5.254545227952769210e-02 9.720002713538765660e-01 1.964061336538914719e-09 6.152682746188433693e-01
3.676178297269685480e-01 5.689028855070535351e-02 9.567354779294644507e-01 2.083884562627634435e-09 6.624385205336317251e-01
2.923063504637867238e-01 4.433362950000992175e-02 9.449911028965389814e-01 1.707452857782971760e-09 7.058245452540897746e-01
2.755091073575513527e-01 4.078649357473888154e-02 9.569481677448338219e-01 1.970543312807643485e-09 7.236458847996251054e-01
3.203670440206751735e-01 4.972735974447371754e-02 9.386010094633608913e-01 2.239429035898570365e-09 6.866579474254321802e-01
2.895959519195886456e-01 5.567406297082683198e-02 9.548310961291800458e-01 2.035047153887648211e-09 7.049446587022812905e-01
2.787496530436593956e-01 4.760192705388428813e-02 9.586031749728057827e-01 2.489820962937546788e-09 6.130849305998573584e-01
3.235845762136126402e-01 5.425439910676275318e-02 9.285086188488944625e-01 2.269768806860100546e-09 6.238224674525812974e-01
3.521238173989573728e-01 4.767383141571188143e-02 9.507227178860737649e-01 1.899407576943598380e-09 7.041092696969359910e-01
3.426167198223808441e-01 4.327554668422839423e-02 9.513332520664928849e-01 2.124580805623473207e-09 6.630986107136078722e-01
3.908777963830025737e-01 5.499640237561958384e-02 9.615176651975756439e-01 1.919480015403788049e-09 6.301777951322639071e-01
2.627625667361492279e-01 4.372676838914196090e-02 9.901263894364530360e-01 2.178249814196708470e-09 7.066138690761234464e-01
3.561748741177667155e-01 5.048072764914796062e-02 9.798267866408054694e-01 1.853647845565479402e-09 6.397401347013746964e-01
2.875636260362925412e-01 4.648202476369809460e-02 9.307697279237121535e-01 1.924377409175518238e-09 7.242718667172112212e-01
3.339259497774380581e-01 5.598816088655890477e-02 9.886364143908290547e-01 1.842522583279463705e-09 6.639638858012515410e-01
3.473616106525293512e-01 4.616196253912389913e-02 9.256299868843815837e-01 2.373380193798993791e-09 6.143296559849971139e-01
3.205407471421824472e-01 4.024532110627874332e-02 9.685134969658267812e-01 2.288785283067149706e-09 6.998447168675733243e-01
2.598356157058470117e-01 5.245099358264550954e-02 9.559841648270895886e-01 2.134849517897766648e-09 6.827688260351021388e-01
2.831618769000677216e-01 4.019631756266106581e-02 9.352958679905692962e-01 1.710338102111567446e-09 7.224487039871592131e-01
2.493382769408208355e-01 5.386166950783365798e-02 9.820056830604118048e-01 2.452943383529027708e-09 6.531997248895947683e-01
3.794157287452927241e-01 4.482021397458070544e-02 9.580390835977039554e-01 2.254421426340766918e-09 6.129911904711232706e-01
2.522210362458384147e-01 4.112907798262398912e-02 9.707820002496402312e-01 2.405138002705749983e-09 6.612086063086487497e-01
3.419958516138874582e-01 5.025282795804170838e-02 9.237191552460699562e-01 2.030390808815590424e-09 6.439244898609988166e-01
3.841157215272834602e-01 4.983329642158672301e-02 9.415228245351915382e-01 2.348352573093717668e-09 6.116904853313726020e-01
2.589573109476769330e-01 4.341758848219794825e-02 9.613380649902087960e-01 1.771935333770133995e-09 7.085542009868066593e-01
2.788974136294987693e-01 5.120277440264257157e-02 9.908137103769197873e-01 2.056974246255776358e-09 6.606045231760220293e-01
3.054842312929849646e-01 5.303142762760221923e-02 9.912131799360652806e-01 1.844887480153083182e-09 6.608826635880421518e-01
3.646472517655279244e-01 5.016138518250115585e-02 9.815349041234343597e-01 1.786205521281300780e-09 6.248065645620943798e-01
3.259755510886759300e-01 5.441966184303267257e-02 9.463685801686715360e-01 2.403556602346229640e-09 6.284938787329666932e-01
3.821973881419442609e-01 5.148973386951831432e-02 9.472683231439538165e-01 1.825571329013374807e-09 6.557888571234693487e-01
2.943989873387050094e-01 4.177741954229850785e-02 9.289904774053447944e-01 1.849265339994424480e-09 6.477414081538637181e-01
3.119706206319077246e-01 5.283839701876974493e-02 9.669022930331920840e-01 1.947645073979198814e-09 6.581484648746904753e-01
2.720583365636970452e-01 5.176982734095372102e-02 9.872176206973625190e-01 2.380220828956321460e-09 6.909814098613400457e-01
3.721179222279709653e-01 5.601605026595205677e-02 9.344491209771023099e-01 2.266847835962888129e-09 6.655702817646494962e-01
2.822695967400663530e-01 5.974618040850811912e-02 9.840480759675858113e-01 1.726718934614265953e-09 6.807399436875394283e-01
3.164251862293901985e-01 4.559605106816305015e-02 9.960906863116196774e-01 2.419756352235641309e-09 7.054774715522198480e-01
3.953930975898437561e-01 4.487315856719666096e-02 9.748506419009779211e-01 2.486371395419515894e-09 6.379906034606243059e-01
2.581729477033021247e-01 5.157813869352997210e-02 9.350386374017306546e-01 1.942414928931369870e-09 6.329012226377037642e-01
2.964017489342786194e-01 4.473536368015204601e-02 9.957729399919301727e-01 1.701921718033366784e-09 6.225283936682040054e-01
2.897499118437057986e-01 5.868762954844798652e-02 9.489398329274187915e-01 2.363084712089912105e-09 7.144600126363850334e-01
2.483451266443826300e-01 4.610479580138478889e-02 9.368004437460426548e-01 2.070882098060393849e-09 6.188318080233851104e-01
3.392053898855607597e-01 4.654678921839718736e-02 9.331918926455988750e-01 1.937514472870527781e-09 6.662710409758694219e-01
3.899555201051803088e-01 5.461116007612078216e-02 9.447969493340736546e-01 2.139776983512594364e-09 7.078555699381696709e-01
2.431257196003307475e-01 4.690618529838671419e-02 9.458326688096464485e-01 1.999106421539282114e-09 6.619887926425231939e-01
3.087668363747502753e-01 4.593014997145106193e-02 9.856970721775576427e-01 1.875834810646013425e-09 6.974453110173908232e-01
3.241173959403368388e-01 5.174427372140369408e-02 9.201123631903683764e-01 1.988361458577496505e-09 7.162602667889541586e-01
3.697479755084499553e-01 4.703741444730667048e-02 9.940169168006394163e-01 1.789508525892515578e-09 7.021698640940997604e-01
3.495227776139019915e-01 5.789484172867212508e-02 9.601106402578163390e-01 2.423644118610711147e-09 6.602506358877600068e-01
3.331861333420447213e-01 4.090054154138586529e-02 9.213979702879614431e-01 2.043315920681909038e-09 7.118176215385327854e-01
3.993924628396413601e-01 4.286689598878005297e-02 9.735043598684949284e-01 1.796652460038997216e-09 6.990201489899745546e-01
2.413189591220799290e-01 5.851587845815517386e-02 9.401641515509385760e-01 1.997142596233720106e-09 6.405380493820707066e-01
3.103908342621513050e-01 4.934035289663799007e-02 9.570702558936284854e-01 2.160447547269533423e-09 6.737701439449639285e-01
3.163255213872432914e-01 4.942901045084507200e-02 9.793414959927293495e-01 2.263729352282320555e-09 6.725225500480929153e-01
2.471825040391398831e-01 4.963024414002825679e-02 9.241308431648079802e-01 1.862128637731597585e-09 6.888687006346390085e-01
3.225744764329914194e-01 4.580610572405805631e-02 9.796279812119593755e-01 2.292088124371632986e-09 6.339569019963172680e-01
2.628706440119162324e-01 4.993118500473460453e-02 9.995475751382580931e-01 1.779710638710110483e-09 6.924798517341569370e-01
3.764063951645687522e-01 5.493356955600697117e-02 9.843051016890423943e-01 1.720684268704414607e-09 6.204997590389613737e-01
3.279895270457009460e-01 4.837727743633314648e-02 9.443040999259009194e-01 2.391669249952126966e-09 7.028829944579297884e-01
3.476727290712380292e-01 5.999591147089422538e-02 9.834317073455970393e-01 2.476038575475085005e-09 6.464631723982700029e-01
2.605523079635032602e-01 4.235797636406169603e-02 9.958940215583496069e-01 2.105113733372021467e-09 6.191622786453184757e-01
2.816027306072408920e-01 4.726147849838984588e-02 9.929885172590537934e-01 2.365091651223656404e-09 6.354609152956227636e-01
3.064350142726934845e-01 5.610202673382853888e-02 9.243516383096073152e-01 2.421223901111493386e-09 6.984119995150165350e-01
2.553018658994962720e-01 4.773328112106666604e-02 9.349259434920760281e-01 2.204119743995402005e-09 6.459248958474758107e-01
2.766582143913595138e-01 5.771256103637233820e-02 9.875270565117401089e-01 2.147947205974033781e-09 6.576807523788659182e-01
3.309463242061835286e-01 5.917207358268920803e-02 9.932198610990045085e-01 1.739107481420787493e-09 6.967226132889158263e-01
2.932040786587858938e-01 5.468301690914867397e-02 9.795670074509199576e-01 1.793608424663468689e-09 7.213519200154321354e-01
2.564464456017657157e-01 4.859296841027949121e-02 9.471904882626628330e-01 1.980942198770018271e-09 7.258780580952242101e-01
3.082717117034663445e-01 5.764040657772026566e-02 9.216155576796812854e-01 2.037753027801602472e-09 6.771961625156864839e-01
3.814851166268041216e-01 5.276390619348770433e-02 9.611227831546836908e-01 2.133320786374442803e-09 6.232520860627569492e-01
3.223191543262319270e-01 5.053382393480003454e-02 9.771178500356608732e-01 2.113632014676597042e-09 6.976649174542893794e-01
2.986510234796064256e-01 5.931632079492227955e-02 9.783259432977782222e-01 2.148376069111953419e-09 6.739073605273817602e-01
3.902721727760504189e-01 4.215115133806005693e-02 9.719301587652665608e-01 2.209192283132264272e-09 7.200996135043632451e-01
3.587054561553332799e-01 5.327687110020024042e-02 9.903965921655853988e-01 1.763768697592616145e-09 6.197487021832297494e-01
2.658244122997373005e-01 5.154776717927052332e-02 9.536335155656312512e-01 2.324096892923166400e-09 6.516856395090480092e-01
3.293967533819714411e-01 4.730293629967217972e-02 9.204850297826582262e-01 1.750947051911067555e-09 6.306115734347302881e-01
3.318187827792829503e-01 4.987018026313717184e-02 9.476912216865137628e-01 2.111391488750347131e-09 6.804730400179559435e-01
3.047968869736212283e-01 4.514620187639969973e-02 9.849372442422184015e-01 2.431565631593930597e-09 6.217481033714469252e-01
2.746904443460935763e-01 4.804524790041251464e-02 9.725507605519660981e-01 2.407945762015965583e-09 6.677064560813417149e-01
3.674209705419627658e-01 4.425261824881031314e-02 9.465209347631573511e-01 2.123752451088272095e-09 6.199908652419749977e-01
3.262578387700748039e-01 4.199100822633156094e-02 9.671560318780918486e-01 2.352375187957619490e-09 6.489424613784705587e-01
2.996202570225350303e-01 4.537211917794529287e-02 9.789108967242881043e-01 2.013456465318764868e-09 6.963950623887675828e-01
3.752802737702349845e-01 5.812882591374150809e-02 9.302141172506143141e-01 1.709632733344505437e-09 7.127157832295458739e-01
3.120942070865483364e-01 5.694767102799502823e-02 9.915610961624018449e-01 1.886739532724710827e-09 6.336605877145535803e-01
3.031266312753497782e-01 5.723967143638167276e-02 9.317642555934705362e-01 2.191364195767461008e-09 6.883287405631356437e-01
3.776051640471965176e-01 4.234759401617547991e-02 9.804468434938004018e-01 2.117920661678082393e-09 6.451875727037907904e-01
2.807421763692922734e-01 4.667004917923261303e-02 9.895399585629189865e-01 2.281225935839235299e-09 6.730769539614206431e-01
2.705313363966393436e-01 4.479126054930675921e-02 9.968152452255442109e-01 2.144396146950646825e-09 6.818382907864215525e-01
3.405606173748425558e-01 4.823212421761194357e-02 9.918483090135892244e-01 1.882681322486461125e-09 7.032173948137250274e-01
2.456686059053102555e-01 5.894153044282318676e-02 9.654898787134660321e-01 2.389899553667036877e-09 6.546721085579227939e-01
2.438474219192739989e-01 4.272485898382144542e-02 9.392634584127793618e-01 1.749337850968278824e-09 6.880213470765168537e-01
3.178650647950156394e-01 4.549139570071803612e-02 9.802711638600891675e-01 2.165790666778798749e-09 6.406298589163763602e-01
3.401277148042155529e-01 4.640364949183576476e-02 9.717375591837879023e-01 2.318071418334561334e-09 6.822543783372945203e-01
3.577781902840138084e-01 4.817943812244100676e-02 9.744662236525750698e-01 2.368381621360250772e-09 6.350614641557905671e-01
3.832974033808153047e-01 4.494880334507217468e-02 9.665835320230485861e-01 1.978041914002244691e-09 6.570461541750569623e-01
3.828994055362829330e-01 4.917272270742845119e-02 9.742322105620415673e-01 2.258514990809877637e-09 6.642249643343395293e-01
3.689689235218680530e-01 5.181744541560893980e-02 9.573084715391007027e-01 2.050184605011407841e-09 7.096112023194679486e-01
3.608726864067973716e-01 4.088895266041338294e-02 9.584109592204840267e-01 1.955263561937769294e-09 6.387487780199305742e-01
2.779754717659257413e-01 5.476523823839037075e-02 9.436545030311799254e-01 1.810612673417373781e-09 6.757054077508257706e-01
3.414411835091740177e-01 5.956341253464137592e-02 9.577353040786862337e-01 1.860282430620824465e-09 6.613031219363308955e-01
3.725253667102454980e-01 4.324025497443242244e-02 9.323018615739351311e-01 2.137433067737907480e-09 6.265381313357701876e-01
3.583576862567853238e-01 4.719546599461460490e-02 9.775173632494331688e-01 2.058384772167044905e-09 6.510095361508527745e-01
3.169204538516903202e-01 4.050005339023678846e-02 9.938825384744953695e-01 2.096869034177243108e-09 6.918235617457442199e-01
3.091982136391866476e-01 5.324002469005591903e-02 9.337340182188306192e-01 2.370832308401921719e-09 6.389487369333044509e-01
3.619829990009555964e-01 5.562002576652400054e-02 9.534620701085432248e-01 1.812516987548220632e-09 6.729214613233693854e-01
3.553919320440651619e-01 4.298282537905493556e-02 9.705508392908961390e-01 1.723791827302747433e-09 7.154307878193170156e-01
2.989115365577723060e-01 5.904967691770929283e-02 9.379894933037420390e-01 2.157508022135312775e-09 6.814831588713545774e-01
2.666666499363334886e-01 5.862074571722192262e-02 9.523025566514999873e-01 2.088385587368640929e-09 6.903776289663661192e-01
2.827569035043135948e-01 5.651337976114398365e-02 9.998250123367795617e-01 2.323144694862664269e-09 6.947120957892335413e-01
2.810142162882947048e-01 4.441414355235857869e-02 9.255552042199902685e-01 1.959419405444683176e-09 6.776110330447022712e-01
2.700288413897630746e-01 4.315150140893960623e-02 9.750420302924907023e-01 2.282743574393202864e-09 7.265291912996769685e-01
3.877991369656647591e-01 5.513378204016521067e-02 9.666172893991262782e-01 1.731451557980789438e-09 6.539681445926838199e-01
3.742697837176704456e-01 5.929038696645735212e-02 9.971170573053148578e-01 2.237149692280460370e-09 6.149061712951792158e-01
3.538433490702962425e-01 4.164385924603711958e-02 9.678832606034056818e-01 1.977805844793220374e-09 6.835712634228966467e-01
3.786262486071668709e-01 4.914339818531236054e-02 9.801279063744937625e-01 1.957126928093780079e-09 7.271315844678731821e-01
3.094927798890066417e-01 5.855588792703640688e-02 9.829198016951156136e-01 1.839366973386042510e-09 6.553393086252382593e-01
3.423686475912093297e-01 5.239765779422424219e-02 9.630353569251667301e-01 2.025211400399471895e-09 6.871650532985162929e-01
3.549687353503710452e-01 5.136403408217214694e-02 9.504605391722641405e-01 2.203774553419516607e-09 7.047156633505565759e-01
2.926444354951304727e-01 4.360535539799260257e-02 9.591639800702149721e-01 1.916464915091476966e-09 6.346478413030014476e-01
2.620129091355393736e-01 4.904694140899624327e-02 9.383113065548951415e-01 1.967887767777674343e-09 6.927664987000036190e-01
3.209779691653246170e-01 4.067207237939551856e-02 9.210317255568546413e-01 2.166571404346169404e-09 7.232372800731430296e-01
3.153114453840465403e-01 4.312290413741211997e-02 9.764776162378693281e-01 1.717494958110171888e-09 6.994404643538240096e-01
2.759172878488530545e-01 4.165429054328910474e-02 9.737212610269259105e-01 1.877013041829822995e-09 6.912817540912313818e-01
3.239999688920063292e-01 4.453674235926875780e-02 9.697816797043226078e-01 2.316690436560607090e-09 7.211333638253125677e-01
3.468728370084384061e-01 4.182046721570111675e-02 9.249665018883724832e-01 2.039223184741292168e-09 6.752594168882624093e-01
2.484745992885865062e-01 4.346650399474112636e-02 9.808816567965051858e-01 2.063810014040575433e-09 6.563067353579701280e-01
2.909480038981683836e-01 4.998682680451705523e-02 9.491681425789578741e-01 2.446309066847276572e-09 6.584400361042882510e-01
2.686312469417107551e-01 4.007776910059983322e-02 9.599689615248141461e-01 2.188230603852033480e-09 7.239835670512346777e-01
