1.680985255985272930e+00 -6.664314362263387137e-01 5.291551569789489096e-02 9.989503281600446705e-02 -1.105664629044033655e-02 5.582691926289823359e-03
7.395781194642533363e-01 3.623555357619848150e-02 -2.541404243901261920e-02 -2.964455637754332892e-02 7.163789643201998007e-04 4.644154306910969893e-03
-1.803186374087078769e-01 -2.203856207770084064e-01 1.286778767493625478e-02 -3.147437627595245369e-02 -1.056433644725733242e-02 -9.461310114660415613e-04
-4.773634045122850944e-01 -3.177822905417620469e-01 1.759277361472248377e-02 -1.692971965559254832e-02 9.602157043468466727e-03 -3.210533735867833038e-03
-4.332484078481971257e-01 -1.724528222444908776e-01 3.231160574238266161e-03 -2.478305739964157747e-02 -3.279401835029648223e-03 -1.265703114502430291e-03
8.961628600386265520e-01 -5.914757373953470898e-01 6.235437437088098278e-02 3.373404108331314044e-02 -9.936565266748933339e-03 2.156507035410857621e-03
2.100146763681356166e-01 4.176522290016775885e-01 3.270932712130580899e-02 1.038221786777647482e-02 1.424574357941602422e-03 -2.054888648227978180e-03
-5.415469250096112235e-03 1.165730059369785299e-01 -3.744078369885008722e-02 -1.431719169712142260e-03 4.180846915576812498e-03 4.927538079166041314e-03
2.493036426612865175e-01 8.836074959912579296e-03 -1.132769735891411486e-02 -2.324740802117745281e-02 -1.517831681735046928e-02 -1.046869960880104401e-03
-8.435431570984547323e-01 3.386015485443125139e-01 3.789468874876608662e-02 2.293898914227184699e-02 -3.256857842980971206e-03 8.217806438368664528e-04
7.120791503786768617e-01 5.569812089308316949e-01 7.021709630990384532e-02 7.108024325954467523e-03 4.352887951982203788e-05 -5.253978090745265762e-03
3.054396346511230598e-01 3.585537289631213209e-01 8.277658553530884561e-03 6.505307385610028387e-03 -2.092811716839579426e-03 -2.429523910253061567e-04
-4.859260002235611942e-01 -3.823348783544668339e-01 2.091170053074962315e-02 -1.392961577692249792e-03 1.938443491988870587e-02 -5.905869443694494562e-03
2.153601470868981294e-01 -4.724082830307585468e-01 4.001340269563222890e-02 -9.442046310079588037e-04 7.405162353806673051e-03 -3.064670379762762277e-03
-1.551587878051240432e-01 1.810732634136462127e-01 -2.512080665503484828e-02 1.213822314889791143e-02 2.771872156770959373e-03 -1.063892569056949225e-03
5.848521135094778556e-01 4.621686898260166654e-01 7.314447669354615100e-02 -1.325871128577404273e-02 2.025120236568717785e-03 -3.668773688361811301e-03
3.330483097587984553e-01 5.997202628077550335e-01 1.476315483505495074e-01 -4.739264815497434315e-03 1.084652977037310964e-02 -5.432410504105625662e-03
7.934300566197809157e-02 -9.236764837056354871e-02 -1.261543455657952208e-02 -2.074488419509483428e-02 -1.015916794957852885e-02 -2.864105664045746378e-03
-1.109116048172257285e-01 1.095328903078468252e-01 -1.803829336262404229e-02 -1.080508195143788097e-02 4.539371130012962146e-04 3.932536290131212822e-03
-6.401999660217235766e-01 -1.833841984441379747e-01 8.956848215023318488e-03 -2.813367820368762109e-02 -2.799769205846599010e-03 7.692305547103175890e-04
-2.991520929333914627e-02 4.180785821058960461e-02 -2.125557917507270647e-02 -1.267851558229083839e-02 7.881569063055237842e-03 1.081925270380818069e-03
1.152754470163927625e+00 -5.505943910644173211e-01 3.711734549440151576e-02 3.973698153897003288e-02 -7.834250692133558000e-03 3.003228781513070118e-03
9.972035336663627181e-01 -4.691049960903559413e-01 1.583392602828641998e-02 2.814276542432405173e-02 -3.141533246875227031e-03 -1.701189520822532974e-03
8.827913373502728200e-01 1.940591771789936526e-01 2.404379875900236781e-03 -3.086676262656699865e-02 -3.526710270733445386e-03 3.061240247054490700e-04
3.902498918609035444e-02 -1.189268562608839230e-01 -1.059925428076702314e-02 -2.130910044272522896e-02 -1.130380622557475984e-02 -2.300548651185482622e-03
-6.348622596716220201e-01 -4.901644936965965926e-01 7.520648708816478345e-02 6.679533543377613389e-03 9.946360407093872077e-03 7.063347956526223881e-02
-2.454438935271829603e-01 -5.700439395064146875e-02 -2.115411180945437133e-02 -1.067516468372689542e-02 -1.784678483362694317e-03 -1.759109341390424196e-03
-9.093646065189628924e-01 1.466680874944548130e-01 -5.944776792035497658e-03 9.320115958194397435e-03 -1.170765229172180018e-02 8.624441056926212927e-04
-3.133639786205550948e-01 -2.869314369749849658e-01 -2.555157619678850942e-03 -6.842486500591339268e-03 1.247020673834585251e-02 -2.611294734102227472e-03
8.590834460176351994e-01 -1.875257539215997582e-01 -5.395992418166421778e-02 7.788155182074558286e-03 3.313700361672213598e-03 -5.259710831406126360e-04
1.282381514297367964e-01 -3.547608886415881124e-01 1.391658165190773691e-02 -9.329226066122660657e-03 7.264672043714504902e-03 -5.097601008869890281e-03
2.298566338724172819e-01 -4.049963233956173081e-01 1.548029025278449891e-02 7.166563875218466204e-03 1.021067347382470861e-02 -3.418598539946250160e-03
3.403099898333810103e-01 4.240821118280163060e-01 2.813888012537543379e-02 9.304443330783380636e-03 9.975550420936517108e-04 -1.123664518048204941e-03
-5.873606513520399641e-01 8.180182676179825751e-02 -2.678755983932916765e-02 1.062174194577870413e-02 -1.814334170795071574e-03 -3.514100318000148819e-03
-3.453644166513771818e-01 -2.329777011701599232e-01 -1.767989425169096129e-02 -1.235726589614642192e-03 1.652949097558143246e-02 -2.295375394072830463e-03
-1.883955116213606173e-01 -2.517237152499576802e-01 -1.610257244524787926e-02 3.565208448587855929e-03 1.256083362114067056e-02 -5.253180599091727271e-03
8.417603408884251071e-01 1.525164523496128910e-01 -6.852187875497488256e-02 8.494693186322422110e-03 -3.207199882394340309e-03 2.277124595037649090e-03
-9.545660893988580642e-02 -4.172576672407238285e-01 3.955728587544043301e-02 -1.168677000722144130e-02 -2.791648561419844080e-03 -9.764418665714296158e-04
1.045922737335537533e+00 -6.321316422646681109e-03 -7.231850172616335892e-02 6.811738454490601745e-03 -8.017155634232898389e-04 -4.102217978805590415e-04
-9.603842912387085262e-02 5.005199005495358788e-01 8.865615371215496143e-02 1.364944447138447849e-02 1.057850086304793803e-02 -1.064977653145425404e-04
-4.546511217526921222e-01 -3.652615043963673425e-01 2.914216597407303863e-02 -1.765761932598108527e-02 6.048236051147977584e-03 -1.473207497270497381e-03
2.672648934838134371e-01 -5.475203015938795090e-03 -5.733811234207083357e-02 7.794271052802311320e-03 2.468635916792219671e-03 -1.623011318633372233e-03
-9.475042454300652839e-01 2.831159209387231757e-01 2.574028147182308782e-03 3.039831087303120419e-02 -6.378822308288717609e-03 3.293717200748612003e-03
-2.918773599962299903e-01 -2.212077476183367253e-01 1.427561224542975510e-03 -2.367700613959137015e-02 3.989861365657264812e-03 -5.862293470494364580e-04
4.792034857986315205e-02 7.658750663324016827e-02 -1.127074492422731021e-02 -1.718069189130439281e-02 -2.265641563130910488e-03 3.788826991004487911e-04
1.148073229658632954e-01 -2.493320963496972464e-01 -5.281919309426687768e-03 -7.960551377242882504e-03 -2.033517092113770047e-03 -6.031632492409888351e-03
4.071654914215545873e-02 1.114300235766463171e-01 -8.775274588898361941e-03 -1.657243178607864867e-02 9.001348868155656033e-03 3.797671304347073010e-03
1.533371122277336074e-01 2.046895781038168272e-01 -5.849254956660929899e-02 2.460979862346946573e-02 2.102099200410956995e-03 9.793513934847470053e-04
-7.032191634922640988e-01 4.286261352989052531e-01 5.585793329022507164e-02 3.226037016711647692e-02 -1.950929211316570697e-03 -4.761715873480334554e-05
-9.271195859876000256e-01 2.192972455891009365e-01 -1.399483135797399691e-02 2.693677294952178530e-02 -4.321458897238870250e-03 1.959400599503694114e-03
-2.522351821313855713e-01 -1.530005662505515840e-01 -1.673648741500304363e-02 -5.184387249965908369e-04 -6.934281119257390026e-03 4.175059362170195805e-03
7.383200227324120402e-01 -5.018850922513479196e-01 3.262402680704728358e-02 3.238760535679359454e-02 9.177917180427594152e-04 -3.989982938692780180e-03
2.584062445581583045e-01 5.359187407743327691e-01 7.533826741532388682e-02 1.549686912073729682e-02 3.750964423313006037e-03 -2.975730873604083386e-03
3.100088047767141641e-01 2.344917003563450897e-01 9.852734399626720749e-03 -1.726433833096833320e-02 -5.254418178816730803e-03 2.865450330047767291e-04
-4.867722828057164941e-01 -8.336455248989169120e-02 -2.571750413703126695e-03 -2.689534376632730234e-02 2.705241002522934600e-04 2.735921010621944396e-03
1.929216731399810703e-01 -4.026345530696624486e-01 2.903926723156576017e-02 -8.966698080893899594e-03 -3.416500389088554177e-03 -2.780590713397740072e-03
3.627243443671937344e-03 2.194900431991197998e-01 -2.471461434835127424e-02 4.306063884772497186e-03 4.359995654837251454e-03 6.880208621054993527e-03
5.188932854412200424e-01 2.320454988963248644e-01 -3.801922095883387281e-02 3.247696582293620442e-03 2.871971758412805503e-04 4.420946633457669382e-03
4.167392647218188390e-02 -3.252645664333157494e-01 -3.203861814324231541e-04 -9.605882922931716777e-03 1.419096919454494905e-02 -6.953912616123032015e-05
8.334469604913711249e-01 3.514197028680672852e-01 1.740624508870478038e-02 -1.446240771344404347e-02 1.847212111613776801e-03 -7.267063324316196983e-04
-3.450196316513937100e-01 1.394791855998989971e-01 -5.325967729014659258e-02 2.639906376920781589e-02 6.924527620979428234e-03 2.161636585063263553e-04
3.924749937147327117e-01 -4.534185776770250365e-01 2.329000478271243263e-02 6.674266269500042821e-03 1.234967613881689415e-02 -7.554981642108117871e-04
-4.743162881586962532e-01 -2.665206991310244411e-01 -1.912215988684374483e-03 -8.837297895360357938e-03 1.387419226277471912e-02 -2.613623437501302795e-03
6.513809621573627417e-01 -4.119958027534911249e-01 2.058006118885270450e-02 2.782879131358983842e-03 -1.154368447550060441e-02 -3.028055773945015697e-03
2.641979064359673557e-01 3.990755107146642389e-01 -1.472818203650108106e-02 3.293647035684495183e-02 2.123966937051923604e-03 -2.336795441013121873e-03
4.908030148758885658e-01 2.142877278021165788e-01 -9.721973527825028549e-03 -1.507390926465615455e-02 1.753058352918210544e-03 2.644577938892716130e-03
4.585705286983282614e-01 -2.419230097347897235e-01 -2.981286420901490750e-02 3.626456151186801917e-03 9.046653283043827945e-03 -4.200262918405511109e-03
9.656674317038624888e-01 -7.846856698465386193e-02 -5.734775996584856594e-02 -3.181447492052352864e-03 -1.906188019565922299e-03 4.251315897374920551e-04
7.472816868734578621e-01 -3.569698429884515800e-01 -9.783448098158320158e-03 5.212759343375074003e-03 4.461973421987655911e-03 -1.381618458093164352e-03
-1.056077014064716879e+00 -1.016828505055632492e-01 -1.848473300251016541e-02 2.011050702896577651e-03 9.542021487337395405e-04 -2.102433346132733492e-03
-1.318233533339592707e-02 3.384204628972139473e-01 1.433854800734648237e-02 6.033612777600044948e-03 4.317964220579538666e-03 4.256257747096869881e-03
-1.371271503344141836e-03 2.119958796666067402e-01 1.691039374366234971e-02 -1.894548176451847643e-02 -8.364891874799656275e-04 1.979163237391196473e-03
-5.900331578745554584e-01 2.014720226532278058e-01 5.864416036762696953e-03 6.146578061251074289e-04 -3.627463700179270941e-03 3.591293322769160100e-03
-1.596660698024221503e-01 4.900193537940222832e-01 7.420207420174988744e-02 2.100861121743575685e-02 2.575045551784574827e-03 -3.167384057634180065e-03
-2.252905859398878496e-01 3.795134089712665637e-01 2.768147398450313337e-02 1.289940240919846236e-02 -1.930911243834832532e-03 3.512731474286094613e-03
2.395081911555900778e-01 2.881188677711274959e-01 -2.843758652306699677e-02 1.444789843327200403e-02 -1.027974742998008463e-03 2.473822610997235532e-03
-3.958641136530435811e-01 -8.587687667728675922e-02 -2.552785776973755250e-02 -1.004518898228331722e-02 1.094915487204406804e-02 1.779961102351349011e-03
-1.754052918422155105e-01 4.363432645485694761e-01 9.002653726583849381e-02 -6.122579293544382767e-03 5.287639384580627121e-03 1.634772187252272763e-03
3.877510244624659541e-01 1.938053713535063394e-01 9.480821756749255660e-03 -2.944577410642857176e-02 1.250443253775008774e-03 4.493823317317292322e-03
-5.075764025424767123e-02 2.839070586913918781e-01 -2.066367438541273291e-02 1.508310568308022549e-02 -7.774794763460620697e-04 4.234175206432912175e-03
-8.227314002670370607e-01 1.994775937264338939e-01 -2.885928057047033521e-02 3.422056089518520777e-02 -6.285064403469076653e-03 -1.941125034459131220e-03
1.169004081622578711e-01 1.271493833483266500e-01 -2.723194484330301868e-02 -6.310158013652685492e-03 6.607156676340369440e-03 4.233255867762842489e-03
-3.832253991667445292e-01 5.964406746663417636e-01 1.319177149759525602e-01 3.236787402669104308e-02 2.269850326588727322e-03 -6.153512456270685167e-03
3.526500942669918981e-01 4.815351962521087215e-01 1.947635730234876031e-02 2.927197715993550345e-02 2.201839330264983904e-03 -1.994912433711732054e-03
-7.168491213542945717e-01 7.101128345438524614e-02 -2.229391983210944617e-02 8.489072015654873515e-03 -1.805598915551831843e-02 -2.080618243612054365e-03
-9.703486534952827577e-03 -1.250982705501832437e-02 -4.850637763714880923e-02 8.507612118471593113e-03 1.658656101474369812e-03 -3.737663922331240472e-03
-5.914047975781766553e-01 -3.197501204721798773e-01 2.336366622524533102e-02 -1.427424237011345153e-02 -4.953841600568336875e-03 -5.207542464096328108e-03
1.383029802378139272e-01 3.374025544420929945e-01 1.134984059846978061e-02 8.158392324025985284e-03 -6.193504962144893988e-03 -2.943192633839150293e-03
1.531794088688520454e-03 1.524818797396020054e-01 5.832017724818267142e-03 -2.152323476555825094e-02 5.171829448711827426e-03 3.458082472664467805e-03
-6.769474913024405849e-01 -3.146001957006517857e-01 3.240072873866169101e-02 -3.676780382173936747e-03 2.166008741720753476e-03 5.484437273531522078e-02
5.018683923865078222e-01 5.133212026780131776e-02 -2.950169502444728239e-02 -2.049062758179184124e-02 1.335968115282613628e-03 2.932233915542754258e-03
1.257439693317114138e+00 4.968122109972945150e-02 -6.227416556041746182e-02 -5.839306054190310930e-03 -5.198224418530382647e-03 9.878757490356425766e-04
1.127850611396854053e+00 1.488511161362339463e-01 -3.872349156803010783e-02 -1.738884975180741282e-02 -6.807224828382627858e-03 2.142576646044449043e-03
-2.028206009874861382e-01 -5.886518726769818938e-02 -5.114947860570801669e-02 1.136330841950050109e-02 1.188619149243746141e-02 -2.089255888751540609e-03
-2.721033008078210802e-01 7.651960786667100223e-02 -2.810366192262504087e-02 -3.485655107588131810e-04 -7.631049964983276437e-03 1.896799059815364532e-04
1.127131262580618604e-01 4.308801686537332976e-01 4.855432737429751094e-02 4.532213169283016638e-03 5.057331575326875529e-03 2.716705720479852242e-03
-2.489083661082690246e-01 1.583985076881729848e-01 -2.100086561536916065e-03 -1.119158538895022835e-02 2.470563639643914931e-03 3.950067785876022058e-03
1.713048654638311463e+00 -5.854831669030998720e-01 2.253666140095946305e-02 8.333280175996203576e-02 -1.036924875302779395e-02 3.042329162362071137e-03
5.962057650661767294e-01 -1.021960979095114241e-01 -5.146484218527408450e-02 6.215637774729250789e-03 1.625623607389654066e-03 -4.582647171513711676e-03
-1.870558340214233395e-01 -4.767726268286373026e-01 5.415560296435099896e-02 -1.343633221715469749e-02 5.988911771978592570e-03 -1.158919184967475806e-03
-4.975222500786121715e-01 1.136192132860183168e-01 -4.279665371639048560e-02 1.706122330325791567e-02 3.125926350406789747e-03 1.947306971865196169e-03
1.083433051053649177e+00 2.318917712310673562e-01 -8.613325353831796996e-03 -2.368133201078724548e-02 -2.692254056277361071e-03 1.514179032250085840e-04
1.992181171453726585e-01 8.217698308239656732e-03 -1.908292317679616962e-02 -1.847524308461325274e-02 5.367873057567236136e-03 4.323724539099068264e-04
1.856402010586832019e-01 -3.618872654797897215e-01 1.653280751807501697e-02 -3.301270257360708511e-03 -6.804265656425335408e-03 -3.414609718255555166e-03
1.652363647268212943e-01 1.484088666145217394e-01 -9.648865882934525365e-03 -1.248266124757205914e-02 -6.947643905989066629e-03 -2.695715308933461824e-04
-3.439378484494000077e-01 -1.340428831141155797e-01 -3.650027687741019128e-02 1.390965101371348378e-02 2.564926611493048830e-03 -8.717955623980932350e-03
-2.177203686890415990e-01 4.539646837104530097e-01 5.761474505675676094e-02 1.683399294173741970e-02 -1.555567900420299840e-03 7.719504388582592832e-04
4.644193560663658071e-01 -1.476899088138477201e-01 -3.410366027322572074e-02 -6.298343925240385693e-03 4.162117369937872770e-03 -2.715464302876976002e-03
2.976983210099265476e-01 -5.044729196243697041e-03 -6.000805031588187649e-02 6.113558304513693614e-03 6.805880872246940737e-03 1.001624516958110871e-03
-4.013265850435196458e-01 1.405222496422704470e-01 -4.127067721589235821e-02 2.490393147685954559e-02 -5.043513819147467207e-03 -4.524445705730550590e-03
-4.538240125474599096e-01 -1.423529352535949644e-01 -5.657301691295829604e-03 -1.739835958974894278e-02 -7.827230369897847720e-03 -1.582960907083571459e-03
-4.047296713276817004e-02 1.114732872713557754e-01 1.007668732225747025e-03 -2.328435155215665200e-02 -3.756560394707094633e-03 2.920032187507013311e-03
8.710455899890701126e-01 2.642752409821662041e-01 -3.212040650916712231e-02 -4.268815786361145927e-03 -4.328014205763192762e-03 2.951342220916506904e-03
-6.101649380115026222e-01 -4.341312665430464846e-02 -1.313939367090231382e-02 -6.641239394691592079e-03 -1.307929781565376169e-02 -3.579555778762230807e-03
7.527659489277892524e-01 1.180901594418218847e-01 -6.733150709422174897e-03 -3.460294858855650357e-02 3.385015965022710946e-03 4.733249570536654516e-03
9.526756578991210089e-01 5.709757816651163109e-01 7.189937269500325245e-02 6.203385051600353826e-03 4.457026405630346369e-03 -8.073732999822611986e-03
3.290164108061262027e-01 4.176194663102110738e-01 2.443842699410125538e-02 1.288835492595555993e-02 1.765658689999030162e-03 -3.323654185372133980e-03
8.998678274704992042e-01 3.062185524342361798e-01 3.037326662796396848e-02 -3.204107889111912355e-02 -5.779968872619824401e-03 -1.486091528526938075e-03
2.737803969395816162e-01 -5.692249018533388494e-01 7.884792637204791899e-02 -1.337487036168769636e-03 -5.735437365372521648e-03 4.340871680493627212e-03
5.875115393834688948e-01 4.632570813141574373e-01 2.236887830663931986e-02 1.404379659837963826e-02 -7.423671861243386679e-04 -3.095890258567438741e-03
7.444468152788356052e-01 5.224114640279449440e-02 -2.374790316164506962e-02 -3.110351085916558331e-02 -1.842873007032459331e-03 5.037752266870976214e-03
-3.102892271035649352e-01 -3.724376867749817355e-01 3.540304961462771571e-02 -1.091197872445004262e-02 -5.794237488442507619e-03 2.561415347279818663e-03
-1.728271526182669493e-01 1.038732823973543412e-01 -2.008595113603404286e-02 -2.841705231675873290e-03 4.996487184799777888e-03 6.358607020438444184e-04
-2.136820293563679862e-01 -4.729250465998129926e-01 5.540648268702657447e-02 -1.514032232030885702e-02 3.756084679731783692e-03 -1.952961480088182499e-04
-1.304166401752496984e+00 2.081117374710428868e-03 -2.189217873728087349e-02 1.363519573866659243e-02 -9.733329264090328364e-03 -1.043261045744688607e-03
1.252973729065198771e+00 2.442296573502803769e-01 -3.034031207976967473e-02 -1.490835522305834770e-02 -7.931834210251764369e-03 1.007247193021452080e-03
1.604740656150900335e-01 5.865229491833753861e-02 -4.320785304509595220e-02 3.197124886918595831e-03 -2.479562101501854490e-03 -2.219654072139330258e-03
1.233268298439854777e-01 1.805611074785951897e-01 -1.157721058267234884e-02 -1.292597098700213644e-02 3.714816973904325366e-03 5.925334762224796284e-03
1.126512127322081946e+00 -2.711979482544852882e-01 -4.701775594517539070e-02 1.877578104777294365e-02 2.547285367476430622e-03 -2.478997026456031087e-03
-4.507351774453250554e-02 9.054493055565328297e-02 -3.193554131828465342e-02 -1.388172581280339634e-03 -8.365728950640723919e-04 5.405561384359149459e-04
4.626104087440183199e-01 1.930977423308145036e-01 -4.690955612638015963e-03 -1.644302409230874451e-02 5.136034243426471080e-03 1.804993102664717184e-03
-5.455235386672244724e-01 7.720166589883400987e-02 -8.853514200892715486e-03 -9.617570315109820814e-03 -3.719837292997798476e-03 2.980160579616476704e-03
-4.331738158418935170e-01 -1.438343090248799527e-01 -1.532857759539354818e-02 -1.093283381115456310e-02 -2.114215142855466190e-03 -1.243289624130114630e-03
4.289981326876061984e-02 -2.623697031496965981e-01 -3.400326282877764138e-03 -1.544092968851823976e-02 7.064397112610185103e-04 -1.419036708294402985e-03
9.053442423462952915e-01 1.941814358116715766e-01 -4.576336125864042398e-02 -1.261380158748640415e-03 -3.527603274868020954e-03 5.750161102833844465e-04
-1.420592137485099604e+00 1.358971970300481280e-01 -1.400015647733268004e-02 2.827302534264918704e-02 -3.470868838844715261e-03 9.403975842518107111e-04
-1.676223249793355352e+00 -5.166824413458422083e-02 -8.947108203398324716e-03 1.028531790010819152e-02 -1.469500112250547545e-02 -2.304869014070084262e-03
8.992161653021406575e-01 -3.332701585774540676e-01 -1.596375547150910568e-02 1.123059407906821724e-02 -4.127393828403951373e-03 -3.424234615185876591e-03
7.514513366177524301e-01 6.501038610749919344e-02 -5.710989773899165234e-02 -1.294495936568600342e-03 -1.589690153619789138e-03 9.113716413334985817e-04
4.258066774441749969e-01 3.232592849393845502e-01 2.660877398157384527e-02 -1.450973595000225498e-02 3.402177504674540592e-03 1.297993698334410804e-03
7.904797235760607776e-01 -4.913432501306405076e-01 2.096915996932321655e-02 2.302906806101323936e-02 8.213886083291543905e-03 2.491512498256491276e-04
4.626249426886083205e-01 4.831059361192083235e-01 7.666981298172381720e-02 -1.021088036543026274e-02 3.543791103071234835e-03 -4.963041068879682407e-04
-3.451812612708716754e-01 3.221134888982862265e-01 2.510632517475595848e-02 8.850819769167413142e-03 4.570185858835605977e-03 2.345540422370792980e-03
8.088905950548998247e-02 -1.893167094974093911e-01 -2.563799189695447137e-02 -3.425577902797795685e-03 7.261779498681687414e-03 -3.605018345526561988e-03
-6.320171999966316401e-01 2.520790019412330052e-01 -1.278334180886545914e-02 2.977787810504229846e-02 -1.056946848746510154e-02 -2.992483422391254127e-03
3.080932521327883755e-01 -4.549806970335151246e-01 4.035242714398198233e-02 -1.342659860025771038e-03 -6.045330223776249068e-03 -1.817990947098600081e-03
-3.885821154072132133e-01 2.109677585528863253e-01 1.966008273572222159e-03 -3.594405959336744762e-03 2.097836257230734167e-03 6.292714639353766577e-03
6.681576106678085436e-01 3.877186255940530124e-01 5.390627683980087764e-02 -2.501146354945522204e-02 3.301947740104842818e-03 3.724415004524912905e-04
-2.268369327021388104e-01 3.322741181936086363e-01 -1.195653240745915384e-02 2.821276029836442337e-02 5.558314754249883867e-03 4.077230008515959903e-03
-1.485032608675191046e+00 -3.444598133335570120e-03 -2.178558866667832869e-02 2.252163713710545953e-02 -1.559470345793591110e-02 -6.133756457458513535e-03
-6.779188760403110914e-01 4.123543553136760909e-01 3.523441999530978891e-02 3.789203566298983417e-02 -3.877638934593437454e-03 -3.021701965907667661e-04
9.968168022063738087e-01 -5.641615223399669699e-01 3.994976102365830478e-02 4.945087192623202899e-02 4.950311480849197907e-03 -1.594624328229725298e-03
2.797527145171579965e-01 1.988047951797477786e-01 -2.398354894080591271e-02 1.126031114515424047e-03 -1.721166464890216919e-03 -7.246026164829185053e-04
-2.947455671468754423e-01 -2.561695950560481938e-01 1.180839871387674191e-02 -2.323620526647690587e-02 2.205848802944632928e-03 -3.335186112645904290e-03
-5.717582121844001497e-01 -3.014195088959073510e-02 -3.315325659191909607e-02 -7.434631669780832498e-04 6.959390224039113844e-03 2.395358799851320802e-03
-9.638943390134672162e-01 -1.081884132512684338e-01 -7.284542084957339528e-03 -5.481916610492180118e-03 -1.192672239024559350e-02 -3.845895096326134351e-03
-2.584259240336312866e-02 7.991550666091624955e-02 5.124578098227066530e-03 -3.130725375019166590e-02 2.527583195736279311e-04 4.423341565905930528e-03
1.106440280936198173e+00 -5.193097198528544567e-01 3.438772625101498004e-02 2.919989046303024180e-02 -1.321869481415319063e-02 2.221937996171452837e-03
6.092793554263253863e-01 -2.918860845508089996e-01 -2.242798178255691471e-02 7.707210262521908654e-03 2.742450194565239363e-03 -3.583940072778727358e-03
-8.761488263110999153e-01 1.311159608951939504e-01 -1.447654964787998752e-02 1.212431148184350826e-02 -8.920107149359738155e-03 6.648285907673318756e-04
1.694922462474665881e-01 -7.906518420169691974e-03 -3.734311533917753639e-02 -1.071026659361916378e-02 -2.933094795712069824e-03 2.351544820343371475e-03
2.993590732860780812e-01 2.506944536244670174e-01 -4.230281397009225119e-02 1.849254114820421749e-02 -2.084227449349384653e-03 -4.212868590592331913e-04
-1.219944253514602339e+00 -6.503323632037077973e-02 -1.243815601597363617e-02 9.669903476454244206e-04 1.524928704598794288e-03 -2.148755202526259241e-03
-3.236238875742192267e-01 4.133428425467967071e-01 7.113517225587773218e-02 2.800696401081198723e-03 3.340698794438308993e-03 2.504294971652731589e-03
9.554633651015089768e-01 1.155194318091777583e-01 -3.377771319694484325e-02 -2.169736116408226001e-02 -3.091529277992568613e-03 3.514037659050918243e-03
6.403537013895074237e-01 3.447377680255074850e-01 1.470821595080143776e-02 -6.457950277563720767e-03 3.712745708847468070e-03 -8.113296754625535763e-04
-4.328938495249571305e-01 6.474303674904502426e-02 -1.693709764993610312e-02 -5.196714242714904229e-04 -1.393974096733843586e-02 -3.215505099164051549e-03
-2.083817862524516007e-01 -4.060878994899153049e-01 3.262378707454931248e-02 -9.272702870929314632e-04 1.734616135002061419e-03 -4.510835177785879266e-03
-1.933347856585398705e-01 -1.509490433267780818e-01 -1.300498049318015922e-02 -1.098945606109261001e-02 -1.015796864010898130e-02 -5.304905115454355662e-03
4.964621425136160893e-01 -2.716768009288271224e-01 -1.957344079797449996e-02 -1.392162628389963285e-03 8.914758060023585118e-03 -2.895755641095121725e-03
-8.610094030719913638e-01 1.121750999564675166e-01 -4.155621985123277712e-02 2.639378576521321865e-02 9.649303630149803565e-03 2.485662584043127690e-03
-1.164162965693999574e+00 -2.662393260918689553e-01 2.072297877663156068e-02 -1.363422640207329929e-02 -7.081142514949582446e-03 -4.269243587272233270e-03
-9.253845554649342553e-01 2.444569861004405875e-01 1.026212824348175963e-03 2.125166766236131696e-02 -3.637102816858493737e-03 3.829102984781115621e-03
3.963184650218528060e-01 -6.042859075510160771e-01 8.341000683897040191e-02 1.083769988210384755e-02 -5.307981674737734246e-03 3.365844139143773974e-03
3.835892771872516371e-02 1.387158809585465336e-01 -1.627586627906559003e-02 -4.348051804610435916e-03 -1.180823499567225723e-02 -2.178165815181968071e-03
4.328557003081224264e-01 -2.771187929988197518e-01 -2.031236424643021940e-02 -2.586503889490294333e-03 8.309082339272263681e-03 -9.296074109785246956e-04
-3.447522916798501647e-01 1.139254377575194960e-01 -4.884665072242603406e-02 1.591095058608785889e-02 4.400656221846819746e-03 3.386896644233231349e-03
-1.480679748404026830e-01 1.838525302791346738e-01 -1.845010556165259039e-02 1.587441877308960270e-03 3.672742573218818005e-04 2.014490439847618254e-03
8.307760459802222552e-01 5.239792196747551367e-01 5.013317890598068677e-02 7.896218845525845506e-03 4.013076792162278451e-03 -4.325194500132699231e-03
-5.576445455934174733e-01 2.452104380106379100e-01 -2.009527194958305590e-02 2.814274829465995831e-02 4.584425985539737104e-03 6.754574407501955308e-04
6.719786324288460344e-01 3.667109884662231867e-01 3.480530513226804540e-02 -1.604577555517706922e-02 2.244183597291212872e-03 -1.856956179175158319e-03
1.154906500282851356e+00 -6.786107736432148707e-01 7.553547383163031204e-02 6.471226902533916414e-02 -4.872614594724667021e-03 6.251771929784631816e-03
-3.683634907342201448e-01 4.880143387870660154e-01 9.328254210327309448e-02 1.571637059172439899e-02 8.554459135083708693e-04 -1.619430278202542211e-03
1.029979963460992964e+00 7.576393979582614069e-01 2.032133391369545794e-01 -8.330070788019231648e-03 9.782907121303226552e-03 -1.699181315963718686e-02
-4.468950438838193984e-01 1.632378689576386155e-01 -4.571045917440871853e-02 2.182295171283689036e-02 7.113070879657668738e-03 4.854384668896725985e-03
-3.697020400721844346e-01 4.817223184275997716e-01 8.178785136028282610e-02 2.098839541122486663e-02 7.717983843559578401e-03 9.628358174384769267e-04
6.081314568289988287e-01 1.584232113986139001e-01 -1.055469684081803382e-02 -2.123408935120515983e-02 -8.471655809526208031e-03 -4.668236171936270565e-05
-2.738910056224726497e-01 -4.522209666056952182e-01 4.855500307058224080e-02 -2.142872467103821427e-03 1.992980610575243675e-03 -3.379503951249650945e-03
-8.205181272089953071e-01 3.172876510145242746e-01 5.467482551632239958e-03 3.428227006072230576e-02 3.658609812459571575e-03 3.145932998649295792e-03
-9.433385729080836501e-01 -2.475405546133368218e-01 -1.913459642244331451e-03 -2.424253257952515162e-03 1.353664116271617764e-02 -5.098681787102539269e-03
-5.373795781966169693e-01 -1.067102276553346385e-01 -9.258683677135760848e-03 -1.483016481333606328e-02 2.936350837713528001e-04 -2.611095831370803706e-03
1.166874726822791641e-01 3.513206047368345741e-01 1.582683568096377585e-02 1.902995610515781149e-03 2.693512702836476855e-03 4.723053450047121592e-03
-5.768246700708503649e-01 -2.958899094554431342e-01 4.446826135282278512e-03 1.478730479627915603e-04 1.157639253608567370e-02 -7.011117577821823245e-03
-3.351597218083885443e-01 -4.870390356015899536e-01 7.088621432667825684e-02 -2.581652922784955645e-02 -3.535946663634240324e-03 1.788700660065242970e-03
7.940772889684784633e-03 8.868617195184000379e-02 -4.853354777125745700e-02 6.360912432005668901e-03 -4.473563445523134831e-04 1.140062065360819684e-03
-3.375410265169598301e-01 -1.898238319147037279e-01 4.588592392687285745e-04 -1.925949768474933405e-02 -6.607333191246340769e-03 -4.114528399606228425e-03
-1.768608533983062336e-01 -1.766551562575824005e-02 -4.383000336924497420e-02 6.963382395129519113e-04 9.968295262700248988e-03 1.152258788387221363e-03
6.386868456859652321e-01 2.369473642133143598e-01 -4.507929516348861687e-02 6.471834201375322761e-03 -1.234530818275649455e-03 3.003395399175975977e-03
4.884129277332041053e-01 2.429836841363688105e-01 -2.779877966120907276e-02 2.050512303746174041e-03 1.610430089982681830e-03 2.188116041527721298e-03
5.510917742755144788e-01 6.495405262184818229e-02 -3.368215838281624075e-02 -1.450042590221821241e-02 4.182258566422909773e-03 1.634874274836711251e-03
-5.552467379446305307e-01 1.499793472582116594e-01 -2.888529335421555558e-02 1.992052058981305662e-02 -9.105235906094345105e-04 -2.162580043657308555e-03
9.690644452930907704e-01 -5.004029136859180493e-01 2.909308471423005527e-02 2.958190848263193493e-02 -7.690260612029624007e-03 -1.686551712459457859e-03
4.475869291854497195e-02 3.212120518000060598e-01 3.144631957697853475e-02 -9.448079499114855201e-03 -3.121393452279698152e-03 2.098637987795248794e-03
3.516836468331733245e-01 -5.463608164559184965e-01 5.458896489615745057e-02 2.132254128022160675e-02 1.023745556460900312e-02 -2.686027202616466693e-03
6.534662161968718408e-01 -2.623064725510267370e-01 -1.578557818207335095e-02 -6.273181711703343030e-03 -6.161089706720339169e-03 -2.441352928835510607e-03
-6.758689482511329727e-01 2.256167538143562801e-01 -2.374510945714462459e-02 3.077334546429088061e-02 -7.340806825090553239e-03 -3.013460001995447134e-03
-8.719238771288085887e-01 1.240432150576834675e-01 7.596059583336530613e-03 -4.461627456567285842e-03 -1.983306802418769235e-03 2.688483896927542412e-03
6.823521740418725390e-01 1.668412297218459794e-01 -4.909645480410174123e-02 2.075669653965237903e-03 -3.188410958305586389e-03 -1.529052656216044106e-04
-1.162142906623249372e+00 -2.638438237521618102e-01 1.089703857179371432e-02 -4.797377945828185108e-03 4.536451301178367340e-03 -6.191781002418047901e-03
-1.033025560403259879e+00 1.927817677307075706e-01 1.712976725551376700e-02 7.444111235077714890e-03 -4.124306233793078973e-03 3.037082767730306387e-03
-4.280154354495308566e-01 -3.808843532362237716e-01 4.863928277182421461e-02 -2.915177569629059245e-02 -1.326361135162975984e-02 -1.979934459087744417e-03
7.568290247671767557e-02 3.830469837926678972e-02 -2.725200002161301538e-02 -1.809860613273334834e-02 1.028746171075749791e-03 5.649209733783020111e-03
-1.011157667413465466e+00 -1.116926712516595338e-01 3.757510610639156357e-03 -2.051299025653121125e-02 -1.751306816309734218e-03 1.697820070494771971e-03
3.121190824356962629e-02 -8.681199889644365675e-02 -2.267704598011381287e-02 -1.085754643232485737e-02 -1.099825756855875129e-02 -3.361226562954093642e-03
-9.239718656311206590e-01 7.968639730514991137e-02 -1.257711907517039020e-02 7.053894890147632477e-03 1.565883321626201918e-03 -8.468685657256664777e-04
-9.654423046257812890e-01 -1.762777565939625812e-02 -2.639470211568873195e-02 1.061938086903069754e-02 7.010365630103008137e-03 -2.562543881295695301e-03
5.224262922748758031e-01 -3.994351864927307427e-01 -3.134754264757493719e-04 8.325105404363979111e-03 1.440885134418188294e-02 -5.878219741019595577e-04
-5.401849441442584804e-02 -4.873680351061294158e-01 4.469928975493978052e-02 1.249007734493779408e-02 1.412787276426812760e-02 -6.039336917244714394e-03
1.457856679615198159e+00 -5.791351557038811881e-01 3.992919739028592818e-02 5.739455977968162259e-02 -1.785071262584833271e-02 4.503620074655413641e-03
1.183103779534421252e+00 8.325073478401652516e-02 -5.600328987780375106e-02 -1.019856311981801739e-02 -4.016829382927403734e-03 1.690712613804922285e-03
-1.286152898223638097e-01 3.241744686712460521e-01 5.570953737516018975e-04 2.085807322296209451e-02 1.787283091788679492e-03 -1.051692103308639109e-03
1.101282536081990004e+00 6.568315740438504524e-02 -5.330590926076425595e-02 -6.676013707591473001e-03 -3.006203090732265711e-03 -4.800559003986302315e-04
7.942867870704556355e-01 3.492873768895269349e-01 6.852626928433433462e-02 -4.640738052917672829e-02 1.527609833527091834e-03 8.150643831913510469e-04
8.202774832408945074e-03 4.815782443895745835e-01 6.013803057768467991e-02 1.669619881063914499e-02 -2.378213008034635572e-03 -2.149242812872066526e-03
-8.182098907161303725e-01 -3.254820446839031822e-01 2.789112224603019705e-02 -1.614495249791449150e-02 -8.358128596261895260e-05 -6.026763732576487405e-03
4.099086475432234256e-02 1.562331652074590016e-01 -4.520037499899350053e-02 7.773485261888840592e-03 2.462795418526748676e-03 5.235950693009832312e-03
-5.025655651232712184e-01 -1.548854485625477118e-01 -2.233898697822581797e-02 -2.515076692223872177e-03 1.228643203920116132e-02 -2.557079099402096659e-03
9.167611391073830773e-02 -2.408251707365364758e-01 -1.515699912632104823e-02 -7.896820682013210371e-03 8.614791761576964801e-03 -2.530077940659878049e-03
-4.987806845992839855e-01 -5.388648508776306967e-01 7.582518319353653835e-02 2.699767581401075773e-03 6.343515255749707961e-03 -5.500308411924093553e-03
9.945886952372266776e-02 3.183766464030935439e-01 -2.364342705192257199e-02 2.070915648673093620e-02 1.546773923266805224e-03 3.217108678539374635e-03
2.074233230039143339e-01 -1.919012224448217729e-01 -2.671037687496195107e-02 4.179286976701621428e-03 7.390553790541963715e-03 4.532799675106912764e-03
3.114341971460750091e-01 3.392576537413057314e-01 -1.685117232432895365e-02 1.405807458686557376e-02 -5.061853196291114278e-03 1.968220256266805211e-03
9.792670900100638454e-01 -4.202663886851740194e-01 -5.232002550219896908e-03 3.323303269841006852e-02 4.899928410030626215e-03 -3.437965191111947739e-03
5.570953038702040061e-01 -6.624158000718827211e-01 8.893695982865773564e-02 3.819367540341189748e-02 3.141813706971998115e-03 7.471953492681532218e-04
8.884293658337827360e-02 1.394169490693279168e-01 -1.012320975111733780e-02 -1.264341106848979393e-02 5.373686991858041793e-03 1.502407014054219685e-03
-1.241928142588901995e-01 -2.733050541338594153e-01 -8.914834533072060405e-03 4.940416934868535441e-03 3.862697844648048991e-03 -7.245062169978232040e-03
1.150854343515660183e+00 3.340688609272655651e-01 3.223388854264824105e-02 -3.634947252720586996e-02 -1.606945249286877413e-03 -1.259180198246692597e-04
3.341309469383085262e-01 1.977644330262485761e-01 -2.527895438434161427e-03 -1.556824731732734356e-02 4.217366827180601095e-03 2.414693580837813918e-03
7.893033116670339355e-02 2.723725899947637141e-01 1.854959785723737931e-02 -8.550488543774759781e-03 1.396136057286766013e-04 -2.664895294224432385e-04
-2.580534202006115607e-01 3.021380381945744653e-01 -1.202846157438743589e-02 2.025129009732426141e-02 5.091557228449795566e-03 6.646088288569960978e-03
-2.919854144872092161e-01 -3.457751702398728644e-02 -4.160014685015996777e-02 8.886982794647845657e-03 2.263848820456283370e-03 -5.465936826586571123e-03
6.571172572586740923e-01 4.987361885500925518e-01 4.004640134798014006e-02 1.179928390313217217e-02 2.613020441289622652e-03 -3.038375606964000171e-03
-7.478154103258378704e-01 1.061740731835045803e-01 -1.146080657475957026e-02 1.570005298993213403e-03 4.005474102593874555e-03 3.462514556562113974e-03
-2.420458684059555443e-01 -4.452824736365076363e-01 6.013875373199363550e-02 -2.811193978547075339e-02 -7.497639860631176954e-03 6.477436826858808030e-04
1.227762047613981944e-01 5.344835708288948606e-01 7.478941523390940371e-02 2.153699726571894554e-02 6.866641357550684090e-03 -1.343342421820323870e-03
9.750865265230666823e-02 -4.372721539320157946e-01 4.175421873774030901e-02 -1.124715200677467615e-02 -3.600450427794346653e-03 2.424817710626579075e-04
-1.504380804236065128e+00 -1.078714001106572118e-01 3.861366108472410390e-04 -1.843737086237532763e-03 -8.018389249434498128e-03 -2.575436196071247737e-03
-6.237369386528418547e-01 -3.169104880618499043e-01 8.524174412168223844e-03 1.734327617221588427e-03 1.340271947058341469e-02 -7.543065362823316369e-03
-9.085849023107721301e-02 -1.622065395733203463e-01 -2.086992170808570426e-02 -1.299793804976798021e-02 1.124756922078969275e-02 -1.352667571267909818e-03
-1.404037183921016396e+00 3.343367578196492287e-03 -2.248991385554932956e-02 1.399100145013730534e-02 -4.895454543797362647e-03 1.495954441677983327e-03
5.856776650019558383e-01 -8.541306260024443542e-02 -3.856013639141841337e-02 -1.422425362466798494e-02 -3.883835064378184185e-03 1.325139072506477302e-03
-7.350217394263977022e-01 -5.215599607671397853e-02 -1.767908741281550011e-02 -8.147401603483582846e-03 5.974503707645869134e-04 4.805208523092621350e-04
-3.178882330572372350e-01 5.423696333094577549e-01 9.474322667410439713e-02 3.016808904554018483e-02 9.373126740963274098e-04 -4.139967132367990306e-03
-7.152809355099987165e-01 -4.541947730581190334e-02 -2.454368130412034124e-02 7.018535798297927120e-03 -1.920751501012650866e-02 -7.626309839643979731e-03
-8.320954967878677611e-01 9.821759071574256983e-02 -2.797996868370576304e-02 1.241272392339916320e-02 -5.152922321340491427e-03 2.618912520471322006e-03
-6.200191349461018353e-01 4.692370990295426092e-02 -4.728798119785347642e-02 1.457630940725511935e-02 8.491090747314026382e-03 3.464593774537302537e-03
7.706790859057566223e-02 -3.455735884568687522e-01 1.627617417186768070e-02 -8.663071390192365884e-03 -3.995716107468264174e-03 -5.983022482615224860e-03
-8.241310571954818531e-01 -1.089698151220485911e-01 -2.402909608765456395e-02 2.622243206014797465e-03 7.674543884627159536e-03 -3.872753603046610524e-03
-1.045612824546345854e+00 -1.115284425663271572e-01 -1.177777866535688137e-06 -1.272072442259470151e-02 -9.256515462818958387e-03 -1.129511258550941217e-03
2.526180350535838226e-01 3.148290952375765173e-01 -4.472362799621826777e-03 9.422197762629785922e-04 -5.496036303001014620e-04 5.687726555446808926e-03
-3.218933362745752258e-01 -3.869143028037473897e-01 4.271490242444631047e-02 -2.604549132486605120e-02 -3.604785537099471342e-03 -2.143676269884716313e-03
-4.316544598509047814e-01 -1.502380727877807021e-01 -3.335457878704166379e-02 7.630317789653239674e-03 7.191101113600380235e-02 -2.658103734696320303e-02
4.376693277738273324e-01 -4.148868737945666796e-01 2.829435469330534442e-02 1.061908148154278204e-03 -1.419985779967191525e-02 -3.447219950220143953e-03
1.700406852923292411e-01 2.639815374194054431e-01 2.439668235718839284e-02 -1.692728253228751450e-02 -3.886810523895449249e-03 2.544890707822257793e-04
-2.609687316229027804e-02 -1.500929794759250924e-01 -2.061075724895402098e-02 -1.275263918664155255e-02 8.888827977719091639e-03 -1.695464141301964963e-03
-9.042014125300655847e-01 -3.615558236232385148e-01 4.674254004118342382e-02 -2.989398227659469456e-02 -3.578937476585148866e-03 -6.993482480156923203e-04
-3.990422519031912585e-01 3.132040280390654408e-01 1.089127919765365280e-03 2.650842951129717823e-02 -7.024310790344401659e-03 -3.390624259880284895e-03
1.127114146465407307e+00 -1.432508663401472759e-01 -7.092597991709313765e-02 1.518220068183431977e-02 7.878681470187060736e-04 -1.196603569278825762e-03
-3.491987402256349071e-01 -1.240273832683602556e-01 -1.947477881964601587e-02 -1.703478670664170316e-02 6.392323601278285944e-03 2.876184615922627950e-03
4.302017572497336406e-01 -3.119925418006368467e-01 -9.112729771998735739e-03 7.526763357774132052e-03 -2.417602815145999235e-04 -6.101252728629063052e-03
-8.124794383081371807e-01 -4.833150248142228378e-01 7.296614134821453879e-02 -2.019187895725936890e-02 -5.294679331615647754e-04 -1.845605175627785697e-03
7.172109276314070359e-01 4.026522847647746595e-01 4.751399684366899856e-02 -1.640544638712135989e-02 3.758179093071367834e-03 -1.615764905504102258e-03
2.502654062258722889e-01 2.810763813141899381e-01 -9.245352733896197370e-03 1.857344946516685034e-05 1.762035122899687509e-03 4.155289433369580183e-03
5.943628080044879303e-01 -8.744541708373407274e-02 -5.416559738402626500e-02 -1.130217393086120712e-03 2.654387064285195896e-03 5.449673997738451467e-04
2.703708546645567368e-01 1.397563609907832849e-01 -3.579079588110360005e-02 -2.056418421697613855e-03 4.113625382125769489e-03 2.968307923222415941e-03
-1.160894920993615215e-01 -1.781165569919213876e-01 5.473932973632753343e-03 -3.183024426886565950e-02 -3.898877554935300215e-03 -3.762977760490815427e-04
-7.532988215985197966e-01 -5.172403552905295229e-03 4.603257664168043835e-03 -1.909183570104551822e-02 -1.252364407437146950e-02 6.642427799311503714e-04
-7.520320038557537501e-01 1.244733135963237286e-01 -1.611893193989953621e-02 8.283735607536538842e-03 8.054478400769411045e-04 1.242761347903237465e-03
-4.047551324822902807e-01 -1.308004797316821011e-01 -1.707435776600774863e-02 -6.820940948068041770e-03 2.545554105430619749e-03 -5.573052830758574994e-03
-7.574544153562472459e-01 -1.911062946476683733e-01 -1.476845159844933537e-02 2.867039712501192532e-04 5.852001244133328041e-03 -3.148106887667620306e-03
-5.833808340665097569e-01 -1.183253615214109322e-01 -3.010499484204393408e-02 -1.116001911150983367e-03 1.324179059024341645e-02 4.029250554567313249e-04
1.977751584093419557e-01 1.779507709380391267e-01 5.677280413898887212e-03 -2.176728350036889401e-02 2.647235007675192682e-04 2.416169882301250852e-03
-1.951279932957416530e-01 1.772033189212112170e-01 -5.375473356008185141e-03 -7.714106970040135978e-03 -1.947060283553115907e-03 3.573955305482714399e-03
8.205637188108085844e-01 6.646542926443238519e-02 -5.375738183942038728e-02 -8.007017664106261257e-03 -5.944021211460039870e-04 3.489920040622671547e-03
-6.455896921911384867e-01 -8.874501931177570732e-03 -1.517845320836749314e-02 -3.697584871103232803e-03 -1.770931771479113820e-02 -3.425996369890141249e-03
7.986525627226620516e-01 6.610692073116698070e-04 -5.118568706630679394e-02 -8.780931440946987757e-03 -1.323237722317008400e-03 2.870975562246844679e-04
-7.919113079377481101e-01 -7.689776819602273106e-02 4.939489492532742922e-03 -2.220173487448133531e-02 -4.233755471399900522e-03 -5.061595004838835609e-04
7.486403715485613342e-01 -6.042119603994254573e-02 -5.404040533756357401e-02 1.864565473751993846e-04 7.295705496130045452e-04 -1.884899050810100478e-03
-6.871332374041179136e-01 8.397892247353419548e-02 -3.097321152209829218e-02 5.865244262313701502e-03 4.435539679474466770e-03 6.133526125283610131e-03
-4.856010380104601176e-01 3.435392879710155167e-01 2.905797478387974614e-02 1.502514973129391411e-02 -8.053439474703156034e-03 3.884870053144383112e-04
-5.071041172707183575e-01 -3.052018558297140416e-01 1.639219699722125473e-02 -1.111389590379347966e-02 -2.216336038370369122e-03 -7.016154416428547168e-03
-4.597640757971928616e-01 -1.478117291962111335e-01 1.840544369298630425e-02 -4.019197572570046978e-02 -6.336946995971869633e-03 1.738766437140755981e-03
-4.298224322521556617e-01 -3.142100370694894118e-01 1.096751325542378620e-02 1.150671093106747601e-03 -2.190199949023158982e-03 -8.739055312884821264e-03
2.033315344270396063e-01 2.115324668352116522e-01 -2.627187917807009832e-02 -1.780434952957552722e-03 -1.595943990021891565e-03 5.002286987966726543e-03
-1.076994991651472056e+00 -1.264384704782313407e-01 -5.503126458889951757e-03 -4.893940830436416950e-03 -1.316494628493854180e-02 -2.653116165601277551e-03
-2.976488882655785595e-01 -4.925030153665034549e-02 -2.349608989331754619e-02 -1.452044081135401773e-02 7.806812692019021727e-03 3.005545423651407883e-03
-5.150819584504989085e-02 1.990589138783369072e-01 -3.084116610356575638e-02 5.030625882488483705e-03 1.778855556555260405e-03 6.714930549972487721e-03
-1.854453956137805115e-01 -2.896149896551539760e-01 2.365081085926738422e-02 -2.946736376023993340e-02 -1.048860315846924379e-02 -1.913805727482907658e-03
1.331613230573147899e-01 -2.066524130673753901e-01 -1.965909794234093136e-02 -3.027761189395132731e-03 -2.403296705452902336e-03 -5.253358941027395403e-03
6.275747056955379710e-01 -1.758827415740492617e-01 -3.756067906569943854e-02 1.239510325184716051e-04 -6.333461006710689378e-04 -3.707109800616675051e-03
1.039013504724833670e+00 -4.280373965272953052e-02 -6.154301707434586127e-02 -3.088543464741078971e-03 -3.613994637428102202e-03 8.088078861432339154e-04
-5.822249421376107792e-01 1.662046875480774550e-04 -4.440254336245296612e-02 1.147405514094771914e-02 8.912676481278684892e-03 6.363260190331850681e-04
6.469879754078964318e-01 6.767816791015397737e-02 -3.164587235327848136e-02 -2.033504037212587046e-02 1.314470363623398844e-03 3.704130574069457258e-03
-3.052220235417869021e-01 -2.674033934540289148e-01 1.237558675022631775e-02 -2.799455922965303489e-02 2.335062278162124572e-03 5.718132383157496302e-04
1.758866076406151446e-01 -1.403600805389134398e-01 -3.029422682003257705e-02 -7.093725600666023375e-03 3.933365588099266633e-03 -2.456882870999921569e-03
-6.900676831119321175e-01 -1.296506589539370494e-02 -3.330707818820199256e-02 1.340406979551840398e-02 -9.261783147504247526e-03 -6.361524044490506243e-03
-1.990029702956694069e-01 2.273015576825052619e-01 -1.479820740701821499e-02 7.299046624049165648e-03 5.977509224329609350e-03 5.007303983298553966e-03
9.414011089544843669e-01 -3.904822836925427865e-01 -4.270032266699496683e-03 2.382842071652889124e-02 1.797379347853244680e-03 5.377829144833483517e-03
-3.071364849228339633e-01 3.950460408877984331e-01 1.413691060411949828e-02 3.370983359211188884e-02 -9.777782271488316690e-03 -4.110015210259665430e-03
4.289855899014030638e-01 4.885047628433701328e-01 4.008364974040513201e-02 1.237792507492898458e-02 -5.677131517116590408e-04 -5.852244175689175464e-05
3.128402423526668863e-01 -5.682671744776869316e-01 6.738383801187651512e-02 1.250076614088038371e-02 4.298028531736687412e-03 7.838462401852067281e-04
1.080001319285993189e+00 -3.197170208459031437e-01 -2.394479978012405835e-02 1.228695777737962361e-02 -7.202563029925408873e-03 -1.192495377286646816e-03
-1.019272792237211567e+00 1.486014503282160649e-02 -3.438896541942310786e-02 2.176620677049051836e-02 1.846460656564574265e-03 -6.167960562915536342e-03
1.847956664628973983e-02 -5.595437011820397766e-01 7.636354295051173136e-02 -4.693245598809687026e-04 1.714432705347886544e-03 7.226838478544963607e-04
-1.637741002495072817e-01 1.199681311333249990e-02 -1.228813959977535786e-02 -2.208743451300275787e-02 2.963349356884571479e-03 3.103237410746479807e-03
3.516130741414727479e-01 3.861267020686058871e-01 4.351894408451312257e-02 -8.793168554204623677e-03 6.306511691411399376e-03 1.034808119548995178e-03
-1.784247599548436647e-01 -4.948669794375952224e-01 6.670186090247234856e-02 -1.323788185369012202e-02 -6.189720341309100891e-03 -9.762768357255926675e-04
2.082680640766696456e-01 3.357284000470340396e-02 -2.251626078456686955e-02 -1.473875614247143785e-02 -7.667270705367414986e-03 -1.726845354103167000e-03
-6.204341965094163358e-01 4.658809812992312227e-02 -3.188448773450310719e-03 -1.230749879844037636e-02 3.814634293557176738e-03 1.978497466709411203e-03
1.103916610558963285e+00 2.620357865290408039e-01 -2.813455220202655885e-03 -2.338343068689811149e-02 -4.675625490007453977e-03 -1.393385182232400633e-03
-2.932587580675317662e-01 2.166159039771747008e-01 -3.905048128312689493e-02 2.528981523272703577e-02 5.074784624664877702e-03 1.531234186984980691e-03
-6.389628026039626540e-01 2.180503206390235760e-01 3.611507437778773560e-02 -1.390885630381237699e-02 -1.160124924916664533e-03 5.329353728257904717e-03
1.245988521004170346e+00 3.541002728246064324e-01 4.312846561070151491e-02 -4.164937286260674693e-02 -1.376027130232191070e-03 -5.715063577366794175e-04
9.347636996698014400e-01 -6.772202751621162475e-01 8.342080882388577812e-02 5.830152626606621702e-02 -2.588495250708831418e-03 1.779703231074527018e-03
-4.551442519512430285e-01 3.193302827095723800e-02 -3.325409780368916018e-02 -2.815206490352095952e-03 3.027633093532252836e-02 1.710003956253635174e-02
-2.721429070992209542e-01 1.435914230172937178e-01 -3.202362120832669828e-02 1.102992488176653650e-02 -3.416710092218475363e-03 -1.394910849757107418e-03
-2.542610458818093111e-01 -5.241520111448749741e-01 7.641341633125084409e-02 -1.541314975002608216e-02 -3.811760603480949215e-03 -7.533634821202297559e-04
-1.688063305587867713e-01 9.559817209667269278e-02 -4.018748907165878292e-02 6.247203702445124421e-03 -2.585922099791860152e-03 3.222937978718827382e-04
5.770732798593343205e-01 -3.141059083708875321e-01 -8.664468523818750351e-04 -2.496010871933690943e-03 -1.234013589357255830e-02 -5.152361008915955047e-03
1.335121426183850879e+00 -7.867639495622480439e-02 -7.584937448041571828e-02 7.464282131837320609e-03 -4.976712752765459664e-03 7.460968401524181422e-04
-8.033410752798323395e-01 3.087476436831816384e-01 1.095321913431670201e-02 3.003678927303583476e-02 -2.721448264510921856e-03 1.128967108945184506e-03
-3.431731613024946448e-02 2.052010686028392650e-01 -5.823399582579368711e-02 2.984922810895749429e-02 4.250315739290913379e-03 -4.422813889640943210e-04
2.370648598796591955e-01 -3.252780517386454906e-01 6.624505963202319270e-03 -5.631988859266263275e-03 -6.307230294102117267e-03 -2.064747151844621535e-03
-3.264873515158527306e-01 -8.106566185107941247e-02 -3.576782050341403840e-02 4.808181605220615724e-03 -4.360096982952197005e-03 -4.379602287102140473e-03
-1.281845578532030183e+00 8.105464005162350827e-02 -3.017614318726791894e-02 2.926312704258583752e-02 4.012221422400400091e-03 -9.569784438436400482e-04
-6.960544434519728707e-01 -4.004753868489037694e-01 4.391618253611745404e-02 -1.587748832521499939e-02 2.135121325679892150e-03 -3.160182954599672408e-03
1.668162881808662457e-01 -2.711538138621301108e-01 -1.518148440927037136e-02 6.535457122411395849e-03 4.595356330677741359e-03 -7.220265884912723843e-03
8.886056851981180005e-01 -5.593749690902829336e-02 -5.419277155629778631e-02 1.158400917893206506e-03 -3.611036901947291028e-04 -3.329665625798535269e-03
2.506617219403701746e-01 -1.301445985600144795e-01 -2.455561912923002327e-02 -8.941404682673638124e-03 -4.150264472270201975e-03 -4.983245622395374684e-03
-7.631738078453434992e-01 -2.387409396579850129e-01 1.926808518001837597e-02 -2.258167780288266105e-02 -1.112568800140081166e-02 -4.151612511725796123e-03
-5.410967566018568542e-01 -1.877098335252252448e-01 -1.140799750568059247e-02 -9.642779700680474339e-03 1.369845550586533053e-02 -1.955535480148764497e-03
4.331356887349441243e-01 1.348951443919916005e-01 -4.544937596041503242e-02 -2.498066054676715154e-03 6.252863406514785590e-04 3.537248052971823757e-03
-8.330424996941884763e-02 1.622790723510726951e-01 -2.131729981827173645e-02 2.738938232335784949e-03 -2.936809284488585328e-03 -1.237421775089981180e-03
-4.555650154984633438e-02 -1.157572560205575446e-01 -3.882062952149360757e-02 5.476726379075501361e-03 6.671804629134420704e-03 -6.602482564699811880e-03
8.041461585594861239e-01 6.199471128445772639e-01 1.547867061104423181e-01 -2.102803663849371965e-02 7.931268121570732646e-03 -9.046132015175688962e-03
1.209684498839542544e+00 -1.031721104059054317e-01 -7.045691988791412397e-02 8.114216368280630434e-03 -3.682550465581736938e-03 -3.848042004830480611e-04
-6.999399971972821710e-01 -2.702626988112815654e-01 5.782180792381465609e-03 -5.920752692763616917e-03 3.234521401604748773e-03 -6.663085428962049923e-03
1.597141276088602790e-01 -2.730944272803471073e-01 -5.264967448218832446e-03 -1.979736817466123261e-02 8.010000704907918254e-03 1.323161477006457335e-03
-3.238982757986377248e-01 1.080278687764180123e-01 -1.800045484176918120e-02 -3.205432909682601628e-03 1.540871322694815828e-03 1.893932535966621426e-03
-3.832393924780149175e-01 4.138213575411184980e-02 -4.441224359819456735e-02 1.115242782134676092e-02 -3.294635829160099706e-03 -7.923305490792888163e-04
-8.593557167497039018e-01 -3.826136534159167712e-02 -2.702358023939239323e-02 8.536667986990294568e-03 -7.345820504043998680e-03 -4.388021799574582521e-03
8.102798946074026010e-02 1.143125074383239542e-01 -2.752036909654479238e-02 -1.057639516228272084e-02 1.385336009490314600e-04 5.391583852766636958e-03
-4.498249041530881787e-01 2.112853120794924155e-01 -1.680062503485496919e-02 1.254216513666455909e-02 -5.419062768952364988e-03 2.694054122477408404e-03
-1.814541430549005130e-01 5.137417841508719329e-02 -1.791189807130192171e-02 -9.152335946318432627e-03 -8.740064222236387792e-03 -1.166241198378342985e-03
5.270498915920344141e-01 5.231285813041897798e-02 -1.745199735738375141e-02 -2.600071278951632953e-02 5.811394468554258869e-03 3.134062835308907939e-03
8.495414809341141904e-01 -2.420547665785300340e-01 -4.292384083110661191e-02 1.367170484921511817e-02 4.135360910805449541e-03 -3.316911041662506856e-03
-7.901401760031045995e-01 -8.197283441734795617e-02 -2.342363888923671214e-02 1.243077781338844737e-03 9.555145779934279618e-03 -3.318839134800414831e-03
6.186158797637887341e-01 3.059388588604086134e-01 -4.070710658810236787e-04 -1.032361509121977779e-02 -4.222776656606901796e-03 1.731230940629791557e-03
-4.830429710734778781e-01 5.795390878783337855e-03 -3.024086413399009257e-02 4.780132967411757777e-03 -1.002763048165013389e-02 -3.684827627835202991e-03
-3.049059793983442956e-01 -5.858694384028219349e-02 -2.181752902831493243e-02 -6.194535331216824946e-03 -1.309000571820227027e-02 -4.268184596979925950e-03
5.997994251381245645e-01 1.879339575105643811e-01 -1.607717953617104553e-02 -1.302526608301583788e-02 -5.003658205899672549e-03 -1.513924110362123562e-03
-1.697749804342334190e-01 -4.616056662945919875e-01 4.589082703121231954e-02 1.047813634978517552e-02 7.850950742572266466e-03 5.140240153374051220e-03
-1.089768500947266988e-01 -4.912856634300027947e-01 6.971782450494795613e-02 -2.322050706910938622e-02 -9.289832926729893817e-03 1.454886697233947080e-03
-4.521735714355726993e-02 3.970490604464313456e-02 -3.721553713534221652e-02 -1.586170652160531986e-03 -3.113021686729997191e-03 3.566275308898815479e-05
-1.910913160178366321e-01 3.290056551047135791e-01 7.568043028357280058e-03 1.572732484488707783e-02 -2.904127237066081446e-03 4.875054947285374358e-04
3.627331501234913602e-02 2.574946669481470440e-01 -2.746211126470297220e-02 1.344444434625661350e-02 -1.445966570427858512e-03 2.152484746272264118e-03
6.760020285331564960e-01 2.456255934889954584e-01 -4.220980154016680530e-03 -1.972027111141138461e-02 -2.217568076453745735e-03 2.533800110999343512e-03
4.727027042267092360e-01 3.874372279564185506e-01 1.605591096062308071e-02 1.918357554006203851e-03 2.132720949506422385e-04 9.671038510598604704e-04
3.207089167156706999e-01 3.153655908536426300e-01 2.226754176592736154e-02 -1.052371382777385692e-02 2.975452265061224663e-03 3.810144169206350004e-04
3.450717628097678125e-01 1.151799448436281736e-01 -1.932623833465109756e-02 -2.018238680930528259e-02 -3.029177098688521849e-03 4.094235015717671844e-03
1.858866975374187380e-01 -4.096691764705803207e-01 2.480660644374050802e-02 -4.377647566725577193e-03 4.975307902030364458e-03 -4.261319289209019104e-03
4.699440387885685522e-01 -1.134877599614286386e-01 -4.406829825346088303e-02 -3.638443430567905434e-03 7.489751263964284679e-03 -7.876338280052563043e-04
-8.023254265403868823e-02 1.468887920752901255e-01 -1.396643990620370646e-02 -1.288360509173040215e-02 1.168473458703251115e-03 6.733998456533898079e-03
4.337463562509892845e-01 1.761803857517897365e-01 -2.823529669922982682e-02 -6.573155461683436937e-03 -2.479167286671900630e-03 1.873543798392600379e-03
3.186281716200047021e-02 2.449984681640286766e-01 7.524652385604260925e-04 -3.167742743418187120e-03 -1.042301908987757625e-02 -5.200547145962948351e-04
-8.555719243649949624e-01 -7.538733358811137986e-02 -3.116465462871358463e-02 5.665328168365243479e-03 1.037362308854593816e-02 -1.268382310937739288e-03
5.540140192644704697e-01 1.205107392310529081e-02 -3.875751178957112519e-02 -1.366890815519179389e-02 3.447495828321099718e-03 1.306215987024720313e-03
7.180239395897544119e-01 2.009711272499302426e-01 1.383432759988323900e-02 -3.533523789504278839e-02 -4.076176100906793269e-03 7.408846216584401420e-04
-5.891201580888367761e-01 -1.551666737382949857e-01 -2.030187040024166584e-02 -1.342717780490063203e-03 1.199293251159712012e-02 -4.948183043637495622e-03
-3.065172420929158648e-01 -3.574459579896966388e-01 2.936823430934652063e-02 2.994683786027182732e-03 9.918596142763429560e-03 6.088556977883693988e-02
-3.162872052228908326e-01 5.024650744283745175e-03 -4.553566914867453186e-02 1.670321569919226701e-02 -4.262158129926696404e-03 -8.348862541373635454e-03
-7.500507503376901974e-01 -2.245543351431908696e-01 1.436447667804763642e-02 -2.634591844417840181e-02 -1.026409098873954425e-04 -6.845250313694623218e-04
-1.042881552663381228e+00 1.356779840287812844e-01 -9.362887018663676800e-03 1.619257656446047508e-02 -1.872546115653166143e-02 -1.334130410214625934e-03
1.101372120768369545e+00 3.579557589295721126e-02 -5.378058402037122487e-02 -1.098991240506758636e-02 -2.336592931675584087e-03 1.937731948043523071e-03
7.379206985448473199e-01 1.338332300284348630e-01 -7.573280601796540668e-02 1.519677720096357550e-02 -1.069585969269415231e-03 1.541056619536011101e-03
3.252427170097039189e-01 2.528407127336982363e-01 1.397263317268535726e-02 -1.960450469214441993e-02 -3.549279697670192253e-03 2.088175049789453650e-03
8.942592830521740588e-01 4.171413030634366637e-01 5.482258397980054737e-02 -2.300896694321430402e-02 1.674091002503112465e-03 -3.454122303528701747e-03
7.348171798801315102e-01 -2.436340162527743380e-01 -3.681343591718002489e-02 9.071163577343086676e-03 5.499486148134375037e-03 -4.543927122764690463e-03
1.061493003548470010e-01 1.323334737554728302e-01 -2.285515180736354471e-02 -5.524107411660117775e-03 1.160066955539314952e-03 7.201150990430310594e-04
-1.370504037339193015e-01 3.177075252951827022e-01 1.907440361167109244e-02 5.829407926449359928e-03 2.244105262096500897e-03 1.190115968886595139e-03
4.614575517496682933e-02 -2.505773155970165145e-01 -4.350100969077026931e-03 -1.667809521165783404e-02 2.731813861555267161e-04 -1.507729982518670343e-03
-5.684998949805325497e-01 -3.287228291585219675e-01 2.981975808625395713e-02 -2.193485573936312938e-02 -3.353160426766069093e-03 -3.736724750939118041e-03
-9.742322254240243229e-01 2.678200715500665408e-01 4.278578684572104107e-02 4.491676075802606381e-03 -4.402891157969882757e-03 4.569437484055386030e-03
3.879852119582887227e-01 -5.742268468738985152e-03 -1.596800742518407479e-02 -2.568079683669208940e-02 -7.645881839977558200e-03 -4.090611912471107101e-04
-1.920957087200756142e-01 -1.356656389312173583e-01 -2.689839271605233388e-03 -2.408189726174937359e-02 -1.091105609702512809e-02 -1.295094181316315584e-03
-4.390748478434358115e-01 3.952059313171837895e-01 3.970121856891827700e-02 2.275766834612651460e-02 -6.177749498389087553e-03 -2.031755742374798893e-03
-3.911813787978676293e-01 1.572357744815575387e-01 1.153975960092322797e-02 -1.782622056288276496e-02 4.849065156524494055e-04 5.719076571789515930e-03
-1.258782840021208105e-01 -3.413982460707854494e-01 2.521750143605971245e-02 -1.611106259127371640e-02 -1.076220353628373587e-02 -2.914047753670693467e-03
-1.043700847316085145e+00 -1.458480308965613356e-02 -3.076590478364627651e-02 1.402702325029979089e-02 2.440548570135046553e-04 -2.431415513572579568e-03
-1.149446389195756257e+00 8.588056622893960879e-02 1.460566891199482648e-04 3.556163964977375556e-03 -1.737862047759271625e-02 1.281616995123633848e-03
