1.883484408533619536e+00 -4.889928602882301911e-01 4.083521036212231503e-02 1.002714626055952879e-01 -9.002622991308027040e-03 4.827334309052104186e-03
6.819095691638022982e-01 6.624135206459554059e-02 -2.363933572672216946e-02 -2.922509791987156977e-02 4.716745953993825178e-04 3.573526985831498078e-03
-1.333814777001178509e-01 -2.124091236989133769e-01 9.515101239886050027e-03 -2.951833573696415955e-02 -1.164306958348291891e-02 -1.029030108761273647e-03
-3.775606765345803639e-01 -3.318856481766038202e-01 1.656956868616770925e-02 -1.709026442170058502e-02 9.096788095553715731e-03 -3.171406035436522518e-03
-3.873644351336456571e-01 -1.883115332621325966e-01 2.195523795994895003e-03 -2.345548145414464922e-02 -3.902666907303214278e-03 -1.192307546083766620e-03
1.060056729804214282e+00 -4.813605401455756660e-01 5.175914675322942221e-02 3.356883504816823155e-02 -9.575316222947960823e-03 1.575282041142446986e-03
9.096139263723140855e-02 4.045680512392964556e-01 2.830160636970756663e-02 9.752013848185256753e-03 1.541670266771404639e-03 -1.631948687435602402e-03
-4.188318717646625361e-02 9.729365575741173722e-02 -3.170326424839740864e-02 -3.517218824909942344e-03 4.153650504675015370e-03 3.307437240930318975e-03
2.243486889395140960e-01 3.432900090336087062e-02 -1.263224560062134634e-02 -2.020518301600727346e-02 -1.557348981551020736e-02 -1.086055076410858458e-04
-9.152013695611102007e-01 2.702189658599813415e-01 3.092940728255694216e-02 2.511884973313377456e-02 -3.337415250953865153e-03 4.643065380457376797e-04
5.451541626682498975e-01 5.636252627121336456e-01 6.255706891032689065e-02 4.993210692186638398e-03 -4.515623339697835882e-05 -4.085320034456368238e-03
1.996887810064089386e-01 3.561734127749401901e-01 6.966511416413443541e-03 6.500293880532093289e-03 -1.953476018452770992e-03 2.690546141239266416e-04
-3.448797318505651965e-01 -3.913980881639450571e-01 2.067311664673366148e-02 -3.081473443876844940e-03 1.899411570869657603e-02 -5.825777373966659588e-03
3.489848103709832783e-01 -4.270718675862665292e-01 3.486120292848176455e-02 -8.203743978372020004e-04 6.867490087742817752e-03 -3.190758442026125474e-03
-1.997576346641773137e-01 1.618264783492951442e-01 -2.217563114689639209e-02 1.186759430676597241e-02 3.513577549359470607e-03 -6.155999191359139578e-04
4.363179016701098090e-01 4.691558477552755790e-01 6.311078460801571033e-02 -1.356183931194952091e-02 1.722480795655362100e-03 -2.776946872349438100e-03
1.537947677902102017e-01 5.752053747272084516e-01 1.291270786949638150e-01 -8.306333280850728903e-03 1.012422919110333649e-02 -5.503081916711323116e-03
8.870254929231592700e-02 -7.558603293610481610e-02 -1.245221481342412805e-02 -1.884075920584051683e-02 -1.049988012165138304e-02 -1.988341147910437610e-03
-1.482993864333478073e-01 9.089837354328857144e-02 -1.658590743352946623e-02 -1.072468019100038597e-02 4.831618068937319700e-04 3.135665007549825068e-03
-5.863546107969476173e-01 -2.127432404236730135e-01 7.144143777230139991e-03 -2.661630160550621654e-02 -3.788226067132302328e-03 1.182916518609649557e-04
-5.379515569449878215e-02 3.095370843700476562e-02 -1.946196259913918203e-02 -1.316112402023264169e-02 7.913985328380243253e-03 2.832014429295755730e-04
1.297003057210542876e+00 -4.290493793119947719e-01 3.073953452053610966e-02 4.026616939154317037e-02 -7.698560840282097500e-03 2.170193283010240191e-03
1.116726386989957298e+00 -3.669275579206653926e-01 1.372988954870385525e-02 2.832405939349076293e-02 -2.890511093120097259e-03 -1.237664193930653952e-03
7.823798903454958209e-01 2.359650811139486770e-01 -8.254683737888136950e-04 -2.910062122564310155e-02 -3.614875628090011891e-03 1.065015281926516523e-03
5.814808467927781721e-02 -1.022954237680162720e-01 -1.046920473147078604e-02 -1.945512394923873400e-02 -1.186817123483839033e-02 -1.656953000638654132e-03
-4.645359442943226003e-01 -4.951885225724722006e-01 6.958423151650962313e-02 5.225787896753807463e-03 1.253219433943439376e-02 7.001079417359622192e-02
-2.287328932943697157e-01 -6.779522000604541743e-02 -1.842111399613854603e-02 -1.001813892985027425e-02 -1.727640616506172407e-03 -1.277362133251585315e-03
-9.269821956734578539e-01 8.958640114835034196e-02 -7.182179508515912011e-03 1.243430143963207384e-02 -1.200220675790339073e-02 8.843760969983199436e-04
-2.123044635692506454e-01 -2.930273897689884000e-01 6.663712449433424308e-04 -7.934853272018309311e-03 1.182854091190101327e-02 -3.119071117242883107e-03
8.950086111267181455e-01 -1.275630585126799332e-01 -4.420256326520589918e-02 7.728483332504434110e-03 2.913189823345181152e-03 -9.537770775794442244e-04
2.204496983857676951e-01 -3.252145401788033019e-01 1.264913402849559762e-02 -9.168313440741801545e-03 6.946402470110387209e-03 -4.577293572869033968e-03
3.581980805853505201e-01 -3.619385522849526415e-01 1.532706269077932851e-02 6.140591418241012067e-03 9.990844529647689015e-03 -3.172041184411922374e-03
2.158959412317092430e-01 4.170054025298030598e-01 2.461046396291369925e-02 8.265984389145931283e-03 1.130745362598953091e-03 -6.731516296313145133e-04
-5.928708777554010378e-01 4.381265121397096007e-02 -2.366391601541512069e-02 1.129081146897640588e-02 -1.159776990961822966e-03 -2.604686447319160599e-03
-2.573198890458566201e-01 -2.465200314255868441e-01 -1.198722555607230171e-02 -2.925577010444532344e-03 1.616578406498007242e-02 -2.837079103625429147e-03
-9.589289813209432578e-02 -2.490603245021416889e-01 -1.084903032754801558e-02 2.014852344034079572e-03 1.268260945997668615e-02 -4.556264689732759596e-03
7.796986230174919319e-01 1.875654158556555318e-01 -5.787745205095219669e-02 6.881632271532785346e-03 -3.091315557283001725e-03 1.994847261107047989e-03
3.265118995671215801e-02 -3.899172073748108369e-01 3.468911948179011218e-02 -1.207039843891316577e-02 -3.778058262144458421e-03 -1.489761551430808387e-03
1.018713255593285849e+00 5.452898065214816653e-02 -6.156814563691526132e-02 6.470882016187539006e-03 -7.166594077653712976e-04 -3.484585656682575184e-04
-2.376456681463984810e-01 4.537729431653048651e-01 7.691522322706691173e-02 1.002684818420626796e-02 1.029482719293461565e-02 -1.132298917202092603e-03
-3.369586015289170455e-01 -3.722756330465717411e-01 2.659854006308805252e-02 -1.779935334913229292e-02 5.211976371366954658e-03 -1.845321021890752476e-03
2.703782269007262151e-01 1.012080196033435762e-02 -4.778001285678403626e-02 6.755480811224193194e-03 2.915504515734082796e-03 -1.277923975157592949e-03
-9.958243661318462170e-01 2.107811563067604199e-01 7.791102670401568731e-04 3.162711418835058991e-02 -5.738646784530235072e-03 2.574137482232788203e-03
-2.335247928255414218e-01 -2.302667303605506754e-01 1.570099559381413299e-03 -2.286297980255826839e-02 3.420960649622145373e-03 -9.087558590783200059e-04
1.123078609966282615e-02 7.565257499729786950e-02 -1.178017005362725668e-02 -1.581958069596317920e-02 -2.104899455709402425e-03 7.067273096695129986e-04
1.771432281070121628e-01 -2.229275262488965015e-01 -4.059905367598607741e-03 -7.610848522773557001e-03 -1.815074544541371267e-03 -4.331359243814450304e-03
-9.799510534546491264e-03 9.758623254774501099e-02 -9.301525347535116728e-03 -1.744258114905802154e-02 9.021772635363032103e-03 2.568823313270063562e-03
1.055994480223669540e-01 1.986953933294411667e-01 -4.892066348402381720e-02 2.238763120686567201e-02 2.685520612734256830e-03 7.684150582929710847e-04
-7.979894134170668618e-01 3.627017626217024504e-01 4.770535992044244722e-02 3.353392714540105041e-02 -1.934123588097953631e-03 -2.945940395641956345e-04
-9.583133469998895704e-01 1.510464032298614590e-01 -1.280900161376871509e-02 2.786024597948002363e-02 -4.043442161344775604e-03 1.514906584004215972e-03
-1.993982136018062068e-01 -1.516956695739116179e-01 -1.304618311510083971e-02 5.240965899942939306e-05 -6.643120156282658444e-03 5.705977659381671757e-03
8.915639016646104142e-01 -4.099765505202178084e-01 2.827633520690963492e-02 3.116256289643883071e-02 1.754595903048825024e-03 -2.830761589169969537e-03
1.072908023632786201e-01 5.139360673738502250e-01 6.653300662001170040e-02 1.292865697699719513e-02 3.726692444701521032e-03 -2.686659296553200495e-03
2.250421002637113532e-01 2.424474880532825338e-01 6.283996805501523147e-03 -1.530732363330933321e-02 -5.295877817861404518e-03 9.686166444644218757e-04
-4.679522415628724619e-01 -1.135034670160196407e-01 -3.180108672969114095e-03 -2.580129622473803508e-02 -2.452355338571293535e-04 1.760606628765566803e-03
2.996408788787033872e-01 -3.602962507112052459e-01 2.537477022816321537e-02 -8.778873445170153750e-03 -3.858654143826330176e-03 -2.317823564150024544e-03
-6.365316949938151780e-02 1.914162032464586660e-01 -2.091044442252000188e-02 1.097754450533532187e-03 4.382223328494689978e-03 5.039310505988684082e-03
4.365844900863189992e-01 2.378815631818361476e-01 -3.217233615487097992e-02 6.850837839347651524e-04 3.532707236134739748e-04 3.537222215605032982e-03
1.370455448523348052e-01 -3.104640884333463857e-01 2.097695431430098793e-03 -9.888592619002470677e-03 1.331528669637872288e-02 -1.253690586002521260e-03
7.013341521142318902e-01 3.760372690470180079e-01 1.359003257712623064e-02 -1.469141024003029622e-02 1.561256905204710466e-03 -3.106289610871626754e-04
-3.624616336291675012e-01 1.059917746450909914e-01 -4.469808266224955390e-02 2.442236269709519708e-02 7.746424900992883618e-03 -1.300845141316753131e-04
5.241961778843118314e-01 -4.007752039092777885e-01 2.142709281951149861e-02 6.839261555513067962e-03 1.171159431868782838e-02 -1.517462619274353173e-03
-3.800246058077005329e-01 -2.856285791047772360e-01 9.564020566414086540e-04 -9.859739423988492929e-03 1.352481549709414962e-02 -2.875686500924400178e-03
7.482658001268691628e-01 -3.352174027280558910e-01 1.746386311207684394e-02 3.013139494619197344e-03 -1.175640501582616085e-02 -2.292544037902166740e-03
1.598344103339902067e-01 3.908771944729807490e-01 -1.181094604737099353e-02 3.134750214771425680e-02 2.528852757509717983e-03 -1.940270397528887211e-03
4.034547513937467023e-01 2.235601771790804992e-01 -9.773184096027313569e-03 -1.564940002675340933e-02 1.743582189625048984e-03 2.205600220383561062e-03
5.213357071106478058e-01 -2.002663985837373484e-01 -2.360966451646330164e-02 3.029660471586399263e-03 8.795952111544508983e-03 -4.035139804300565472e-03
9.542541974473377486e-01 -1.870135087091063728e-02 -4.902560825674440181e-02 -2.616145068715367440e-03 -2.023626981415243067e-03 2.613510214501011883e-04
8.317180722215866684e-01 -2.891614675566417936e-01 -7.078910565296818794e-03 6.021108190841196854e-03 3.762996522675364150e-03 -1.871464406946894785e-03
-9.942494485550313899e-01 -1.623327787976069914e-01 -1.443365957886564264e-02 2.032268087996706111e-03 9.418159525420384450e-04 -1.904832114555983155e-03
-1.129986528552216207e-01 3.074373172135122512e-01 1.198888005042981521e-02 3.888403080722246941e-03 4.393742993605040219e-03 3.252757646039631297e-03
-7.566539356138166084e-02 1.983234277818731461e-01 1.197319806388231697e-02 -1.746571538939027321e-02 -1.054325120478240502e-03 1.787241308748999634e-03
-6.373719711276676358e-01 1.531674696997470664e-01 3.121409150339250933e-03 2.084303475939323566e-03 -3.619856762248734473e-03 3.060928580708330033e-03
-2.849621041575672309e-01 4.523641248355196876e-01 6.453062374294737946e-02 2.102094967328181629e-02 2.443436935492215595e-03 -2.953511664774974895e-03
-3.243381725796168347e-01 3.395457054728096558e-01 2.355463185831301043e-02 1.259657189367653293e-02 -1.982481754188254296e-03 2.929331318708594534e-03
1.578243914302810413e-01 2.805595477181059283e-01 -2.388826919111431552e-02 1.278142514158646728e-02 -5.796496186505779294e-04 2.306272307843055137e-03
-3.649770467251378658e-01 -1.158279061770385449e-01 -2.051520022861782339e-02 -1.143327541088776794e-02 1.086687321104733150e-02 4.935374732750180812e-04
-3.036832595857598682e-01 3.924707280308882829e-01 7.645890351702420984e-02 -6.661833441958621427e-03 4.900367546681396423e-03 9.253281312385160410e-04
2.996992767246572376e-01 1.968112265885471335e-01 5.740829457235520523e-03 -2.914562278698790490e-02 1.108275117194512703e-03 3.859346736680547337e-03
-1.249750578183040362e-01 2.573492793336484841e-01 -1.732548167768378777e-02 1.337151274029886767e-02 -4.012064262809632536e-04 3.557966346209507323e-03
-8.447356118026898564e-01 1.433317118228164821e-01 -2.510819771444630644e-02 3.541398833463332840e-02 -5.509331786454630710e-03 -1.106172962247266777e-03
6.833399342070708982e-02 1.160280089179094171e-01 -2.398296269662197194e-02 -7.917586539919771113e-03 6.650324514186150247e-03 2.907578050065562445e-03
-5.258371598398219326e-01 5.403890655567723522e-01 1.158114112596261847e-01 3.261648721919943594e-02 1.610653098750226397e-03 -6.253692992145263446e-03
2.222445900227593418e-01 4.706489650202086983e-01 1.911620675925460033e-02 2.595599557606437582e-02 2.561606894564682872e-03 -1.656176719903059997e-03
-7.133097457305265232e-01 3.517617720495843509e-02 -2.039943904323392870e-02 1.160101577298246027e-02 -1.820997977456455252e-02 -9.860122439827431664e-04
2.598827810588764248e-03 -1.058182421691453504e-02 -4.052898310567711049e-02 7.914627367011943873e-03 2.305402298118980689e-03 -2.738926243351284904e-03
-4.811954382242519257e-01 -3.316785744424622928e-01 2.111829275525832147e-02 -1.423801605986614767e-02 -5.579453344185250456e-03 -4.389254819219566735e-03
4.530010181573299738e-02 3.334404703269995274e-01 8.876292093351393492e-03 1.021810870525421099e-02 -5.977503273345606029e-03 -1.567554873845641329e-03
-6.065957552004366815e-02 1.361362645116471204e-01 2.840633115586391547e-03 -2.165541066228817910e-02 5.120652687913988636e-03 2.534155435195503941e-03
-5.750458016347783641e-01 -3.339871943901274176e-01 3.116170639131953662e-02 -2.945668026560965477e-03 3.141634382373434918e-03 5.429506800211873069e-02
4.562127913142132174e-01 7.036070182072283463e-02 -2.680849564810367999e-02 -2.020845849220360632e-02 1.147221153155021569e-03 2.119726303955416988e-03
1.195278003156412971e+00 1.179000289037289567e-01 -5.454123141559592824e-02 -5.089977960525868782e-03 -5.117460494553313990e-03 1.189519637452872815e-03
1.038961547674688068e+00 2.033207332961604330e-01 -3.477108122379529015e-02 -1.664420166602154430e-02 -6.737495130201098630e-03 2.510611941275260692e-03
-1.670262450913020114e-01 -7.318419090989648768e-02 -4.118422199700933622e-02 9.098911187810703946e-03 1.222941137014438295e-02 -2.326425353055711857e-03
-2.857494812221175184e-01 5.915438106444075028e-02 -2.471141386398377840e-02 8.178350348693217775e-04 -7.451468020190508273e-03 5.925050715483848448e-04
-1.735219424131599630e-02 4.007349012053929571e-01 4.168167052708793979e-02 1.992385616944217664e-03 4.913286082555794014e-03 1.947075990536358599e-03
-2.995445017447134206e-01 1.274640468416537720e-01 -3.558609090117848418e-03 -1.108054787028801662e-02 2.457531873474529029e-03 2.961365385234063924e-03
1.872441397585705714e+00 -4.182515332884773618e-01 1.677050015602444405e-02 8.413491333163040931e-02 -9.403968256420815533e-03 2.311490698045504024e-03
6.125636663854182595e-01 -5.670015559676325201e-02 -4.328866412022951138e-02 5.932194524312510084e-03 2.139039544169731109e-03 -3.341017285481849043e-03
-4.260983135921322940e-02 -4.571676208217650972e-01 4.703303185922654700e-02 -1.337894881543414717e-02 4.945406338911696731e-03 -1.963394315776586553e-03
-5.079757729173949299e-01 7.218002678854616716e-02 -3.584317887711827022e-02 1.567156628557681355e-02 3.686083743761532552e-03 1.357170601648253127e-03
9.702449822218612852e-01 2.807726272742221418e-01 -9.536382427605346462e-03 -2.287874986291776533e-02 -2.684328260569749953e-03 9.204273055815630124e-04
1.740445262303383367e-01 1.577681390865480135e-02 -1.809154196448472390e-02 -1.813970340420380245e-02 5.541026638729716798e-03 2.208451461123639111e-04
2.921577650756465028e-01 -3.181845219973482575e-01 1.521885551737241216e-02 -3.749173898465982344e-03 -7.296387564238519287e-03 -2.885202279378673313e-03
1.104965298968478143e-01 1.550435173078023865e-01 -1.046644730259518180e-02 -1.040576598604413434e-02 -6.930496101075343807e-03 4.887322036733133179e-04
-2.780630852735127001e-01 -1.425866913910406597e-01 -2.871153164077551792e-02 1.276597818479495439e-02 3.489809391611200899e-03 -6.373532355734052787e-03
-3.347924413811250721e-01 4.117600005371752081e-01 4.982725717477111405e-02 1.670464655090603961e-02 -1.658014321733940460e-03 5.688220444010308897e-04
4.875345161831685648e-01 -1.116541811622992764e-01 -2.888005005071827419e-02 -6.175669667231705601e-03 4.261704953592756681e-03 -2.282081310586085102e-03
2.978604131610104733e-01 5.493946140187997915e-03 -4.962273919971568054e-02 4.091626545430080558e-03 6.830024339665005835e-03 1.343207166135762878e-04
-4.179551498486893113e-01 1.149889456540539451e-01 -3.546846231512556374e-02 2.563653422771951934e-02 -4.041580506485573446e-03 -2.857928326956382572e-03
-4.085378615446898509e-01 -1.573687560224727167e-01 -5.128567884214613529e-03 -1.598773464628397076e-02 -8.470334379878876122e-03 -1.257232757381554229e-03
-8.740020854046638699e-02 1.015489922331604539e-01 -1.477466952575476377e-03 -2.176856806034693434e-02 -3.894215191324068050e-03 2.660585620185245640e-03
7.673376013009327590e-01 2.931214148662398267e-01 -2.770730362829365231e-02 -5.460433923758614520e-03 -4.220335968575847536e-03 2.980194058177396306e-03
-5.860010137734483759e-01 -7.035186926806398511e-02 -1.231918533085402112e-02 -4.459053562441951668e-03 -1.317153979611422610e-02 -2.248466633664941879e-03
6.677222478967423935e-01 1.436494260242274501e-01 -8.376813933808296628e-03 -3.460807663508287668e-02 3.092266298228836356e-03 3.717397610378212272e-03
7.756161620567516568e-01 5.920665169782391990e-01 6.426896877890352078e-02 3.327003850314941107e-03 4.172823629766761293e-03 -6.778939225125424697e-03
2.092866463191987436e-01 4.136105599975379854e-01 2.133632282203506286e-02 1.230756512426610556e-02 1.937638040474932641e-03 -2.597599826309864631e-03
7.736768914605496317e-01 3.454189871878639573e-01 2.387460088906925154e-02 -2.991627731489632583e-02 -6.085960777977442518e-03 -2.183103619164066629e-04
4.345093857855921726e-01 -5.048006172447979667e-01 6.629096445119664338e-02 -1.493031783401474466e-03 -6.707068355596445576e-03 2.347007799267724834e-03
4.504419278794015713e-01 4.700397242243912754e-01 2.022207449422780065e-02 1.285549779712456125e-02 -7.110668437816846038e-04 -2.268498172692501660e-03
6.824632679452083961e-01 8.248082796165376318e-02 -2.226202728489445545e-02 -3.044870913722409755e-02 -2.042175780533353469e-03 4.125440006011456273e-03
-1.972998290574128621e-01 -3.615187551100941810e-01 3.144956482764540984e-02 -1.100898820968539485e-02 -6.133141623774805186e-03 3.533977468269412173e-03
-2.046834385865802797e-01 8.411946031261435808e-02 -1.842614872954729394e-02 -3.027665197298500584e-03 5.466392473064404095e-03 4.775149111759254645e-04
-6.909719091328701823e-02 -4.540267446530416584e-01 4.807800338703905468e-02 -1.515068601299849986e-02 2.582470928415190551e-03 -1.256083473059499628e-03
-1.265374446803146924e+00 -7.406908252160235295e-02 -1.888976534446448752e-02 1.541583507857156692e-02 -9.916737964705765046e-03 -7.908991481894406088e-04
1.137379828692832717e+00 3.013780215376485883e-01 -2.732459646170716863e-02 -1.438031075939353448e-02 -7.829115519786813623e-03 1.899959075331447570e-03
1.422042737770173038e-01 6.836381240480297883e-02 -3.721862691609530149e-02 3.421465986155378548e-03 -1.975818183491916385e-03 -1.286317051030660312e-03
5.472057332462409301e-02 1.643419492027977102e-01 -1.091140266397420781e-02 -1.440966430995151495e-02 3.739747580440250414e-03 4.564008673741476278e-03
1.180379629321173018e+00 -1.844869314325486842e-01 -3.876719542513096251e-02 1.935361891858719541e-02 2.019872057724868535e-03 -2.588322439118698106e-03
-7.114483884987497786e-02 8.136726431430174600e-02 -2.786351731588888186e-02 -1.339412485921953611e-03 -3.998462219212099581e-04 7.035428481322430734e-04
3.796508807894528603e-01 2.042700761450635394e-01 -6.015068219155041487e-03 -1.669798889631400954e-02 5.152307193551622713e-03 1.489500834116033777e-03
-5.619945565498773998e-01 3.852017698402875751e-02 -9.204228963818611789e-03 -8.236635500788064626e-03 -3.861911110620756035e-03 2.455418588627566838e-03
-3.806095822308185883e-01 -1.612293610294424639e-01 -1.205215265036258671e-02 -1.056926746980681002e-02 -2.428863955529527319e-03 -1.086265939558862456e-03
1.131656113314804257e-01 -2.440077391120608341e-01 -1.770957264822909782e-03 -1.506228869530153516e-02 -2.597175822473637673e-05 -1.675598245413081715e-03
8.226663800438399621e-01 2.352571166263235924e-01 -3.987999376177401439e-02 -1.497910014168527546e-03 -3.229339723777494009e-03 1.092885873967174275e-03
-1.420219671049381072e+00 4.126855464366281645e-02 -1.342415595547366211e-02 2.976247156938025343e-02 -3.207611144378088013e-03 5.283307311749279277e-04
-1.617972722355079940e+00 -1.461179607782311374e-01 -8.798352534361951124e-03 1.347111016436587302e-02 -1.543964876115760596e-02 -2.003005546676128387e-03
9.734079725188544696e-01 -2.502557323592290994e-01 -1.283958010071081964e-02 1.163041097053801702e-02 -4.288193405433837584e-03 -2.752446697481676120e-03
7.094500607561979866e-01 1.032111325284744974e-01 -4.910851589485124707e-02 -1.590076590731198062e-03 -1.397616615070566056e-03 9.181170965243309326e-04
3.115602537732399813e-01 3.241911577240672027e-01 2.157603214784751741e-02 -1.504002300169460585e-02 3.347460177193713280e-03 1.264800381758960984e-03
9.298509116546884723e-01 -4.067546175854581114e-01 1.872336591171875134e-02 2.370187255281921632e-02 7.392949498718834681e-03 -9.539873885013947907e-04
3.075467614646098524e-01 4.730534548713948295e-01 6.635800484387867348e-02 -1.241780371278058785e-02 3.094405786394342165e-03 -5.589839296526304688e-04
-4.308199573440662511e-01 2.770335250829366602e-01 2.046352168225628460e-02 8.240278220107213891e-03 4.689700184485046802e-03 1.581333997649907435e-03
1.356305078183175084e-01 -1.744104912878489122e-01 -2.034616752462151817e-02 -4.017703363932331392e-03 7.329826518008377735e-03 -3.125369650610474153e-03
-6.748477481425899649e-01 2.084679627384716794e-01 -1.189450793802658730e-02 3.222688909736283469e-02 -9.932220478901692892e-03 -1.625007214294674814e-03
4.333963606413935854e-01 -3.983639205971353792e-01 3.482613527624969785e-02 -1.565015749397186129e-03 -6.377707495003047920e-03 -1.519170070468497599e-03
-4.476484888984275101e-01 1.656829521907955682e-01 4.034716846840625116e-04 -4.239787068041523874e-03 2.172638458947245398e-03 4.932255745955359955e-03
5.252833665409190056e-01 3.971502948939106825e-01 4.530563578086059529e-02 -2.594982747561849420e-02 3.019401654462989127e-03 5.766169009336478447e-04
-3.089837790254562622e-01 2.885799586847707654e-01 -9.527668151004697883e-03 2.474597681654543829e-02 5.947483819295965209e-03 2.848401809209017907e-03
-1.437819220825033772e+00 -8.772503361811057054e-02 -1.856291769334235398e-02 2.424400028968776849e-02 -1.523704638555555858e-02 -4.423224344223047541e-03
-7.646443898158493679e-01 3.502703682857588041e-01 2.973087878394967826e-02 3.884918107093143780e-02 -3.156374840554185268e-03 -4.428990527807735288e-04
1.172030278275618009e+00 -4.496712857071232805e-01 3.328208712159438226e-02 4.884367988383831599e-02 5.471714991455454979e-03 -1.774368609392574939e-03
2.151337652336361428e-01 2.056932825294806033e-01 -2.162237233345373419e-02 1.589014048708545365e-03 -1.218683094109708443e-03 1.914481009668667378e-05
-2.295527587691322258e-01 -2.600077157591626498e-01 9.993835478566040487e-03 -2.242923639308196451e-02 1.832067532631390105e-03 -2.813392642012137526e-03
-5.457237150136886594e-01 -7.241684511709171879e-02 -2.686208056523890775e-02 -2.180702584373867513e-03 7.100869219952997760e-03 1.254126293678717134e-03
-9.091936857368381197e-01 -1.550953050214524676e-01 -6.442229352391216739e-03 -3.691201292307347889e-03 -1.227724102839638891e-02 -2.773300192993973044e-03
-7.150514207323296900e-02 6.841607486313446007e-02 1.542214726037722215e-03 -2.988638690684779567e-02 -1.125278573092441866e-04 3.538250316940419384e-03
1.233778216262398475e+00 -4.018388506361797452e-01 2.836717320829476932e-02 2.935741613652601348e-02 -1.336468935523752073e-02 1.385485826798248457e-03
6.868276375089553687e-01 -2.329744848898704090e-01 -1.729302768403970236e-02 7.439455014191610760e-03 2.435536061930247253e-03 -3.203050670178373988e-03
-8.886871007830464686e-01 7.436481418981229219e-02 -1.378202039823846897e-02 1.424459225250030055e-02 -8.765736271193754620e-03 8.861791232876605308e-04
1.629562378886857399e-01 -3.575410165748719115e-04 -3.185699679418650676e-02 -1.049403584742025254e-02 -2.998879149436592742e-03 1.917758731684427766e-03
2.310918611096088038e-01 2.543479642650153250e-01 -3.582549535271325331e-02 1.756809956180260118e-02 -1.311221808136921966e-03 2.286186927929435495e-04
-1.172497005335048303e+00 -1.389609693644256461e-01 -1.060947111399213570e-02 1.578156947834178161e-03 1.433460627803826619e-03 -2.127598496152554013e-03
-4.378878680781110311e-01 3.630248084360268024e-01 6.026694734680858312e-02 2.455942972740752118e-03 3.137610108011002364e-03 1.742101670486769860e-03
8.760549928910983386e-01 1.566671416212290224e-01 -3.054608004506353600e-02 -2.144685511439241993e-02 -3.108757378426877695e-03 3.194469120505704935e-03
5.190323439677981820e-01 3.595388265898325497e-01 1.138658140703665070e-02 -6.755792894394738006e-03 3.718809575662366303e-03 -3.583827548116088582e-04
-4.414306374871579952e-01 4.425800744463964653e-02 -1.618960581273778607e-02 2.063870155897835207e-03 -1.372875274372947589e-02 -1.735535437489763889e-03
-6.823289058456916134e-02 -3.861213608679314735e-01 2.975276467992442678e-02 -2.233978098032879736e-03 1.578179608639320450e-03 -3.628803501014772094e-03
-1.487637169301761486e-01 -1.466180668351708960e-01 -1.120802328927139081e-02 -9.886088278003990829e-03 -1.034773832001258803e-02 -3.875086228384446146e-03
5.585718038350320214e-01 -2.271050100270602112e-01 -1.536065647277701403e-02 -1.481876928621602817e-03 8.784354506627600409e-03 -2.754828401434754759e-03
-8.611806133980827171e-01 4.484931491665461456e-02 -3.452514574966867450e-02 2.383918203265407779e-02 1.037705685239205186e-02 1.270516477295163208e-03
-1.057722058400024645e+00 -3.187877186346900205e-01 1.853659050234106320e-02 -1.280580675395460825e-02 -7.770314306950065579e-03 -3.447556537426706494e-03
-9.685603004563941854e-01 1.728125748281016116e-01 -4.001944379567751045e-04 2.227335717255206349e-02 -3.564622621279047235e-03 2.925418181710670758e-03
5.718179873036930427e-01 -5.285152207842397365e-01 6.990482719505639042e-02 1.065528251329799642e-02 -5.812951746212439291e-03 1.818320910720191757e-03
-4.680612229222493210e-03 1.426391712349378560e-01 -1.583262989825262937e-02 -1.837063784260530973e-03 -1.164390353802282133e-02 -8.050008997512177016e-04
5.034261787058079696e-01 -2.379586102309053097e-01 -1.535230312452465565e-02 -2.626289826491287269e-03 7.771463503004406512e-03 -1.469540918268151921e-03
-3.587156972375064590e-01 7.879408692163297756e-02 -4.052965243334323564e-02 1.372145139247607504e-02 4.786150987045297359e-03 2.277138302002210297e-03
-1.986739806999852087e-01 1.606633226088985678e-01 -1.673024434832879812e-02 1.464835052151897870e-03 6.386009210486556570e-04 1.635449218338253918e-03
6.655937132874967244e-01 5.373188602462268815e-01 4.434662304020323825e-02 5.368956618016294639e-03 3.729404799774551239e-03 -3.546860220455695569e-03
-6.051519204419668618e-01 1.942716958131993910e-01 -1.745264498895511898e-02 2.699195478177709648e-02 5.273003837610175729e-03 2.173368250866415544e-04
5.414487898414688249e-01 3.831426647203966529e-01 2.886868135494800522e-02 -1.617817920673845014e-02 2.068339660730941949e-03 -1.232972513662466442e-03
1.359765940646771698e+00 -5.418143594542543795e-01 6.125461269743984194e-02 6.538588681249431211e-02 -4.322660345534298960e-03 4.349126294310111905e-03
-4.916074185810233033e-01 4.372151384753555914e-01 8.041862079411907227e-02 1.652598247288147165e-02 4.574364034089830602e-04 -1.803750225072261191e-03
8.047392239309958395e-01 7.709985670413632697e-01 1.809739397530022997e-01 -1.323381586923431767e-02 8.727986615847904001e-03 -1.535620791639999948e-02
-4.735087662074654036e-01 1.146050595880480638e-01 -3.782503476894270161e-02 1.837266750474383925e-02 7.374739353747790556e-03 2.934875700916929515e-03
-4.955943857750599868e-01 4.228463757641779952e-01 7.064928564435261904e-02 1.887417237006913662e-02 7.587036068940541771e-03 -1.475468703731924401e-05
5.334411134832351964e-01 1.904357540211984723e-01 -1.159735138844227367e-02 -1.894776558259663596e-02 -8.480722383732494998e-03 8.900645351202546209e-04
-1.168791600078454285e-01 -4.325918149718283034e-01 4.297250395846470561e-02 -3.554339109643115443e-03 1.676625869230098220e-03 -2.987352738378044013e-03
-8.838516658988151420e-01 2.435123237921488770e-01 4.162337533023053975e-03 3.318553160940183183e-02 4.146028009237232893e-03 2.044342500857500647e-03
-8.368600344166390315e-01 -2.956903901691813608e-01 1.130014740014258787e-03 -3.749645314886579719e-03 1.330439420620413773e-02 -4.922564522800718448e-03
-5.019999051571899518e-01 -1.340679763803155622e-01 -8.291626539653715669e-03 -1.403966302069644539e-02 5.907233980928287099e-05 -2.309644572729362220e-03
7.908766497998279132e-03 3.249125546507632967e-01 1.348295125846874984e-02 -7.342032158641711602e-04 2.637530522968953642e-03 3.620906678534948839e-03
-4.637908517806557662e-01 -3.140372477026184828e-01 6.545136900791596705e-03 -1.271935633178415811e-03 1.182468761691368719e-02 -5.684750939192582779e-03
-1.959420066916528480e-01 -4.723892524658642178e-01 6.004448541270102774e-02 -2.535109510066265240e-02 -4.956509919145939483e-03 3.807315729946177205e-04
-1.145702112224553267e-02 8.086243484589225594e-02 -4.089876324012813036e-02 5.463913572333492161e-03 -1.440772389913263184e-04 8.129276204126099220e-04
-2.848062526764218449e-01 -1.952816827186745763e-01 4.372131620932798553e-05 -1.803529725842041576e-02 -7.127679815379115401e-03 -3.295759861005557751e-03
-1.647073853309158620e-01 -3.752270386946939679e-02 -3.599145498540760185e-02 -1.335932314559283313e-03 9.943004617319431762e-03 -1.378089567865058780e-04
5.557021024111753471e-01 2.536477285047668562e-01 -3.821884264540488518e-02 4.506373998248586372e-03 -1.124989419207324953e-03 2.582355929655797376e-03
4.041586632238712284e-01 2.516755143052915034e-01 -2.408105534609542714e-02 4.992265379582155925e-04 1.848321348479814441e-03 1.924669979804643615e-03
5.031490507680532742e-01 8.746148208288087589e-02 -3.022763817394189326e-02 -1.477851359326477765e-02 4.062535602799783110e-03 9.360271912781286188e-04
-5.765572149251977363e-01 1.099776296747529414e-01 -2.529263268082287963e-02 2.032300340292646224e-02 9.403648193269139495e-06 -1.301081767949211106e-03
1.101761196883584537e+00 -3.943081795491263919e-01 2.457421162949623497e-02 2.934725543437766149e-02 -7.436084686564086756e-03 -1.356052074258473888e-03
-5.305625433060358331e-02 3.052031296849402331e-01 2.544948507678360811e-02 -7.982699049829008325e-03 -3.487044463514061242e-03 2.044174694284649901e-03
5.308702862705745318e-01 -4.797754163279306927e-01 4.692771525494945917e-02 2.025712225712722123e-02 1.010037934617566413e-02 -3.020370996441363969e-03
7.022280205891018312e-01 -2.012444919915283847e-01 -1.333928124149805737e-02 -5.331418169571290264e-03 -6.406243165055573209e-03 -1.769426990096579534e-03
-7.098111742834005700e-01 1.782137248593209933e-01 -2.118298053671371570e-02 3.255479426734218806e-02 -6.694466061706746962e-03 -1.899584524363165036e-03
-8.956838406315452694e-01 6.279014162334264904e-02 3.975796781981340115e-03 -2.583707806601638970e-03 -2.199989588752686645e-03 1.983206350401570985e-03
6.172749993195425500e-01 1.975727086007171007e-01 -4.255765969383421693e-02 1.918806924603187313e-03 -2.926880354405435314e-03 2.767492998949107330e-04
-1.049629695135285701e+00 -3.215103416401434155e-01 1.147775987839487304e-02 -5.269384370182197616e-03 4.559847226747053110e-03 -5.027463316509499409e-03
-1.068101632334025108e+00 1.197023854180496172e-01 1.203967124067677197e-02 9.912962860524439021e-03 -4.175958157687580455e-03 2.500780382827920163e-03
-3.229993890964696357e-01 -3.759919568701455272e-01 4.061628961201252386e-02 -2.809618793989419536e-02 -1.446428742124546314e-02 -2.093695871139124830e-03
5.001487737027828645e-02 2.932867238913336450e-02 -2.372149593483462507e-02 -1.857937432060271371e-02 8.951852561645647684e-04 4.216715290640141514e-03
-9.663441116550312016e-01 -1.702813140573426753e-01 2.451511649668725035e-03 -1.900575307602676151e-02 -2.470472948846790234e-03 8.822333266700505558e-04
4.987803295798835801e-02 -7.190361045828298769e-02 -2.006171674242049688e-02 -9.407276940668890877e-03 -1.108150953077211877e-02 -2.124083357338813188e-03
-9.269979363491351876e-01 1.689179785279291621e-02 -1.213993132976619316e-02 7.723395929585388786e-03 2.004560274589075718e-03 -8.986977053270520316e-04
-9.330131350877389762e-01 -7.991783140532196517e-02 -2.191432041321931048e-02 9.817747865580535999e-03 7.824733015223650848e-03 -2.221618365622255852e-03
6.365807726064008909e-01 -3.459259314137928532e-01 2.122971240906044218e-03 8.588048892717678462e-03 1.281496462441530405e-02 -1.860128409860241838e-03
1.201012031771522132e-01 -4.527232634462834970e-01 3.981616064207007394e-02 1.048356421657782936e-02 1.412135551272054174e-02 -5.557997512320276765e-03
1.605372827363739541e+00 -4.293022331312448259e-01 3.190172880801389610e-02 5.745793816421981837e-02 -1.727171719253514995e-02 3.335329860246073318e-03
1.112273189999807954e+00 1.422135012534470055e-01 -4.908597739867761461e-02 -9.983393564037870357e-03 -4.180330851954690285e-03 1.464705804931048421e-03
-2.103890142093993165e-01 2.978937407665480097e-01 2.252586841274403166e-04 2.048627269993717054e-02 2.490798643401173715e-03 -6.004110026990566035e-04
1.040666169937474628e+00 1.270210288619697259e-01 -4.711520624935171264e-02 -6.063541118009982411e-03 -2.673579345519999477e-03 1.410550773424517083e-04
6.490224214368566225e-01 3.702023051600874526e-01 5.655838466578763657e-02 -4.571372284567607608e-02 8.880534980997275641e-04 1.129427513541797750e-03
-1.180367107383053921e-01 4.554392785922097842e-01 5.256656207282964927e-02 1.703903323937108402e-02 -2.572107731677022915e-03 -1.747890843569987942e-03
-7.045823257381470528e-01 -3.550780046391721623e-01 2.496013755139486409e-02 -1.607224734012867307e-02 -6.801070226860497607e-04 -5.130651203923814428e-03
-1.689870563899608215e-03 1.387384419760847587e-01 -3.782613388951232281e-02 5.281465296238521505e-03 2.632493955381085948e-03 3.842291957206826671e-03
-4.392819761116782962e-01 -1.828733814687605597e-01 -1.604273996135965885e-02 -5.020351626043789879e-03 1.262201026751081333e-02 -2.608811286771535280e-03
1.580719395197018318e-01 -2.241270766806785220e-01 -1.131468426888460402e-02 -8.239591297547846707e-03 8.407542750827889932e-03 -2.514549496268781749e-03
-3.025285547012398490e-01 -5.281622544021126187e-01 6.573866343010588420e-02 9.133219281533787315e-04 6.641199818723591067e-03 -4.515159542157917878e-03
1.344236188528537962e-02 2.968840657647897618e-01 -1.937737927795855561e-02 1.775853816005223962e-02 1.845466916904015637e-03 2.407506501375528563e-03
2.604510855240899647e-01 -1.662096669856786280e-01 -2.061628066383659405e-02 3.366446541003491940e-03 8.170583981636045379e-03 5.518640969090312341e-03
2.154476676713413252e-01 3.360622767179294312e-01 -1.394314708328915457e-02 1.329782797575195311e-02 -4.783653975042901144e-03 2.172338072669211147e-03
1.099802024454081373e+00 -3.231218326746153058e-01 -3.231413240218913158e-03 3.262513403086076541e-02 4.824366531865913361e-03 -3.151881663518492360e-03
7.720615539085852186e-01 -5.689311242216934517e-01 7.395462077814726753e-02 3.760334156599657446e-02 3.384901247981218081e-03 -2.706978045370750092e-04
3.381770180888307720e-02 1.318558911179801563e-01 -1.053264173821372510e-02 -1.274577069957457710e-02 5.423492112344462102e-03 9.792771780992386675e-04
-2.553148442845017130e-02 -2.594354674835576691e-01 -5.041859571149843663e-03 3.669912016976604151e-03 4.317203227286728860e-03 -5.460637791840141156e-03
1.003583878448899958e+00 3.778678776828310326e-01 2.579321568014826191e-02 -3.596212165911357589e-02 -1.925085358302000690e-03 7.164496396373618188e-04
2.544676876952036149e-01 2.005404211106119328e-01 -4.039112599662609583e-03 -1.579046662488949732e-02 4.301496183173571068e-03 2.033295156808337650e-03
-7.562259413850460840e-03 2.618690606040123825e-01 1.403293778787183255e-02 -7.417663571337050274e-03 1.548036842867413806e-04 4.061847094497052403e-05
-3.359313607854713668e-01 2.548012785232199318e-01 -9.730968108132887623e-03 1.648250712015767588e-02 5.246606546647365407e-03 4.785850699617412961e-03
-2.652997627883536547e-01 -4.838501671687743533e-02 -3.445646318379132211e-02 8.259359515508841315e-03 2.804475626108637876e-03 -4.366318943146183656e-03
5.052789105704840189e-01 5.042336253294169568e-01 3.543192107382894807e-02 9.846477844467807494e-03 2.482457237660465072e-03 -2.402227116032475129e-03
-7.651245765838845525e-01 4.834577569357356719e-02 -1.092963253793170601e-02 1.402645568557174104e-03 4.270653661854254685e-03 2.460823947049480074e-03
-1.228101197468887129e-01 -4.261495101988284073e-01 5.053427955262053406e-02 -2.737981322069613435e-02 -8.984915636192964197e-03 -4.905122285987749148e-04
-2.575716714083391840e-02 5.012516518022873679e-01 6.604512864390707505e-02 1.786440814918177980e-02 6.740054003037169138e-03 -1.745055770014852141e-03
2.220278809783699792e-01 -3.966706445986650231e-01 3.613620795744653530e-02 -1.131376714129820465e-02 -4.682422985587192041e-03 -6.091065396019162016e-04
-1.440414264317551929e+00 -1.926672035417503759e-01 -4.035700607197341590e-04 3.425818663815244705e-04 -8.495814407637969357e-03 -2.058817365035867965e-03
-4.994017446622679435e-01 -3.366061320079738461e-01 1.039379120894953420e-02 -2.503401288647499174e-04 1.374797410474831554e-02 -6.169997779164900116e-03
-4.852112240011245692e-02 -1.656764393025417781e-01 -1.683771297398896014e-02 -1.352680608182953333e-02 1.087977054368507480e-02 -2.088639357416639461e-03
-1.363909461868986206e+00 -8.321069783106078976e-02 -1.905915114151857798e-02 1.507984661875315033e-02 -5.161194603740387570e-03 9.004410534714405801e-04
5.837887730634720995e-01 -4.717851697361736402e-02 -3.322776104757064336e-02 -1.336097162040464879e-02 -4.086423274847302521e-03 1.096229151012609966e-03
-7.044831485723376252e-01 -9.714008966403833711e-02 -1.498865067540623534e-02 -7.751014959354853018e-03 2.742246189554184898e-04 -7.951029098797692170e-05
-4.497177657374751281e-01 4.920859505685930002e-01 8.294678127222665509e-02 3.016637111326303175e-02 5.933726956664044701e-04 -4.167437171736267966e-03
-6.765215844968819336e-01 -7.475050610841234289e-02 -2.125663543694257182e-02 9.082460567258900108e-03 -1.907733693261442001e-02 -5.273694951181676603e-03
-8.343632509458043245e-01 4.255952109608417827e-02 -2.504565893296564413e-02 1.427730984013451769e-02 -5.329115205057285108e-03 2.066178985635453574e-03
-6.074876986379110777e-01 -3.926574706866405202e-03 -3.844559637560165943e-02 1.190946079032435129e-02 8.787179196815592466e-03 1.924659070481680610e-03
1.717931939729140101e-01 -3.140309793942577810e-01 1.466067181860526182e-02 -8.591747529662395813e-03 -4.136334415213956291e-03 -4.650637475346473988e-03
-7.652339009520143787e-01 -1.568475675098255362e-01 -1.886241219963260066e-02 1.756258202292438134e-03 7.828523770613595931e-03 -3.641462379347004587e-03
-9.936268520337836474e-01 -1.658234756533539522e-01 -7.022168238405688710e-04 -1.067985517713172620e-02 -9.911652235560656013e-03 -9.422833603035274961e-04
1.518715996527998380e-01 2.990979531327668806e-01 -3.716088841306897615e-03 -1.442997648241188926e-03 -4.751482789053106831e-04 4.746921969727551163e-03
-2.166622498637801597e-01 -3.806076348729854342e-01 3.647034564533815915e-02 -2.524229642697536219e-02 -4.541521491900789818e-03 -2.103684628031080028e-03
-3.659334017454601296e-01 -1.588154949442016906e-01 -2.957400127011804158e-02 5.696091870215076562e-03 5.951493498988341679e-02 -3.095442793616217519e-02
5.467172816663414814e-01 -3.494490514845310369e-01 2.440222095398609375e-02 7.738914032628478861e-04 -1.410994145115282254e-02 -2.282208734699892917e-03
8.105300272565084396e-02 2.621619769896031404e-01 1.863567473640092773e-02 -1.471100256413625761e-02 -4.122621614353385797e-03 7.872441602043870690e-04
9.433214478087065258e-03 -1.477993474000959540e-01 -1.708800056070134896e-02 -1.299464838239683222e-02 8.805985403607484788e-03 -1.862046226628565537e-03
-7.879577398841716152e-01 -3.936192707550231762e-01 3.998347193325349491e-02 -2.890188733428559337e-02 -4.995365532839945652e-03 -1.283942769698469830e-03
-4.658628288578938736e-01 2.788862685212475379e-01 2.455054352660136362e-04 2.851161119996179980e-02 -6.596911773949177757e-03 -2.271037873448685830e-03
1.143617919779359449e+00 -6.788976442008091972e-02 -5.958426582086445711e-02 1.489144403042686089e-02 3.893125146945019188e-04 -1.790925656549977648e-03
-3.106828821865674217e-01 -1.481997525111043434e-01 -1.532901113800760537e-02 -1.751896160157550078e-02 5.961425556185596941e-03 1.499326979781237740e-03
5.178356768192815540e-01 -2.593492391419190968e-01 -6.109240323762271489e-03 6.886532195269775940e-03 1.081606365882128561e-04 -4.446209301071675848e-03
-6.474240083242511767e-01 -4.989868854195927406e-01 6.274580053238092148e-02 -2.056728928200190001e-02 -1.764364048937928616e-03 -2.468058000055511556e-03
5.753507347642079495e-01 4.179787426444095955e-01 4.017285494949502517e-02 -1.712152053172836738e-02 3.553543422625027141e-03 -1.045669706106860638e-03
1.584647425733754500e-01 2.693073901931092862e-01 -8.323802385944604337e-03 -1.793255044833652091e-03 1.932064095737316342e-03 3.445717968556072635e-03
6.039649167806405705e-01 -5.162808617131693645e-02 -4.502577912790924064e-02 -1.636695944223866273e-03 2.503071350284469775e-03 3.141512204274798795e-05
2.186147429061014447e-01 1.402295269842423198e-01 -3.109466312484483741e-02 -3.357248890357599890e-03 4.235450372671415407e-03 2.153983473980442941e-03
-8.213219185054662641e-02 -1.740834943813275304e-01 4.331078729716467297e-03 -3.136893779814420996e-02 -4.434437757383771425e-03 -4.622992664324452792e-04
-7.461986587229726409e-01 -4.364487117122438364e-02 1.059909405554445650e-03 -1.564391832643644703e-02 -1.345617845888378780e-02 4.699150025927816238e-04
-7.694538573780332902e-01 6.921529147533569959e-02 -1.493040112392450894e-02 8.706839202650596896e-03 1.073956095974526979e-03 7.814736956357862556e-04
-3.595267595468731869e-01 -1.476281401436385643e-01 -1.413692176258489995e-02 -6.719097691211619455e-03 2.707517233984650662e-03 -4.549084327387899890e-03
-6.696537858089263162e-01 -2.272609687959175895e-01 -9.854511676725033475e-03 -6.884996548553061263e-04 5.662601336807731624e-03 -2.850785482480796412e-03
-5.279173523030687987e-01 -1.573848883543612631e-01 -2.305883775193721258e-02 -3.036452310391556456e-03 1.318958971049513651e-02 -6.716385325070055139e-04
1.252180823048057168e-01 1.763265687363664291e-01 2.439737334544469366e-03 -2.074047858043006134e-02 2.465990636649638868e-04 2.263775399138173890e-03
-2.480085254460984712e-01 1.519325698579930550e-01 -6.141081725642887415e-03 -7.030597517934764930e-03 -1.858009102259395272e-03 3.118763458727731239e-03
7.739134901912252396e-01 1.016651803212657718e-01 -4.451419356069154926e-02 -1.070927783979176186e-02 -4.775346295070257699e-04 2.620569284223296484e-03
-6.274510427868139617e-01 -3.650222486305261527e-02 -1.448433426952866303e-02 -8.485314757407002228e-04 -1.813519130759791431e-02 -2.331510707340748653e-03
7.649852300150509210e-01 4.566915281867439669e-02 -4.576067162062891908e-02 -6.813932726540259353e-03 -1.633665439114271060e-03 1.315996739010064889e-04
-7.665440679632266052e-01 -1.204413734025923249e-01 2.300412865036420042e-03 -2.007542753810778735e-02 -4.889160531333329798e-03 -6.921852225779807867e-04
7.425003969379143642e-01 -1.130679387242364796e-02 -4.620117378326176610e-02 2.402710424485862489e-04 9.583636135413371466e-04 -1.422589857263542416e-03
-6.926823812273606995e-01 2.628393245843222217e-02 -2.591078185525622773e-02 4.166213816669353011e-03 4.550914961787964029e-03 4.275437782349651196e-03
-5.645358329621851246e-01 3.003902288924505393e-01 2.370925222501832699e-02 1.780519543535019275e-02 -8.418090749700185213e-03 4.474312304455782346e-04
-4.042664864650681866e-01 -3.145314994805587516e-01 1.538866334825583944e-02 -1.125955658950704603e-02 -2.420732864642831383e-03 -5.557717326418967589e-03
-4.340993201692668335e-01 -1.653381153575229634e-01 1.297802061026575964e-02 -3.740200529615893277e-02 -7.541172865556431716e-03 1.024739279602783189e-03
-3.129151212798342852e-01 -3.146362189891193650e-01 1.156115184201684208e-02 1.256507108906973740e-04 -1.742997012939297239e-03 -6.314120988063551439e-03
1.339708024664530150e-01 2.018975950993086577e-01 -2.265779161427889515e-02 -3.128635988461933668e-03 -1.339823651978384444e-03 4.248342569621611602e-03
-1.011367684629667751e+00 -1.778559107004862583e-01 -4.754478991266752191e-03 -2.901046519804364923e-03 -1.385267804888328305e-02 -2.029938683788289240e-03
-2.851120962644440038e-01 -7.519738387672961211e-02 -1.972685872140914759e-02 -1.528177350678399000e-02 7.686492265970972307e-03 1.661381212193104636e-03
-1.083302002371426126e-01 1.712320345867043847e-01 -2.598362896265703562e-02 2.502717814128647099e-03 1.931213110329654033e-03 5.117166687972999131e-03
-1.168745782206558198e-01 -2.772088080195808657e-01 1.917017725977335219e-02 -2.795961842488298502e-02 -1.158433347269181152e-02 -1.841180567784956408e-03
1.916194579673470011e-01 -1.809610852259287694e-01 -1.562540057827552231e-02 -3.099786807632290680e-03 -2.291603391431622921e-03 -3.824323896674271424e-03
6.617313130488943207e-01 -1.240336284046990589e-01 -3.064388669366702872e-02 -6.121651348637591758e-04 -3.260292520896678034e-04 -2.728439543855835838e-03
1.014947172585727753e+00 1.859715094493308643e-02 -5.278483200264355579e-02 -2.538344040107965230e-03 -3.622681850675589423e-03 7.351592860928534952e-04
-5.572114942808872318e-01 -4.275171586749338531e-02 -3.606808651947963212e-02 9.431662740070959755e-03 9.340650684245166424e-03 -1.196919571082437101e-04
5.963805589289199460e-01 9.280129590211703972e-02 -2.651959111165898275e-02 -2.262941593108772076e-02 1.544305757200050647e-03 2.892720435262651543e-03
-2.346959302269550351e-01 -2.738500544489872457e-01 1.110247170674827366e-02 -2.709289379462652414e-02 1.371490115201285959e-03 -1.988766335883135534e-04
2.085270311288475731e-01 -1.228431899318527809e-01 -2.506703833489640904e-02 -7.209045112454705133e-03 3.992771308758310579e-03 -2.111312798206691453e-03
-6.583880509556069294e-01 -4.711089730967302214e-02 -2.796251326442862617e-02 1.425829827363568093e-02 -8.647051633972958548e-03 -4.313912732390175891e-03
-2.616064096990262100e-01 1.915990873546514761e-01 -1.304435328405657325e-02 5.147797843030748471e-03 6.182396027680728094e-03 3.609794825251267433e-03
1.034894184993527144e+00 -3.003850051831870038e-01 -2.225852697486246663e-03 2.383077549898220127e-02 2.446606523477906896e-03 6.156019438630078860e-03
-3.924547804096339965e-01 3.636036341795697013e-01 1.223988213489277110e-02 3.615708058736958469e-02 -9.566357636066601458e-03 -2.900442208798120324e-03
2.849772626555150956e-01 4.778060273562291793e-01 3.587605490006984948e-02 9.788628946975488215e-03 -5.198047422521021336e-04 1.698214925223033632e-04
4.876552707412332155e-01 -5.036546767186746987e-01 5.736124703469375197e-02 1.218383604977732113e-02 3.886914484647876079e-03 -1.483915154465829272e-04
1.141709591380777100e+00 -2.269730680164140646e-01 -1.982304283525202632e-02 1.325050618523364830e-02 -7.390917792864821860e-03 -7.796378761837833129e-04
-9.880090868284620020e-01 -4.772416707508891215e-02 -2.886977212628782583e-02 2.159417486909684727e-02 2.726102841208344080e-03 -4.964012694914860316e-03
1.946892922171599427e-01 -5.141198816556070694e-01 6.506920194978650651e-02 -1.046285857582375002e-03 8.788129220452386373e-04 -5.497985734010247920e-04
-1.820921448898106809e-01 -5.531001433098414570e-03 -1.318507374693428207e-02 -2.011961692703962898e-02 2.660229147407529391e-03 2.217886943160816884e-03
2.233740107634481498e-01 3.755436797715347441e-01 3.670261842819937115e-02 -1.058419392506209158e-02 6.047261838439251143e-03 5.718607338596962001e-04
-3.039232991274659276e-02 -4.670391441424304180e-01 5.698413240221623238e-02 -1.350929147116521588e-02 -6.828473198667388798e-03 -1.168891738846235522e-03
1.830096615223819889e-01 4.938128323241897100e-02 -2.105519966887703029e-02 -1.307903928279365545e-02 -7.647211292668761734e-03 -8.800236192359968575e-04
-6.322275307831992652e-01 1.037477056799502141e-03 -4.641106149805820404e-03 -1.158373885476578387e-02 4.018281869863109777e-03 1.391281247068808409e-03
9.850499043477404237e-01 3.136014823789297079e-01 -4.487313933881852644e-03 -2.211767047168921099e-02 -4.764943561878602456e-03 -2.502519184740882889e-04
-3.369436485241059653e-01 1.813024408243695540e-01 -3.293752271460387987e-02 2.320203579802225177e-02 5.624277122438694175e-03 8.058119450513092632e-04
-6.997268940827541250e-01 1.644675822950759092e-01 2.784784994211992118e-02 -1.167709257311055904e-02 -1.712628093222834727e-03 4.211972714393894326e-03
1.088322447343259780e+00 4.019123539846414794e-01 3.511033902980619653e-02 -4.127526748292181802e-02 -1.823172503193825657e-03 3.717658222329977549e-04
1.151624708122374718e+00 -5.535761396043927807e-01 6.827262878628820308e-02 5.776337864154603569e-02 -1.715771488929292285e-03 8.957805190018934289e-04
-4.602132392311714670e-01 -1.039366539093326651e-02 -1.825876959264369215e-02 1.138877371642578809e-02 5.842919815970724906e-02 1.274604968641624390e-02
-3.001668473782153623e-01 1.214799743466302151e-01 -2.794474112979127012e-02 1.152055912455470649e-02 -2.921578481092420004e-03 -8.257582609087329908e-04
-9.938917098240536430e-02 -5.010089038842573395e-01 6.494198752344175485e-02 -1.539753513813477137e-02 -4.667893415382785675e-03 -1.212176860985750716e-03
-1.862627856407126081e-01 7.985300440705375702e-02 -3.432365766530849627e-02 6.179583467737805730e-03 -2.306154833989779943e-03 3.379781176466505142e-04
6.453297325341150747e-01 -2.490059351336083859e-01 -7.195989310932536086e-04 -2.076442958940714987e-03 -1.242434342830382038e-02 -3.672777830542913423e-03
1.315790684244057207e+00 2.393871326380917625e-03 -6.449005924520352651e-02 8.205589380045841263e-03 -5.219223396907150640e-03 5.030418615289213068e-04
-8.636168359538762829e-01 2.431543818482458930e-01 8.436349233847752899e-03 3.111129511889983157e-02 -2.210104874151247976e-03 1.044984542893203586e-03
-7.492781167338004311e-02 1.882570290834297000e-01 -4.862462832408146612e-02 2.736776934352528820e-02 4.865624789553095464e-03 -7.191090761826978480e-04
3.275432343808161728e-01 -2.823978084330005522e-01 6.728543458731647310e-03 -5.692284220463156123e-03 -6.825410692105062134e-03 -1.630602337384379642e-03
-2.844384375954127631e-01 -9.167972103200683343e-02 -2.925829683961972058e-02 5.057178859400293831e-03 -4.032039875656441737e-03 -3.015085767130080193e-03
-1.265268796864228884e+00 -5.465575820568141507e-03 -2.568624201640764063e-02 2.874828943348484850e-02 5.031621893164576163e-03 -9.109089410853979645e-04
-5.575876635200364140e-01 -4.168009590058979752e-01 3.900852461631790224e-02 -1.629556010912584438e-02 1.453337995054920697e-03 -2.939555250128277411e-03
2.525401551444586001e-01 -2.399949146159539581e-01 -1.072783985779793454e-02 5.476384076152717752e-03 5.165546467185854265e-03 -5.383517506797427798e-03
8.741238399429234196e-01 3.445102866439652030e-03 -4.696992047759142308e-02 1.532478769106352052e-03 2.007090568113476783e-04 -2.259128532063966240e-03
2.724793180879254706e-01 -1.026943579621967528e-01 -2.145850514869375794e-02 -7.956107255148133980e-03 -3.686555571076257677e-03 -3.239177161148204358e-03
-6.871714344086472526e-01 -2.669817110521099379e-01 1.597592438378781302e-02 -2.094422339299118266e-02 -1.166768524868463767e-02 -3.092618153649963082e-03
-4.749828114221694708e-01 -2.172522838989080496e-01 -8.102490730038979308e-03 -1.055106528195185953e-02 1.356489701968029843e-02 -2.363716746838647863e-03
3.794951958581485596e-01 1.432036470466845068e-01 -3.877938784787563625e-02 -4.094041751350869195e-03 6.614611539434320188e-04 2.593329069075545317e-03
-1.274031853102429723e-01 1.507782383560345718e-01 -1.955160704170055136e-02 3.706512302757352523e-03 -2.611495529618664598e-03 -6.458788185131124435e-04
-2.750765668030350289e-03 -1.109896205245929218e-01 -3.157857211712517681e-02 4.421539723261665340e-03 7.152944283459834220e-03 -5.486714325102690602e-03
6.080697055303750931e-01 6.264738463561950743e-01 1.357176883001607048e-01 -2.370722031020254528e-02 7.059058899432698458e-03 -8.035866502344793383e-03
1.203938471698823287e+00 -2.585247161141347380e-02 -5.965669985670239012e-02 8.722909277393038271e-03 -3.722436370783112954e-03 -2.887856469516495946e-04
-5.951935336819575983e-01 -2.958073996645723125e-01 7.064272996955276059e-03 -6.553698778094878621e-03 3.021681193300739150e-03 -5.590106370701654337e-03
2.231288545295110337e-01 -2.554530172380959918e-01 -3.215195526986624162e-03 -1.920471745364815686e-02 7.163788027629908704e-03 9.004985691705046558e-05
-3.519156893295332100e-01 7.887055613391957820e-02 -1.654771671835930658e-02 -3.020394692499338719e-03 1.822575998131169186e-03 1.532450276152520210e-03
-3.742341863320103879e-01 1.717771895889448966e-02 -3.701704641271496427e-02 1.094313007300736981e-02 -2.832254610198359050e-03 -3.933470298416316614e-04
-8.183720969005117141e-01 -8.411724825174723974e-02 -2.246102347402601992e-02 9.348590002363191612e-03 -6.967773237019712906e-03 -3.034849496554730113e-03
4.123351143847191203e-02 1.028002871879723501e-01 -2.254857889498947110e-02 -1.300962854636766169e-02 4.792869221729958345e-04 4.279358250933733461e-03
-4.935015694238767958e-01 1.726210129824609363e-01 -1.507848810818599415e-02 1.333713771847388173e-02 -5.194526714029419449e-03 2.474507970306166933e-03
-1.975240037771864576e-01 4.270095978332455466e-02 -1.687329531964371424e-02 -7.327052126769475690e-03 -8.588432968857430058e-03 -3.320919447697421646e-04
4.721385337011025363e-01 7.132950155894554611e-02 -1.735810575651444351e-02 -2.576473211483640974e-02 5.684086344543363110e-03 2.227714530291035472e-03
9.046688867448590132e-01 -1.731165037199997592e-01 -3.496490618304821246e-02 1.347834661728866332e-02 4.056174055179812173e-03 -2.827097878404764494e-03
-7.448583141784104189e-01 -1.305178205044021655e-01 -1.904187197821613498e-02 4.292905061732554687e-04 9.765445779994507552e-03 -3.315980750558930601e-03
5.092678129046155355e-01 3.213699703732054158e-01 -1.497764726533209198e-03 -1.056004687686429473e-02 -4.088051565775978682e-03 1.955219718846090953e-03
-4.669551933297345081e-01 -1.706960448670072350e-02 -2.599856839000838638e-02 6.040291435467011992e-03 -9.673921976183745206e-03 -2.277953349171061952e-03
-2.810219163819536181e-01 -6.466552739550679441e-02 -1.927889577838754961e-02 -4.496369206155042750e-03 -1.327518017378168623e-02 -2.926929585205007272e-03
5.216590800001941197e-01 2.165960911105767328e-01 -1.572801874515905585e-02 -1.160098931626469057e-02 -4.818886199681841898e-03 -4.906981008745701141e-04
-8.905677255092572797e-03 -4.353831783007087730e-01 4.174232670166026782e-02 8.626185131726296293e-03 8.737389603209163094e-03 6.521899526806455502e-03
2.219231255213808748e-02 -4.596954764078721167e-01 5.887979817334981075e-02 -2.320738359944564400e-02 -1.040499782901249844e-02 3.281263184554671108e-04
-5.438017259541984283e-02 3.520342017461738915e-02 -3.189065308559882461e-02 -1.356315011006603913e-03 -2.820894218025253673e-03 3.151183201357265497e-04
-2.734058048493682724e-01 2.998049406363855751e-01 6.007838523620980496e-03 1.637975111720423732e-02 -2.649556267857287092e-03 7.453422524896386467e-04
-3.169193855807367344e-02 2.410179813404756677e-01 -2.343679650132011669e-02 1.243244737562295733e-02 -1.059262082162825205e-03 1.887497230681989052e-03
5.738088388429166686e-01 2.653589245595711632e-01 -5.150548934758620787e-03 -1.969336583243268268e-02 -2.282227884033891183e-03 2.501299706521115281e-03
3.499222876144302830e-01 3.875976480828753901e-01 1.389245141688300218e-02 5.714708613734683501e-04 2.562619751801380077e-04 1.095949370146731550e-03
2.137125994207323687e-01 3.119195945223801059e-01 1.778224716187946572e-02 -1.077979787981846183e-02 2.926771789945282684e-03 3.890027611733663619e-04
2.885396041138151291e-01 1.235836885853878603e-01 -1.808681424940328589e-02 -1.964873255648550213e-02 -3.069186994110695895e-03 3.596087515711401950e-03
2.998452303856107837e-01 -3.704693968483018796e-01 2.224788247811504416e-02 -4.410695539134352680e-03 4.572198299517056530e-03 -3.907393945879067236e-03
4.864291041222558176e-01 -8.377532191391053040e-02 -3.683995972427553389e-02 -4.219536381277188934e-03 7.454132165049093782e-03 -1.178004289097574946e-03
-1.320426702475334113e-01 1.219695570377097998e-01 -1.288699997265772140e-02 -1.372447974179967847e-02 1.163467635593230885e-03 5.267212945755096916e-03
3.666803615956618634e-01 1.892036408060791541e-01 -2.518937096606481407e-02 -6.499207649549063742e-03 -2.207934635921991219e-03 1.997655837281906658e-03
-3.797446084916396292e-02 2.406367923583456192e-01 -9.426846089397976228e-04 -6.442030020802640058e-04 -1.061472545228212515e-02 2.271689873812008124e-04
-8.039292392710201129e-01 -1.303277576866517240e-01 -2.465954365853525662e-02 4.152003793366481482e-03 1.042286945856736591e-02 -1.917865833350706952e-03
5.217134775297245231e-01 3.793319556831100531e-02 -3.408178263783646217e-02 -1.386878880694622680e-02 3.361044493744034471e-03 6.398426675059700440e-04
6.191327539746360742e-01 2.327290749244435852e-01 8.707411517859361266e-03 -3.317728233409664163e-02 -4.435340100163107264e-03 1.241199647672535083e-03
-5.252513324804678474e-01 -1.866988923477930495e-01 -1.556859539474108114e-02 -2.458265343579791630e-03 1.212592073573639899e-02 -4.666745774947352737e-03
-1.923628191484481054e-01 -3.537942868164345445e-01 3.024628707556943977e-02 2.254041957710069266e-03 1.231600817705307341e-02 6.012747612018574245e-02
-2.968954671326727301e-01 -7.480133260957080518e-03 -3.824286688116464161e-02 1.678287300931904230e-02 -3.357599850727176812e-03 -6.066176872055083040e-03
-6.797450067698128651e-01 -2.594899791651897880e-01 1.230483126283081312e-02 -2.522481858644022579e-02 -9.568820744771843389e-04 -1.029483434617707149e-03
-1.050095937049850381e+00 7.682284622020148224e-02 -1.040096744014446135e-02 2.053384361971615640e-02 -1.916486879134388088e-02 -6.633269267689193092e-04
1.044924133681510270e+00 9.259364358403060491e-02 -4.712234764586747254e-02 -1.069089299521866487e-02 -2.340290501808360568e-03 1.669666835060265283e-03
6.897024438208849695e-01 1.650494852047349470e-01 -6.360617085197174669e-02 1.323454511066323412e-02 -9.773241279961793117e-04 1.169439854447223027e-03
2.330118329875482397e-01 2.568023981768639552e-01 9.920891038416304250e-03 -1.817997625284176882e-02 -3.742842378473829664e-03 2.252865470145587121e-03
7.425566331673835174e-01 4.443088497431783024e-01 4.625282677359589256e-02 -2.295493770212028023e-02 1.288648809978882237e-03 -2.451062540326488792e-03
7.900141955224686541e-01 -1.821806596327230632e-01 -3.000373418651200094e-02 8.849684802837756367e-03 5.341471562192026852e-03 -4.042855827625063680e-03
5.929320866888896507e-02 1.287545900924773057e-01 -2.078793325586235710e-02 -5.442692516340908240e-03 1.604065368014564574e-03 8.507896906717791162e-04
-2.256039137682041007e-01 2.878377207662246584e-01 1.541810282785914532e-02 5.661359986562687803e-03 2.585331105766008539e-03 1.119378883642956415e-03
1.107390640556968203e-01 -2.327931732938999243e-01 -2.780341231810735947e-03 -1.617504882619302808e-02 -4.489231433587957524e-04 -1.702380304022244311e-03
-4.672718995498734706e-01 -3.419526383859063379e-01 2.609989532051872757e-02 -2.138560147764011210e-02 -3.901798846245418950e-03 -3.037874788936935615e-03
-1.033173886956609167e+00 1.942172126306383750e-01 3.379232323057188708e-02 7.562764566354259962e-03 -4.925774662005892764e-03 3.544508061802826779e-03
3.598333866135551284e-01 2.180456940155174606e-02 -1.614963868336308228e-02 -2.361000710268886665e-02 -7.904984771983565930e-03 2.475031446463382540e-05
-1.630214397084431832e-01 -1.334259778694527332e-01 -3.615672300676923794e-03 -2.212851935844821483e-02 -1.149545258103722850e-02 -8.412922329745003633e-04
-5.298513359472705186e-01 3.521861265090812099e-01 3.355952063726284212e-02 2.514124598033804295e-02 -6.316415116739327977e-03 -1.591931838767078134e-03
-4.421095520176605009e-01 1.180461379311088660e-01 7.527858233087598820e-03 -1.695511294340434905e-02 2.613772634367496025e-04 4.529532232179040926e-03
-2.825479599925772439e-02 -3.197399244594186229e-01 2.195212760287466869e-02 -1.574270334594924520e-02 -1.136673434027501463e-02 -2.307935245692806486e-03
-1.004052630115178424e+00 -7.844750244321954669e-02 -2.529189403169983599e-02 1.389373656497559437e-02 7.418512684540932338e-04 -1.954135659006489643e-03
-1.148006571006523036e+00 2.119777544884671530e-02 -2.801783034088589988e-03 8.094633394494404541e-03 -1.811272694674967779e-02 1.223801430823537274e-03
