2.112781865293213546e+00 -2.723544290315582095e-01 3.310544646408815350e-02 1.002038723251300334e-01 -7.195098904631126550e-03 4.059167250605659298e-03
6.158671283924419537e-01 8.599563661068296283e-02 -2.298914938114964349e-02 -2.819462287933231434e-02 1.664149881611120825e-04 2.321193305925839823e-03
-7.998776732460982641e-02 -1.968411999383315458e-01 6.151773001057603794e-03 -2.736546923598331613e-02 -1.196016776955526224e-02 -1.315251764492266721e-03
-2.584368208523496468e-01 -3.273910239243399412e-01 1.412334698091901111e-02 -1.715181754583971693e-02 8.455001991136159439e-03 -2.999138527162241094e-03
-3.336286723247369190e-01 -1.967974952757722551e-01 8.856484128175929910e-04 -2.170594704418371546e-02 -4.503291940712588967e-03 -1.122101804456138337e-03
1.246973974219471204e+00 -3.398266723782480958e-01 4.245085046625793335e-02 3.279551899972773382e-02 -8.877157880225581763e-03 8.778560748594067516e-04
-4.848133104604339383e-02 3.716861339645143314e-01 2.366925270869654416e-02 8.521539381650497513e-03 1.733704897196796215e-03 -1.139371939115404499e-03
-8.137596156746118581e-02 7.112131204255513206e-02 -2.672263886694201465e-02 -5.006927701938593614e-03 4.927577031739132848e-03 1.546083235848600594e-03
1.914267173487881335e-01 5.343919073879270509e-02 -1.258473306184211722e-02 -1.720410569445069218e-02 -1.632281234239995119e-02 6.653764158433347767e-04
-1.000166680655932394e+00 1.905043641420810507e-01 2.488221871214095840e-02 2.744891675319199170e-02 -2.822527796284892646e-03 6.468385082891917721e-05
3.507293847176434221e-01 5.433504016382438850e-01 5.367938470511419979e-02 1.170390990748669622e-03 8.498362493196402908e-05 -3.156173756259100013e-03
7.559849291848978747e-02 3.355910242227069795e-01 5.723530109551707226e-03 6.214296183568418508e-03 -1.967318051996998305e-03 8.154607243289484393e-04
-1.789158294602977151e-01 -3.740948384209953903e-01 1.839857208373483002e-02 -4.308533919728923904e-03 1.842191581348192470e-02 -5.559467238066589240e-03
5.042711485257161952e-01 -3.560726435688339464e-01 2.874767438249368687e-02 -7.230514478906517042e-04 6.347241615059090458e-03 -3.193417189600395757e-03
-2.526515284298450625e-01 1.335598419980463525e-01 -1.847096988156253158e-02 1.175635486121470209e-02 3.724067604268319152e-03 -8.798627895589387373e-05
2.608059061789561039e-01 4.516512935622974956e-01 5.168263571354094615e-02 -1.490078830708645684e-02 8.555654950913942850e-04 -1.802136430575415572e-03
-5.399988580972608920e-02 5.235656618709898513e-01 1.079982880919689026e-01 -1.372681341144934251e-02 9.874075367453050145e-03 -5.337903534169700405e-03
9.719270594417411813e-02 -5.878661616899012732e-02 -1.162758759491241099e-02 -1.658686963726710775e-02 -1.125751335158060515e-02 -1.104071230868072795e-03
-1.910611527687685884e-01 6.509451041933768389e-02 -1.546961518765054520e-02 -1.016086182706032147e-02 4.514414759010770264e-04 2.292039933452956046e-03
-5.221418310194871903e-01 -2.327321463573414073e-01 4.667085201517622538e-03 -2.459981943492425827e-02 -4.103457353647937782e-03 -6.342337652345903182e-04
-8.142077920432272409e-02 1.487834212048223283e-02 -1.818740120527622198e-02 -1.304563949030655007e-02 7.719666729724337408e-03 -4.045486909811234102e-04
1.460372801019902633e+00 -2.797861008655079806e-01 2.575460582792427067e-02 4.063240121811693972e-02 -6.611934755859978641e-03 1.246609745628970544e-03
1.252360382153315799e+00 -2.423951649225172256e-01 1.258791140641705129e-02 2.835439061726894791e-02 -2.541103781436002563e-03 -7.419017867376625358e-04
6.626570779076201845e-01 2.598945106308604980e-01 -4.605701023148173721e-03 -2.736116590106572530e-02 -4.912526560802201944e-03 1.810020589322896764e-03
7.804161533820999641e-02 -8.381140265211441120e-02 -9.779443687612349514e-03 -1.721386167412649465e-02 -1.244112139437038474e-02 -1.055065723375116313e-03
-2.650694533307901835e-01 -4.688791940018962046e-01 6.380032707122451630e-02 1.669540547770126306e-03 1.082564922570279468e-02 6.891030425081601241e-02
-2.094101005951652661e-01 -7.695848561149579159e-02 -1.546505544901109058e-02 -8.869095144568420186e-03 -2.157050955366993615e-03 -7.000426066059741142e-04
-9.492528840659645306e-01 2.847124663502732453e-02 -6.676392194939954547e-03 1.612308711884455001e-02 -1.167583330989194548e-02 6.414510070692577446e-04
-9.116133550661369156e-02 -2.807230903123418275e-01 2.601172642543636906e-03 -9.049424370498415290e-03 1.181153683163768155e-02 -3.477336113455481263e-03
9.372722541076078384e-01 -6.209266282400566217e-02 -3.424829510410172528e-02 8.138647919113102189e-03 3.720291567964588691e-03 -1.417184312167104601e-03
3.280102084805335827e-01 -2.787654056274357917e-01 1.068058358809595952e-02 -8.932768779101261589e-03 6.254286018571705331e-03 -3.807781975393144825e-03
5.071774719143150589e-01 -2.951801982132328805e-01 1.438771958429592088e-02 5.071687459639821066e-03 9.680141246007452002e-03 -2.806779522559174015e-03
7.059770365611116316e-02 3.891017825244595385e-01 2.080028861381772246e-02 6.511378166326768288e-03 1.341539384924887420e-03 -2.220973633142123583e-04
-5.994412952750118873e-01 3.579034350698131160e-03 -1.939633551110038143e-02 1.241336693348385131e-02 -1.134226729165481147e-03 -1.613035487174913551e-03
-1.510443578772787399e-01 -2.444293185313162475e-01 -7.469523291270409315e-03 -4.441846075763782563e-03 1.633375474981454620e-02 -3.210635454487092803e-03
1.412137407866721588e-02 -2.303608851224553666e-01 -6.101339989880659107e-03 3.130428528854326637e-04 1.256862681825779947e-02 -3.690190098921855393e-03
7.082051897499058724e-01 2.101342852719896570e-01 -4.690118307453692431e-02 5.584872046163985235e-03 -2.217454387426583216e-03 1.464299875589833563e-03
1.815159007603777686e-01 -3.391412781323954739e-01 2.921577828979879735e-02 -1.294141362109388176e-02 -3.805262120068527831e-03 -2.092214962732691537e-03
9.863645004822726436e-01 1.087131819856170661e-01 -5.008526540072490846e-02 6.647496258610238393e-03 -6.218745599784002544e-05 -3.769576936302703298e-04
-4.007581263397265170e-01 3.855803472311785662e-01 6.353803529476097223e-02 5.453975421420701949e-03 1.102376388908300406e-02 -2.084441324188289306e-03
-1.973569470983893293e-01 -3.572638391287733528e-01 2.259396499254234456e-02 -1.805825576525280432e-02 4.809192322435713006e-03 -2.224964367296608774e-03
2.747127813475301883e-01 2.442256708485722114e-02 -3.766014629007684994e-02 6.004883737605498303e-03 3.403315991267377282e-03 -8.814427430128672376e-04
-1.052758474120433885e+00 1.296731699054390619e-01 9.175300264277119668e-04 3.339137207870394169e-02 -4.644750887979317254e-03 1.710641964835902086e-03
-1.637340960636494425e-01 -2.292784625891912398e-01 9.159126181784847014e-04 -2.170010618465362251e-02 2.969772727298278757e-03 -1.162843101859871876e-03
-3.321295433256947482e-02 6.704327294361245304e-02 -1.208499438510043933e-02 -1.416893767382299517e-02 -2.794948847701342505e-03 1.034691661604564446e-03
2.494230905080140615e-01 -1.862128177038657184e-01 -2.470629840202841557e-03 -7.462525158803848778e-03 -2.602651700498605399e-03 -2.484124672463840569e-03
-6.806044881629222387e-02 7.459686803093898422e-02 -1.090145475341023837e-02 -1.780676170406766956e-02 8.872333246749564833e-03 1.279097757751440894e-03
5.108097387916497867e-02 1.827479397898109370e-01 -3.854185228245883554e-02 2.028722510387324929e-02 3.903760871597091852e-03 4.575666128223419339e-04
-9.094792665524182862e-01 2.822043562373793280e-01 4.023916819969465541e-02 3.466957910598968129e-02 -1.058041684089879812e-03 -5.390683199066373908e-04
-9.941580813920853910e-01 7.709252355657585098e-02 -1.028872233795037616e-02 2.934973287582149509e-02 -3.113211023537736273e-03 1.006377189973071485e-03
-1.386492559655053136e-01 -1.428351508226483324e-01 -8.078011449767852695e-03 2.721796460882489792e-04 -7.574819174305741712e-03 7.369194169128511461e-03
1.066766630218853651e+00 -2.897678123666183048e-01 2.491385143998901472e-02 2.931097756811463367e-02 1.511728369170699162e-03 -1.570490480450494834e-03
-6.815603400182344840e-02 4.680017497804935256e-01 5.675677882439916083e-02 9.145314023257359454e-03 4.289688980506176953e-03 -2.370077871322137653e-03
1.235225234785551213e-01 2.352839061197986859e-01 2.637315360513546852e-03 -1.332045651283790717e-02 -6.201911632905178842e-03 1.600707494798350988e-03
-4.446294430976298062e-01 -1.408400162269821398e-01 -4.543678239297667398e-03 -2.396004349430947214e-02 -5.851534105303544345e-04 7.569397220171672838e-04
4.229881448938476174e-01 -2.982945880859220744e-01 2.127866053885935430e-02 -8.809399689697969618e-03 -4.256478905112205842e-03 -1.891141399852613956e-03
-1.386626115528343806e-01 1.514551673339251392e-01 -1.787441713095396303e-02 -1.988404517228076381e-03 5.458663892279511445e-03 2.868339664425290092e-03
3.429670066664378125e-01 2.289860945909481249e-01 -2.689878947607667395e-02 -1.688076407105066181e-03 1.162292446589812105e-03 2.323967634095775586e-03
2.509289914514228337e-01 -2.777366353802780963e-01 2.939456917981303832e-03 -9.848974826217951617e-03 1.345162389315036899e-02 -2.384652205525656949e-03
5.480239078075335168e-01 3.782345621988144613e-01 9.386602637905633664e-03 -1.597293813476684254e-02 9.726340523917937015e-04 1.132516112922806329e-04
-3.796204140859881782e-01 6.816033429662290977e-02 -3.501895247220435797e-02 2.238222743740504381e-02 9.084204852159299959e-03 -5.239948910994016900e-04
6.780744413527977077e-01 -3.226418424462956236e-01 1.855116006405025525e-02 7.051749714616899027e-03 1.180867021582985253e-02 -2.294075398388987184e-03
-2.663964438478363950e-01 -2.874655556466947925e-01 2.397424769553644763e-03 -1.071874665170356733e-02 1.334880126063015503e-02 -3.007040679381935144e-03
8.579760978110581027e-01 -2.409919534417467313e-01 1.493689221720193028e-02 2.959453193090195652e-03 -1.173728530237964744e-02 -1.624641753302249374e-03
3.950482007940826074e-02 3.645268179486265137e-01 -7.686328962500414523e-03 2.886588449599482645e-02 3.694818822697008062e-03 -1.495808938365450393e-03
3.021408549279339106e-01 2.175826521035735261e-01 -1.069507265744482592e-02 -1.608297451598357519e-02 1.530784623415736663e-03 1.650210734734320521e-03
5.949792647939193824e-01 -1.478784434742639875e-01 -1.767464013862931824e-02 2.654959796917917211e-03 8.875867801561628662e-03 -3.670738473750047651e-03
9.406394626269293235e-01 3.770387586931583934e-02 -4.028017548634627715e-02 -1.528483149614688879e-03 -1.669062124981980947e-03 1.090894175023022464e-04
9.296321792785768867e-01 -2.056324825370037801e-01 -4.607295540681759748e-03 7.104311261733784258e-03 4.124606462261516671e-03 -2.289320818841089188e-03
-9.188916688550978762e-01 -2.128673870127387180e-01 -1.003237257056119672e-02 2.369763482127804684e-03 1.265770166889191965e-03 -1.693600952066569645e-03
-2.270532219718117972e-01 2.602589380427881571e-01 8.800990429328360912e-03 1.597536465704540781e-03 4.968961414726740834e-03 2.129345572503653361e-03
-1.642224260141271486e-01 1.714605004157791213e-01 6.631947443539969525e-03 -1.588689044720368801e-02 -1.840222091800414357e-03 1.568408547343618431e-03
-6.934433147220133709e-01 9.619097115189802205e-02 8.505908240486040111e-04 3.871367636169114907e-03 -3.486205787141739409e-03 2.355958323312000013e-03
-4.324830895875542702e-01 3.948471774591305050e-01 5.477443201583012677e-02 2.013317606611928628e-02 2.832052457986721297e-03 -2.571457331884623165e-03
-4.394126724873591017e-01 2.833834732167063164e-01 1.935067283487418646e-02 1.201756748173849268e-02 -1.388180805538813314e-03 2.247146572133649264e-03
6.351058673563929335e-02 2.581851418914012375e-01 -1.914497657955610554e-02 1.105949384625922252e-02 2.938329890727249820e-04 1.960072500280180766e-03
-3.258760823909819249e-01 -1.408215333413192494e-01 -1.674035813154175351e-02 -1.195288995790863562e-02 1.120767575349716251e-02 -7.359107965704752641e-04
-4.524101986619277205e-01 3.290581124830871951e-01 6.159094356816251226e-02 -8.187934340289373947e-03 4.750659785200137507e-03 1.908034405575544633e-04
1.975240858034894575e-01 1.848631770783079331e-01 7.076717635674528587e-04 -2.873092953902134025e-02 4.074208863494158724e-04 3.064009755387831196e-03
-2.098480272072877628e-01 2.176985545291036106e-01 -1.397907097430092609e-02 1.177681329001481134e-02 5.850357724740529565e-04 2.700211485646368710e-03
-8.705167114767824454e-01 8.238417502495792855e-02 -1.914925745230150814e-02 3.691649759493001448e-02 -4.713862857534520043e-03 -2.931992574111579909e-04
1.340582934101152909e-02 9.572676722351398937e-02 -2.136948750386393966e-02 -9.184128227041741047e-03 7.080318503652249622e-03 1.436206890656340114e-03
-6.937471994037094358e-01 4.630734938781149723e-01 9.939789282872635301e-02 3.159725836256751380e-02 2.458779324633586852e-03 -6.124876959281611195e-03
6.891369579072517682e-02 4.379328492547902019e-01 1.764804281011313203e-02 2.306811086241500677e-02 3.524999098712921098e-03 -1.304526256613057272e-03
-7.112592585397029543e-01 -1.616973577759738554e-03 -1.625875187237979524e-02 1.517076470879721688e-02 -1.784697332028256297e-02 -2.598168493727712886e-04
1.723499736605708585e-02 -8.624532759380547017e-03 -3.149356857656514241e-02 7.392832597589838947e-03 2.456816809013911973e-03 -1.578002291159354012e-03
-3.518309458618729679e-01 -3.241011741748331954e-01 1.857611663685145020e-02 -1.453713555341095733e-02 -5.889915055548659330e-03 -3.721196196369330484e-03
-6.607766728671754519e-02 3.129297471652407459e-01 7.412969123785290333e-03 1.198032253909526480e-02 -6.288694427644826723e-03 -1.805447287727574306e-04
-1.342821128129964292e-01 1.088061626210219401e-01 -1.608553454505388816e-03 -2.094372894150655848e-02 4.559349360778877994e-03 1.586020950494471159e-03
-4.506511522792835955e-01 -3.354871683232756863e-01 3.186251067561685774e-02 -5.510568107105201854e-03 1.645779697469640845e-03 5.364093727536453637e-02
4.037812100436800056e-01 8.035800079139848728e-02 -2.440455092536366472e-02 -1.971859765890445620e-02 9.935712002086313083e-04 1.246928430730244886e-03
1.122909953441441067e+00 1.736499390544938570e-01 -4.588843286243660807e-02 -4.390428269004711774e-03 -4.796427165926517994e-03 1.209766716562173453e-03
9.343930085528011631e-01 2.414107905075544569e-01 -3.106600198585188211e-02 -1.550663820679610595e-02 -7.059303236193747999e-03 2.715252948175780542e-03
-1.223506695730083305e-01 -8.251204397535429058e-02 -3.129662098361512407e-02 7.147372644556560829e-03 1.298009110740931844e-02 -2.481038411813816635e-03
-3.023468322773458783e-01 3.793283767282867869e-02 -2.040137656027315657e-02 2.390128367945710403e-03 -7.363280892258985272e-03 9.064749259815686527e-04
-1.657051649794244463e-01 3.502987978673641201e-01 3.376528109218798063e-02 -1.370883391588270748e-03 5.356952601392180741e-03 1.087461973975271598e-03
-3.577772151949885071e-01 8.746488826265556848e-02 -5.451582913585650662e-03 -1.069767165440884023e-02 2.368994433106680862e-03 1.919947467298110336e-03
2.050986217068865525e+00 -2.202995276167312444e-01 1.441878994303779152e-02 8.498384286572477353e-02 -7.540538660436879072e-03 1.580392036253296930e-03
6.308979793086360033e-01 -1.016817690621344729e-02 -3.414822712068257826e-02 5.720106776721245456e-03 2.092891603337674895e-03 -1.905581566836134179e-03
1.268204176321039711e-01 -4.097862760129820647e-01 3.841833109543279362e-02 -1.353358068121135287e-02 4.482363611542847237e-03 -2.759465299533340847e-03
-5.179459848071714667e-01 2.745986936415448568e-02 -2.812863920939871407e-02 1.453503458039862375e-02 4.711277443486063671e-03 7.427189661730273932e-04
8.367130909558312402e-01 3.095438749808681056e-01 -1.100872593358684023e-02 -2.218348046569930052e-02 -3.595156170993151455e-03 1.623562633007864277e-03
1.440579368942631056e-01 1.787002347674192596e-02 -1.747767036285982623e-02 -1.729495283165975728e-02 5.002101289452309460e-03 1.064080767740598082e-04
4.148908642733046825e-01 -2.557268605911796056e-01 1.406376743494160142e-02 -4.703791766298178259e-03 -7.323986841587430165e-03 -2.400699289690476530e-03
4.343019671649570729e-02 1.505867096089968382e-01 -1.054282599014047007e-02 -8.249130323715814922e-03 -7.686985623217598533e-03 1.227593661912480252e-03
-2.000648123922650345e-01 -1.410755597918411930e-01 -1.998649775581867391e-02 1.137489615493244254e-02 3.323948770230224833e-03 -3.862931479101503699e-03
-4.718571754044683098e-01 3.508475982512836433e-01 4.189237783380118235e-02 1.590960801188796500e-02 -1.018861760025993775e-03 2.839974003031250915e-04
5.143602880113851139e-01 -7.290527486309873739e-02 -2.333032937238991786e-02 -5.897865380003158679e-03 4.064911955436379364e-03 -1.653891448881759669e-03
2.997979328697610302e-01 1.435878867215765152e-02 -3.929790653907263426e-02 2.565457600651505684e-03 7.757972369143015766e-03 -8.393577980620907982e-04
-4.387682326119862197e-01 8.439066600737939183e-02 -2.743695065761766333e-02 2.644936256670687991e-02 -3.780867833145911024e-03 -1.110038366509612196e-03
-3.559183670645138520e-01 -1.655637646425922593e-01 -4.204146974896287581e-03 -1.433149156570094097e-02 -8.738345525542293504e-03 -1.016122829778353612e-03
-1.441998418945168170e-01 8.254461363847202804e-02 -4.375534472682056190e-03 -1.970143048847800699e-02 -4.583883512458053824e-03 2.281458534769421551e-03
6.474333898372265361e-01 3.034377150240946674e-01 -2.363050078552729819e-02 -6.702766948491532470e-03 -3.943606524468595831e-03 2.760633139959558016e-03
-5.590169527314635678e-01 -9.461441102946627213e-02 -1.009776984608775491e-02 -1.979896573065831420e-03 -1.347745832569810509e-02 -1.134337082688082528e-03
5.692593078631016379e-01 1.545852528166341278e-01 -1.157699617946842882e-02 -3.424973459821668148e-02 2.463476127452960546e-03 2.489463012935540145e-03
5.692439390550777523e-01 5.841287739286241676e-01 5.550956556975081280e-02 -1.169869585997774858e-03 4.095870420425529179e-03 -5.288977848044061451e-03
6.714908114462017630e-02 3.893148893102609809e-01 1.761762637347342314e-02 1.196898636723803602e-02 1.947421923476628895e-03 -1.722425303714596526e-03
6.234409013327721905e-01 3.630452021403717811e-01 1.630623695571278842e-02 -2.839721240137864366e-02 -7.433798472702819737e-03 7.118789561234552471e-04
6.195566569283581515e-01 -4.095324245164981281e-01 5.333925390612268697e-02 -2.190726878406415792e-03 -6.117460458794382605e-03 1.142351215107803125e-04
2.912458822769541933e-01 4.537201437686198546e-01 1.835358364943148746e-02 1.042282351723439887e-02 -3.479183140989163220e-04 -1.379710831341612442e-03
6.109336643785777676e-01 1.014744511906094104e-01 -2.177768881896493050e-02 -2.926319014374964209e-02 -2.387846540678598140e-03 3.010451897183811110e-03
-6.623623228976137367e-02 -3.304098909298612829e-01 2.741673501833439761e-02 -1.172280663092215534e-02 -7.341677082979630557e-03 4.409163902441684546e-03
-2.418469312027057561e-01 5.759315970550197422e-02 -1.652227769960847720e-02 -2.992337005403084525e-03 5.448344703255269920e-03 3.614084117586744316e-04
1.002655214591768595e-01 -4.075293868810372921e-01 3.932381421816569245e-02 -1.543224192873289546e-02 2.319600559418743321e-03 -2.369300222583152395e-03
-1.218815654753719890e+00 -1.443490775053307695e-01 -1.436676213445417342e-02 1.795574107840044661e-02 -9.200829514770752712e-03 -7.678646575882781475e-04
1.002080283086706158e+00 3.377364734894398590e-01 -2.438206695908795227e-02 -1.396956260846363498e-02 -8.204644121419085376e-03 2.605798702808579444e-03
1.195945010100440825e-01 7.283646252201367299e-02 -3.026102123422942658e-02 3.939785291549544391e-03 -2.130416646783307895e-03 -2.271745168406899193e-04
-2.296528435755438788e-02 1.362994840965530974e-01 -1.140083248650068139e-02 -1.555643459138631585e-02 3.965247806825980027e-03 2.967637871216030707e-03
1.242046430199541973e+00 -8.851806313626695011e-02 -2.981044839710276367e-02 2.032009624211134069e-02 2.775749765339410868e-03 -2.619287223690178884e-03
-1.016111770138104636e-01 6.628987803626371078e-02 -2.344768877088645662e-02 -8.761872130002068331e-04 -3.261076546252770678e-04 8.473099679789306005e-04
2.819416997869348962e-01 2.004947221598168683e-01 -8.032607640941588634e-03 -1.691091063315060608e-02 4.673550211148521684e-03 1.150962390076544582e-03
-5.811185229420421372e-01 -3.953882947083113032e-03 -9.167549274152640357e-03 -6.363935562604200458e-03 -4.111540694363565243e-03 1.754647568126041241e-03
-3.179018412297937024e-01 -1.702400176206295968e-01 -8.809937180032787613e-03 -9.977373164858836102e-03 -2.441869346628925373e-03 -9.378961203761344281e-04
1.959270476317029053e-01 -2.134190530005927733e-01 -7.095940477539744093e-04 -1.457687265502949879e-02 -1.777864960386891634e-04 -1.835636434598329194e-03
7.256633419907372318e-01 2.606954334678433516e-01 -3.369985838565174585e-02 -1.615532567668791350e-03 -3.108898586138016291e-03 1.507908334735912678e-03
-1.418167206653565104e+00 -5.353122068704694453e-02 -1.114194314277848312e-02 3.206269341718503973e-02 -2.333356800003721660e-03 5.212040582320554818e-05
-1.548453804092281505e+00 -2.309997078016320649e-01 -6.637281024848318799e-03 1.739722055546675042e-02 -1.452552254165234355e-02 -2.193632546344646220e-03
1.057422804123923976e+00 -1.544426314723170990e-01 -8.911813116636531362e-03 1.201917492980009508e-02 -4.088832835480445821e-03 -1.937377072355643938e-03
6.609840031340075139e-01 1.325271491781322697e-01 -4.061612130625721212e-02 -1.709947494529318827e-03 -1.040514032199757379e-03 8.586216000428058661e-04
1.778744339051821777e-01 3.059473471593295857e-01 1.540288720576779742e-02 -1.587362303288973597e-02 2.825871888137619203e-03 1.187805932451655930e-03
1.090484865408976045e+00 -2.951263937408792892e-01 1.627938687852761510e-02 2.458186094964227852e-02 7.938958791595028541e-03 -2.143569477039651821e-03
1.280924583195957034e-01 4.385361317746428456e-01 5.413246473199323505e-02 -1.554883671437245173e-02 2.735556504225421497e-03 -6.161352277882558908e-04
-5.306390210500204763e-01 2.178062023823157112e-01 1.550860423738395152e-02 7.505107406738103712e-03 5.095276465444494723e-03 8.106534265450063932e-04
2.003402289659511615e-01 -1.508382886439761372e-01 -1.516938937809554806e-02 -4.471293260164915968e-03 7.183304231837576645e-03 -2.446959989829560183e-03
-7.273778593045476804e-01 1.563449918412627704e-01 -8.635464167512868841e-03 3.480902264943924046e-02 -9.464154957951284933e-03 -3.838627082777334521e-04
5.774156906293053115e-01 -3.185427423017223036e-01 2.915496445315636162e-02 -2.190208217963438009e-03 -6.558700267933471190e-03 -1.329692063715794299e-03
-5.146886432097704800e-01 1.103540583762690069e-01 -1.716289605491697328e-03 -4.603287294484986053e-03 2.543291871184016461e-03 3.395164864512128979e-03
3.590563879235169065e-01 3.833726434338957656e-01 3.483901874232389617e-02 -2.751774485987258309e-02 2.088322469134496536e-03 7.136015146580420004e-04
-4.017812841000608648e-01 2.311175737504349292e-01 -7.225445508520679169e-03 2.120815288435522541e-02 7.498551251655491585e-03 1.413009070285317290e-03
-1.383920451452114175e+00 -1.651568459487267049e-01 -1.360533172461393311e-02 2.733469789537125438e-02 -1.461233913128398738e-02 -3.110125345638438486e-03
-8.670914582179873875e-01 2.738961707267408285e-01 2.590817569540105475e-02 3.985491886790887284e-02 -2.097473198587609337e-03 -6.039007572291042779e-04
1.372228710837992027e+00 -3.019092299597638251e-01 2.803360931459861899e-02 4.782552338946577386e-02 5.817437223202962145e-03 -1.815055190593443252e-03
1.380244252269967331e-01 1.998145608883450386e-01 -1.851181444299307421e-02 1.902251512706190206e-03 -1.345748331245150576e-03 7.494836871366225648e-04
-1.529351752641715245e-01 -2.525135704355963573e-01 7.585154353615632637e-03 -2.140353554602151404e-02 8.984216272971303060e-04 -2.153031709485552902e-03
-5.117952830818700560e-01 -1.111152337316848870e-01 -2.097372771208851419e-02 -3.061945926577630105e-03 7.881296120976315212e-03 9.515290640293346263e-05
-8.452174021955319860e-01 -1.935684821219069429e-01 -4.516736220666956424e-03 -1.535955436474607848e-03 -1.225162031971693821e-02 -1.986440885994242723e-03
-1.252490700806921653e-01 4.857637403782105040e-02 -2.882113138131722156e-03 -2.794588329963365245e-02 -9.785885262147083798e-04 2.604242721556361637e-03
1.377166723787769609e+00 -2.604000393965633098e-01 2.370795712946828157e-02 2.924050578031577724e-02 -1.223151226271568769e-02 4.593393652014680939e-04
7.767232583031123960e-01 -1.606480818567366242e-01 -1.197830657505071124e-02 7.137620586796158441e-03 2.579486377588787252e-03 -2.658005030021848465e-03
-9.034618665328048026e-01 1.467705880636775533e-02 -1.157924509738635262e-02 1.689672106229996029e-02 -8.375033260654073455e-03 9.147800013642589864e-04
1.560994670432778175e-01 4.620842192682522720e-03 -2.628594848088047775e-02 -9.885510011306785499e-03 -2.802976320395759394e-03 1.454200537351004732e-03
1.512664804045027456e-01 2.448120441080569865e-01 -2.848307153054255303e-02 1.662804371509415263e-02 -5.452281652146024477e-04 7.715395572801121531e-04
-1.114049421802873807e+00 -2.049369938169975647e-01 -8.455301819232050389e-03 2.853134001929161917e-03 1.441402268280096753e-03 -2.023078167473027836e-03
-5.712099255270113307e-01 2.949394741981822277e-01 4.844462695357515392e-02 1.571615588971944947e-03 3.317615165958406626e-03 9.075923858210033267e-04
7.838281362537308228e-01 1.832354747759309677e-01 -2.784800295923506655e-02 -2.092475255325449215e-02 -3.280193275634974738e-03 2.623075990821387496e-03
3.780053282024100625e-01 3.535858778140232306e-01 8.043755832717007850e-03 -8.177180830731817576e-03 3.435677858105401234e-03 7.371437052192276052e-05
-4.543117363412733645e-01 2.029811710339610512e-02 -1.361817343113322712e-02 4.928673259895616048e-03 -1.400804819261889864e-02 -4.640362954021254229e-04
9.517229517756484181e-02 -3.407556578324608121e-01 2.651422324031495192e-02 -4.266096283795655850e-03 7.837100799582273928e-04 -2.905153126091940437e-03
-9.767298957078787702e-02 -1.357619112241365555e-01 -8.640407255724300364e-03 -8.728213782871833623e-03 -1.081642044069291812e-02 -2.478567814593104438e-03
6.310121528540905134e-01 -1.714832260639239381e-01 -1.170170688347534592e-02 -1.166686771230953344e-03 8.764835073073466015e-03 -2.509759397191444960e-03
-8.582509347193947313e-01 -2.373155916531296747e-02 -2.698878422491202481e-02 2.184282706777605429e-02 1.188979322430418727e-02 2.779488773379065435e-05
-9.313925430406908568e-01 -3.523555146168643737e-01 1.620986240635991643e-02 -1.199652024565678494e-02 -7.820225855978871210e-03 -2.995715781067008303e-03
-1.018323826131666276e+00 9.393635562557645091e-02 -9.792504281906869862e-04 2.389061980744050170e-02 -2.701774847180688117e-03 1.905360241005442422e-03
7.740779259146940428e-01 -4.188515970405033428e-01 5.645081027033154591e-02 9.806375125005862420e-03 -5.394608529845691149e-03 9.821439561294933334e-05
-5.831495134728785501e-02 1.374426417135131140e-01 -1.404608325645254410e-02 8.825434327530079720e-04 -1.225338147502009166e-02 4.973526831685696255e-04
5.869685656957832620e-01 -1.860966401253661973e-01 -1.108970736216627687e-02 -2.373914021912415864e-03 8.060981679528506430e-03 -1.961242460869417042e-03
-3.721023717891549509e-01 3.994064613458381263e-02 -3.194381852760138502e-02 1.193237992859272345e-02 6.002643496588420773e-03 1.098837576759595239e-03
-2.570981982062642834e-01 1.279436844091129954e-01 -1.477428846421799391e-02 1.494488886071968382e-03 9.161075141228540875e-04 1.202684940920140718e-03
4.752554834794547323e-01 5.236575876106990268e-01 3.824285288839849445e-02 9.363247676451810254e-04 3.899570513211892461e-03 -2.719259390522756406e-03
-6.596077705034100180e-01 1.346335783071220538e-01 -1.400678080432018330e-02 2.605900426288145985e-02 6.373544208325809812e-03 -2.004180532222528898e-04
3.881049253538803034e-01 3.776384509266540457e-01 2.187900682960652182e-02 -1.684226309432561991e-02 1.223454111586864219e-03 -5.406637429221829031e-04
1.593997694058147729e+00 -3.647614617557854433e-01 4.927577307428351872e-02 6.561314163197892735e-02 -3.056822640870931682e-03 2.444757495320251054e-03
-6.370110319111725872e-01 3.674235106469950218e-01 6.722444695679354043e-02 1.649769843337489314e-02 7.927772041333450365e-04 -1.944763674070472143e-03
5.424641103193357239e-01 7.493924819909414392e-01 1.555893467313316791e-01 -2.162167686500659006e-02 8.282016899814562821e-03 -1.330347218291664906e-02
-5.003101871370626563e-01 6.069300726213867903e-02 -3.005940755476008489e-02 1.538781052229804859e-02 9.052768024753623730e-03 8.619246290313384339e-04
-6.417056703682690877e-01 3.447903783613772699e-01 5.860054629108600588e-02 1.594701531337283651e-02 8.441350333381170135e-03 -9.190206040888044712e-04
4.429075177605222291e-01 2.079925311505572971e-01 -1.219704196556346820e-02 -1.671095525203387597e-02 -9.406840354757597944e-03 1.755502833465537619e-03
6.595569897255286473e-02 -3.842077351928638862e-01 3.681601961355071562e-02 -5.712949637214415066e-03 1.125520452383300821e-03 -2.612322357740211841e-03
-9.564924175356063207e-01 1.591911620150432138e-01 3.599539787280439315e-03 3.213223897409352853e-02 5.638049987631733352e-03 8.843440499787168186e-04
-7.081260832237395997e-01 -3.246460585710277957e-01 3.155903434638168605e-03 -5.029387994111355481e-03 1.317331062215767838e-02 -4.548446485068772735e-03
-4.597832967655877123e-01 -1.560140265658998548e-01 -7.375653428003516553e-03 -1.278073899326318506e-02 -5.414088004899043471e-04 -1.863989133087925586e-03
-1.165261191205449604e-01 2.807411397835085642e-01 9.969026906636821797e-03 -3.556049228144935164e-03 3.219355086490147642e-03 2.325883967322390101e-03
-3.293689247319152580e-01 -3.118637381539612896e-01 7.849311475401654983e-03 -2.917428646584563790e-03 1.118322808070987447e-02 -4.181830703331909302e-03
-3.386266745716221688e-02 -4.312236495137473646e-01 4.787885502998641407e-02 -2.514612384000002032e-02 -4.888474237952657869e-03 -1.369505683300787941e-03
-3.297656480528363826e-02 6.787561892062320135e-02 -3.268781562781555849e-02 4.812407706392750166e-03 5.520963203667863433e-04 4.664428302471138607e-04
-2.235774931137564092e-01 -1.923998404209594781e-01 -1.188539296089368070e-04 -1.668431698298092347e-02 -7.760507230645845994e-03 -2.474375027789436996e-03
-1.471554107408035716e-01 -5.616800984150119302e-02 -2.875997370066222733e-02 -2.785049391990295636e-03 1.072469037317822990e-02 -1.409759633112862278e-03
4.600797620481693606e-01 2.549113107252049537e-01 -3.141657332051188412e-02 2.617188154671835996e-03 -4.049428891852158412e-04 1.936619167095636257e-03
3.066716455938214292e-01 2.452321599678582709e-01 -2.070335494672703378e-02 -9.328423423758544714e-04 2.239988702308895550e-03 1.510583156247470495e-03
4.473188748053086861e-01 1.004708023004819151e-01 -2.711896741735123767e-02 -1.469298317691100468e-02 3.964772056186051559e-03 2.298093983029180810e-04
-6.019263961384659911e-01 6.476144464197973460e-02 -2.019518401305447908e-02 2.096747258212193488e-02 3.864247738276286692e-04 -4.177732485263647706e-04
1.252132789242785371e+00 -2.634340493388989679e-01 2.119054850053877365e-02 2.879093137132987534e-02 -7.045854903256436493e-03 -9.998798868622862587e-04
-1.688658905206628091e-01 2.724628047223291993e-01 1.933948996284682101e-02 -6.996802198047735212e-03 -3.985473888916213868e-03 1.928539637694095827e-03
7.382894272641865596e-01 -3.791844593245271566e-01 3.914580319494585792e-02 1.863452228232123642e-02 9.698472125049015929e-03 -3.150364469028255586e-03
7.575502833659353286e-01 -1.322276702624758660e-01 -1.040463635994456730e-02 -4.367882085159149712e-03 -6.567053652849359421e-03 -1.007521801637615167e-03
-7.508965228879824760e-01 1.235126170185177757e-01 -1.625525795324596345e-02 3.455309201754867138e-02 -6.062037705471945773e-03 -8.403840264712406820e-04
-9.236098000917269957e-01 -2.713799857309750780e-03 6.070452308075957593e-04 8.881916426850405019e-05 -2.433476633801738911e-03 1.215943922833284761e-03
5.410266160619531250e-01 2.154910822008325733e-01 -3.542522337029513357e-02 1.871702041450424084e-03 -2.756005177795653373e-03 6.975272489450152959e-04
-9.143729119665992000e-01 -3.587875506511876700e-01 1.141581666339438507e-02 -5.797187800138106466e-03 4.245265604377886082e-03 -3.910244572387545567e-03
-1.109909740330367045e+00 4.073058314263635488e-02 7.720140337160273994e-03 1.306438068090842904e-02 -4.058888337297736695e-03 1.785029286975715369e-03
-2.016677002662300433e-01 -3.520736495191236215e-01 3.215228236479000801e-02 -2.723971838271283669e-02 -1.427220186231492084e-02 -2.754156867107693599e-03
2.235140329082168850e-02 1.517908539166042646e-02 -2.101250546618603152e-02 -1.848250193374479863e-02 1.151978333414447426e-03 2.639282583767217031e-03
-9.118749190055613907e-01 -2.212612783556378582e-01 7.982183091600181767e-04 -1.676843068192485423e-02 -2.556484762992926579e-03 -5.673398727792893891e-05
6.989612115464802211e-02 -5.545738301674803250e-02 -1.641678688722092438e-02 -7.804885535968626373e-03 -1.152953483156942370e-02 -9.124286650888508137e-04
-9.295775558052746801e-01 -4.718046186542118603e-02 -1.095005999786486002e-02 8.976035755614963224e-03 2.179516050597029003e-03 -9.096605469636700634e-04
-8.923254227967079011e-01 -1.374288471608749729e-01 -1.697088157326390179e-02 9.516025941190938559e-03 8.221269483041141607e-03 -1.777352551827244978e-03
7.707702953476716079e-01 -2.701854504559308423e-01 3.254570917582736388e-03 9.108928540841536997e-03 1.332775473113458932e-02 -3.273754265600064325e-03
3.228791373655111041e-01 -3.856422969294570069e-01 3.421065545270492864e-02 7.878285566772388199e-03 1.332323451864462702e-02 -4.836505160762926900e-03
1.770633965490749473e+00 -2.513307668367074643e-01 2.647694842972548104e-02 5.722906212827514466e-02 -1.538760482819657993e-02 2.040527122336884425e-03
1.029427933886763791e+00 1.874985384101813812e-01 -4.206175267560692543e-02 -9.371003091285277226e-03 -4.010901939625078141e-03 1.069198079420556440e-03
-3.063611147307525595e-01 2.573527724050611587e-01 5.128118928788977238e-04 1.993280177828991861e-02 3.078928310549247215e-03 -1.390574450833631439e-04
9.683263299007364155e-01 1.759688224935906375e-01 -4.026938519143531681e-02 -5.223489528311042913e-03 -2.685898648231846170e-03 6.739090245484216602e-04
4.779831075915728089e-01 3.671989651384127695e-01 4.235742612841310317e-02 -4.577566840186496344e-02 -9.099538673782977876e-04 1.359623700444213389e-03
-2.663936218603617512e-01 4.089490710417306163e-01 4.498076213296909459e-02 1.665119289919610862e-02 -2.261755725194359266e-03 -1.290418320621046630e-03
-5.701042148887781602e-01 -3.639773797059670524e-01 2.120637754856354376e-02 -1.607455508656840948e-02 -1.407762506132649799e-03 -4.277523040802058002e-03
-4.903601846987349494e-02 1.126366397265259750e-01 -3.066168852539265938e-02 3.137159680060250776e-03 3.756007084669636762e-03 2.237831234012497336e-03
-3.656329535200921743e-01 -2.003328821981323338e-01 -1.178104828915249244e-02 -5.879095546630947952e-03 1.268303728432548967e-02 -2.550807357006224917e-03
2.368974243838166682e-01 -1.960308895891989256e-01 -8.063524037567474170e-03 -8.407404140889605804e-03 8.289761840976869398e-03 -2.348567603975506516e-03
-7.338907883884741856e-02 -4.805751004583977970e-01 5.469592586690727454e-02 -1.632657566980554118e-03 5.612499519504742136e-03 -3.593163872950018174e-03
-8.458500072949498572e-02 2.604570025109402831e-01 -1.528626968397074279e-02 1.484634609553969406e-02 3.106079469521817130e-03 1.413319127688968243e-03
3.221910749668502882e-01 -1.323372440631353231e-01 -1.421146684766014072e-02 2.386049352506014725e-03 7.522109374654010854e-03 6.739361557795249362e-03
1.038533273732998169e-01 3.158197718302064860e-01 -1.060455343970926993e-02 1.226578345394937868e-02 -4.115038108849075268e-03 2.261272335438153317e-03
1.237371758894915574e+00 -2.039792490130513947e-01 -3.646811279943187032e-04 3.187668892510329977e-02 5.197273345645124151e-03 -2.707154529295629705e-03
1.020227949562978687e+00 -4.337908115889116956e-01 5.982774402779086897e-02 3.623524965706245715e-02 3.272459071988635670e-03 -1.123093291395301689e-03
-3.077292253744849659e-02 1.141738487388503642e-01 -1.151691061419246251e-02 -1.242484097459990028e-02 5.025795614909345232e-03 5.328863306427104700e-04
9.001003220205082422e-02 -2.288639985935105314e-01 -1.010191251164097677e-03 1.967957301096080139e-03 3.979542546989326204e-03 -3.575511834745163584e-03
8.310580779640823756e-01 3.968545318715825942e-01 1.780154880746981708e-02 -3.614653819882772401e-02 -3.330169081453569595e-03 1.457350716296428907e-03
1.608214448703813026e-01 1.889876243424463143e-01 -6.234897259265447314e-03 -1.595562321433046174e-02 3.923421241634551630e-03 1.592632968894921834e-03
-1.109175778838689952e-01 2.360080927924398386e-01 9.450051246721012654e-03 -6.524741262638844401e-03 -4.191453596497264492e-04 3.756905215482701506e-04
-4.229812982245927944e-01 1.945481613059240333e-01 -8.031974803718972336e-03 1.282816304803564671e-02 6.717887075244092718e-03 2.694582765144953526e-03
-2.339410730656048820e-01 -5.942957221225819014e-02 -2.646814010898670619e-02 7.934506359745461743e-03 2.804738885081127075e-03 -3.021610760730108775e-03
3.298368036984915541e-01 4.846305121424779871e-01 3.086261389440597691e-02 6.108055386381594509e-03 2.863816359740270056e-03 -1.744237150733326473e-03
-7.838213223268453156e-01 -1.304425299558942090e-02 -1.038868444953191215e-02 1.884998985903944347e-03 4.595605434685312053e-03 1.437216621394079696e-03
1.526961233881788012e-02 -3.846020453761588853e-01 3.991856641411618833e-02 -2.683951797820404578e-02 -8.825950418156036648e-03 -1.999535263778268093e-03
-1.971745336882791133e-01 4.448313436057204640e-01 5.622983041881244454e-02 1.299588709284851470e-02 7.670754242233027154e-03 -2.090731276422656219e-03
3.660772134156257129e-01 -3.330500944782139872e-01 2.992231231041869721e-02 -1.174281918429641303e-02 -4.594456888822616436e-03 -1.548790335834105726e-03
-1.363412477113043586e+00 -2.665641647773943079e-01 -2.175087195326726663e-04 3.134875099172740841e-03 -8.368642686973577771e-03 -1.840797673953845992e-03
-3.517317714477195545e-01 -3.339795900956184505e-01 1.137952424545820435e-02 -2.615335876333433653e-03 1.314371752746039748e-02 -4.624129045454550106e-03
3.376785687996161113e-03 -1.619120918991067415e-01 -1.379398046208622254e-02 -1.354679013921840196e-02 1.076980567591155277e-02 -2.610766000009236143e-03
-1.314381781964127693e+00 -1.634043279977462348e-01 -1.452865769737409461e-02 1.699313022108228308e-02 -4.238589247429177045e-03 1.608081555321446679e-04
5.811714499079851937e-01 -1.080935257015306489e-02 -2.767743493354708761e-02 -1.209245194898774314e-02 -4.039127491039198013e-03 8.917745949915867245e-04
-6.665665729259055983e-01 -1.375180463358527116e-01 -1.231152989494086435e-02 -6.805359966650162233e-03 3.225433831153372028e-04 -5.697543549922165105e-04
-6.043329535650381334e-01 4.216263844907207070e-01 7.112613295020167592e-02 2.918106016106968362e-02 1.426189097676991511e-03 -4.025143412256547600e-03
-6.330178732273490372e-01 -9.940845327712211077e-02 -1.567544041745761937e-02 1.132641700299008743e-02 -1.897795305171545363e-02 -3.240237966430429151e-03
-8.329859965011154888e-01 -1.425949199791403874e-02 -1.983163702332930642e-02 1.557971077134549971e-02 -4.573152953681870921e-03 1.466321615086645710e-03
-5.882671054388558529e-01 -5.341845198758730234e-02 -2.981993381804013896e-02 9.813893507980628664e-03 1.013480050088716097e-02 3.490314108869800656e-04
2.813577023508403441e-01 -2.656733348678182449e-01 1.291969880662951348e-02 -8.738156039780382509e-03 -4.781569836077958872e-03 -3.281866562670443695e-03
-6.933046589480922339e-01 -1.951175609557870561e-01 -1.376231008550624427e-02 1.248582488440402741e-03 7.959686912253264787e-03 -3.203189223289360909e-03
-9.321338295794808770e-01 -2.116235093564397818e-01 -8.964322833630473941e-04 -8.064153441952191109e-03 -9.844920276186214583e-03 -1.049986201961626174e-03
3.676960870033403606e-02 2.662779837768437519e-01 -3.808668956657643590e-03 -3.966982877224487468e-03 1.843577686808779660e-04 3.527526791428996136e-03
-9.365682730639665610e-02 -3.545966834385916311e-01 2.913320754661504960e-02 -2.448520290139011638e-02 -5.093240442166709243e-03 -2.248113024728938016e-03
-2.899029118308120156e-01 -1.572382679920462378e-01 -2.528776022896073172e-02 3.902920431126995042e-03 4.534150695479262361e-02 -2.759013587276222534e-02
6.706402985226476154e-01 -2.645755140530318683e-01 2.105087807778352124e-02 8.262345853848022140e-06 -1.402031107077326630e-02 -1.371954405593180234e-03
-2.607404654199760655e-02 2.445045779429018407e-01 1.284833679259413282e-02 -1.273513531387702145e-02 -5.123191763186930349e-03 1.291792676065061079e-03
5.233108772329387454e-02 -1.401374757294725215e-01 -1.386785141748373036e-02 -1.292839321444194667e-02 8.254491441119261863e-03 -1.774473024111745088e-03
-6.505950933184715401e-01 -4.039619178661481569e-01 3.198904298535653473e-02 -2.790697889982313509e-02 -5.146437595414197347e-03 -2.233650542763252530e-03
-5.461056100360937027e-01 2.326337564420765947e-01 1.107260833728706834e-03 3.052906271960812226e-02 -6.311500278913740464e-03 -1.111817626435617976e-03
1.162035555238774442e+00 8.494901959624405127e-03 -4.695896759727305469e-02 1.545699642710035050e-02 1.358606966146043427e-03 -2.135870031863229719e-03
-2.620834170243678263e-01 -1.657800330930579713e-01 -1.238129417312731038e-02 -1.737071304401936050e-02 6.225323569926363536e-03 1.406408757915523795e-04
6.186856846280920363e-01 -1.916455965885799362e-01 -2.720376412580004493e-03 5.975339553592571608e-03 -2.529219564991710186e-04 -2.662749749514609944e-03
-4.534984507466803261e-01 -4.835031600937261254e-01 5.114792297246705671e-02 -2.146074311889360070e-02 -2.139804685288885025e-03 -3.368369571756163212e-03
4.090174297797583569e-01 4.096863521231082217e-01 3.154091425206913962e-02 -1.868692581404091807e-02 2.767556141618268337e-03 -4.447903216673051259e-04
5.299051745854956030e-02 2.418435571450348043e-01 -8.261056209239430598e-03 -3.372412144050168908e-03 2.385124782805108246e-03 2.498662329641777001e-03
6.163872479192874509e-01 -1.528203049820434090e-02 -3.593796403195413658e-02 -1.656940311073426542e-03 3.057599142438345661e-03 -4.883593021705347464e-04
1.594883098050965675e-01 1.306076282297017888e-01 -2.653090615600213129e-02 -4.505758283342558082e-03 4.647098891054352379e-03 1.243654473964860918e-03
-4.976275626725919221e-02 -1.649242421979208728e-01 4.808486376763799900e-04 -2.777603170785201622e-02 -5.487030035903893953e-03 -5.898910431548422695e-04
-7.402237638716600010e-01 -8.206695930820172291e-02 -1.551391366434395251e-03 -1.147082382622892881e-02 -1.371812232819509189e-02 -4.998490606853095517e-05
-7.887492807881970602e-01 1.011282772690574004e-02 -1.298130025356471033e-02 9.532094593684082434e-03 1.422184465280580939e-03 3.468604499208180459e-04
-3.056960026718927304e-01 -1.574917419637181237e-01 -1.100185352152583187e-02 -6.417643185874459706e-03 2.145692568151277586e-03 -3.299290185853961423e-03
-5.639364788629335212e-01 -2.483581121129352365e-01 -5.235135212212467352e-03 -1.713045290853324560e-03 5.755963376010724518e-03 -2.446223678723896070e-03
-4.583918726031990798e-01 -1.868478693251736378e-01 -1.713171254460081616e-02 -4.425757420226403803e-03 1.385989627604327160e-02 -1.704952113962116683e-03
3.962142273495999900e-02 1.617900149942868571e-01 -1.340754521366021093e-03 -1.961346626046729311e-02 -5.094367269204049930e-04 2.066052430778563941e-03
-3.099928560029711622e-01 1.168522127399670291e-01 -6.961507547719528177e-03 -6.025664285247218227e-03 -1.902603710036515150e-03 2.520484796879250873e-03
7.111553327968438420e-01 1.270487743736241348e-01 -3.894299754376953637e-02 -9.051918834183552906e-03 -3.116676504835741326e-04 1.484219039202724563e-03
-6.087608995304032433e-01 -6.271605943528199556e-02 -1.201702665401450758e-02 2.486880160298194330e-03 -1.807357062858099689e-02 -1.581836108096143024e-03
7.299931220136757215e-01 8.352309620612727303e-02 -3.830342167397241676e-02 -6.125396193569320261e-03 -1.507829123398150666e-03 5.688177646937807893e-05
-7.364610404413648448e-01 -1.600366986895082333e-01 -2.851707567804163371e-04 -1.729450191255224242e-02 -5.530845864690389982e-03 -9.331211295328645499e-04
7.342430557981470818e-01 3.483731929188581961e-02 -3.767655338381696584e-02 6.623052694914357543e-04 1.068541298838134035e-03 -8.412854146743370702e-04
-6.955035659545775184e-01 -3.324271926045600095e-02 -2.100204548336810292e-02 3.032282895864276285e-03 5.638350660387799439e-03 2.329690996296687223e-03
-6.588467492657344993e-01 2.440662864210994543e-01 1.942241601701527251e-02 2.058121289260418652e-02 -8.187296239170412798e-03 4.157698292634537190e-04
-2.833221180151571095e-01 -3.055560354615914909e-01 1.396123942929790480e-02 -1.160342281259381034e-02 -3.111138310061946875e-03 -4.132631034352597481e-03
-4.049457545116041945e-01 -1.787528626805562348e-01 7.125249353297090533e-03 -3.399242935485789763e-02 -8.341232201326926124e-03 1.399173966163527250e-04
-1.760592107038527754e-01 -2.947044166303288693e-01 1.231401607629574457e-02 -1.502978612672069411e-03 -2.440624896443685955e-03 -3.926366700251317579e-03
5.522584273720520381e-02 1.797911333622022878e-01 -1.940711606557309760e-02 -4.361567400573982192e-03 -7.246555855273503939e-04 3.217759864088245558e-03
-9.342220273553676346e-01 -2.188353813611843834e-01 -2.729803247009689009e-03 -7.339892402180493323e-04 -1.335336008442267186e-02 -1.805328137442209447e-03
-2.673032712417847678e-01 -9.934474006724987316e-02 -1.697212975762523932e-02 -1.533215347677008462e-02 7.890120953037840085e-03 3.387310950548947210e-04
-1.713483426058973469e-01 1.331870324500764868e-01 -2.171486769893679614e-02 3.207982146110146290e-04 2.989714794531942062e-03 3.255605479129411450e-03
-3.839258300194134388e-02 -2.528889650386971222e-01 1.438593045996455939e-02 -2.629055659581622240e-02 -1.190874653607489064e-02 -2.012247074689341077e-03
2.589514783416377308e-01 -1.463079078904817032e-01 -1.106785914935739905e-02 -3.230819809247883773e-03 -2.754218151674306045e-03 -2.228137200582831854e-03
6.951277137596683087e-01 -6.773271227196407673e-02 -2.475465795155118442e-02 8.088896714949726091e-04 -6.086635008984732625e-04 -1.617100424948495234e-03
9.868648937546670163e-01 7.433616749265334334e-02 -4.347158888397738286e-02 -1.572301121356350657e-03 -3.170749309975996744e-03 5.850212393950089381e-04
-5.243611415920944596e-01 -8.247142733394718928e-02 -2.769199331124232513e-02 7.814023501457434406e-03 1.034002432776374644e-02 -8.492742255862484801e-04
5.277000567143316223e-01 1.078301070077379437e-01 -2.598737319126217041e-02 -2.008996893704523973e-02 1.077985779917911124e-03 1.878516214745059188e-03
-1.502296994072240544e-01 -2.673024368514276827e-01 8.581476921591174242e-03 -2.594087499231768901e-02 1.000659327544300590e-03 -9.644007355364024245e-04
2.473135990385936234e-01 -1.006009888551641779e-01 -1.990051985473877821e-02 -7.044274967850074065e-03 3.809287143948187748e-03 -1.599951642771095745e-03
-6.219524452325165820e-01 -7.779919876775645560e-02 -2.069113489822713842e-02 1.528084708707517191e-02 -8.670146707762269034e-03 -2.294542725957004255e-03
-3.325990656025961667e-01 1.448321941989644812e-01 -1.175059470705670794e-02 3.192574537643415571e-03 6.994235109446234749e-03 2.067189387599462601e-03
1.140901878841268813e+00 -1.935231834947193363e-01 8.063465235526912122e-04 2.355277554928137188e-02 2.276878511500277872e-03 7.056677737578111349e-03
-4.953361145246333863e-01 3.171248850329906888e-01 1.234194161329022106e-02 3.822867270144143792e-02 -8.931127642824809518e-03 -1.708664313458559169e-03
1.186080644337681317e-01 4.436242000268160179e-01 3.098004618004815067e-02 6.205053146598098548e-03 1.140235221066828277e-04 2.715158891319239078e-04
6.901536386445387139e-01 -4.053895188314289300e-01 4.702028298597901723e-02 1.133148420089163597e-02 3.749214910635210313e-03 -1.055219337942614900e-03
1.211113195949546473e+00 -1.235956724684973695e-01 -1.472806772906390740e-02 1.430544920753986336e-02 -6.858734084303816543e-03 -3.294925174539059184e-04
-9.496926836646758519e-01 -1.062797590823788690e-01 -2.183900982501453883e-02 2.175779777866173464e-02 3.103822835103187128e-03 -3.582054048265513428e-03
3.993028309776984752e-01 -4.350095301202326903e-01 5.300234304362205079e-02 -2.230513669925136572e-03 7.366530926443474710e-04 -1.868157179645599459e-03
-1.980519631667098657e-01 -2.644737190037538960e-02 -1.312728710944626939e-02 -1.914624064936119169e-02 2.371821669492903909e-03 1.363458216665676404e-03
7.458876133679276377e-02 3.440891368303639619e-01 2.848852603469488251e-02 -1.304910117202305597e-02 5.861077454420401608e-03 8.550459292206792942e-05
1.412154557817157652e-01 -4.114244913851918817e-01 4.649146565016303717e-02 -1.429390658171760149e-02 -6.949191284605272904e-03 -1.685770480300500390e-03
1.510276497421791098e-01 5.919063841814194843e-02 -1.904825453836892987e-02 -1.094215885522381408e-02 -8.391456954101199350e-03 1.519688913138703963e-05
-6.449770317263381347e-01 -4.721454439465221781e-02 -6.144534155636475169e-03 -1.038110869826578721e-02 3.783074514455330318e-03 7.982466028525961451e-04
8.438612959468585473e-01 3.439295591542315123e-01 -6.549340703114234219e-03 -2.107122090666899497e-02 -5.864616872566965310e-03 9.005441772665047275e-04
-3.861709988563438722e-01 1.374527159958636446e-01 -2.622743787307090998e-02 2.131326230916804829e-02 6.873436848137240256e-03 6.345880837297476122e-05
-7.720613476522590890e-01 1.007668947916039309e-01 1.923621459096525044e-02 -9.046960889601185843e-03 -2.219258199159945474e-03 2.950235484801594105e-03
9.036491072632661936e-01 4.233178729454512568e-01 2.530146088152270337e-02 -4.165923242532776349e-02 -3.462845338878511609e-03 1.220534054485129197e-03
1.400226870004920743e+00 -3.879983899215792009e-01 5.512161996452354801e-02 5.650819253697551836e-02 -1.353998752060976132e-03 1.710594931504734364e-04
-4.566919644760960018e-01 -4.222232702984821812e-02 -1.395851290032813947e-02 9.329876635721110270e-03 5.104062362492773480e-02 1.640879047705613714e-02
-3.337992896591677194e-01 9.276092085247018837e-02 -2.264781419751487473e-02 1.224768915904746007e-02 -2.672143701995767159e-03 -2.282610451151767333e-04
8.103795717363447559e-02 -4.482182478339311604e-01 5.243447236029846747e-02 -1.590990590774903415e-02 -5.011010530793337872e-03 -1.953407706160456385e-03
-2.063276948318267245e-01 5.927928792581758921e-02 -2.755725391869099858e-02 6.340333586465175982e-03 -1.888730279975096415e-03 3.828991736310285218e-04
7.216723144967480685e-01 -1.725580916627162953e-01 1.823835188753528862e-04 -1.750665104332064896e-03 -1.272967914643700384e-02 -2.190719031159031344e-03
1.292814885324022445e+00 7.880493959102513601e-02 -5.233618682754175022e-02 9.660050948131326809e-03 -4.331642668715375739e-03 1.342052634443341983e-04
-9.344700354233277384e-01 1.674715676452762647e-01 7.110135419963958640e-03 3.239131675069233107e-02 -1.290427736793844926e-03 8.665605632084390306e-04
-1.215122194889718676e-01 1.623270905006631015e-01 -3.803557656079736837e-02 2.503512797983381902e-02 6.227241443685669481e-03 -1.035896937728220937e-03
4.317725710627565161e-01 -2.238997913741978818e-01 7.055249935534915577e-03 -6.130708513013833141e-03 -6.874900754105375995e-03 -1.215862741327400137e-03
-2.345552372500209481e-01 -9.660655115439696627e-02 -2.165060307522794977e-02 5.303088524829976426e-03 -3.916771198355972587e-03 -1.654481348389921259e-03
-1.243188807749829206e+00 -8.995389607737393212e-02 -1.990164727254244842e-02 2.889249641932236864e-02 6.086202848899147783e-03 -8.510985120709213666e-04
-3.941323960558124062e-01 -4.073732608897270291e-01 3.288214981451764024e-02 -1.708613143884803523e-02 9.800286173314055882e-04 -2.869597013625778664e-03
3.523951265224151697e-01 -1.942786741518489624e-01 -6.139451683662744234e-03 4.168727448877502552e-03 4.780420923994496002e-03 -3.414107684466489556e-03
8.556406527496118741e-01 5.842689719249441471e-02 -3.876765461291019343e-02 2.151861234584019882e-03 2.085923106200602022e-04 -1.108324293397480731e-03
2.961906284151533675e-01 -7.318801570277773394e-02 -1.754730421968503373e-02 -6.777518477533289558e-03 -4.365464583089545721e-03 -1.408395884947339586e-03
-5.980388396006600660e-01 -2.821032812510807508e-01 1.279058194738294171e-02 -1.924620808174121872e-02 -1.199162938508627034e-02 -2.410386897788122530e-03
-3.944511504588860684e-01 -2.352325849895409160e-01 -5.816249028702863769e-03 -1.108171803142203767e-02 1.342921057353301320e-02 -2.561612612805639136e-03
3.184967602833855826e-01 1.410378416691948356e-01 -3.245836387716722476e-02 -5.310885102816883044e-03 1.322119222576041003e-03 1.438044044229607908e-03
-1.803998176517255247e-01 1.301342740152264810e-01 -1.681201674223247594e-02 4.763879678626331722e-03 -2.788707892569255997e-03 1.361096709953020872e-05
4.801079618502474694e-02 -1.001697463120530540e-01 -2.394576860542134422e-02 3.472471735969541364e-03 7.091220169655506299e-03 -4.108246980756318466e-03
3.791810100549290463e-01 6.023433573180067002e-01 1.138450746326929996e-01 -2.876377286412592355e-02 6.014172643011628239e-03 -6.804988678557282074e-03
1.196647657316542324e+00 4.909617139107311234e-02 -4.800157447334513910e-02 9.897743819856861733e-03 -2.930506655422092290e-03 -2.790119927508623809e-04
-4.707034693077176146e-01 -3.028497279570196987e-01 7.887081774082921673e-03 -7.379752886544581510e-03 2.577336399576487299e-03 -4.435353911037220008e-03
2.993168048861233888e-01 -2.259369683700320763e-01 -2.599826857810492303e-03 -1.807519046385119149e-02 7.164019055540099198e-03 -1.077754191684178941e-03
-3.842656930219490730e-01 4.370114796083752334e-02 -1.479058769215169274e-02 -2.542809475880466151e-03 1.854378118672214259e-03 1.164532768040182692e-03
-3.629332258989553250e-01 -7.425601951411246217e-03 -2.844409383585333115e-02 1.094285643552166121e-02 -2.203329213395850868e-03 -6.796804866609349100e-06
-7.697364274405208429e-01 -1.241374680121095225e-01 -1.664648353537562589e-02 1.052433948181754481e-02 -6.784683723138124588e-03 -1.788988353165345529e-03
-1.086387199917590238e-02 8.317018863739784884e-02 -2.107446011180147752e-02 -1.173807390417633094e-02 5.834117620386664775e-04 2.945689202614033223e-03
-5.445646712453452443e-01 1.256210650990665090e-01 -1.243180376312877540e-02 1.441659886361733832e-02 -4.630754039321175602e-03 2.132706143642024328e-03
-2.181510703701963760e-01 2.972791803040945521e-02 -1.499541471656105213e-02 -5.068810209203486114e-03 -9.022841245322975670e-03 4.139966602642905329e-04
4.094555407869135966e-01 8.039833702273255223e-02 -1.790893767714578713e-02 -2.546497297956422726e-02 5.322060061204936937e-03 1.214857628904201245e-03
9.682823299986160759e-01 -9.509934147091937684e-02 -2.648414408863425384e-02 1.345289759693352183e-02 4.447959864136589135e-03 -2.223873279389665392e-03
-6.889756917240321688e-01 -1.717810961218646515e-01 -1.480565868926173902e-02 1.068822290687124822e-04 9.796802227376588332e-03 -3.062003424021312193e-03
3.811081792904413290e-01 3.172932322584439691e-01 -2.645865712203857804e-03 -1.092023868920788746e-02 -4.343125242904148815e-03 2.079475649298779573e-03
-4.493578039783934774e-01 -3.922325336914655319e-02 -2.013822565364179265e-02 7.572056453574113784e-03 -9.665726302117410434e-03 -9.567802211193668057e-04
-2.548067750947282106e-01 -6.839857651368148883e-02 -1.536836199492163171e-02 -2.599187968776226539e-03 -1.357208573661588050e-02 -1.682609334800387125e-03
4.280164584187772792e-01 2.306021502179829985e-01 -1.512240781931860692e-02 -1.005666533471818135e-02 -5.597791101115702148e-03 5.775624481399550467e-04
1.782687658189251456e-01 -3.797313104945746476e-01 3.740015044272548828e-02 5.707863817689741957e-03 7.152058731221258223e-03 8.022051666473952944e-03
1.718661023146179356e-01 -4.033879921537346092e-01 4.666955910834483245e-02 -2.295229308014815756e-02 -1.003246126632652974e-02 -1.283888467124120591e-03
-6.526175199861929122e-02 2.729553999662914440e-02 -2.590616656152468569e-02 -8.017011522348031468e-04 -2.710135477062370311e-03 5.974497147218868227e-04
-3.701243411800725913e-01 2.565099714800290753e-01 5.049198581379351312e-03 1.698910331686165689e-02 -2.336640280823774896e-03 9.980713513968461972e-04
-1.063610298548759991e-01 2.119507901154792928e-01 -1.743568020850897599e-02 9.287081701726635982e-03 2.212001416084114150e-05 1.502315505419499816e-03
4.574704395345949859e-01 2.673540524271248442e-01 -5.881211323573684244e-03 -2.110595095495989074e-02 -2.545263410595927783e-03 2.319776640882235258e-03
2.076678091331989051e-01 3.672116138560383436e-01 1.115793969908705947e-02 -1.282009293141712263e-03 3.997732941619695996e-04 1.160799299647309255e-03
8.851042036959744230e-02 2.904592035274558004e-01 1.245310625193145337e-02 -1.125975679855706520e-02 2.467573109963729777e-03 4.127841357091339503e-04
2.225144266666823356e-01 1.212317992946395501e-01 -1.727495144171196928e-02 -1.878564667736145818e-02 -3.323152046342497338e-03 2.948378943514046169e-03
4.312782749226080625e-01 -3.098840268849312740e-01 1.858782705383389688e-02 -4.041183812794156040e-03 3.994795827312946218e-03 -3.434105126282639090e-03
5.062953403685636067e-01 -5.246257900317201350e-02 -2.971283370050160563e-02 -4.340426614772065379e-03 7.807303673504186262e-03 -1.536506607251099431e-03
-1.900126870056810247e-01 8.791620825468073053e-02 -1.266392323009052356e-02 -1.417039549569573328e-02 1.461844581156004734e-03 3.601519340236666606e-03
2.878575447394929876e-01 1.892736598470149689e-01 -2.195325511606201555e-02 -6.398900712431312629e-03 -2.209152656779816114e-03 2.004016926467508571e-03
-1.235657950917538883e-01 2.231249608865661371e-01 -1.975074163049921928e-03 2.244089968388929702e-03 -1.106881775312277931e-02 8.791477987670267419e-04
-7.395259688171980095e-01 -1.769339717915957011e-01 -1.840623137935726988e-02 3.105205387235051087e-03 1.100297781401216556e-02 -2.372208285199018264e-03
4.850201492266097425e-01 5.701087271232847115e-02 -2.951729426574085935e-02 -1.386215564505115933e-02 3.412120799353062298e-03 -1.426913802825365056e-05
5.010263109229827760e-01 2.469377000062942529e-01 2.888426513980134423e-03 -3.108133939994989214e-02 -5.886239200336631540e-03 1.725194195073353944e-03
-4.492688402388322344e-01 -2.074694665180626396e-01 -1.181121193204811085e-02 -2.570254265283372207e-03 1.194019035599390086e-02 -4.125066309515381356e-03
-5.832149963089424544e-02 -3.297775400920744393e-01 3.102723862622375553e-02 9.909503414748582273e-05 1.172071951982690992e-02 5.898757114487972186e-02
-2.750864935889880680e-01 -1.879750065009669346e-02 -2.920607109928273493e-02 1.702626563876260754e-02 -3.535365724385586186e-03 -3.583330671747075088e-03
-5.956736186226030405e-01 -2.818829608542606779e-01 9.397893387352047184e-03 -2.371155949084033376e-02 -1.400306092900413524e-03 -1.434408849306695582e-03
-1.061659999057557480e+00 1.529233200225443151e-02 -8.657738845590935706e-03 2.546475223619296124e-02 -1.863262001593410724e-02 -4.560586927272655949e-04
9.787123833385090732e-01 1.381757878459917988e-01 -4.039239056682750184e-02 -9.912043143578389351e-03 -2.089830204453775944e-03 1.177705637969328218e-03
6.347293924775212481e-01 1.860096632334935773e-01 -5.088063973315038596e-02 1.154129993584688922e-02 1.105874081995608806e-04 5.955368634717941997e-04
1.235300606674231000e-01 2.443946374451663739e-01 5.550779712362313711e-03 -1.699732573205329708e-02 -4.493573540228493722e-03 2.318528461932099598e-03
5.651048611616071859e-01 4.462688587333147328e-01 3.665968157957268797e-02 -2.421094168789979587e-02 1.516278210412714731e-04 -1.366215900621089692e-03
8.537002655618427527e-01 -1.115923119422966708e-01 -2.289100512387169661e-02 8.847538773599915307e-03 5.465628097928684412e-03 -3.323922121331535518e-03
4.062265775375028740e-03 1.157772351317379322e-01 -1.853832150012430999e-02 -5.167578108385756028e-03 1.499203687638324921e-03 9.429255255809775591e-04
-3.293798967065125760e-01 2.429947464617494002e-01 1.160778670653816839e-02 5.309305604034402631e-03 2.779944727198732993e-03 9.864052661347202586e-04
1.869111606119712998e-01 -2.037320502602222583e-01 -1.807839875895319052e-03 -1.551735511778538391e-02 -7.147519888308575967e-04 -1.784112883831494127e-03
-3.504541291092567179e-01 -3.367842006611338479e-01 2.092753771844146904e-02 -1.990568864934181073e-02 -4.563951909038871206e-03 -2.548309424657126208e-03
-1.103290732941680563e+00 1.114971639053639885e-01 2.520579825429040965e-02 1.113429378026245357e-02 -4.841327215986759164e-03 2.310086339260829322e-03
3.241757175313392247e-01 4.285571169308496908e-02 -1.604941930686586832e-02 -2.108364546524004249e-02 -8.811767959513995899e-03 4.978444858657844535e-04
-1.308206598229646744e-01 -1.273379998858933937e-01 -4.165894939786179280e-03 -1.980040199414024454e-02 -1.191977261231992082e-02 -5.506029648847521460e-04
-6.381585916772450906e-01 2.942863890868890331e-01 2.847548423530010461e-02 2.733405260595145325e-02 -5.985784992372176691e-03 -1.149326795728586531e-03
-5.013711499987297815e-01 6.991643761751090147e-02 2.877086164808207065e-03 -1.564281257295473127e-02 -5.611715476767258000e-05 3.200069027402729655e-03
8.455830776123397785e-02 -2.809049332942433197e-01 1.866067521588620631e-02 -1.575975219023622795e-02 -1.138101350550080326e-02 -1.990090997911494672e-03
-9.532860779451942657e-01 -1.364482386481001008e-01 -1.820877792518512880e-02 1.324293398907611455e-02 1.414316737573686686e-03 -1.450729776785781525e-03
-1.148562296425182927e+00 -4.412886869652996730e-02 -3.628418658150436935e-03 1.343323034279412902e-02 -1.753878093087999496e-02 6.050833004846703153e-04
