2.174800376113216860e+00 -2.149383007610630725e-01 3.283567712221562712e-02 9.995306108213232454e-02 -6.700379789634120474e-03 3.934025512932710043e-03
5.977868225004909775e-01 8.770750865867872614e-02 -2.317406732722776877e-02 -2.768680519835639217e-02 9.357539070253713387e-05 1.974146585384382868e-03
-6.571043951535215921e-02 -1.913359358081809791e-01 5.076208234314674023e-03 -2.682678090704307405e-02 -1.198288809973909949e-02 -1.428981218571848729e-03
-2.256796854821281340e-01 -3.221143058386858882e-01 1.311210359528965606e-02 -1.718000561645930541e-02 8.247417125442845290e-03 -2.937638885213811335e-03
-3.189920813161967739e-01 -1.967597313276112925e-01 2.996577786987309790e-04 -2.117778139953647651e-02 -4.642324058678870546e-03 -1.090239441369978335e-03
1.297607040667304590e+00 -3.009044656381611449e-01 4.065210770082312852e-02 3.225961632527577644e-02 -8.655506127020604415e-03 6.885229978374030968e-04
-8.675040414420248647e-02 3.596450476050898071e-01 2.255865386465706265e-02 7.909615091353589672e-03 1.799123851015435550e-03 -1.015875249009927980e-03
-9.204710601149740379e-02 6.323932985282956776e-02 -2.557755652564917825e-02 -5.150142058451231616e-03 5.086172826167744375e-03 1.020963829392864449e-03
1.810563201497456531e-01 5.665016551797510264e-02 -1.284280070019973123e-02 -1.591499916812783369e-02 -1.649940130809877600e-02 9.018145389464267891e-04
-1.023995899165503154e+00 1.700871821053306088e-01 2.386951269460470954e-02 2.790851100475737895e-02 -2.663541349410164169e-03 -5.260471219477039559e-05
2.976557069967923352e-01 5.323058025178352137e-01 5.130349057194460299e-02 -3.401209201676950945e-04 1.342208000884954552e-04 -2.912012642875355661e-03
4.129389441679429118e-02 3.265477871510343300e-01 5.537679707015046547e-03 5.920120796804480105e-03 -1.933440840370377481e-03 9.537061161880038994e-04
-1.313277344369373767e-01 -3.643142321879844769e-01 1.797705610718676808e-02 -5.466969999633374683e-03 1.826948402948073286e-02 -5.461643715207258401e-03
5.466441083756129471e-01 -3.343476719167494116e-01 2.709326441933774393e-02 -8.500359557757782535e-04 6.194462045978085460e-03 -3.186109825008034881e-03
-2.671829174324086287e-01 1.252654344612675053e-01 -1.736041204098624779e-02 1.188218113159691947e-02 3.751122173446281172e-03 1.071494863584891271e-04
2.127298275425515695e-01 4.421327285671999285e-01 4.840369249376274413e-02 -1.562820713691913735e-02 6.518763273210584049e-04 -1.518656417413418889e-03
-1.106302943614645151e-01 5.055972867835736295e-01 1.020772390028245047e-01 -1.594827915331518964e-02 9.791671739776509203e-03 -5.330990152129341970e-03
9.933698752248387720e-02 -5.464165723275596354e-02 -1.150556476049593123e-02 -1.591341000498949082e-02 -1.141162554975610685e-02 -8.243472732253469834e-04
-2.029231083352557030e-01 5.743597450196898796e-02 -1.523429901091789482e-02 -9.880363358209232755e-03 4.435840383671988633e-04 2.076998067374846192e-03
-5.046109183897964368e-01 -2.350157012059575501e-01 3.841082921065046719e-03 -2.407566081850945339e-02 -4.152412318579819066e-03 -8.520830557293666580e-04
-8.876278629669770437e-02 1.020716688989807032e-02 -1.811492576810491001e-02 -1.274772821255337231e-02 7.617157276998677735e-03 -5.450823174434662717e-04
1.504545037693016285e+00 -2.400374859904983449e-01 2.515144633218496795e-02 4.051845903914558927e-02 -6.295150672990595768e-03 9.682817630763048159e-04
1.289096799082696698e+00 -2.094046234886837166e-01 1.272847398555863180e-02 2.821877637102396599e-02 -2.428115970778316462e-03 -6.072326232794419227e-04
6.290539412331533908e-01 2.609930054534602695e-01 -5.951023190943122154e-03 -2.673250594469989486e-02 -5.221410684804756418e-03 2.064793803307003045e-03
8.319864317783869090e-02 -7.898149468754631086e-02 -9.650460499379169554e-03 -1.658392043687804268e-02 -1.253288205691825002e-02 -8.751972397061175612e-04
-2.103920257984789599e-01 -4.558197326759427792e-01 6.236003930956645486e-02 -6.244091288163530697e-05 1.044868284439668706e-02 6.845601015813612689e-02
-2.041404466663519490e-01 -7.862705583871743009e-02 -1.466680623250700595e-02 -8.515567488793760603e-03 -2.247573789066107264e-03 -4.868329489961700893e-04
-9.555414077030964792e-01 1.420731437206084087e-02 -6.035897058953886181e-03 1.712356267166796966e-02 -1.153586294639964704e-02 5.640578113196768840e-04
-5.765936569663145106e-02 -2.738944601930214939e-01 2.781696661786540667e-03 -9.354649410809032228e-03 1.175018293094918023e-02 -3.591538014616015885e-03
9.489586788475682377e-01 -4.636016938578403634e-02 -3.170418103963191375e-02 8.493839753801916276e-03 3.905633720808712132e-03 -1.608574385496014652e-03
3.573756524492393560e-01 -2.644545515109502087e-01 9.979649817699224462e-03 -8.902140696311651794e-03 6.054738830860375773e-03 -3.559972610577421311e-03
5.480943126844651792e-01 -2.749203281835005397e-01 1.411902273157493622e-02 4.616766527354349003e-03 9.567018796339079797e-03 -2.704002411543513298e-03
3.099475189756258076e-02 3.780189704830628772e-01 1.979905192703279582e-02 5.850831386110455154e-03 1.399326167799086473e-03 -1.189483994829794520e-04
-6.042991883243639117e-01 -6.115268017421932913e-03 -1.880862013886962225e-02 1.421614501213073339e-02 -1.279249231095323748e-03 -1.277105708335351478e-03
-1.214026778026833786e-01 -2.404905212101960676e-01 -6.601912549984705059e-03 -4.792076059568704284e-03 1.629926587368383042e-02 -3.332155298092704439e-03
4.450636235939056662e-02 -2.225429680378015473e-01 -5.080289193891348275e-03 -1.113185326811034982e-04 1.247761104066585219e-02 -3.444331499676758866e-03
6.892297722857593234e-01 2.122652887371359043e-01 -4.417887917098736739e-02 5.580594363388933880e-03 -2.026741584015585330e-03 1.256371141857318043e-03
2.220704057922462948e-01 -3.222967028246664922e-01 2.758875392462965467e-02 -1.339580029444186783e-02 -3.804708963382360826e-03 -2.307360177794327057e-03
9.781941611117251911e-01 1.191670697422985842e-01 -4.692528716258546895e-02 6.776346360321219842e-03 1.202363845645953159e-04 -4.182278883216790930e-04
-4.450410629489968684e-01 3.652170890940325543e-01 5.995940982167922290e-02 3.798196256280643619e-03 1.117030516897602258e-02 -2.414376154152016868e-03
-1.590798071761789778e-01 -3.488571593117498204e-01 2.117616791948589636e-02 -1.821948840550819543e-02 4.677102432270535161e-03 -2.354567239310793956e-03
2.758570020628251518e-01 2.707538872979095568e-02 -3.497467900042026956e-02 6.031787393276664098e-03 3.510553514916945478e-03 -7.621004596589283633e-04
-1.068371411262897253e+00 1.098332453383761009e-01 1.495847059510851994e-03 3.393658480685866202e-02 -4.362285195599550046e-03 1.453453381954539778e-03
-1.445504062329564521e-01 -2.266455594469453383e-01 3.875248764692836912e-04 -2.130163933957781794e-02 2.839065455567171218e-03 -1.225463314620863636e-03
-4.570984539023005555e-02 6.349270721453130484e-02 -1.229170319626684930e-02 -1.353556454776947728e-02 -2.971029421999058992e-03 1.190465252999254068e-03
2.689140676725516044e-01 -1.755019129040437942e-01 -2.167516880952684039e-03 -7.387962241400220648e-03 -2.798616875555199387e-03 -1.924954258290046023e-03
-8.391842107096449122e-02 6.728488639724131137e-02 -1.162897733651243985e-02 -1.767563345607794587e-02 8.783291175304290543e-03 9.416112756483085077e-04
3.654711398619546470e-02 1.767826207920140114e-01 -3.569365074239235630e-02 1.993272400739062172e-02 4.175810591462922328e-03 3.297633485693770368e-04
-9.405730674063897956e-01 2.606838823765387780e-01 3.897401706357876694e-02 3.449874513052039737e-02 -7.833839871826657085e-04 -6.452503803761185054e-04
-1.004276136296697874e+00 5.908694547104872269e-02 -9.006032784388244214e-03 2.974666353842480432e-02 -2.850498151165607730e-03 8.577975809973920019e-04
-1.221568974787948098e-01 -1.388272871320502255e-01 -6.729787792470394957e-03 2.812721100179258133e-04 -7.763732771090649416e-03 7.843080719983165638e-03
1.114336489337841352e+00 -2.564168975016168917e-01 2.446995760977028686e-02 2.858528386597001050e-02 1.447728413816656194e-03 -1.169060435503997859e-03
-1.156839960346358609e-01 4.521864461501747257e-01 5.414001599544096544e-02 7.742926562699520461e-03 4.420289931915754623e-03 -2.333350163464361499e-03
9.515799213012175739e-02 2.300590535669080894e-01 1.725804119037457245e-03 -1.295083428578263328e-02 -6.373811537929315735e-03 1.803947148848052346e-03
-4.382020870778028931e-01 -1.462259957878913885e-01 -5.177315093916457986e-03 -2.331331658080459598e-02 -6.758208441724049840e-04 5.045048496152743133e-04
4.564024648069293644e-01 -2.798492089276096162e-01 2.009320708022786783e-02 -8.946158237988959330e-03 -4.340133523542255047e-03 -1.784077530827160672e-03
-1.585788655341566766e-01 1.396928179190143060e-01 -1.742278504659132768e-02 -2.463869049087750833e-03 5.649163605255299453e-03 2.196650439336969660e-03
3.223222683458626947e-01 2.235606097831332462e-01 -2.431642411618842314e-02 -4.333633450553016700e-03 1.591337814416347472e-03 1.900525073628587299e-03
2.823538979811264782e-01 -2.664769272113907683e-01 2.793640932629448508e-03 -9.771525052379182244e-03 1.342856896079130946e-02 -2.743410557048510563e-03
5.060477820336415355e-01 3.734609424756455409e-01 7.949347210905191585e-03 -1.636616314046219350e-02 8.245113111835849704e-04 2.266711835322184065e-04
-3.840922459295064706e-01 5.838829412324549745e-02 -3.218988687330669174e-02 2.197371404945651710e-02 9.389649194029677653e-03 -6.527733341165100050e-04
7.200859253252523962e-01 -2.994981245439295447e-01 1.775136094796962716e-02 7.056051108333901561e-03 1.179008994269567859e-02 -2.547580254392500364e-03
-2.348741223990920279e-01 -2.840038514488694710e-01 2.420710399735333338e-03 -1.092615424467598649e-02 1.324075947444607396e-02 -3.044952467686517627e-03
8.876028496282742930e-01 -2.157262000130372448e-01 1.440047764204412800e-02 2.773563361841460163e-03 -1.168099205643718594e-02 -1.461763054674413472e-03
6.444689936012056031e-03 3.541732351599389261e-01 -6.311409629163082340e-03 2.810214794901248758e-02 3.989917473088522293e-03 -1.430973769266786003e-03
2.741919701459706316e-01 2.123881645330885082e-01 -1.116746345660050987e-02 -1.611776341927393177e-02 1.475725958356123189e-03 1.483884764587600682e-03
6.156587153123930234e-01 -1.338415164084728326e-01 -1.610556880600193252e-02 2.476566727346449486e-03 8.880858848665969252e-03 -3.566136260947047523e-03
9.369554207765552478e-01 4.940418876425351630e-02 -3.804670028859501868e-02 -9.671458645317304766e-04 -1.572651718654212091e-03 5.613044056195697838e-05
9.563336405097446757e-01 -1.834309783432497010e-01 -3.975205816063588984e-03 7.452334235671343246e-03 4.206868126662244821e-03 -2.448532696205317580e-03
-8.977946740679417781e-01 -2.216674040224975994e-01 -8.873383708285513885e-03 2.494794932165056347e-03 1.335387632460681429e-03 -1.633742950916507956e-03
-2.597358757352516978e-01 2.454999059927552296e-01 7.408955536181888006e-03 1.654161227075257815e-03 5.003703241634939458e-03 1.766654125069519942e-03
-1.885607769687513424e-01 1.626336974894448117e-01 5.071791182166595149e-03 -1.540922586282703587e-02 -2.041699636468884659e-03 1.559656156324418881e-03
-7.087437783091009580e-01 8.177976409608095354e-02 3.626536379438613099e-04 4.472459309956455277e-03 -3.461635941061347137e-03 2.178684594100705439e-03
-4.729602111313099266e-01 3.774717465477502865e-01 5.247193365628744638e-02 1.949976698496680774e-02 2.941340295626092803e-03 -2.472914980935485285e-03
-4.708404208239706512e-01 2.670548651699203302e-01 1.838984454253664649e-02 1.173844724297750004e-02 -1.233425520378640585e-03 2.023308876611940726e-03
3.796619134289185016e-02 2.496054966164610589e-01 -1.785356905097123734e-02 1.068004055857655135e-02 5.039202145262878336e-04 1.818203955131380027e-03
-3.148021954860440452e-01 -1.453320208100737920e-01 -1.613660562736125154e-02 -1.179435364935232065e-02 1.122131796982153533e-02 -1.071599853701724015e-03
-4.932313155358121204e-01 3.103307854686956913e-01 5.748320998236940843e-02 -8.869534656780409670e-03 4.688870389796761205e-03 -2.652489239525122021e-05
1.690674231231598101e-01 1.784818794900198402e-01 -1.063527620959032766e-03 -2.842540140399169371e-02 2.158394861980226836e-04 2.854298468532046832e-03
-2.327955661200727111e-01 2.055562432595879896e-01 -1.296022690804830499e-02 1.133631047778206960e-02 8.338890753326972044e-04 2.411027306946944473e-03
-8.779193417942140476e-01 6.751340307404427032e-02 -1.679739218856516822e-02 3.726680964704014165e-02 -4.466463776220826708e-03 -5.049791854520722961e-05
-1.118860917365321677e-03 8.910025287541281647e-02 -2.098628829499632475e-02 -9.245458569784589103e-03 7.127932541646923512e-03 1.014603585343392235e-03
-7.399563860112819969e-01 4.408567938775557193e-01 9.562941130961186142e-02 3.041553811574356295e-02 2.728763110517062884e-03 -6.139965140353341629e-03
2.706834393130082284e-02 4.252399908981496779e-01 1.753818951275502858e-02 2.190401501519681146e-02 3.793970722904274010e-03 -1.289025369080848632e-03
-7.112101383317659398e-01 -9.952634037900870076e-03 -1.456128891432594517e-02 1.606977875332994687e-02 -1.764628251899925254e-02 -9.374133186950378397e-05
2.138580610009146316e-02 -8.023156844615348185e-03 -2.913741141487114633e-02 7.469882492334498428e-03 2.465652348387792608e-03 -1.212990368103924023e-03
-3.163474365327452742e-01 -3.177399438977135948e-01 1.772914471918075538e-02 -1.482561160629340159e-02 -5.946041749657962443e-03 -3.572913137486246390e-03
-9.703296610455910964e-02 3.045701873169249230e-01 7.351469750648960758e-03 1.226513723993097500e-02 -6.311728073899656316e-03 2.235494166038289325e-04
-1.543730702298188318e-01 1.001748175014364056e-01 -3.036741190533760563e-03 -2.062518871194402720e-02 4.391124514535872832e-03 1.366620212666097220e-03
-4.175617788608771419e-01 -3.315123494988680974e-01 3.176702823547648130e-02 -6.313996052536947554e-03 1.293811084082498956e-03 5.332286618842356496e-02
3.896399743976360908e-01 8.058543324452389911e-02 -2.415865811357075649e-02 -1.926802759551908550e-02 9.244796300726994959e-04 1.025750996160183824e-03
1.103340449920920507e+00 1.833393580384551080e-01 -4.382353193971284117e-02 -3.818343495979309790e-03 -4.721218998254473123e-03 1.196529721526385943e-03
9.056509449179673821e-01 2.458862260759740737e-01 -3.025842560611972931e-02 -1.504710636091413645e-02 -7.100437773346213698e-03 2.764365276829181938e-03
-1.098337836423051717e-01 -8.363688875565852832e-02 -2.883712336578585222e-02 6.895606427795603934e-03 1.309891890560911654e-02 -2.531741182113891354e-03
-3.071991707786619896e-01 3.219235804043948934e-02 -1.902365058101068360e-02 2.853875378324875409e-03 -7.296647554122357229e-03 1.012062009192776302e-03
-2.062876686491471323e-01 3.339593249628139415e-01 3.155311220759253465e-02 -2.560602685610447252e-03 5.456528512676976812e-03 7.792982017333423706e-04
-3.738415412200337129e-01 7.636498730611450403e-02 -6.095059802782049931e-03 -1.041844815457686549e-02 2.321534115706309648e-03 1.658750627195309428e-03
2.099177007182089216e+00 -1.690068847788301076e-01 1.523217819728519239e-02 8.505982310945410518e-02 -7.019514636179710609e-03 1.393681842616891538e-03
6.357148812923666403e-01 4.208468740176333892e-04 -3.172570874071559133e-02 5.881873712965864434e-03 2.069898880333044013e-03 -1.467724832722023609e-03
1.730951777058099272e-01 -3.928427439688991218e-01 3.591750774548504305e-02 -1.376099744424438137e-02 4.340806023605575832e-03 -3.000055435324847520e-03
-5.201771536324836243e-01 1.683019942186808268e-02 -2.605017860018967249e-02 1.446727234331596917e-02 4.922168081479415432e-03 5.751893172669576447e-04
7.999560398713294607e-01 3.112337815471338809e-01 -1.168855989937746254e-02 -2.193949474799617230e-02 -3.798753881517678496e-03 1.838835172661550240e-03
1.357093244529009313e-01 1.700041579511301151e-02 -1.746556390025081132e-02 -1.690654415876167646e-02 4.851799785012126873e-03 1.389495530927378970e-04
4.482440826082733087e-01 -2.373604045078732405e-01 1.372354574374174720e-02 -5.150093974983025423e-03 -7.302497256858084956e-03 -2.292319371559679419e-03
2.483284016402874037e-02 1.473546017054555013e-01 -1.056917321758534672e-02 -7.574914022481874301e-03 -7.856810662227511205e-03 1.489992481855702787e-03
-1.784633409454725039e-01 -1.384593705430836319e-01 -1.754511455104801679e-02 1.094712697231418029e-02 3.277794169317590003e-03 -3.113239037038833656e-03
-5.093578622330000583e-01 3.329154917960673310e-01 4.003269482388911726e-02 1.535332160042736371e-02 -8.385897911437731507e-04 1.641363285083150079e-04
5.216986492828585842e-01 -6.351093036071411846e-02 -2.206510896324249960e-02 -5.613030656430049829e-03 3.989113296578800441e-03 -1.447208650240111713e-03
3.006825516723076741e-01 1.588400635817468348e-02 -3.685066177125732867e-02 2.548902810852224799e-03 7.922434773040526457e-03 -1.157314224998680060e-03
-4.442683054034202161e-01 7.673806299826005373e-02 -2.488282257621753091e-02 2.673141487989377785e-02 -3.705351850821701244e-03 -5.620689038110982146e-04
-3.416000111216728752e-01 -1.655343879913287741e-01 -4.082155355172039854e-03 -1.385532738327579540e-02 -8.774206764903674793e-03 -9.629928125992170528e-04
-1.600001907834904813e-01 7.637756148360566599e-02 -5.333004363627909597e-03 -1.898316591782625920e-02 -4.755753748604323213e-03 2.220998972766148952e-03
6.151058981640765699e-01 3.014085344699296565e-01 -2.284248766848644488e-02 -6.828311282882779804e-03 -3.882496703952367789e-03 2.659296288592870750e-03
-5.518442095514783929e-01 -9.900167079265283221e-02 -9.404743357200968587e-03 -1.235864654617118037e-03 -1.350763433960593292e-02 -8.243557485547487081e-04
5.422240069250169325e-01 1.534129396922329636e-01 -1.293030874347580669e-02 -3.391669955787026541e-02 2.287983650102898975e-03 2.148426749139427730e-03
5.131097689139254570e-01 5.754970911687625756e-01 5.305777995642677047e-02 -3.007075928963967928e-03 4.103298265172968667e-03 -4.921932943114543449e-03
3.008322353622710013e-02 3.791250674047766944e-01 1.763959286113500960e-02 1.042782231855208033e-02 2.128337200937148108e-03 -1.499444473318177788e-03
5.817641220508268374e-01 3.618669700092001507e-01 1.412184067544663447e-02 -2.811041811866922535e-02 -7.788598421684327089e-03 1.068827341008327537e-03
6.698081330327990690e-01 -3.810533600719971936e-01 5.004987469751788487e-02 -2.738270257468501927e-03 -5.941829977584796134e-03 -5.618352525043977114e-04
2.475393346049703514e-01 4.445422805091455709e-01 1.786245601427509377e-02 9.525727280753010576e-03 -2.385286517799402718e-04 -1.173778070487678082e-03
5.915406271426507656e-01 1.030418439453333057e-01 -2.210164171380457621e-02 -2.865923919858406888e-02 -2.478977571172974199e-03 2.711696141063437825e-03
-3.054445611043088427e-02 -3.186552805704999658e-01 2.628547011032343270e-02 -1.221578188931492052e-02 -7.590315555149733731e-03 4.620754363511937052e-03
-2.534757118386327113e-01 5.025762815871704509e-02 -1.664904668499501625e-02 -1.937042804386607166e-03 5.304529092921349102e-03 3.840182995489765201e-04
1.465050532500945801e-01 -3.907937249040395744e-01 3.677293415012397593e-02 -1.571383455378953103e-02 2.236088854500064681e-03 -2.714648286778086582e-03
-1.206012658611074428e+00 -1.586461869940721248e-01 -1.263146086859681487e-02 1.860855580721437752e-02 -8.955405290290671325e-03 -7.856125173257241280e-04
9.651761449797865433e-01 3.409881529718890025e-01 -2.385947731753441589e-02 -1.372063288086654807e-02 -8.266007723958614106e-03 2.790305427501691034e-03
1.120765661466602003e-01 7.271057718246091983e-02 -2.875620269341282176e-02 4.884804297633104329e-03 -2.242634610571210638e-03 1.179757245520492663e-04
-4.395428783908053583e-02 1.270406521806838329e-01 -1.180969360783199612e-02 -1.571337884962785772e-02 3.993209420275711970e-03 2.498959848412422597e-03
1.258790920710603167e+00 -6.502268051398113480e-02 -2.734377110172105108e-02 2.080254598840594951e-02 2.955959208825835721e-03 -2.686511514013538698e-03
-1.099567245877121485e-01 6.144455209638895882e-02 -2.219905364851097740e-02 -6.675891399606589558e-04 -2.996138622525743055e-04 9.185876496133419658e-04
2.554762593816207739e-01 1.963601929054415163e-01 -8.859664569682809340e-03 -1.682652976862756417e-02 4.522029428590210523e-03 1.090180147035103766e-03
-5.863084230681147035e-01 -1.403565221410288735e-02 -9.215120861678582909e-03 -5.673371810097810851e-03 -4.131342717458254786e-03 1.596722994745051810e-03
-3.005457907870763834e-01 -1.702889444260112795e-01 -8.047905712478011647e-03 -9.836839128827363707e-03 -2.429651243311545944e-03 -8.962928092005427580e-04
2.187013523574186380e-01 -2.036899696088284029e-01 -7.007131680809568653e-04 -1.445263769579816816e-02 -2.204647923332361261e-04 -1.893508149641369301e-03
6.988843299188480795e-01 2.624591339836941373e-01 -3.210057047074108688e-02 -1.501599202312239390e-03 -3.056689759710899679e-03 1.601387065556142669e-03
-1.417834784700362505e+00 -7.473091033839798780e-02 -9.902836373845973206e-03 3.284290224153001148e-02 -2.105495947111987991e-03 -6.449413140065323954e-05
-1.529472874911165903e+00 -2.473804216580198223e-01 -5.594187881265917477e-03 1.852840328910932560e-02 -1.422304816630337761e-02 -2.335034284580572370e-03
1.080133061351068013e+00 -1.299949304486086865e-01 -7.755829252286978309e-03 1.214427543957018012e-02 -4.020228806254592425e-03 -1.722264586012241380e-03
6.477433317721651429e-01 1.367575827601905936e-01 -3.840064804465696119e-02 -1.548306478195571410e-03 -9.425518574176230350e-04 8.321888571407207950e-04
1.411603192908076065e-01 2.973280005014206084e-01 1.350145540665814714e-02 -1.615267602312135328e-02 2.686758125065219927e-03 1.170487309334816445e-03
1.134154638586806874e+00 -2.641326153158347623e-01 1.589586112712524854e-02 2.477021929488968863e-02 8.053977437681590981e-03 -2.522748646470357719e-03
7.921474986472876179e-02 4.249857524352267379e-01 5.057873705057656932e-02 -1.677583331246396831e-02 2.643491453460240694e-03 -6.680984139906114309e-04
-5.579173206506590210e-01 2.013769184876939011e-01 1.422726993265323141e-02 7.357480097067130818e-03 5.159378404149569768e-03 6.034600545452015793e-04
2.181570722035540977e-01 -1.435286635618341078e-01 -1.403472736114359277e-02 -4.451724437621207286e-03 7.106383287194800898e-03 -2.238554129003320417e-03
-7.419921586230443511e-01 1.430173534764209997e-01 -7.084140667226470310e-03 3.545895680185195964e-02 -9.297099568389482691e-03 -1.644353864226229516e-05
6.165545953331740270e-01 -2.952597520599711811e-01 2.769231865264161138e-02 -2.608943255940307862e-03 -6.575717173523265222e-03 -1.298849689712297398e-03
-5.329615910777203425e-01 9.556065705118288456e-02 -2.374765715750606389e-03 -4.551062923183417548e-03 2.606912966747404643e-03 2.960736466733263853e-03
3.134691688879046589e-01 3.747133035853458805e-01 3.165956929387472168e-02 -2.822084662333461044e-02 1.865577589301015962e-03 7.421988835148026712e-04
-4.269130372161878961e-01 2.147679197668916351e-01 -6.487531119485389838e-03 2.030693318590244198e-02 7.844792063839698890e-03 9.223047032675197243e-04
-1.369208105390262720e+00 -1.804861635559611710e-01 -1.174600170356246073e-02 2.826554606437354025e-02 -1.439886522469519849e-02 -2.771483310165202048e-03
-8.968188731711006501e-01 2.535719173226845813e-01 2.499569407248569686e-02 4.072479169037247076e-02 -1.910147391456530229e-03 -6.628510089349549895e-04
1.426548940610667504e+00 -2.613400618266844000e-01 2.739525549059836779e-02 4.736621714006867406e-02 5.885907030587948958e-03 -1.778141734771381335e-03
1.170594105504389471e-01 1.958346407358238783e-01 -1.772109565295717712e-02 2.145873479033664263e-03 -1.389673978756481368e-03 9.976883228103540155e-04
-1.319142894354503881e-01 -2.480479050161713550e-01 6.691315036598279725e-03 -2.116012503203326678e-02 6.601763866664463144e-04 -1.931568075449977256e-03
-5.019861387832454946e-01 -1.189429029555487127e-01 -1.965740674347020087e-02 -3.057688117072942732e-03 8.020639167601905858e-03 -2.324167907592264556e-04
-8.276232001221559553e-01 -1.998575190583111727e-01 -3.872427842514461309e-03 -1.003163041017461838e-03 -1.218787826443754226e-02 -1.803716421995525459e-03
-1.403622453286354765e-01 4.216372351138347740e-02 -4.332478768418666221e-03 -2.723479998896597906e-02 -1.201388915367609467e-03 2.394147205278617570e-03
1.415753986009696597e+00 -2.231479314720736240e-01 2.302718937933938628e-02 2.901410551521911574e-02 -1.189033897473694770e-02 1.665186170622801455e-04
8.012120166002603128e-01 -1.414671640494783167e-01 -1.060619781455527863e-02 7.115077635086195472e-03 2.603305548247715224e-03 -2.518483520899464801e-03
-9.079173246945172471e-01 5.568833860744203590e-04 -1.043191845876279000e-02 1.757664910141247191e-02 -8.214098585088504961e-03 9.225867291274062170e-04
1.544087912992036515e-01 5.160545849819532342e-03 -2.500165798303613865e-02 -9.530056092058218978e-03 -2.757199765120189102e-03 1.332979784068729625e-03
1.292627472177916570e-01 2.393988313201532159e-01 -2.635357200540415154e-02 1.646729156829471186e-02 -3.455595910678812199e-04 8.980654150141004254e-04
-1.097912584906023614e+00 -2.178537709690804014e-01 -7.733943729640086265e-03 3.293373021572780068e-03 1.439759860990788088e-03 -1.952735714256101677e-03
-6.073737075060903212e-01 2.757737566766806370e-01 4.533594252898372201e-02 1.106755381181591131e-03 3.345408367744142665e-03 6.655186510179620122e-04
7.589352349720422941e-01 1.858137212929682480e-01 -2.753348804446127326e-02 -2.048990550776257080e-02 -3.330150974904646632e-03 2.459394641694321541e-03
3.396161944590723181e-01 3.474898490823200015e-01 6.973617541605242956e-03 -8.633583988424856082e-03 3.358210144664932739e-03 1.918330979568287425e-04
-4.581612567081568277e-01 1.463711281761647352e-02 -1.273462517628645013e-02 5.828861783194207689e-03 -1.403745652224637833e-02 -8.442563093573755340e-05
1.397857776396709828e-01 -3.247619399429854670e-01 2.552555550767077186e-02 -5.032837437041518501e-03 6.375328124719281762e-04 -2.672017890919597266e-03
-8.406668529597959016e-02 -1.317651832095984854e-01 -7.919456667878729816e-03 -8.414634712341374084e-03 -1.088330435726567354e-02 -2.070672658496689866e-03
6.506615923078636898e-01 -1.566502555907387795e-01 -1.089470811360955527e-02 -9.133186264167901698e-04 8.726269379431845358e-03 -2.441671641680648146e-03
-8.569082735339198509e-01 -3.930252523653493535e-02 -2.490157516109382102e-02 2.161277943108182859e-02 1.219281663639665281e-02 -3.248913418351037381e-04
-8.991024615962660560e-01 -3.553270785485799221e-01 1.484000930169026428e-02 -1.081997958046311374e-02 -7.925628638163919812e-03 -2.953297233334824246e-03
-1.032144721013912969e+00 7.449081964468783068e-02 -5.565347986960198249e-04 2.423548054039450367e-02 -2.452846880995441809e-03 1.601831734926168708e-03
8.290902825874586490e-01 -3.864969422212551353e-01 5.322463316056973148e-02 9.180324689630247129e-03 -5.261493117718156302e-03 -4.010946800370521204e-04
-7.355982843538889926e-02 1.342920132657286214e-01 -1.329129367878558766e-02 1.587111729658666811e-03 -1.234145861065237028e-02 8.978863657885108925e-04
6.099165998739336514e-01 -1.716945392971365170e-01 -1.021524971493059132e-02 -2.160984156790635505e-03 8.095651406876510497e-03 -2.138051316303224685e-03
-3.751693092661865236e-01 3.035305877098387617e-02 -2.969641087229224485e-02 1.169172403510134253e-02 6.257246780635929324e-03 7.471374917939004566e-04
-2.732143304319628041e-01 1.183194821082980547e-01 -1.423570704326342258e-02 1.648468927524064003e-03 9.735920662612647164e-04 1.095991516233542394e-03
4.238106557372967598e-01 5.142917235537203258e-01 3.646759203744414507e-02 -6.319889278004379258e-04 3.943691968326551792e-03 -2.551179661529020138e-03
-6.745129679115807741e-01 1.191991770256572714e-01 -1.275148910521413902e-02 2.590127201774474613e-02 6.621957546356762279e-03 -3.131742530582294214e-04
3.458252525316569126e-01 3.711612812145584361e-01 1.981403337016288818e-02 -1.726208361302144015e-02 1.032931286641557015e-03 -3.382421243988493402e-04
1.657679538058167479e+00 -3.159980163701155420e-01 4.735369367275740760e-02 6.531698323442566845e-02 -2.708036472598872833e-03 1.957320462662647583e-03
-6.766767240838861275e-01 3.476452220678404315e-01 6.405148486161023336e-02 1.602182769922220335e-02 8.981320313709858323e-04 -2.000399392060845088e-03
4.713202537265452907e-01 7.363684977606274051e-01 1.483658492168869747e-01 -2.519121152828203425e-02 8.184161262376496090e-03 -1.278245438903279768e-02
-5.071439940034069283e-01 4.705063854006471397e-02 -2.794110369790920104e-02 1.479714762766804956e-02 9.418241776383095773e-03 2.218457248891016805e-04
-6.812873147730323931e-01 3.229519533757057026e-01 5.557414119327110796e-02 1.480911624444327182e-02 8.627435870860417771e-03 -1.209707811595459427e-03
4.179997071761751837e-01 2.089033269619987310e-01 -1.248696639191447522e-02 -1.602121012995879126e-02 -9.609215730347975618e-03 2.050936875587116431e-03
1.159906898890060295e-01 -3.667586721724896415e-01 3.511255741515437873e-02 -6.630253082272986181e-03 9.757714731894962185e-04 -2.508321643642662160e-03
-9.759875770556067920e-01 1.380941907184471129e-01 3.808876682414253246e-03 3.195511974721890885e-02 5.966317891320272425e-03 5.486379213062021580e-04
-6.723634855771788432e-01 -3.267366752874219515e-01 3.421111258261475257e-03 -5.375957335820516145e-03 1.307173228361205308e-02 -4.433710306415712676e-03
-4.483152296932752523e-01 -1.595738589151851072e-01 -7.263426620360619555e-03 -1.231254047494103297e-02 -6.995816513423713237e-04 -1.687283866313425435e-03
-1.499691933604197780e-01 2.666532377274218324e-01 8.830262004832374265e-03 -4.308193579814056234e-03 3.330682450676551807e-03 1.912603732405493591e-03
-2.922764792530036515e-01 -3.067895293912771271e-01 8.026132960243891404e-03 -3.465163673953158309e-03 1.097251269268877463e-02 -3.725835466234321807e-03
1.028519771991162797e-02 -4.157768679446109394e-01 4.442993710696239301e-02 -2.538449643141603429e-02 -4.848467076952304305e-03 -1.940303532155521031e-03
-3.860339052421978001e-02 6.382678031036115307e-02 -3.060857519184533374e-02 4.911511016162088510e-03 6.962866607615919882e-04 3.750738019361935221e-04
-2.068871013193272768e-01 -1.895443067280949689e-01 -3.158534336331217060e-04 -1.633190310048350177e-02 -7.892710840419378884e-03 -2.237114375250074619e-03
-1.419210984438240841e-01 -6.028659398081758630e-02 -2.707057524975864382e-02 -2.907628125777527058e-03 1.086043134263932168e-02 -1.775319463308397752e-03
4.346742163879829812e-01 2.516737408124082864e-01 -2.982017076241602616e-02 2.353588910974021686e-03 -2.567851486818322425e-04 1.707603622010490235e-03
2.851360192756298151e-01 2.401460566161404964e-01 -1.817190697739364327e-02 -3.896166983450129878e-03 2.646322527990734898e-03 1.339516553967905199e-03
4.308485179686866173e-01 1.012363446947504020e-01 -2.706547789370528090e-02 -1.366301585032829446e-02 3.820517523588287147e-03 5.208429784486567167e-05
-6.086969747903475669e-01 5.364530854549798278e-02 -1.845976684121419797e-02 2.119201683827094673e-02 4.823049452440259779e-04 -1.193391458707834601e-04
1.292848615450704619e+00 -2.284276757735188568e-01 2.080205257447024364e-02 2.842518519459538012e-02 -6.910575967258293824e-03 -8.944007887688753579e-04
-1.979563248860453928e-01 2.616548329875993950e-01 1.860859938564330199e-02 -8.232301008639730452e-03 -3.918526134707434744e-03 1.903560125567453892e-03
7.948928376438508803e-01 -3.489990663757611689e-01 3.736002770284018587e-02 1.793430227852982686e-02 9.555422385988171161e-03 -3.142165200278332696e-03
7.724038006499713838e-01 -1.149274248985984737e-01 -9.630677696429147672e-03 -4.090632809537086967e-03 -6.572369769641194306e-03 -7.886627296161220551e-04
-7.623227031090135108e-01 1.098712924989199147e-01 -1.436574552352653904e-02 3.518793655206762377e-02 -5.881317884310787412e-03 -5.222553061759902752e-04
-9.315510377516661444e-01 -1.835080612810287282e-02 8.411416751270144154e-06 8.139461806147118422e-04 -2.469185941622398153e-03 1.036237588878242142e-03
5.198737892396775306e-01 2.162277986497592452e-01 -3.350537180502702328e-02 2.020689906120164570e-03 -2.695340501418937249e-03 8.098526505726571720e-04
-8.770555200168020926e-01 -3.623752910601135691e-01 1.121084643092051629e-02 -5.990874808203034210e-03 4.134197722696455676e-03 -3.598983177293633377e-03
-1.121729551646020173e+00 2.180015666391360921e-02 7.058228819779010024e-03 1.388390246777402443e-02 -3.998773051520853293e-03 1.598952081343745163e-03
-1.687681869102713450e-01 -3.420346972764043425e-01 2.971220097113696362e-02 -2.724881402543637837e-02 -1.415550073896237188e-02 -3.047886043643347701e-03
1.523595520817322066e-02 1.083021340322597517e-02 -2.069385385780573780e-02 -1.817693611994962086e-02 1.181587671916907532e-03 2.200785530314761096e-03
-8.968292872312485509e-01 -2.306688700129095604e-01 1.853914325218520480e-04 -1.605081146455507313e-02 -2.577898839930415492e-03 -3.259846197848045076e-04
7.494924422080985471e-02 -5.135524694917468352e-02 -1.536443515641709723e-02 -7.337948814748826085e-03 -1.158569248031471148e-02 -5.491114224061316874e-04
-9.304367005496576581e-01 -6.171670738641466675e-02 -1.042642071498616277e-02 9.513641758569993043e-03 2.202265158746503915e-03 -8.529011246391291889e-04
-8.808695189769925049e-01 -1.491218453548670830e-01 -1.557379240230434211e-02 9.598979965645210166e-03 8.279072668401605065e-03 -1.599628466032906133e-03
8.074415719722519702e-01 -2.484328130688182312e-01 3.436374001928512757e-03 9.340791285771274030e-03 1.340130866637061560e-02 -3.745289166634576099e-03
3.784244313197308585e-01 -3.633277303821108029e-01 3.276450453569296900e-02 6.914699800096024002e-03 1.305764524767288534e-02 -4.582012839766039583e-03
1.815087494763703679e+00 -2.049646066155416113e-01 2.608555752267421521e-02 5.694183603413571076e-02 -1.484256704487492938e-02 1.667506741954852397e-03
1.007148869471978792e+00 1.944735602766886340e-01 -4.045744343835420975e-02 -8.872036626883871013e-03 -3.970663387044483413e-03 9.390176156049768238e-04
-3.328674615052172880e-01 2.448684377152161862e-01 9.097083890351044359e-04 1.966271448382100537e-02 3.235880161217876295e-03 -1.229182655600317465e-05
9.485384239677469020e-01 1.842096231374781012e-01 -3.866502032880460293e-02 -4.618693018416910462e-03 -2.702311650405768081e-03 8.355238515748987212e-04
4.311372561193572706e-01 3.610510757939307536e-01 3.798230894929557899e-02 -4.601000254580860788e-02 -1.349687378983501071e-03 1.456789174965453151e-03
-3.071917848555823505e-01 3.937665687445226492e-01 4.330714199342422521e-02 1.601392197665098271e-02 -2.129380593329925284e-03 -1.195829077705624086e-03
-5.331439681677233589e-01 -3.610821994106622190e-01 1.999675565096847504e-02 -1.623646764596689551e-02 -1.592141130470276552e-03 -4.047474333063572939e-03
-6.135883870197327700e-02 1.047839884445110614e-01 -2.898721664386109953e-02 2.878504619739328044e-03 3.980441067006551710e-03 1.746109990233454291e-03
-3.452209752857760550e-01 -2.020062592362842357e-01 -1.089892538583201419e-02 -5.951725615942121683e-03 1.263835736047145761e-02 -2.506581101119240065e-03
2.585769412948425994e-01 -1.871388960447073757e-01 -7.499489622923695940e-03 -8.333657028086432009e-03 8.218910506557049189e-03 -2.299368443591733643e-03
-1.092232678761899910e-02 -4.615446236792882240e-01 5.173363814407653388e-02 -2.611586466822415735e-03 5.309689012924201021e-03 -3.293314052236726106e-03
-1.110692453625928000e-01 2.485497176022027077e-01 -1.413442419482092809e-02 1.408828501422273310e-02 3.402320866525816723e-03 1.056632065127319827e-03
3.388719220569378909e-01 -1.229054948483421783e-01 -1.263019497433491047e-02 2.236175551632064648e-03 7.341418923122965817e-03 7.110817271731790026e-03
7.343186311044132275e-02 3.072234031161985568e-01 -9.618473132116977728e-03 1.196523320556596055e-02 -3.928537000059070111e-03 2.245603298264288363e-03
1.274701660628722699e+00 -1.723912355809377461e-01 7.537485169971601916e-04 3.164559691015197962e-02 5.274531985757789469e-03 -2.592444986763693497e-03
1.087990774425992901e+00 -3.941067713954870544e-01 5.683752829083231484e-02 3.542998573909426907e-02 3.237341371022428842e-03 -1.279064520309614950e-03
-4.865031301277883413e-02 1.076543821795784700e-01 -1.182313025964294197e-02 -1.229081029121651888e-02 4.921036783236838394e-03 4.477864274041713929e-04
1.217492734799731219e-01 -2.181259232829655392e-01 -5.695364633530998835e-05 1.428932003701112062e-03 3.870614066164913911e-03 -3.036124024441170296e-03
7.838688321556129823e-01 3.952998228428251104e-01 1.517586560231247612e-02 -3.632072760138602141e-02 -3.655615112246148653e-03 1.678217378574671688e-03
1.355396875712038818e-01 1.832968122373268560e-01 -7.103278007099192957e-03 -1.585494023259947927e-02 3.795039345570217024e-03 1.504324102523907575e-03
-1.393779902815953098e-01 2.269150876872043643e-01 8.156970653378538272e-03 -6.245137378359867306e-03 -5.726763175380870149e-04 5.206121244455259823e-04
-4.463395782044668469e-01 1.778777254693708343e-01 -7.672667463665725808e-03 1.205347009981611733e-02 7.017950453849701974e-03 2.028634709312337244e-03
-2.249703668173914095e-01 -6.106183129625109701e-02 -2.430598756858937462e-02 7.933956029992467532e-03 2.783312338318448369e-03 -2.590977173130340309e-03
2.822535919771242963e-01 4.743617019722833894e-01 2.959422923240136519e-02 4.750907477431010051e-03 2.967697786728251165e-03 -1.618673170888214113e-03
-7.887465274436181728e-01 -2.755210491590444691e-02 -1.016909734386390284e-02 2.167516553537933346e-03 4.649497655920696061e-03 1.188214566969862055e-03
5.277473160328627344e-02 -3.699464230404836962e-01 3.688915274370843655e-02 -2.695606621178152709e-02 -8.743990105028057527e-03 -2.510566674925144518e-03
-2.435189337530137832e-01 4.268146334283295373e-01 5.358393224713357134e-02 1.138225627072655954e-02 7.865551201699067310e-03 -2.256683607986446558e-03
4.052669801743509215e-01 -3.134246706090458301e-01 2.814607187742087027e-02 -1.207685944913619754e-02 -4.557010204773737257e-03 -1.861282258605877508e-03
-1.342203183661783594e+00 -2.802295943341919227e-01 2.677736116389284758e-05 3.927802057796703390e-03 -8.300475462267536617e-03 -1.816608088476869215e-03
-3.114339973873768153e-01 -3.283239907469537866e-01 1.130405343614729850e-02 -3.179521109466694213e-03 1.290681887478100850e-02 -4.163775109978412430e-03
1.777605046245879852e-02 -1.595707831171711832e-01 -1.328467675577835010e-02 -1.337673126156269966e-02 1.069522757640957271e-02 -2.728343504358955469e-03
-1.300645666869661987e+00 -1.798138457145845026e-01 -1.293258709835299648e-02 1.758797432861535989e-02 -3.978603553417483542e-03 -6.783114782037461508e-05
5.805642249562061874e-01 -2.993732406087028838e-03 -2.644533541077502894e-02 -1.153035946450287237e-02 -4.023539232486980644e-03 8.427258909553977896e-04
-6.561298037755374235e-01 -1.454816391433289557e-01 -1.167826705412405332e-02 -6.390670155111362327e-03 3.239807040757104110e-04 -6.819175899937109878e-04
-6.469468017197592680e-01 4.011560774352306846e-01 6.844891750058858249e-02 2.831553057870922832e-02 1.668739030911627454e-03 -4.024436379758376814e-03
-6.210365521917362575e-01 -1.033659049623854992e-01 -1.382061489164979062e-02 1.182918419549380817e-02 -1.886437406917291365e-02 -2.699941790787010500e-03
-8.326123666870010043e-01 -2.729697006606976797e-02 -1.804585018873255953e-02 1.596118527982693172e-02 -4.349259385109463701e-03 1.293489212265455960e-03
-5.825397777443730440e-01 -6.453060910429972430e-02 -2.753084416007723148e-02 9.466067593283635645e-03 1.042328764666630193e-02 -1.138870280829684347e-04
3.112113817997088638e-01 -2.508485052741692423e-01 1.235283239327838144e-02 -8.912751947780954420e-03 -4.927081619978723563e-03 -2.890635921573270293e-03
-6.732518948671040171e-01 -2.013792390574265234e-01 -1.255357310825272465e-02 1.270077455446321597e-03 7.940104517452689983e-03 -3.047846813393890759e-03
-9.154183799921417064e-01 -2.197133941292739590e-01 -8.584109221984016162e-04 -7.348190407016387711e-03 -9.775749428302090219e-03 -1.115572776491696033e-03
6.074452092582584110e-03 2.550115778069529937e-01 -4.116056980681494226e-03 -4.499343856205232847e-03 3.115454182931840389e-04 3.139168939820701637e-03
-6.138731585612023506e-02 -3.441706823525273462e-01 2.666024920837739912e-02 -2.395259823419892964e-02 -5.262846999688412623e-03 -2.327241585802429860e-03
-2.687977316192019517e-01 -1.542495767490938419e-01 -2.413128215023386744e-02 3.655291861070460776e-03 4.157543464674182815e-02 -2.586131101051128769e-02
7.041543065613187213e-01 -2.409317369049311097e-01 2.025991579765032066e-02 -4.343360840550016303e-04 -1.393817457917120341e-02 -1.155623473593985363e-03
-5.561285573196406151e-02 2.372132931788618060e-01 1.123067765893913904e-02 -1.222484874717504229e-02 -5.358174726200816765e-03 1.484509798915127372e-03
6.431302865605595387e-02 -1.371269598489198716e-01 -1.331458619253115400e-02 -1.278293553522279712e-02 8.158973905972952828e-03 -1.727368760078557127e-03
-6.130484934503076522e-01 -4.011520997896604879e-01 2.959695762757159204e-02 -2.782770618661802031e-02 -5.157288103222738840e-03 -2.578557234217827843e-03
-5.687306895609056667e-01 2.194846663451137658e-01 1.977703664522927930e-03 3.090416910971761563e-02 -6.183827982433908778e-03 -7.734301778066115293e-04
1.167258700555267037e+00 2.581872012745903625e-02 -4.361459210858421864e-02 1.591925454374680179e-02 1.587264119900208591e-03 -2.301557154055311558e-03
-2.484392134183555367e-01 -1.682801859865273864e-01 -1.202351213300181104e-02 -1.710231133511511126e-02 6.245465954835656246e-03 -2.428771476799425875e-04
6.460096038422767917e-01 -1.730575780588681223e-01 -1.807714406086614184e-03 5.707181504851945378e-03 -3.443984786425973365e-04 -2.142406195412352443e-03
-4.004164480114888458e-01 -4.727980941867750420e-01 4.784980011044735748e-02 -2.204421533147172749e-02 -2.232739506388260829e-03 -3.678098042638942595e-03
3.620498623751888245e-01 4.021917163652921068e-01 2.846569098517933230e-02 -1.865529393512677797e-02 2.489636624572681266e-03 -2.690079154221139608e-04
2.445443512623135529e-02 2.318200355896711806e-01 -8.348148244070275822e-03 -3.779939128723286326e-03 2.488950388833601358e-03 2.183882308100112968e-03
6.199134408197446433e-01 -7.278194471338125630e-03 -3.369369255030916360e-02 -1.398958327688340280e-03 3.179233231353633792e-03 -6.565749665389328119e-04
1.435950484106249536e-01 1.261944180829509821e-01 -2.563272129469893260e-02 -4.446672734989026710e-03 4.689861724719040018e-03 9.839454054712604755e-04
-4.036803894125615827e-02 -1.617128273357434087e-01 -4.236522845975101113e-04 -2.713619426339854146e-02 -5.666336404416072794e-03 -5.832886120494593487e-04
-7.389682883658174051e-01 -9.023075044169941161e-02 -2.105405727599331343e-03 -1.028981171069656003e-02 -1.371989590227922287e-02 -2.160780276160383356e-04
-7.941284933928681733e-01 -3.900929992048622532e-03 -1.231662078598409586e-02 9.978893287047164648e-03 1.484093955049543704e-03 2.667906410674051459e-04
-2.925129418309498908e-01 -1.580203907559787069e-01 -1.072709300505502589e-02 -5.498894273972128668e-03 1.903082797491702617e-03 -2.894513131845198421e-03
-5.344776402634956458e-01 -2.495705222376300714e-01 -4.171445410200218598e-03 -2.041161191121584808e-03 5.747948174602152301e-03 -2.340522246484794643e-03
-4.387904518948022581e-01 -1.914974063268619631e-01 -1.581100526116755930e-02 -4.650172137488049751e-03 1.396567607055479096e-02 -2.003864709461380001e-03
1.580109711524534111e-02 1.554820490177549197e-01 -2.532188599253932387e-03 -1.922646298638381115e-02 -6.986183559204593631e-04 2.052234879052028220e-03
-3.268860779664140570e-01 1.068159255872673935e-01 -7.188458729155188486e-03 -5.682730532495446595e-03 -1.911907939970557569e-03 2.373022915897372073e-03
6.956558952226301606e-01 1.303434226912101312e-01 -3.736536289346024248e-02 -8.750832248117757298e-03 -2.261343004546615711e-04 1.138403616666243748e-03
-6.040887495669159390e-01 -6.793968415844049702e-02 -1.103863304683025751e-02 3.403433005166327848e-03 -1.796991471580179633e-02 -1.403451510022524001e-03
7.205702784713812203e-01 9.046166008104399026e-02 -3.653665904217945348e-02 -5.622420863850482835e-03 -1.490336442211087501e-03 4.529430211623090776e-05
-7.285543030259615804e-01 -1.679216843332279330e-01 -9.551847966073021305e-04 -1.647498652975529915e-02 -5.661520957658847802e-03 -9.661043081142865448e-04
7.319994023649534221e-01 4.458384304131458170e-02 -3.555843263104109531e-02 1.087018868481757355e-03 1.073466121357328400e-03 -6.613414421518253213e-04
-6.957387316623604434e-01 -4.695682091048743872e-02 -1.984530445807349344e-02 3.023374977934317840e-03 5.853174860226025879e-03 1.775885690666372451e-03
-6.852988330606347711e-01 2.284555007269429561e-01 1.880273449828406829e-02 2.110581214893234372e-02 -8.067498952273563159e-03 3.855383732288149268e-04
-2.501991449169741477e-01 -2.992670918273205305e-01 1.343583916632492409e-02 -1.184172850870751463e-02 -3.275010832674092511e-03 -3.728734455269891272e-03
-3.974655444684221384e-01 -1.806551241998156088e-01 5.391078412932901950e-03 -3.302378563269030287e-02 -8.494946352556447325e-03 -1.044937366017222350e-04
-1.385607967014113873e-01 -2.854582621447371293e-01 1.243813418854828982e-02 -2.130982189177235090e-03 -2.614658145900642001e-03 -3.248259444695016356e-03
3.386301645503789204e-02 1.717416220910612246e-01 -1.873511123818754134e-02 -4.495256197779266480e-03 -5.888978104272756453e-04 2.892015073585703453e-03
-9.131187225137351593e-01 -2.251947306655493475e-01 -2.081795375843129622e-03 -1.806896516730973658e-04 -1.316621279094332825e-02 -1.825411609711120441e-03
-2.621937038047233437e-01 -1.045828433593410933e-01 -1.649831599453727149e-02 -1.513825928125493020e-02 7.906357375200085552e-03 -9.426255357824747102e-06
-1.877963524164301956e-01 1.222331794146242628e-01 -2.076574784668825877e-02 -7.287765565828086944e-05 3.210509177582568287e-03 2.686204091107844555e-03
-1.730048459248706774e-02 -2.445146922505209985e-01 1.296256154585753370e-02 -2.595090886000620684e-02 -1.192828927289034044e-02 -2.103090365725143480e-03
2.773065631717658852e-01 -1.363135528761967308e-01 -9.978425392816262993e-03 -3.224373844939728423e-03 -2.869701366165769690e-03 -1.759820141962166028e-03
7.048706036162909472e-01 -5.418228490787765916e-02 -2.298719224756380630e-02 1.030691508907953351e-03 -6.362850966484184323e-04 -1.271597837388745329e-03
9.788874492654543458e-01 8.533051810532905901e-02 -4.118643867990953722e-02 -8.747644987102023550e-04 -3.063391404046341901e-03 5.228783422710654976e-04
-5.147158964072920950e-01 -9.060687088978860992e-02 -2.558818617848338320e-02 7.599486892846059154e-03 1.052568476052506002e-02 -1.057992850411962641e-03
5.101899291497538069e-01 1.085176955008311239e-01 -2.565445418466848551e-02 -1.971935011092164694e-02 1.037123116326006157e-03 1.603648967990136884e-03
-1.272910372805554358e-01 -2.628811998099179759e-01 7.506274906625520597e-03 -2.553723347567391291e-02 8.952624646595358591e-04 -1.186862495757374722e-03
2.580667987035494826e-01 -9.460713081431813831e-02 -1.865516799287667699e-02 -6.907384036112153118e-03 3.752209244379378552e-03 -1.422967886735814359e-03
-6.120990262721395236e-01 -8.348638080899413449e-02 -1.857707490629992991e-02 1.572030241824139488e-02 -8.663350906682349209e-03 -1.702591655922390881e-03
-3.515685643734661747e-01 1.317611217010102032e-01 -1.149813967892036361e-02 2.832901222519407930e-03 7.146816684769866090e-03 1.610890978572443585e-03
1.169570864214497297e+00 -1.657552945239152975e-01 1.899256866143053104e-03 2.339380489487305134e-02 2.256523940396944639e-03 7.298724484426680550e-03
-5.235689372871327185e-01 3.036375809354924238e-01 1.300974356838020818e-02 3.861778713744321717e-02 -8.720764316415524631e-03 -1.371789892738042773e-03
7.383738359153603492e-02 4.305753408548674832e-01 2.956841887068674055e-02 5.054298295894953975e-03 2.619566989218452416e-04 2.377816387523177004e-04
7.443779508131392886e-01 -3.757646305431346923e-01 4.433002425143638126e-02 1.113612433283434761e-02 3.667629715749408034e-03 -1.304660529214830183e-03
1.229942154394188636e+00 -9.800395101694781008e-02 -1.316222955077937969e-02 1.457476901745588874e-02 -6.681527961199451235e-03 -2.357105362213862817e-04
-9.389027676612211604e-01 -1.182076486217409489e-01 -1.969402792650591302e-02 2.194273780439043309e-02 3.172878854552408940e-03 -3.129690991783603236e-03
4.543525413894335396e-01 -4.096065452069392321e-01 4.971519800734236494e-02 -2.621811186943572101e-03 6.647535472972249245e-04 -2.249635052170165152e-03
-2.026776293372493931e-01 -3.208733170234454729e-02 -1.330232507796421000e-02 -1.867676179410762694e-02 2.288049267028571462e-03 1.166563901700016972e-03
3.421131311519429868e-02 3.322198360872422040e-01 2.599754948152313561e-02 -1.380703382142491747e-02 5.781532706722923923e-03 -6.623448995325472853e-05
1.880006150374905760e-01 -3.924906138551723656e-01 4.364062559951883968e-02 -1.486557487065543956e-02 -6.946804428654536345e-03 -1.880844334311316266e-03
1.419064678345364483e-01 5.993736988757533690e-02 -1.837098675314520480e-02 -1.039024123467817418e-02 -8.521185433018062944e-03 3.209541539762649290e-04
-6.484464718554839857e-01 -5.846866848057387378e-02 -6.637232427735806697e-03 -9.863895510959692220e-03 3.692408289009287744e-03 6.942725481123986856e-04
8.050272992096170199e-01 3.458101040240122437e-01 -7.338626564244350899e-03 -2.078983366271540401e-02 -6.104272227403441560e-03 1.256197103679809876e-03
-3.995208683331832877e-01 1.254580192994043386e-01 -2.424937636602186516e-02 2.097445790590861392e-02 7.151101283181640449e-03 -1.664729233434690135e-04
-7.918668427711254010e-01 8.452739606647373394e-02 1.699714072954424532e-02 -8.333952314163887987e-03 -2.347727268431781984e-03 2.628249200092335099e-03
8.530563058793670939e-01 4.219216304683707786e-01 2.210388171293737811e-02 -4.193367736909567323e-02 -3.845111763936895962e-03 1.471748498634845156e-03
1.467924084625022330e+00 -3.414224306716772128e-01 5.274176810392502968e-02 5.576847723228659653e-02 -1.251248198984681540e-03 7.086770916741219660e-05
-4.558456299172643500e-01 -4.966894618768478986e-02 -1.258196887484446143e-02 8.847981772541532036e-03 4.904842716222456572e-02 1.774570296701355465e-02
-3.428098384059277692e-01 8.504922169284302724e-02 -2.103004112081054144e-02 1.253674496408495667e-02 -2.607228461678873146e-03 -1.870142484805770722e-05
1.301778485914970585e-01 -4.295098472773654086e-01 4.901705499655546056e-02 -1.637994596754655321e-02 -5.077202581032543537e-03 -2.204451270109077533e-03
-2.116815181511751687e-01 5.368871244650105790e-02 -2.573927142760258982e-02 6.591541371320635938e-03 -1.796771234143885012e-03 4.192282063174738527e-04
7.421610851842554979e-01 -1.526543190035032083e-01 4.842822702851573157e-04 -1.739291491139997609e-03 -1.275412834724169199e-02 -1.779442535684604100e-03
1.286464322237990787e+00 9.452201554309809517e-02 -4.906894573645963209e-02 1.040842574395731308e-02 -4.088036262840407178e-03 -2.609723459205570925e-05
-9.499260521907774146e-01 1.484677151419952490e-01 8.935902710387072859e-03 3.028588008322598626e-02 -7.425263446500650778e-04 7.935929891029560885e-04
-1.335681915307405931e-01 1.545748420722021788e-01 -3.509823137973970553e-02 2.462218459840014376e-02 6.518953843610502709e-03 -1.149435988858581040e-03
4.601472924258755981e-01 -2.070652343869200107e-01 7.047094106131030454e-03 -6.379628413044962851e-03 -6.862854721233806014e-03 -1.134701633269615028e-03
-2.209088218225389033e-01 -9.640881287005499678e-02 -1.951733104912352357e-02 5.404717957466159163e-03 -3.864248686652859820e-03 -1.262579841513370273e-03
-1.236902390373187943e+00 -1.082593895155470748e-01 -1.798820292851906893e-02 2.915978243506674172e-02 6.313334001654881400e-03 -7.959080201008322504e-04
-3.493817715025694937e-01 -3.993135349569177928e-01 3.098404232508489287e-02 -1.749869906089301236e-02 8.465970494609217261e-04 -2.882275629661287634e-03
3.796441536897287583e-01 -1.807650896094026016e-01 -4.977208488087322621e-03 3.805955736553184952e-03 4.663347095614827666e-03 -2.833512231638135159e-03
8.501489761276892487e-01 6.954734145794083666e-02 -3.654711533220094538e-02 2.583623052940359731e-03 2.165469272406330401e-04 -7.533603207503249653e-04
3.026054625751792848e-01 -6.584274784507276879e-02 -1.656927946483820885e-02 -6.379117201742549002e-03 -4.521266469114758671e-03 -8.470409336478293720e-04
-5.738191033407844532e-01 -2.821434463757100941e-01 1.179214943513847737e-02 -1.885252033547086745e-02 -1.202522105962582771e-02 -2.269849135611844669e-03
-3.721083493544655729e-01 -2.366092530635729718e-01 -5.567907519055252316e-03 -1.105730419590367046e-02 1.332504076920633385e-02 -2.591162269500409121e-03
3.023547813907073167e-01 1.381287833580825408e-01 -3.109765916850058473e-02 -5.303934731843650517e-03 1.442917005743573526e-03 1.083922433572434433e-03
-1.948921384853651018e-01 1.236234616918237689e-01 -1.594571035242491747e-02 5.128977065225642437e-03 -2.828680037000501270e-03 2.534660406878652293e-04
6.205056267400203135e-02 -9.631318434072272394e-02 -2.203389379381823915e-02 3.375113991948204030e-03 7.032963967007766111e-03 -3.676597922906780277e-03
3.167824818192816472e-01 5.897838786049284243e-01 1.075335580632202914e-01 -3.100206004595521675e-02 5.758641171138764725e-03 -6.481435324303687871e-03
1.194636118392365276e+00 6.504850917725917003e-02 -4.482816794371579511e-02 1.048449381974457702e-02 -2.709358595485707004e-03 -3.183535015503878704e-04
-4.363233655398905397e-01 -3.000888506365322339e-01 7.922575564428699368e-03 -7.721947744276392959e-03 2.446045031963479163e-03 -4.106634645928790121e-03
3.203459403056215793e-01 -2.167022152057690165e-01 -2.849930339655193379e-03 -1.763815335185571834e-02 7.131546367827072512e-03 -1.425818961244414282e-03
-3.930481812945414988e-01 3.463657527035212541e-02 -1.441530465495387617e-02 -2.175059125343469131e-03 1.828875636581847770e-03 1.106456531829394562e-03
-3.596078805441987880e-01 -1.284802876860874007e-02 -2.610078305880588617e-02 1.111283146048790138e-02 -2.053857186537108755e-03 1.122721738808172951e-04
-7.564537985833430511e-01 -1.317391472104734174e-01 -1.477609705928758371e-02 1.082843129185095954e-02 -6.693089022107315267e-03 -1.424911299472803820e-03
-2.402533142392877796e-02 7.668285233598418071e-02 -2.054892188187523380e-02 -1.158283268272238854e-02 6.535611639114661999e-04 2.572270545110564959e-03
-5.587915801991357734e-01 1.131071687052669639e-01 -1.141688754689976909e-02 1.475095240916764194e-02 -4.465950905516680516e-03 2.031095312184322786e-03
-2.241685116356465501e-01 2.592000317552421024e-02 -1.434959371438884745e-02 -4.412097549957377622e-03 -9.088063205245862364e-03 6.601201359767239554e-04
3.908099562982074171e-01 7.986869675566617144e-02 -1.880440434004031214e-02 -2.450724056601282994e-02 5.135329204832976210e-03 9.494514001260071162e-04
9.859613149971918622e-01 -7.572916201577450934e-02 -2.408780433366100593e-02 1.343972273936358021e-02 4.550512512770141064e-03 -2.073662090317245858e-03
-6.732685399895109724e-01 -1.793272952735696646e-01 -1.373542351416187808e-02 1.326568863857651727e-04 9.759374665393243456e-03 -2.935193135715741166e-03
3.464799013417139695e-01 3.120731311389814411e-01 -3.178614490297239619e-03 -1.097870512010211928e-02 -4.401736750727257112e-03 2.116450085218747178e-03
-4.443690981807510432e-01 -4.361112883037925048e-02 -1.838586549259885183e-02 8.006704220444332831e-03 -9.627483878789496949e-03 -5.688639294459987535e-04
-2.480267964298053518e-01 -6.849455183608040010e-02 -1.419505377700778885e-02 -2.030991646259143642e-03 -1.358866986963105407e-02 -1.326612847062958855e-03
4.016968808453184048e-01 2.301661337515702732e-01 -1.495357287381006602e-02 -9.611484334914420849e-03 -5.754160971955595352e-03 9.154793777570467478e-04
2.295413296520543989e-01 -3.605621887575019557e-01 3.632440420960565686e-02 4.512262607263754430e-03 6.751400836750877203e-03 8.477054804469625823e-03
2.124384549448463666e-01 -3.849333698576667406e-01 4.328784023502599276e-02 -2.317956766327722296e-02 -9.890928714769469526e-03 -1.829176628208822918e-03
-6.811047255764540731e-02 2.483910072187267906e-02 -2.432458732459033546e-02 -5.116957635916571890e-04 -2.679680488461420873e-03 7.053505275338503577e-04
-3.970435695280822852e-01 2.433364223387358971e-01 5.198171597379790294e-03 1.691764295906464724e-02 -2.213034742720420330e-03 1.054669917881765869e-03
-1.316012135085392887e-01 2.024041620492847138e-01 -1.770613012470200962e-02 1.124086564659189727e-02 -6.545728703779139681e-05 1.386954903924926584e-03
4.222377333547575051e-01 2.635039318332471070e-01 -7.650065315363523653e-03 -1.964830821163754751e-02 -2.834565303439548056e-03 2.278629216503342929e-03
1.687485435086556185e-01 3.576463506289893068e-01 1.036439534695791920e-02 -1.984747154085346726e-03 4.520874928490395709e-04 1.136932555888186831e-03
5.412384040072142077e-02 2.813392200352627381e-01 1.094471110720942990e-02 -1.156489981566828293e-02 2.363839449955042367e-03 4.269286524833361624e-04
2.046983236782557725e-01 1.183832340785424819e-01 -1.738834514005668450e-02 -1.832280968610345076e-02 -3.400419643790599401e-03 2.790609379446098125e-03
4.686811059927502576e-01 -2.914396458268268542e-01 1.788448689900367511e-02 -4.646444238359766395e-03 3.898537954054052002e-03 -3.281146899000829918e-03
5.118763607216881839e-01 -4.511126887918297940e-02 -2.809283604841772419e-02 -4.071261420884851774e-03 7.850182572720940805e-03 -1.648526364240498424e-03
-2.058154571539024813e-01 7.794010586190394663e-02 -1.285696382467716760e-02 -1.407669145881624423e-02 1.512386588057301967e-03 3.126884369671172927e-03
2.665167679365678666e-01 1.864360103528812374e-01 -2.126984808219970977e-02 -6.171478153554522603e-03 -2.221090723785111923e-03 2.022376976622227308e-03
-1.473152116207842866e-01 2.163960517473469125e-01 -2.010943747959120266e-03 2.954725742673331747e-03 -1.112587394349919337e-02 1.081088893351813763e-03
-7.212752525389314329e-01 -1.854127075462888019e-01 -1.689307674614829932e-02 2.985768571384071757e-03 1.108623753492483585e-02 -2.483495412707705744e-03
4.749429857717059056e-01 5.966689058506165211e-02 -2.865904763082806686e-02 -1.348493996189597914e-02 3.384291772555865409e-03 -1.792533296865444624e-04
4.683587746911405669e-01 2.461092681821867856e-01 1.081820799766299241e-03 -3.055738553306105998e-02 -6.214707920303963982e-03 1.914097683695898744e-03
-4.260223295100616925e-01 -2.096121133466034570e-01 -1.039565058433752909e-02 -3.428101856528283434e-03 1.194095209841352506e-02 -3.919332636215814604e-03
-2.176443560071544825e-02 -3.197713143182328577e-01 3.117422634944142304e-02 -8.913957607704352682e-04 1.159361691801852334e-02 5.853966236119943767e-02
-2.690488207442128799e-01 -2.098264355051893473e-02 -2.644620218211060289e-02 1.708777702034905768e-02 -3.554238300551084383e-03 -2.814010140617589223e-03
-5.724782108079318199e-01 -2.838194151150745248e-01 8.343456392770870478e-03 -2.332839976851048061e-02 -1.508703153510771930e-03 -1.558892222479202685e-03
-1.065190851748386569e+00 1.522112489779879575e-03 -7.569256637929129561e-03 2.687517740682323492e-02 -1.841795193454561982e-02 -4.452832735972613140e-04
9.608505631084262033e-01 1.457703124425865915e-01 -3.886800325882438373e-02 -9.353839355230980993e-03 -2.035022592079258497e-03 1.018313032487059774e-03
6.200764364518455141e-01 1.881002439640150348e-01 -4.756106348783120663e-02 1.138709745291244593e-02 3.579790297888392242e-04 3.624740865669197560e-04
9.367773185345998344e-02 2.381288233611342786e-01 4.169242692921272531e-03 -1.662914327733338443e-02 -4.678448074742512508e-03 2.375190516276374196e-03
5.164021980502044862e-01 4.408161354992633507e-01 3.375837295132019106e-02 -2.487030068314008760e-02 -1.111554282360347021e-04 -1.049224198158046038e-03
8.709110851928449915e-01 -9.381995894604140684e-02 -2.103849886554733789e-02 9.042436180369541401e-03 5.473315138950756581e-03 -3.122651727749854462e-03
-1.097274663511062058e-02 1.107744222128672490e-01 -1.800405977861816928e-02 -4.953424099669672363e-03 1.459983914410522762e-03 1.008097452783593938e-03
-3.578952262691120767e-01 2.295090232738047076e-01 1.065936649291788878e-02 5.187223131392133639e-03 2.816945940755639140e-03 9.554986279518489856e-04
2.077868212660024250e-01 -1.946702764871815206e-01 -1.765506393133441836e-03 -1.535137287059184022e-02 -7.751486315406426160e-04 -1.804345927874260666e-03
-3.156059521076459151e-01 -3.312486812873683406e-01 2.012037497647675699e-02 -2.089498345763449866e-02 -4.563475519046258227e-03 -2.419322409776036246e-03
-1.123108131359708883e+00 9.093028963475183191e-02 2.339755105737922544e-02 1.196305006524798521e-02 -4.780225476344536657e-03 1.949181109892546369e-03
3.141607895974662390e-01 4.635119412920778170e-02 -1.619272490859866714e-02 -2.024827942549323884e-02 -9.016932989656780209e-03 6.879390007910030471e-04
-1.222780187827487430e-01 -1.248409146918884050e-01 -4.381658176967536192e-03 -1.917593554654305546e-02 -1.196943623926380838e-02 -4.745139683741555234e-04
-6.679443834333924634e-01 2.779332008877784532e-01 2.791711929857450952e-02 2.729950454327716158e-02 -5.802628402187200857e-03 -1.042804030362090703e-03
-5.175084000305819609e-01 5.721979505828286849e-02 1.504984491227131247e-03 -1.518210324825892445e-02 -1.506381511273910683e-04 2.860163707436614699e-03
1.152501913742165346e-01 -2.680669971604646706e-01 1.767084890621515789e-02 -1.598618511941516176e-02 -1.133264553703199236e-02 -1.960564951019940893e-03
-9.416868681460379698e-01 -1.479680762455652387e-01 -1.705425423880438732e-02 1.449238092444750034e-02 1.407342770357113398e-03 -1.299699949723694733e-03
-1.149178423894677836e+00 -5.847965201600144325e-02 -3.260953842339888841e-03 1.487491045685475355e-02 -1.729414273937505964e-02 3.613325659256855617e-04
