2.927472507169454286e+00 2.172746951794375381e-01 9.504338565216756407e-02 -3.353543843420064147e-02 2.234173018190102524e-03 7.664286431977692521e-03
3.955182638558984998e-01 2.847685012052312420e-02 -3.142991625358012436e-02 -6.662630845516861501e-03 -2.464526948286646559e-03 -2.380179013406914638e-04
9.229783087493130533e-02 -1.125596295516425177e-01 -1.436278435698150682e-02 1.114783772952541996e-02 -8.947859532370821753e-03 6.497678961145220491e-03
1.553454719031777953e-01 -1.935045805851507705e-01 -3.682711674707253580e-03 8.767404689321463968e-03 2.164141567706326461e-03 -5.542471984942847103e-03
-1.550573452049272827e-01 -1.431911967190075685e-01 -1.065461656882235250e-02 6.997625064549815518e-03 -2.825519714162233118e-03 3.725805677430132391e-03
1.909601672822742957e+00 2.532832993080344833e-02 4.048729470402796099e-02 1.825057114519596218e-03 -3.680397964016062905e-03 5.104261937780351331e-03
-5.361135802496986846e-01 1.974051166803319768e-01 9.377417949044312626e-03 5.484234395253197517e-03 1.466693125384786571e-03 -2.025312076738108955e-03
-2.078981981136220625e-01 -1.469986965588521328e-02 -1.690529795739247054e-02 -1.054818230724653694e-02 -2.523191282395918431e-03 -6.104075244529631392e-03
5.714767560974457622e-02 4.299265280515640608e-02 -1.523181074441724327e-02 3.298526617032933404e-03 -4.530696836669712534e-03 1.397336100190392331e-02
-1.326207652752927846e+00 3.790299368947379344e-02 4.085294943392915601e-02 -6.923887141547759722e-03 -1.891023194182504634e-03 1.372665181005338015e-03
-3.084700506459883140e-01 3.281158723511472530e-01 7.806705890001023121e-03 2.457972582143534007e-02 -7.916255615899540216e-04 -3.092686458805108795e-03
-3.569553060426499669e-01 1.839728376005080046e-01 1.485723759790378825e-03 1.347370265063066409e-03 1.515471656574561002e-03 2.099777474160481432e-03
4.128977984103254784e-01 -1.825228908855846544e-01 3.453430127213810621e-03 7.525359826296769417e-03 5.656667888054632207e-03 -1.293693595811964102e-02
1.051095081166542489e+00 -1.071320733235615330e-01 1.271001818374529330e-02 6.994156396242770871e-03 1.076879078963075649e-03 -4.528022946751911713e-03
-4.440906952806724095e-01 4.160105299314176275e-02 9.527786345922867502e-04 -9.813548500585017945e-03 5.516908274385182165e-03 -7.475697433742897616e-04
-3.502927499178551951e-01 2.639642196503442229e-01 -9.192212292403511079e-04 2.353480348901295163e-02 1.403059656547132102e-03 -5.213288609773044724e-04
-7.712070899296390447e-01 2.800850639929146624e-01 1.755576642032996570e-02 4.291648911722466264e-02 -1.531982777485556496e-03 -1.270299940126294949e-02
1.163851001420897480e-01 -2.972939289317752184e-02 -1.431409033881581375e-02 4.000349359560908223e-03 -2.414295068178515680e-03 1.039301427725036059e-02
-3.427217679114017423e-01 -1.387125325200716693e-02 -1.324711072086282894e-02 -5.055136298332779492e-03 2.033712481927133311e-04 1.866295830387043706e-04
-3.078156553015704011e-01 -1.785092259506193269e-01 -1.005943508385831117e-02 7.654491019150925883e-03 -5.717597274481845716e-03 1.328268010967306343e-03
-1.799204645230431110e-01 -3.827409277651773467e-02 -1.680895682858547097e-02 -7.429888396747445604e-03 2.541813004953934804e-03 -4.892937071421491098e-03
2.037431788251434561e+00 6.505203699632962355e-02 4.388021455536056381e-02 -8.656674514738877876e-03 -4.122345212624735009e-03 2.384050622339400471e-03
1.731008576675743704e+00 3.901091633151600874e-02 2.796738127845872085e-02 -5.344223922725246413e-03 4.133324890839328372e-04 1.890470517229484284e-03
2.419321646572423767e-01 1.599247400170902556e-01 -2.807140717411846925e-02 3.538982573986763913e-03 2.221827053447922740e-03 7.777904913070639477e-03
1.374507734466107467e-01 -4.020415585334388697e-02 -1.412625613842519688e-02 5.441260776509846721e-03 -4.552276384991895200e-03 9.884297716187777708e-03
4.434070001499259561e-01 -2.015051764557647951e-01 6.047525019890849160e-03 2.640153112316252423e-02 1.337901080915198347e-02 -8.118372815004241613e-03
-1.471187725099570576e-01 -7.056861366717077921e-02 -9.728862417801090179e-03 -2.436582184685952691e-04 1.738936749290009767e-03 3.676253500725162274e-03
-1.050055603661449011e+00 -4.864233133669788184e-02 2.156193694411512665e-02 -8.822082045328326350e-03 -5.291106983331986431e-03 8.183455838022428430e-03
3.351522467308177822e-01 -1.475334353912650942e-01 -4.297376744936517307e-03 4.103634186313091792e-03 1.064207685410613422e-03 -1.009286845939538768e-02
1.097282251193896219e+00 3.363231708749702537e-02 -4.706649911518055729e-03 -1.465941172651170216e-02 -3.311712684467759890e-03 -6.035810767239137634e-03
7.028276754683981942e-01 -1.116417942348230385e-01 -1.239010486539993628e-05 5.065193707286791587e-03 3.239107329873402649e-03 -3.003548903807263387e-03
1.033526083964022790e+00 -7.012128164854410095e-02 8.823661028698233030e-03 4.474953736562835294e-03 3.414110369154031710e-03 -6.754968953806156536e-03
-4.307454224108160368e-01 2.114134696016095050e-01 4.793421809186804335e-03 6.031793223960680433e-03 1.073470183992307697e-03 -1.939335783392464544e-03
-6.339065190464919786e-01 -4.926859690785741208e-02 6.711634524207243761e-03 -8.803901038083424696e-03 4.574883117882301217e-03 3.844764023423999366e-03
2.263017665643824450e-01 -1.422400177862361281e-01 -5.073910845938119953e-03 -1.039226184146011022e-03 2.846748668959533241e-03 -1.355069670243932642e-02
4.032893065421883638e-01 -1.064529955820637253e-01 -3.020436080711733345e-03 1.884271921922475723e-03 5.614117620217374920e-03 -8.571388444749529836e-03
4.833277457838792701e-01 1.334571571390394951e-01 -2.090899025652525126e-02 -1.525098504384276611e-02 -3.250688263622107058e-03 -3.433038589677717779e-05
7.000249255079165067e-01 -1.209204679900709734e-01 -3.765964599544211595e-04 1.746845677094098145e-02 -5.915650120838162988e-03 -7.647085316095473010e-05
8.897744263629208117e-01 1.090200323807327676e-01 -1.668250307899674448e-02 -1.835867004399196339e-02 -1.841289519448722394e-03 -1.253190878224644212e-03
-9.695165346466321221e-01 1.625868680143539857e-01 1.996577474529522694e-02 1.371858028253623851e-02 -2.065372528730595111e-03 -1.317551058255831894e-02
2.888392838383708194e-01 -1.891208938637266301e-01 -2.401986036866064940e-03 1.330030193614372552e-02 -1.519914884333500122e-03 -4.729848332169549717e-03
2.987533735850536609e-01 2.253822943515958188e-02 -1.249119808843804011e-02 -9.760595438509218902e-03 2.424979241846568663e-03 -2.632444713108025164e-03
-1.270124522207606521e+00 -5.198081854668953894e-03 3.553891056910521429e-02 -1.420862097133974815e-02 -3.004843197960955885e-03 1.853300829113417461e-03
7.654689869928682500e-02 -1.533148516334366107e-01 -1.091708169815061059e-02 4.950008099692169115e-03 -6.223457575934341181e-04 -2.336575923283481376e-03
-1.988266170447839654e-01 9.826407190914248496e-03 -1.410109936795502644e-02 -1.593557179276393647e-03 2.282508018915808089e-03 5.166606711973458291e-03
4.969066978270541557e-01 -7.178784208387396781e-02 -5.623207915229053860e-03 6.264980919464884293e-03 3.739418132083631354e-03 5.343653232998239917e-03
-2.739475816861181579e-01 -1.594056067172434921e-02 -1.967423625488977715e-02 -6.486803811956785848e-03 1.243227977949398506e-03 -6.596164596001165802e-03
-1.262267746241775568e-01 8.665987344130851588e-02 -5.518204713280325940e-03 -1.582353692066116452e-02 7.532546417351316907e-04 -4.651498915658960551e-03
-1.323664995766233421e+00 1.034747684659673567e-01 4.964226674333697270e-02 -1.738897366829124250e-03 -2.021326729522811456e-03 -1.793700910860513602e-03
-1.135268726220852953e+00 -3.517454709378606270e-02 2.678560115643658507e-02 -1.487702722408670679e-02 -6.702691803816858548e-04 1.848344610309289896e-03
6.818004842797299736e-02 -7.288102844916610756e-02 -1.619436864820205605e-03 9.318986843026262970e-03 3.998322646113727091e-03 8.979544442024317216e-03
1.686211411263955018e+00 2.455995910634878321e-02 2.882317859145789793e-02 1.841272915035008836e-03 5.843965465829161279e-03 2.090762337112247755e-03
-6.700740817006355377e-01 2.508232190546128559e-01 1.830317471284683556e-02 1.819238182417462837e-02 -1.208937514915717258e-03 -7.153858290719799715e-03
-2.422701551604716508e-01 1.248921752960613918e-01 -1.070197292343443539e-02 3.650153618965844456e-03 1.092688282466312355e-03 7.665198451047938386e-03
-3.705326766807575667e-01 -1.425864392566849048e-01 -1.347811004932369418e-02 1.656269840347205594e-03 -2.518069358625270922e-03 1.460928999939255593e-04
8.519117574252974556e-01 -9.400987210659078608e-02 2.024328641514792394e-03 1.205453563106874751e-02 -2.341443211057458312e-03 2.838908432564800615e-03
-3.841068625915662893e-01 1.799026331473763118e-02 -1.441375178458277791e-02 -1.029909812377193153e-02 -4.022757041966233509e-03 -7.368320574644661967e-03
3.820876577265241297e-02 1.040777582590107359e-01 -2.032152961850100525e-02 -1.002196282602608665e-02 -3.651538050130825452e-03 -3.118987792980196412e-03
6.524913739988573713e-01 -1.276848367158810171e-01 -1.306253558257119843e-03 -8.792886037122268992e-04 -1.441183405092140782e-03 -1.303513798092453477e-02
2.493723483871949920e-02 2.199103479894331248e-01 -1.996078615920733254e-02 6.467365991558958298e-03 1.187039523659972349e-03 2.958365983885007013e-04
-4.330862914644572070e-01 -9.210473112525053782e-03 9.322480725969698812e-04 -1.664282861772117816e-02 3.072304214617867842e-03 -8.570716238369748344e-03
1.219516763774628698e+00 -7.478755309500315085e-02 1.681675389437120582e-02 -1.593533355701697973e-03 -1.068769433527648390e-04 -1.095342233659209359e-02
1.332802939973952439e-01 -1.749368410917524763e-01 -4.563735042782745416e-03 3.611288087858416981e-03 2.971107198042098520e-03 -1.034147444572430276e-02
1.239994244923719124e+00 -1.603431745569179265e-02 7.126838703217849326e-03 7.708573837409250264e-03 -4.401957873077436481e-03 7.959136344870585550e-03
-3.716708892343328352e-01 2.026539452542497899e-01 1.026626232761180223e-02 -8.507516804047765557e-03 1.459706906119663528e-03 -4.926749477254253710e-03
-4.555152993347026669e-02 9.806567436965467344e-02 -2.268417245045257352e-02 -3.170481026800558901e-03 4.763526650758509819e-05 -5.792372748701632218e-04
8.575671750405150506e-01 -2.654302835071570971e-02 -4.028779858417098382e-03 -6.453158141294616269e-03 2.048499781428888243e-03 -7.057684756999296413e-03
9.050194350245890362e-01 6.583401514221569328e-02 -1.626300048150120664e-02 -1.363298828354382076e-02 -1.924976854886354749e-03 2.571695523563774510e-04
1.274651481826780675e+00 -1.604900506958079412e-02 8.919192323051924887e-03 -7.849448836729007450e-03 -2.483888496422585832e-03 -5.518745594954132215e-03
-6.582561772122355048e-01 -1.890273760230849753e-01 4.146608469579667229e-03 -1.028439781002110122e-03 5.908424605590539532e-04 -1.089007415218523752e-03
-6.207483148080797930e-01 9.079771929026170252e-02 -1.915539924718186312e-03 -2.471719908578719465e-03 -9.828597217021650331e-04 -5.616022263002188632e-03
-4.864704370487634710e-01 5.668543807390773182e-02 -9.202411257133577202e-03 1.741701060447420303e-03 8.152846791417657155e-04 3.817812016856918927e-03
-9.050683545784137252e-01 -1.549134303201333412e-02 9.223977149390237551e-03 -5.786309951634788229e-03 -1.306386054452249226e-03 3.019861195126562464e-03
-9.602228405634061215e-01 2.004192734407236054e-01 3.563829769925843521e-02 1.188049566294896962e-02 2.230382880269230871e-04 -4.678619764895145666e-03
-8.450926903371871468e-01 1.116456595177998390e-01 1.531300452598135728e-02 2.089462861681827934e-04 -1.993209755451458461e-03 -7.469794556983947549e-04
-2.537057548788458350e-01 1.231829654005533181e-01 -5.815933403207930279e-03 -8.694361664521105953e-03 -2.402119628098781784e-04 -1.535324131157304005e-03
-1.849835047081713479e-01 -1.365264586279255343e-01 -1.241737881039661935e-02 -5.588872486300793842e-03 6.027297426738184756e-04 -1.009736667523807377e-02
-9.833325848491014654e-01 1.293174022844400528e-01 1.436656567669490625e-02 1.637720666868137248e-02 -1.406742925211935816e-03 -5.470668068256462693e-03
-1.590522524003714910e-01 6.476887874492399944e-02 -2.578436866266147973e-02 1.927971012070398829e-03 2.104598429960207406e-06 1.191332527068916531e-03
-4.978238121324469745e-01 7.740225756015600700e-02 -1.023520102521217412e-03 -8.747102463972136407e-03 -1.009611762213618712e-03 -2.245741376360074499e-03
-9.758098003550633726e-01 -9.632800407277696333e-03 2.831721881317241299e-02 -1.515795649946617002e-02 2.654284673289697676e-03 4.887700407485220944e-03
-1.709597669509105577e-01 4.510845843472229867e-03 -1.875800672322262136e-02 -9.544139265357118318e-03 -8.253968660385195945e-04 -6.770370736251364943e-03
-1.299999864711769204e+00 2.424139777969359921e-01 6.636343256996309059e-02 2.546249212924163105e-02 -4.805529808118757032e-03 -9.054526113626275297e-03
-4.484466815369622661e-01 2.436480453131008861e-01 1.323153506646836813e-02 2.253476572232366443e-03 -1.871287943961306652e-04 -6.141639788049700101e-03
-7.229439168759058676e-01 -3.286891717969629007e-02 1.453166482188135260e-02 -4.608529002150319950e-03 -6.638745200564098031e-03 1.230793006365827821e-02
7.271226696607364925e-02 -6.994084577538656027e-03 -7.764141891804941104e-03 -6.735778418779767365e-03 5.205305228934085579e-03 1.255543931854386592e-04
9.611485977639996903e-02 -1.737526426198317264e-01 -3.336472345167226013e-03 1.673885982966465125e-02 -3.989117747897927974e-03 3.494454497759620117e-03
-4.671801347642846602e-01 1.798445940615060745e-01 1.201846230102073670e-02 1.397013733454537240e-03 2.200516381174960536e-03 6.761306054437587164e-03
-3.968936211882989618e-01 3.880999590206645269e-03 -1.756293307128329456e-02 -2.347600607917050500e-03 1.424543806738698317e-03 -1.960770370016155870e-03
-3.145042719736489134e-02 -1.864954681578031570e-01 -1.053419579526182134e-03 1.871252512232658358e-02 9.887544408899284071e-03 -8.773282957871855704e-04
2.284643188665419489e-01 2.540690776202171250e-02 -2.603813232435920472e-02 -6.738436199952574888e-03 -9.262034290807939080e-04 -4.911896537722122051e-04
8.874527929373980939e-01 1.387178852777893046e-01 -2.434787183045360875e-02 -1.580064063293365462e-02 -2.111121326784285053e-03 3.603934565090082410e-03
5.852559142984529172e-01 1.593152263760494458e-01 -2.956856574030911761e-02 -7.227729082145689134e-03 -8.318220813807320878e-04 6.937663443288036649e-03
4.400807504885346361e-02 -6.633759739088615492e-02 -8.295765149629142493e-03 -9.705602578267066849e-03 3.221759761930026271e-03 -1.121346530990370398e-02
-3.675188044667088705e-01 -7.683013981634618031e-03 -3.179795250567195048e-03 -4.036699297938294191e-03 -5.943455425862659855e-04 6.388357465369155427e-03
-6.750862048507320079e-01 1.498501364782178491e-01 2.512456112073647822e-03 7.712659062515558883e-03 -1.692908818456535097e-03 -6.745963165743844650e-03
-5.682457561874140195e-01 -1.685808091280861787e-02 -9.425011575483909290e-03 -4.636809757932148883e-03 4.975313589348789476e-04 -1.053770799306903098e-03
2.685561323185161164e+00 1.922404190564602766e-01 7.643554841577926418e-02 -3.140232738856162109e-02 -1.719343396199820911e-03 4.846656090573371253e-03
6.990494777715960950e-01 4.129504492054130588e-02 -1.041748949762357282e-02 -8.440037543095364747e-03 4.613062796479278603e-03 5.007519717361365611e-04
7.203871649125885845e-01 -1.688671847249319513e-01 6.364534742100635967e-03 1.463754381797531881e-02 -2.704481104323041424e-03 -4.908954234627743544e-03
-5.492482218103692526e-01 -4.399322048255777107e-02 7.570763837627137458e-04 -1.262916092842202541e-02 1.829353125797755168e-03 -4.590622253560886629e-03
3.795955746929371988e-01 1.955743587826406782e-01 -2.959402013415653870e-02 5.578380704582433600e-04 1.804886074436269118e-03 5.705085691082301125e-03
3.446547362108510343e-02 -1.716306445361049510e-02 -1.965884026751038571e-02 -4.960372375952494181e-03 3.513245033557857357e-03 -1.649106156700815527e-03
8.425037066136444874e-01 -5.834465535344100090e-02 -1.020901058070817526e-03 1.314237775885853353e-02 -3.793746588413958367e-03 4.226832705000293199e-03
-2.023087113532697490e-01 7.605943335255427318e-02 -9.630218445414699333e-03 -5.417734741255924701e-04 1.185942796386830990e-03 9.141134093044836137e-03
7.586233294665656324e-02 -7.168023767650472111e-02 -7.390818923317735156e-04 7.111492259912640095e-04 8.345201080668268948e-03 1.162341011468776778e-03
-9.572036187627344095e-01 1.598098100870949667e-01 2.738249722183994442e-02 7.521017390604413898e-03 -2.480927061611813266e-03 -2.130938478397264701e-03
6.095084685806991809e-01 -1.399880313963825819e-02 -1.251732585251889851e-02 -5.735512613078610350e-03 2.962705902373351328e-03 -1.861537313755251295e-03
3.223906158920374354e-01 2.538038915339939534e-03 -1.616617934807799278e-02 -1.354301247680139535e-02 -2.234637272791411677e-03 -8.670570931171271006e-03
-5.183276021741699546e-01 2.315235765831239259e-02 1.235567413399331002e-02 -1.096921185160316774e-02 6.041249019555216225e-03 6.321471884957709925e-03
-1.800737498705751449e-01 -1.150842246225413507e-01 -8.228756827889843750e-03 6.777893522733253497e-03 -4.629556377401508431e-03 5.904743585912131804e-03
-3.546634205409367468e-01 5.386187363530868348e-03 -1.445699739712803626e-02 4.784353185595987125e-04 -5.830372971745250137e-04 5.480418044760360270e-03
2.523867738119166537e-01 1.746764319702622248e-01 -2.377190011338112252e-02 -5.783226900279344815e-03 -1.838698316592677576e-03 2.737990686151270392e-03
-4.795717901863797428e-01 -8.687969486981299283e-02 1.370798011192055424e-03 1.997768826194450554e-03 -3.434437544748077629e-03 1.118911647480392256e-02
2.335715304757784438e-01 5.856998303145673906e-02 -3.522688727963108057e-02 -2.947402065780352527e-03 -1.538732673018001693e-03 -1.244796936311056952e-03
-1.283407721536189705e-01 3.679948260215035183e-01 3.011017913781147918e-03 2.693251642513663086e-02 8.106305353513640517e-04 -6.193740055113706663e-03
-4.218150585841516920e-01 2.204684979856279814e-01 8.342632637479252544e-03 4.301506450554182584e-03 2.669294057073765426e-03 -1.757726748149170907e-03
9.489142665570902968e-02 2.308805519127615780e-01 -2.216594361574358157e-02 1.358576905859133419e-02 9.645230877115417052e-04 9.374839831096073300e-03
1.270056652371442496e+00 -9.228139023611711678e-02 1.693068022605867876e-02 1.662643504231352612e-02 -1.003280131442150364e-02 -1.205636288474329224e-03
-2.520209566410701041e-01 2.701906030899517419e-01 4.160914408197173911e-03 7.249546262374563857e-03 7.337873018997078832e-04 -1.090202165147325904e-03
3.727158948803835359e-01 3.868127204570317307e-02 -3.194760195494822375e-02 -5.032440589514467627e-03 -2.448929140326371913e-03 2.113984421363592197e-03
3.870191039084064921e-01 -1.504432626574646603e-01 6.526040301067626654e-04 2.222047061812624028e-02 -1.287056101668929966e-03 6.386951399749432427e-03
-3.771563036427952875e-01 -1.510163297676615432e-02 -8.453475009131274087e-03 -7.581643255832702134e-03 4.233066516330845006e-03 -2.435264593524343740e-03
6.924723411140373264e-01 -1.676199509208919358e-01 4.637023513720091306e-03 1.636382781156081254e-02 -4.754338983472753202e-03 -4.419251776510793074e-03
-1.068892308104113953e+00 -1.644299881368645466e-01 1.995329277122391554e-02 -7.925554716730591129e-03 -4.640732976383179879e-03 5.393903060519500241e-03
5.507194041973063614e-01 2.234486952862126397e-01 -2.912162216977444776e-02 -3.753487058813754444e-03 -2.833647281016318082e-04 8.166669186809387068e-03
4.110048719097700309e-02 4.116702340865665416e-02 -9.857648747856776611e-03 -6.688829079206559149e-03 4.092168425154383248e-03 4.360982046269610765e-03
-2.858270406976859968e-01 1.745423545325286430e-02 -2.028590463137905364e-02 -5.444697372915794677e-03 -1.612880426182755449e-03 -3.973084228102214191e-03
1.465070479862602859e+00 6.575174887424263537e-02 7.907542313440414292e-03 -1.852395594225433179e-02 -2.689030026323455374e-03 -4.661048264323988145e-03
-2.092228523939509977e-01 7.974807629569371017e-03 -9.861101665076059050e-03 -6.561973668814558881e-03 2.338679224331651103e-03 1.555637280542450504e-03
-5.858599480858534686e-02 9.054524682593138862e-02 -2.167216842763504750e-02 -3.128449096806228558e-03 2.185565757967364211e-03 -2.067330062461512994e-03
-6.599945557392998818e-01 -6.712124497165979087e-02 -2.518830670816741679e-03 -3.785191225954837990e-03 -1.706387559098705882e-03 3.543392147394494422e-03
-1.003329690908842109e-01 -1.170463692961471458e-01 -8.393277022199694543e-03 3.908349618037436531e-03 -1.838009691544847468e-03 1.213457126432734108e-03
4.849265119238194699e-01 -9.564518231351021305e-02 -9.008597251803690878e-03 5.600574481784131343e-03 -2.444137348208680078e-03 -1.022283937112301302e-03
4.007105833533973760e-01 1.688757550052820133e-01 -2.165289749485219128e-02 -9.683180746896821733e-03 6.374352382607126983e-04 3.259822651805157918e-03
-1.432606548280712211e+00 -1.425217162395280568e-01 3.480372476451839420e-02 -1.904446886446604578e-02 -3.625752375393841219e-04 2.021529202752405784e-03
-1.324689382338581245e+00 -2.311745610761241354e-01 2.770708661063666159e-02 -8.165710320669577332e-03 -1.070911869116516341e-02 7.116660443393360569e-03
1.352996425393682367e+00 3.304642261694971245e-02 7.059886916078258849e-03 -4.788882985748837105e-03 -7.679135498193436502e-04 2.937965145339014109e-03
5.034716453571929096e-01 9.222067711847108107e-02 -2.090538568584999687e-02 -1.210067259943349398e-02 -2.726470725095887673e-04 7.003923279087759636e-04
-2.832623299541583983e-01 1.504519064512781501e-01 -1.552243057223795172e-02 7.501021156772601922e-03 1.588039482649069439e-03 -1.453892398709276564e-03
1.656520733200651740e+00 -2.931222042811364951e-03 3.082737160521304906e-02 -9.940215998967157768e-03 -2.617137714851502928e-03 -8.939793276782917464e-03
-4.851415300670808284e-01 2.282050716544843094e-01 -2.991405263151322279e-03 2.216269162758919067e-02 -1.359733678719226777e-03 -3.896907753534337160e-03
-8.890530552291475708e-01 5.877774402609597243e-02 1.098114656562933916e-02 -3.787813842709146506e-03 9.643474180945041689e-04 -4.471900616588431361e-03
4.297745791755191447e-01 -6.797817964550097181e-02 -8.617580302465113404e-03 -1.375325887865358867e-03 3.777859652709838166e-03 -4.509821657302333885e-03
-9.312087367811351379e-01 5.256838457543197562e-02 3.156711961443081638e-02 -1.096743007399380611e-02 1.118085540465720571e-03 8.811077536831331616e-03
1.081388064157164708e+00 -7.182382110847344847e-02 8.018118997305874462e-03 1.362610519339269369e-02 -3.493325743864351442e-03 3.882016732215772675e-03
-7.525331864551236816e-01 -1.871862341176863676e-02 -3.599696262646251421e-03 -5.881415963776380831e-03 -9.871141773502348487e-04 -2.643838180170421902e-03
-2.129467428778503146e-01 2.038068295508310701e-01 -1.882799983276950417e-02 1.683735835192601282e-02 6.722432996766971886e-04 -8.479722499959381271e-04
-7.172743745925952430e-01 6.632435516788511010e-02 6.587926916371450968e-03 -1.270538728012578743e-02 -2.346294048893544665e-03 -9.381540299124765600e-03
-1.213557563575057285e+00 -1.800372543265830183e-01 3.056201544446374846e-02 -9.938068349829484380e-03 -4.255918199362767641e-03 1.121533580694535938e-02
-1.245161491096510087e+00 1.034180667370907247e-01 4.740040023733445990e-02 -6.469936626244752152e-03 -1.660170249820492726e-03 -7.007241914401072646e-04
2.081616032088504209e+00 7.139246193197804069e-02 4.760678289575284022e-02 -1.072179643466123281e-02 3.941670116498092839e-03 -2.703725635661234292e-03
-1.324384796347727045e-01 1.052101420233031992e-01 -8.971040871160762889e-03 -5.609569153617958645e-03 3.532111783925596417e-03 3.398982990223138340e-03
1.066375384603308052e-01 -1.570161868893669987e-01 -8.572841965213089457e-03 8.311351020891682290e-03 1.283768739526466992e-03 1.400704364378910086e-03
-3.871675318657676335e-01 -1.286995508319648263e-01 -7.855000778232036976e-03 -6.779998536983859042e-03 1.436958612362669531e-04 -8.019030552582224677e-03
-6.332899907862643563e-01 -1.595751999902720319e-01 4.982817915397567271e-03 3.743373640052046879e-03 -5.462829292029720493e-03 8.454643568903604314e-03
-3.230940945380373353e-01 -2.642818301250725310e-02 -2.024482747295696175e-02 6.001061349277202455e-04 -3.766941234602493027e-04 2.671973129329676105e-03
1.881612861477560905e+00 5.576601485229996241e-02 3.168255566838625026e-02 -2.552654550498056982e-03 -7.327371316181875011e-03 5.518170513299491646e-03
1.095637778060352785e+00 1.073790939738233441e-03 1.066669568162859115e-03 -3.509359319163180349e-03 5.175367253823356592e-04 -2.365732785046507133e-03
-9.702357230337937954e-01 -5.930136275366138660e-02 1.663567937735148383e-02 -7.887614470647211565e-03 -1.991482147843314128e-03 6.355658844559073858e-03
1.372890939079553785e-01 -1.060942746636345246e-02 -1.740098119519736808e-02 -4.008248933252118659e-03 -1.400307138950136710e-03 1.613955896714461616e-03
-1.199912341990332920e-01 1.352619917922736614e-01 -4.160740835320170250e-03 -1.086730713623906136e-02 2.317575210491345378e-03 4.145668759627386523e-04
-9.201295415386508969e-01 -2.095193083897050335e-01 8.876415122938505209e-03 -5.314026860669120514e-03 1.221774162580812435e-03 2.350126951794764764e-04
-1.047797736760319509e+00 1.038723508955591013e-01 1.899135713956804847e-02 8.949659254858599935e-03 -1.530388328774284420e-03 -4.411899053338760868e-03
4.789600538947790254e-01 1.032396983797178036e-01 -3.124379045825615570e-02 -7.361484676102780268e-03 -1.898180330010911356e-03 3.002871553275489064e-03
-1.078708143629195093e-01 1.990580529748386673e-01 -1.332708264014461318e-02 3.644992668489380715e-03 2.267684728473828414e-03 -2.032668529075231170e-03
-5.167690276973417873e-01 -1.447057014528411317e-02 5.013536504409166206e-03 -1.969695607132226044e-03 -1.726693052042146482e-03 1.267934687042044338e-02
6.675061198716246702e-01 -1.199718574851555142e-01 3.238408474866613825e-03 1.747324562409655752e-02 1.364615058072903703e-03 3.552428463519171774e-04
7.334356510296083376e-02 -7.073159544370830054e-02 -7.954364196473422827e-03 6.662672109577196834e-03 -1.923414856385850932e-03 9.494559789397267677e-03
8.862021980928335152e-01 -4.280960687505584034e-02 -2.473808527758281171e-03 -5.754982424055719858e-03 1.976576532922208820e-03 -7.086069171288884513e-03
-8.445390488211710345e-01 -1.048613225979608682e-01 8.227977645238297721e-03 -1.815550423422927426e-02 2.474157117110199842e-03 -1.129781064905345522e-02
-4.986358063782121430e-01 -2.441785427515721085e-01 2.590705986313850476e-03 1.342176953437064155e-02 -6.323951847739726038e-03 3.853407175358239747e-03
-1.209877172854864735e+00 -3.383433876664437151e-02 2.641991537342245830e-02 -1.300888952817494393e-02 -2.153024596415860619e-03 9.165265467832231635e-04
1.489962057674307783e+00 -6.834801350287078581e-02 2.740166628969204973e-02 1.332919750202356084e-02 -6.903254388356501632e-03 3.205684273364124291e-04
-2.609256739990794549e-01 7.652493438161228623e-02 -2.165272085909973783e-03 -1.375465708822079351e-03 1.958670496617989111e-04 1.247644325742929168e-02
8.834318201952739980e-01 -5.219202921233315889e-02 -2.301528889356006108e-03 -5.327029262556687815e-03 -1.271492759419042343e-03 -8.371938388068062703e-03
-4.098882005126147088e-01 -3.368099806572148747e-02 -4.566534393184736203e-03 -1.353862064042184871e-02 -6.096591429501740488e-05 -6.886479780532459016e-03
-4.640290389343572630e-01 2.569475177322919426e-02 -5.282327448450621979e-03 -7.386404583917949643e-03 1.220659369087099882e-03 -2.012468442371557467e-04
-1.645842650634489757e-01 3.143264316690118632e-01 -1.231358517056700946e-03 1.733337673044464330e-02 -1.913449293458655660e-04 -5.771770827352910860e-03
-8.583460250428025518e-01 1.040304147457981818e-02 1.583458015328358115e-02 -1.611052252843996405e-02 3.173446115829198569e-03 -5.382585098318753807e-03
-1.443564274865992425e-01 2.165133296848728295e-01 -1.403275612554818856e-02 1.104046439600804043e-02 2.268413605347966138e-03 6.127939215259556273e-04
2.427797958431030079e+00 9.202548443638808306e-02 7.365829263194957621e-02 -1.589755202672505155e-02 -2.251808916537062933e-03 1.184889129889724361e-03
-1.163953144945008678e+00 1.697837451383384932e-01 4.135365970513831674e-02 1.461842746667943102e-02 -2.779381323166511819e-03 -4.023876719703583203e-03
-3.449387330623316927e-01 4.804816316494465722e-01 1.995187744264647831e-02 7.896871614760031521e-02 -2.541247116539523641e-03 -1.530675935886875901e-02
-5.827732265542497903e-01 -4.276600382592146699e-02 -2.628761205416809722e-03 -1.702944287239588350e-02 -2.418624338453485151e-03 -1.100667819746524966e-02
-1.158406393195178241e+00 1.317194519387070994e-01 3.149171532882816954e-02 8.720859925914795432e-03 -1.310382181357670111e-03 -1.054991864935874053e-02
1.206541072507712892e-01 1.303332334559106909e-01 -1.970206976228956394e-02 1.151596088000100436e-03 7.492964482250244690e-04 1.061895614997135015e-02
7.069742671361056718e-01 -1.364603199457036786e-01 5.689993098393166839e-03 2.025480334142533076e-02 3.705372082336279250e-04 -4.064951637177907249e-04
-1.220265508394106524e+00 5.534928974096174755e-04 2.938109908348017843e-02 -1.554704383495293142e-02 3.634210403150553870e-04 -6.559065198029651912e-03
-2.558039821386625112e-01 -2.236820023600872842e-01 1.455268509137161589e-04 4.105961745057086325e-03 4.484223828863043160e-03 -9.158246296285112859e-03
-3.211226635227343307e-01 -1.340467573116304878e-01 -7.185707718506498601e-03 1.589256163036606179e-03 1.289261032822983793e-03 2.537483175539879173e-03
-5.374629804302497593e-01 1.039983854465449525e-01 -7.159789432218338114e-03 -3.315473247599083802e-04 -2.529414940713129150e-03 -4.593354457648957806e-03
1.423229568748666518e-01 -1.725674650200643423e-01 6.590619563093609752e-04 8.400717822324373779e-03 7.729697024704822172e-03 -5.344418538857768387e-03
5.292341132153088878e-01 -1.952553792635027818e-01 -9.139026214247308389e-05 2.231908925605061156e-02 -1.092823223533360803e-02 -2.123821153642693315e-03
-9.984276613449383220e-02 1.427392684043539244e-02 -1.083057548014612452e-02 -9.554658871538673423e-03 3.623262044433198581e-04 -1.090162548922187858e-03
-1.849644949581583792e-02 -1.198731302877735633e-01 -8.910770859284350420e-03 8.318122917678772224e-03 -2.685400717553715778e-03 6.792751889478846131e-03
-7.602951303775679071e-02 -7.526820502838148241e-02 -1.351837925939203440e-02 -1.042417154778231200e-02 -4.334030300784119942e-04 -1.062229369743786581e-02
1.483821444463415129e-01 1.376482122699019817e-01 -1.891658892919456658e-02 -1.079603650095457487e-02 -2.287866486045396584e-03 -1.122468268682645090e-03
-2.225275810547009889e-02 1.229133960129927400e-01 -1.661181310529209060e-02 -7.907059116747302066e-03 -9.604166529365413564e-05 -2.303232923975763631e-03
2.588601690070357897e-01 4.342648934651782699e-02 -2.467690123340635436e-02 -9.165685796489801002e-03 3.335120534620739753e-05 -2.792700519720358286e-03
-6.993912998638864842e-01 -1.374366719776831322e-02 1.175698325544963230e-02 -1.151476709150142143e-02 5.369701730986422596e-03 2.079938012502049668e-03
1.783216522004958726e+00 4.296544712107533415e-02 2.948037889524481037e-02 -1.354818767094589059e-03 -1.192078670758200997e-03 5.249724353856851690e-03
-5.844259610956256124e-01 1.261656454277604866e-01 1.329769501988151961e-03 5.825895860319517221e-03 -8.949735790585109643e-04 3.956848276801326440e-03
1.472567188745122158e+00 -4.865414607637082167e-02 2.744047222764922286e-02 5.272443622290944390e-03 3.952049301336611926e-03 -5.735791973866975410e-03
9.491676626500079594e-01 -2.525046407425008202e-03 -5.769892183611121522e-03 4.920739788339210247e-04 -1.571991573185469154e-03 5.152468489621187669e-03
-9.087070324446940850e-01 2.416754818422776549e-02 2.754604361942289067e-02 -1.403639158699484385e-02 2.318221433242986709e-03 6.192198340705334057e-03
-1.044112804173164433e+00 -9.112339061932382689e-02 1.015607131831929022e-02 -7.045072017288997804e-03 -1.053139846780936197e-03 3.188522221843350605e-03
2.848554862529366627e-01 1.365404504395831831e-01 -1.805063057137399479e-02 -1.025026785478311796e-02 1.097932906755571701e-03 3.135831131771615269e-03
-4.446817828306728893e-01 -2.527947803858220377e-01 4.467006867101498170e-03 9.173202372401784849e-03 2.921392173518059816e-03 -1.643060769719871181e-03
-1.284770311939199328e+00 -7.064464387416520552e-02 2.547163324577316271e-02 -9.576486568288369861e-03 -1.917430222808802357e-03 3.649699318213055470e-03
2.118733173079895837e-01 -1.790712152572951354e-01 -7.429804560993633414e-03 2.149264978383734828e-02 -1.363683520230525408e-02 4.724770599692818505e-03
-6.642602000019025288e-02 -4.033610494600006757e-02 -2.171597394814434034e-02 -5.252856980179855875e-03 -2.491116694648119658e-03 -2.199089571739478235e-03
-7.334503301933008590e-01 -2.094514713457411581e-01 -2.482125421754767785e-03 1.778057289467796292e-03 -4.610561413450150851e-03 5.907706280862554333e-04
1.326209137470597821e-01 -1.975652410770594933e-02 -1.069077316672938961e-02 3.399038956643091192e-03 -1.635069381409391112e-03 1.023638936256193559e-02
-9.543939328991818405e-01 -1.146806556442905856e-01 1.079591000574554871e-02 -1.066398601366238229e-02 3.234032102968558125e-03 3.462323445957419979e-04
-7.569042817458683237e-01 -1.597799507797632024e-01 7.020912263068761032e-03 -9.575607420959324559e-03 6.167809634670580639e-03 -4.469393387046266021e-03
1.243751174489297728e+00 -5.235144311374834158e-02 1.422703389243827783e-02 -9.114846089298578313e-03 -3.410138787052156145e-03 -1.418848452871902983e-02
1.039713655421762972e+00 -1.019437027523902722e-01 1.487452578408048239e-02 1.127650043394925333e-02 7.101864231810100896e-03 -7.006677084727866434e-03
2.355707111026378087e+00 1.303536805785486252e-01 5.510032851840491325e-02 -1.344449387655597718e-02 -7.168298265935647666e-03 8.005759642366702677e-03
7.612170015840777904e-01 1.315812612771489754e-01 -2.748209345385034183e-02 -1.407157602676645768e-02 -3.053753779914047169e-03 2.850834862965281272e-03
-6.492952065128255734e-01 1.143555582468382403e-01 1.318430145984298904e-02 -6.651673452352771868e-03 3.761947439626476576e-03 -2.142064823410574047e-03
7.269729340878028356e-01 1.362527008859763800e-01 -2.374635062264412316e-02 -1.283522295847042312e-02 8.808542314203404982e-04 3.350860589061302984e-03
-1.164664652963822711e-01 1.995974475046012053e-01 -2.838984329792031830e-02 2.326367892129584461e-02 4.854759743058140566e-04 3.249099820058916257e-03
-7.914172575757608685e-01 2.205740877150792201e-01 2.809890964329756283e-02 1.211090020843485528e-02 -1.468334054169129861e-03 -6.747553615891500878e-04
-1.049630769970843203e-01 -2.231664923835509906e-01 -1.034387055432414845e-03 1.517127671575180248e-02 -1.118807087343234516e-03 2.029468290265074980e-03
-1.981405644495349838e-01 1.673783915394737309e-02 -1.379767397489314873e-02 -1.207884858573743739e-02 -2.592746452495281635e-03 -5.648046515745163906e-03
-1.063152680866782662e-01 -1.503195761112059436e-01 -6.460014683158466463e-03 -2.185347230086352992e-03 4.496446269037892088e-03 -9.291669240217542702e-03
5.149827084112824638e-01 -9.036212415493202754e-02 -7.291726170036905673e-03 -3.344231526706909559e-04 2.072840515255192084e-03 -6.417715771044849547e-03
7.408022668502493024e-01 -1.811262812832387936e-01 1.405338458615914589e-02 2.394719793089620380e-02 5.063324495909154142e-03 -1.238060729488781259e-03
-4.125234339110714354e-01 1.072477521827930186e-01 -2.636725005722779808e-03 -1.027301314966808446e-02 -2.089540075326667187e-03 -5.277520797633527758e-03
5.381318758522419810e-01 -4.208233886232424364e-02 -4.624561702696392516e-03 7.252282508381365737e-04 8.623922143624571449e-03 -2.797675921196592433e-03
-2.753203678202386095e-01 1.693754883719831850e-01 -1.184377874924528789e-03 -4.319672848218453036e-03 -5.352380490014449922e-04 2.282289031447729249e-03
1.723129811727453164e+00 6.184498130728860454e-02 2.444774491541087946e-02 -1.055041050998562803e-02 1.956969264522432413e-03 -3.831955023356713435e-03
1.904728249204360679e+00 -1.233453169665067045e-02 4.966870628881681765e-02 2.548955492772424745e-03 2.226229219417113960e-03 -6.336099987895750648e-04
-2.617511050029299180e-01 2.327115099649938040e-02 -1.585625391775763449e-02 -5.389702884774706312e-03 2.751887371108141783e-03 -2.093061964787463255e-03
4.965559505320973899e-01 -8.377893985609038974e-02 -1.435270247103545734e-03 7.662583929119265620e-03 5.722757991405768435e-03 -5.862086849211598904e-04
2.424469322919882153e-01 2.407919955779333765e-01 -3.257817633986943850e-02 1.449394681149698307e-02 1.077359394151930017e-03 5.263086243537264293e-03
-1.660023627833933924e-01 7.588445394030013391e-02 -1.931052677938508919e-02 -2.669140388535985904e-03 1.980476468629223212e-03 -1.639153307224330358e-03
-4.835322532339670909e-01 1.066863637163696088e-01 -2.808961951918189249e-03 1.752861753482731159e-03 2.528955561912453898e-03 2.681983615717703148e-03
-7.155462890000321430e-01 3.193259829985685416e-02 5.561174528923628962e-04 -1.166386730177495536e-02 -3.497303081309231267e-03 -9.062812705153754783e-03
-1.227842022370011915e-01 -5.043824701480002087e-02 -3.802838146503736451e-03 -5.263062643924405759e-03 5.765507957902884194e-03 4.846385118447149045e-04
-2.628983652579808261e-01 2.838510009576484805e-01 2.612698285392010041e-03 1.238111305808728760e-02 1.356077719544709216e-05 -4.755896586769821875e-03
-8.581379319548784190e-01 -9.780527179678202843e-02 2.752457438593848126e-03 -9.704906185605799082e-03 1.643547367108657035e-03 -3.080889039282050986e-03
4.911402489075190614e-01 -1.736699883023074542e-01 -4.583002532443254499e-03 2.117181847518794305e-02 -1.258823862953072775e-02 4.447235461508891661e-04
-7.841088916503290429e-01 2.204723832780020321e-01 2.043496890684327882e-02 1.480126650715874077e-02 -1.840312992517185390e-03 -1.093482949387816761e-02
8.673018694412801821e-01 -1.035637807284825462e-01 1.889065629800832464e-03 1.521041669501935374e-02 -7.092558976162812584e-03 -1.300294275752946805e-04
-1.111104107876312197e+00 -2.498819571602560186e-01 1.630680177435938488e-02 -2.236703457523722075e-03 -5.417415477708153494e-03 5.552971535330876278e-03
1.625388845013342742e-01 -1.813684217893967998e-01 1.984939117209116345e-03 9.013215059789605327e-03 8.417771265828969188e-03 -6.677533757905623930e-03
1.865969474264886352e-01 -1.115386683946296142e-01 -1.265863064196347948e-02 -3.657828338222063758e-03 1.609980689638089045e-03 -8.563567081081342389e-03
-1.150870421353363815e+00 -1.921567619018433037e-01 1.923933040717992066e-02 -1.007808883353272615e-02 -4.021600189042144960e-03 1.041167258673311681e-03
5.786725716869838276e-01 1.366778867604207665e-02 -1.878298494249971626e-02 -5.133198711938307193e-03 -1.909802780405614638e-03 2.687913885708246003e-03
-5.393866935891622472e-01 -1.429342909146311680e-01 -4.077705066149632691e-03 -2.226659880626406622e-03 -7.993661391612611041e-04 -3.225100303893678076e-04
-1.159035440774236925e+00 2.125725745587070115e-01 5.131567271285184667e-02 1.522833707415133069e-02 -2.865300183028914819e-03 -6.018121046628748146e-03
-4.921135919893406263e-01 -7.693475564336564598e-02 8.748886653624894649e-03 1.233199754238031550e-03 -4.562665975845221072e-03 1.488158112161250095e-02
-8.359099479911340502e-01 -7.640734844173380225e-02 1.081247665341954038e-02 -9.706983278678525326e-03 -2.034425896401328027e-03 2.357098743120661540e-03
-5.119974601813643833e-01 -1.039627654907673282e-01 -3.633742188283022988e-03 -1.307066619453764282e-02 -2.026100684251589171e-04 -1.091608020516979943e-02
6.616761334695561159e-01 -9.425592545160861591e-02 -1.563218233440144501e-03 1.159677355719052928e-02 2.324966941068590709e-04 5.208304178608793092e-03
-4.415883218575943348e-01 -1.667509016537704059e-01 -5.824528467591858936e-04 -2.948395147403528541e-03 4.280509042753786672e-03 -4.921759599350792463e-03
-7.294809108825920374e-01 -1.856437696043899688e-01 2.380744739213667450e-03 3.908839495542259027e-03 -6.793867032228608112e-03 5.416093926777358278e-03
-3.462532083211086742e-01 1.051693377918644090e-01 -1.271983448958927468e-02 -2.787432494132631357e-03 -2.796777743183951302e-03 -2.002841528590793962e-03
3.292975837320548105e-01 -1.820663582103932421e-01 -4.585067173130019831e-03 1.739303191661263279e-02 -5.855119456453266452e-03 2.085096540051801280e-03
-3.500087298485361070e-02 -1.067358279468613447e-01 1.732237228991475794e-02 2.186990463091816744e-02 8.969883902754013927e-02 3.051765690520351001e-02
1.102605833946648906e+00 -3.557445188574404754e-02 4.968657825919231899e-03 1.388243988264561968e-02 -4.910505294872641834e-03 9.266698119047362542e-03
-4.156909152626978021e-01 1.225231673517696018e-01 -4.945848382587130464e-03 5.651078981545448569e-03 9.203486974263101490e-04 6.788575855550356072e-03
2.015238503764156253e-01 -9.384262409688845508e-02 -1.259817282868382939e-02 -2.439758271805976802e-03 3.039639616437748298e-03 -5.529741801709964384e-03
-1.795802237175120886e-01 -2.526706921587064114e-01 -4.422766630464538065e-03 1.891402428605373776e-02 -9.744100019533945972e-03 -4.659185131327278845e-04
-8.461054943170297493e-01 1.069764364147419294e-01 2.909636645601649391e-02 -7.436254524745222749e-03 1.899693066371772703e-03 6.371943796801761428e-03
1.242282524615760053e+00 8.717681682751581007e-02 -5.015004978531235197e-03 -2.088685439969561325e-02 -4.395278703307999371e-03 -4.227893259410783582e-03
-8.796149449575561829e-02 -1.415811773786310457e-01 -1.378989435965514293e-02 -1.420558942601644892e-03 -1.835641964113211193e-03 -6.820769738944167104e-03
9.726343036869877778e-01 -1.950698389622257389e-02 1.843201401667119745e-03 3.608694685895609804e-03 4.134193284803887487e-03 2.558159615536852779e-03
2.251936717654565434e-01 -2.463469078699365156e-01 2.001946338640354581e-03 2.591543461238882129e-02 -7.268972948294172634e-03 -1.627098095077398861e-03
-1.648654734214177464e-01 2.342447480983398389e-01 -1.355618737738456883e-02 1.517348556255648621e-02 1.936038981973747493e-03 -1.418901504642288867e-03
-2.997548128591993044e-01 9.537844963184258229e-02 -1.344962406751491930e-02 -4.683464365429679602e-03 -1.276089537606606801e-03 -3.149252336026510390e-03
6.718029764527210235e-01 1.622452107211139888e-02 -1.511232694279477339e-02 -1.105351498290038474e-02 -1.808625544594849154e-03 -4.331372617740410040e-03
-3.841417219265508970e-02 4.365905593864569112e-02 -1.807149749800530600e-02 -1.003689163525062558e-02 -7.106856237238289226e-05 -4.279611383409805646e-03
6.233150523938057325e-02 -1.111263774326929077e-01 -1.578081026210793880e-02 6.894237737970123486e-03 -3.301230728804163336e-03 4.722821794309995692e-03
-7.431761610384756134e-01 -1.021987018577495965e-01 1.306317386269373023e-03 7.866785525914987828e-04 -8.910615899975615067e-03 8.755448244507723840e-03
-8.676906016900266527e-01 -7.284763396798148161e-02 8.098298858007389397e-03 -1.054853928922184873e-02 1.823251188410775821e-03 -8.071681762143896859e-05
-1.216286989579299094e-01 -1.150195488308104474e-01 -6.541452215513289190e-03 1.470056827937377261e-03 4.608289120830676849e-03 1.491837310997310134e-03
-1.918243155119890575e-01 -1.669820825704266820e-01 -1.879926241384365700e-03 4.757672816927912586e-03 2.126433885703538779e-03 -4.408056009821424530e-03
-2.080070734443716096e-01 -1.584369217427694931e-01 -7.682582528490106144e-03 -5.286521523455943276e-03 1.125653795670775691e-03 -1.284516267022690721e-02
-2.676909934658789347e-01 5.752726030589038614e-02 -1.711159974502345082e-02 5.684438951037165894e-04 1.724898438590474585e-03 2.887491736974779222e-03
-5.327386019548525642e-01 1.397557193319146594e-02 -6.072537851835167755e-03 -3.776414563791187420e-03 -8.126685665071990130e-05 2.205541387227506235e-03
5.269555728966026642e-01 7.313858295359823569e-02 -2.543862688112512663e-02 -1.291350084480724809e-02 -3.834125454666561638e-03 -1.451285646580235608e-03
-5.609298548061707468e-01 -6.370432658533399517e-02 5.155728409637897434e-03 3.469204538915284940e-04 -7.690064982645856105e-03 1.251289073318506521e-02
6.187530115789491303e-01 6.964658627560570137e-02 -2.113052693702139467e-02 -1.112920444685548509e-02 -7.401225588272139543e-04 1.273953991157636195e-03
-6.498464375569209528e-01 -1.607598913765072302e-01 -3.855879989469717089e-03 1.880877829856669042e-03 -3.331656439307956446e-03 5.070961602641956868e-03
7.132353415512117101e-01 5.821375406761712668e-02 -1.540733470009810792e-02 -1.116414344148868726e-02 1.875417466856024208e-03 -9.082517044809209478e-05
-7.003908989344235225e-01 -1.094415880059810414e-01 -3.117127884457877949e-03 -1.118067063487424018e-02 -1.489195154066490483e-03 -6.831155959648498900e-03
-1.013022122382733592e+00 1.017659644452914153e-01 3.095534042034301173e-02 -2.090196270142379714e-03 -3.797413727105857211e-03 5.266558608102325616e-03
1.355067853870732808e-01 -1.648282770640039085e-01 -2.302406917565116666e-03 1.388104875277406010e-02 4.461664374583602911e-04 4.067529209512556025e-03
-3.233992487734506094e-01 -1.478342659309494211e-01 -1.495495967471157685e-02 8.157444550216748705e-03 -7.696393723547889296e-03 5.070241617077622144e-03
3.022281536579276562e-01 -1.318826821102659363e-01 1.033649360274814738e-03 1.525074531165224699e-02 4.357027208200131910e-03 5.153557029596507119e-03
-2.075328034442013858e-01 6.170169805824478326e-02 -1.594674833755599028e-02 -6.967802680729844392e-03 -2.197597334204943586e-03 -5.983542067644115250e-04
-6.758525265803126958e-01 -1.724494645091256828e-01 6.119274905039869504e-03 4.956094794928183472e-03 -8.787052828478615629e-03 6.605114415647484784e-03
-2.021410775789803660e-01 -1.155291100242408775e-01 -1.518034185825536952e-02 -5.191221350356632798e-03 -4.318435268134927915e-05 -7.155212823565340260e-03
-3.767032156116735808e-01 1.256908992616904107e-02 -1.255375886532369804e-02 -1.016845756934049889e-02 -3.126509545614749100e-03 -5.060319506418531864e-03
2.237299952578083173e-01 -1.305880679633329156e-01 -1.145659494289303672e-02 1.435704306980147005e-02 -9.326819765002195353e-03 6.085588245387087668e-03
4.945886872101868392e-01 -4.493541200863560708e-02 -7.125156442876111329e-03 4.238375903296489645e-03 2.732468893491846532e-03 4.391697331004183226e-03
8.240641847018397304e-01 1.872628544146244869e-02 -8.918245079131498221e-03 -4.979596534874291755e-03 2.479641546573263522e-03 1.884504163322459893e-03
9.019280323599748739e-01 8.476068019917908092e-02 -1.826747293568509178e-02 -1.463125326616207880e-02 -2.379116840358459165e-03 1.376974024835568274e-03
-4.023343103388944408e-01 -1.064100868481606538e-01 -3.967387869270435317e-03 -1.039953095534619162e-02 2.167878194169351423e-03 -9.614333608349377031e-03
3.147823084022432494e-01 4.455302658159921575e-02 -2.794516076823200940e-02 -7.716807160346433186e-03 -1.486246302694643100e-03 -8.900329546611226344e-04
1.392009021228775567e-01 -1.663768160494362436e-01 -1.093192865397556168e-02 8.394318879009864467e-03 -3.687029820304157154e-03 -2.294681540505320427e-03
3.857472792483813140e-01 -4.655619796718318826e-02 -1.215175939248564450e-02 -2.656438552255867020e-03 2.667689864729287305e-03 -1.898797439796495040e-03
-5.023054708297671755e-01 -7.552538594215799095e-02 8.641777913505909597e-03 -2.939369743759194693e-03 2.489497559907707675e-03 9.467137959606160627e-03
-5.756927405348740701e-01 1.376911075430820378e-02 -5.694470931496010621e-03 -1.020481964053845600e-02 -5.765839686602030256e-04 -7.166996245045170917e-03
1.514073931229892978e+00 3.039633792638936002e-02 1.952873812749802290e-02 -3.484552250090550401e-03 5.729945154501161174e-03 -3.517673184402396263e-04
-8.721555212898873810e-01 1.718625630500834056e-01 3.952503719137877292e-02 -3.973665851468016243e-03 -7.231298037496609920e-04 6.254051735464891300e-03
-4.418483854105733633e-01 2.383729458484956099e-01 4.916983206638284379e-03 1.103445351275930859e-02 -1.797476574844736807e-03 -3.076873906024016163e-03
1.406530362392139688e+00 -7.488884718974873900e-02 2.630277545296276151e-02 9.431624502179571795e-03 -8.185383253071384880e-04 -3.678392015533227428e-03
1.456239344682010550e+00 5.623818953119690683e-02 7.913563280596339761e-03 -8.216044670081431786e-03 -2.841942291319057064e-03 3.740935249051862387e-03
-8.227810648122895198e-01 -1.318206649848119583e-01 1.467625815244185186e-02 -1.119856228728717019e-02 6.815222016507323406e-03 7.580092271223351800e-04
1.120731560634934398e+00 -1.210014254069805839e-01 1.668759255922369275e-02 1.734876974792874324e-02 -4.271367700046039238e-03 -2.870442663792958059e-03
-2.583486272055079414e-01 -7.026375257214538539e-02 -1.693112396132338826e-02 -3.006692003348035002e-03 5.032615323360972595e-04 -1.059572564367576488e-03
-4.386242965030436869e-01 1.622054971501095955e-01 -9.025587250706608097e-03 8.790221625881278200e-03 -3.025533453385319897e-05 -5.350081227210596278e-03
7.419829919498115434e-01 -1.552059227342674763e-01 4.687290406180846108e-03 2.272142094562141362e-02 -6.952301994926708868e-03 2.061191221642719781e-03
3.019252115267148304e-02 3.224832200663153153e-02 -1.459435857387743687e-02 -1.022101680102727042e-03 7.400243687434866335e-04 9.499719163767534474e-03
-7.024896059139479343e-01 -1.088840169494179194e-01 -4.383715808377608610e-03 -5.112469350928419698e-03 2.450186881683736034e-03 -1.131889628122285376e-03
3.578213966620149011e-01 2.257217830862929819e-01 -2.708661884250034360e-02 3.431241179408182559e-03 2.119414464542973553e-03 8.071701611065757592e-03
-5.545080842334639826e-01 2.567275494276311659e-02 3.273253702873312777e-03 -1.597821649766423963e-02 1.538261997256994834e-03 -6.909216181114959110e-03
-1.049328058531771690e+00 -2.533789824134389732e-02 8.187888757893471009e-03 -7.945802441044678933e-04 -2.665923743111676524e-03 2.421501106114095758e-03
2.751204733910305178e-01 2.596743399396853058e-01 -3.517999260062157352e-02 1.892936546490681105e-02 1.045031915053012397e-03 5.542444774579521720e-03
2.285875027835703399e+00 6.709263854521972659e-02 6.461135527202746531e-02 -7.390412541209373173e-03 2.486728087262935708e-03 3.647259431261571077e-03
-4.521384598219844730e-01 -7.938233010789876032e-02 2.745011475120465866e-03 -1.465344766710959630e-03 4.347078861587961446e-02 -1.291969582830079094e-02
-4.558755976079345573e-01 2.025141722659776211e-02 2.035583867214700322e-03 -8.682746540597462495e-03 2.789148943118217611e-03 3.814212347981725017e-03
7.143928998647400830e-01 -1.819707492087294376e-01 6.646260171632350014e-03 2.321853426750301180e-02 -6.847851202505681779e-03 8.686812976998303359e-04
-2.749301194782116653e-01 4.441068740727687793e-03 -5.635162677829160839e-03 -7.931721256834946623e-03 1.105400201236758466e-03 1.918555533568101334e-03
9.851572060480303650e-01 -7.343578656651471824e-03 -2.048099110927495761e-03 6.654928781059322312e-03 -2.599702636555760536e-03 1.041330782766229125e-02
1.231354983104527845e+00 1.146605572713418342e-01 -1.135440112486492577e-02 -2.189715859714759169e-02 -5.103292156837244305e-03 6.518516099523647160e-04
-1.201872310930316878e+00 2.415968199119970447e-02 3.495911226355240958e-02 -1.179105185025069655e-02 5.864477943131928342e-04 4.636145672350376916e-04
-2.721514078247710966e-01 6.568172891582303718e-02 -1.003377656347397397e-03 -1.754477326391926106e-02 1.454890886440099191e-03 -6.543400651902805606e-03
7.946014238927523454e-01 -5.156928425411207856e-02 -3.509393679371491763e-03 1.069338532117931027e-02 -3.546891112888921234e-03 3.912716914755724404e-03
-5.949587831897798496e-02 -6.062332821822397771e-02 -3.408855529996037206e-03 1.778707199944492905e-04 1.989940336297033562e-03 4.039991442043635791e-03
-1.175176445241358891e+00 -1.569062062476533348e-01 2.351258937470307106e-02 -1.786872242303285882e-02 5.105774388365178981e-03 -3.804399677850781123e-03
1.756173339908393971e-01 -2.167198336458954211e-01 2.244241748101788697e-04 1.939200023844829882e-02 -2.243355668782178770e-03 -1.640525428131523172e-03
7.036040789098156889e-01 -5.013345989236404898e-02 -1.050267825070674019e-03 3.432162364797877122e-03 6.588296501470025657e-03 -7.830573434691693192e-04
7.952102065553241506e-01 8.138451011513163358e-02 -1.504520536753046166e-02 -1.214046528278405791e-02 3.399481726463091710e-03 1.560686526100070557e-03
3.744202661786917852e-01 -2.186101944529426910e-02 -1.047254096623408300e-02 2.510584546015765103e-04 4.013882846920602092e-03 6.947927588481352633e-03
-3.003922022448417550e-01 -1.916585836915706276e-01 -3.763629859207004262e-03 1.301853838050868323e-02 -6.902072384970873303e-03 7.695061963635798329e-03
-1.127679078198935703e-01 -1.746814980347011492e-01 -6.833504534394694088e-03 -6.536152707802427063e-04 3.915202175358554505e-03 -9.850821342297595706e-03
1.227712177770821783e-01 5.638834756436831436e-02 -2.153101403088026819e-02 -1.080739410563703352e-02 -2.667481043436671119e-03 -2.720439911372185462e-03
-3.734419306260186033e-01 4.871695486989435775e-02 -2.201768188667267354e-03 -6.224670585816701428e-03 3.122015676122124987e-03 4.814812340900673053e-03
2.276514750184777669e-01 -4.978160423969497234e-02 -7.360709570197455226e-03 -4.282405826988072185e-03 6.337004932071684839e-03 -3.115010019802363396e-03
-4.050292847489405657e-01 3.635098123236862877e-01 4.490854176664819779e-03 5.519325589372131580e-02 -9.909573348681748484e-04 -8.584201205394220366e-03
1.186429910739844384e+00 1.005252320356972845e-01 -9.887394556892463438e-03 -1.909778101350418505e-02 -3.255211545746631956e-03 1.462282900607627723e-04
-3.673498786844375807e-02 -1.802514650289899212e-01 -1.353816351601293960e-03 1.050560424706990965e-02 2.246674522340844343e-03 -4.591756360677229408e-04
5.676941566189256383e-01 -1.165264868353300676e-01 -8.438796954169391212e-03 -9.243117534031542425e-04 -2.682372170083293945e-03 -7.880244225240164851e-03
-5.031124627873594379e-01 -3.157477363500123951e-02 -5.628463323634931570e-03 -6.631983958749443700e-03 2.225347171283794355e-03 -1.123947970928054378e-04
-3.211585328915468329e-01 -3.421148639370515804e-02 -1.444475191486541436e-03 -6.632087320042414497e-03 1.355982521801022680e-03 1.703356938039543231e-03
-6.069358092713350583e-01 -1.178104267969073415e-01 7.497089679874466804e-03 -2.083633196171103766e-03 5.680612357995952575e-04 6.271210915391410394e-03
-1.728375752723121384e-01 -4.620558815455299943e-04 -1.867438092102568364e-02 -6.349784092545818041e-03 -1.643310096543848910e-03 -1.393647660151451761e-03
-7.320288133918391171e-01 2.043208796417753451e-02 9.535797690677312588e-03 -8.449886930502466947e-03 -7.836198304994962610e-04 3.297395326726060977e-03
-3.025399167793602073e-01 -6.365792134942901796e-03 -6.068057089183558940e-03 -1.127542800254454324e-03 -1.610796134303911801e-04 9.056104058936993023e-03
1.921748094355724690e-01 1.712354126292111103e-02 -2.856757454849026545e-02 -6.274918046132652374e-03 3.870083185466419097e-05 -3.617833720404891977e-03
1.197770349775182153e+00 4.011020112675336285e-02 7.249924587473817027e-04 -1.144828022645642124e-02 1.041398344894367643e-03 -4.107413602983727915e-03
-4.961668457413187516e-01 -1.625676257696682947e-01 -1.219726552797804247e-03 -5.436643137551087392e-03 5.182812938649456955e-03 -5.863154525511782289e-03
-5.548468875409620638e-02 1.752398556924401329e-01 -1.693704153418579619e-02 1.956503271149617144e-03 -3.992876160948335843e-04 4.212267680472983958e-03
-3.946459464816231000e-01 -4.723847207781581986e-02 2.171452030082873189e-03 -2.030170035822509000e-03 2.022131763283537974e-04 8.952749317574133087e-03
-1.728640774755575149e-01 -4.510246560233369117e-02 -4.481198933771498964e-03 2.858285898894412369e-03 -3.084576042209847060e-03 1.126256130261887520e-02
9.664089136644797573e-02 1.423701299786531149e-01 -1.718523372629499404e-02 -1.678084386469337911e-03 2.791863979690744658e-03 7.913469289147963617e-03
8.378294503362084811e-01 -1.237466138168298035e-01 1.390171714352962315e-02 2.156929795872405270e-02 1.121811611498517956e-02 -2.827097164106127654e-04
6.913443601093876012e-01 -1.619892632203377703e-01 -1.971223122910460376e-04 2.217599054857030336e-02 -1.296648813983447210e-02 7.302244693067746692e-04
-1.023424687368218872e-01 -3.681818455656608261e-03 -1.023017330729556092e-02 -4.940026855144045125e-03 1.273228434420803964e-03 3.039095788094009661e-03
-7.183212331173292053e-01 1.131171295181139791e-01 1.529540150301865291e-02 -3.867638685732202857e-03 1.048857173896192629e-03 2.051190467120595287e-03
-3.784744966412246781e-01 8.818527237524220741e-02 -2.733355483818276054e-03 -9.191183027994801261e-03 1.675398909930811506e-04 -6.302530090174124659e-04
4.861370533174420860e-02 1.399058085772401649e-01 -2.476824976614928550e-02 6.001556653516140847e-04 -2.346374855948276641e-04 3.366052307547312723e-03
-2.779933729942853926e-01 1.961107061607771651e-01 -6.295904845688022819e-03 4.134869047844324207e-03 4.530446705703254715e-05 -1.026123596460145043e-03
-3.501543052804765299e-01 1.400379004400174321e-01 -1.014399132677123831e-02 3.704785931029650880e-03 1.767592793773892440e-03 -7.403290468691359249e-04
-4.360277349063483923e-03 4.213058931845448801e-02 -2.274136692292886425e-02 -2.882886867061509699e-03 -9.505366720173031138e-04 3.377738133997744245e-03
8.968835292656368585e-01 -1.003094033654830103e-01 5.461264231124839282e-03 7.304117097055345259e-03 1.334154767001091701e-03 -2.319827307282673699e-03
5.841787866270303775e-01 -1.386743789131032398e-02 -1.427027966124490115e-02 -1.018603381418299939e-02 2.112576195176317344e-04 -7.371594265211690693e-03
-3.881289570548994705e-01 -1.639582934166608844e-02 -1.676627210522256550e-02 -5.214191940269748311e-03 -1.900487804379819012e-03 -2.055581175619465486e-03
1.900044689435370984e-02 9.629729477573777119e-02 -1.761132502617483719e-02 -5.664181665724741729e-03 9.650477600831350138e-04 2.805299917605498343e-03
-4.366285048347061659e-01 1.200636665221826022e-01 3.264641638243229518e-03 5.172749497061224305e-06 -1.752784890750834707e-03 1.000351270567638451e-02
-5.108542809541781748e-01 -1.686625268893824914e-01 -1.291133610613525969e-03 -6.719482670472296318e-03 2.879377978108047919e-03 -9.020672699662158484e-03
3.622575212563498015e-01 2.520321114025263556e-02 -2.340236278973695239e-02 -9.529961052620569348e-03 -2.675292452564577406e-04 -2.667396039499872820e-03
8.213618287593658918e-02 1.422536019517254835e-01 -2.672089628045767884e-02 6.440821763924934815e-03 9.655956655921684850e-04 8.382765876505939365e-03
-1.762354452082138256e-01 -1.554861088425244231e-01 -4.342458588010228611e-03 -2.001154315676297382e-03 5.758987317749574182e-03 -7.608866635574396652e-03
4.064862435870261193e-01 -1.659331847744407451e-01 1.268106306844146540e-02 2.836327411968270207e-02 2.061544839213386507e-02 -7.043173554217741807e-03
-2.017253859212252975e-01 -1.885849588804392601e-02 2.766151564795567633e-03 -5.718282218041122363e-03 6.972895543870075499e-03 7.239693392462944257e-03
-3.109855530056541695e-01 -2.083720521979302853e-01 -7.433734396099174295e-03 8.849035403654208903e-03 -3.798035013609922603e-03 1.725484177340260426e-04
-1.130299327554088462e+00 -4.636756388312526789e-02 3.148961255492506439e-02 -1.036104659724860523e-02 -9.096904651550821383e-03 1.211739169139763699e-02
7.652697546173302667e-01 1.014167795208004291e-01 -2.597445568749063086e-02 -1.433281505436263988e-02 -3.091179308730671125e-03 9.717829307654063994e-04
4.647793168524220753e-01 1.215919126340307549e-01 -1.757333065008536213e-02 -1.757266450574144698e-02 -3.178041987879364188e-03 -2.380493481499778435e-03
-2.640120653145645591e-01 1.201944874325694967e-01 -1.373541284290459401e-02 4.343671769652199949e-03 2.141119127550379306e-04 5.516729902706098837e-03
-4.861266346547297307e-02 2.711483867378989832e-01 -1.634093265521257415e-02 2.023997240646457918e-02 2.030838934903550930e-03 1.341384338951480534e-03
1.081578561308703224e+00 1.839251474391954272e-02 -1.239654405268091628e-03 -9.556552255561380493e-03 1.934762405952125675e-03 -4.068411723638374125e-03
-1.908975727800418243e-01 3.639558685096306451e-02 -1.269716450001783827e-02 -6.152089966923666477e-03 3.040637624636095132e-03 6.117623957929443869e-04
-7.000353575566221620e-01 9.223575175772580348e-02 6.589795967696218150e-03 -1.688893591113745964e-03 1.983434839264852558e-03 -1.882101422417851305e-03
4.519510128077215416e-01 -9.418408509526958461e-02 -9.936633382796163094e-03 5.404565062449294931e-03 -2.182505029103231492e-03 -1.847166133812206507e-04
6.127218329986158785e-02 -1.953235459009337038e-01 -4.365270904617350733e-03 1.594161992635807074e-02 -3.429610794570182690e-03 2.845676165194030004e-03
-1.382325269604679052e+00 -2.592620380523076584e-02 3.124051939561969804e-02 -5.483707024076373698e-03 -4.970735062108929542e-03 2.723112147481733612e-03
1.910487934713728519e-01 2.710951475229769064e-02 -2.094448606858854978e-02 5.559169172585967092e-04 -8.200375254840217704e-04 9.423913147420505398e-03
-2.984882661434351200e-02 -8.109548731383493803e-02 -1.258037037501289271e-02 7.260561082736463959e-03 -5.683124882044747472e-03 8.409226924324702396e-03
-1.040244184290116669e+00 1.379881353671700284e-01 3.852500172181598515e-02 2.509354886292706533e-04 -1.945824008204270457e-03 3.564813288933638743e-03
-7.199192999019571326e-01 -3.779978337155039808e-02 -7.341004226795480765e-03 -2.079122140976309274e-03 -1.099583868393809883e-03 8.027725770358675383e-04
4.733820621443470822e-01 -1.118925553473203854e-01 -6.001426207312326837e-03 1.678213630927102851e-02 -7.441476152637724328e-03 5.573430369544694202e-03
-7.890725578233993565e-01 -1.511185647144162592e-01 1.002592069474323583e-02 -7.492659405155289998e-03 2.735063641789062684e-03 -2.786881063982214225e-04
-1.180999460512723420e+00 -9.492320208817643656e-02 2.536617636473341084e-02 -8.077152748446827721e-03 -1.152997441299199143e-02 9.576035036112207077e-03
