3.020358069878940732e+00 2.379078598684991330e-01 9.373121681825399842e-02 -3.111596771445002130e-02 2.859687666558386257e-03 8.850758814433224222e-03
3.716319213467315086e-01 1.817401146548357910e-02 -3.005284385233859476e-02 -7.863329505952356899e-03 -2.363136584436435934e-03 1.146164318417422447e-04
1.112647770609094255e-01 -1.042530895958352216e-01 -1.352233421224657318e-02 1.022409310302991106e-02 -9.002663741096207997e-03 5.832364743714474158e-03
2.027163168085275857e-01 -1.772472859134806566e-01 -2.654757365106603147e-03 7.358135277161128272e-03 2.004180670578274270e-03 -5.404882674934332991e-03
-1.352863486671180282e-01 -1.343382886330743431e-01 -9.452262067526823880e-03 6.319697337029428659e-03 -2.957979469875258831e-03 3.435331510516669105e-03
1.986487401133895103e+00 4.473635093636108701e-02 3.920920197448865552e-02 1.816516884013281638e-03 -3.536454207685865540e-03 4.933771697182013499e-03
-5.918482179662049036e-01 1.814816758748150904e-01 7.980863378282930520e-03 4.977276708895705254e-03 1.442303683161028863e-03 -2.118941757029070561e-03
-2.217551742843806850e-01 -2.054460301043440490e-02 -1.604459132075066949e-02 -1.083954942420921677e-02 -2.275199228601817482e-03 -5.530486390757417998e-03
4.118537469216841662e-02 3.825952594472352419e-02 -1.533977288420745010e-02 4.233633936881909393e-03 -4.690312224530837799e-03 1.318039710038203249e-02
-1.365634972892733501e+00 3.419354250473058410e-02 4.160031839440431894e-02 -6.455318812738085853e-03 -1.625775169607987470e-03 1.641132421435916120e-03
-3.823810221875888482e-01 3.046828360093443155e-01 4.860145361360634735e-03 2.282462245633037554e-02 -1.088160404156071799e-03 -3.829043931551461260e-03
-4.063189853569261767e-01 1.683438662882593417e-01 1.804566640695567578e-04 1.688348982291585851e-03 1.488846422169934260e-03 1.924815346626343156e-03
4.817239913017775099e-01 -1.621589800424863281e-01 3.319089298122481456e-03 6.467309859066762250e-03 5.528280929050206557e-03 -1.248074623746775122e-02
1.114712195535635608e+00 -8.896920343073168314e-02 1.272392010419422063e-02 5.852836395401360241e-03 9.949647726874872190e-04 -4.412839815126860105e-03
-4.664882839883536247e-01 3.512743987791555611e-02 7.552300735038581288e-04 -8.590135607903337522e-03 5.588493011323821154e-03 -5.053024371240168958e-04
-4.198257506917902893e-01 2.437206620285429504e-01 -2.767112527561003087e-03 2.128227443148059811e-02 1.066402955645037428e-03 -1.062917727394842304e-03
-8.526413764988308719e-01 2.598180390894457292e-01 1.542749322371652146e-02 3.789209354474215585e-02 -1.976700562227895388e-03 -1.332206684933635171e-02
1.179195962661518243e-01 -2.895624492938264627e-02 -1.398935551163738022e-02 4.485623469839022937e-03 -2.617316776705271453e-03 9.790935045461367919e-03
-3.600821390467307537e-01 -1.877939439920764050e-02 -1.243371577059639542e-02 -5.152839762935276791e-03 2.987387427491906009e-04 3.947400002245825376e-04
-2.840385681387637140e-01 -1.672757718327463894e-01 -8.498943454692728036e-03 6.514952160333900739e-03 -5.726727010797205177e-03 1.119896087571243658e-03
-1.912831224355157622e-01 -4.158709241301210974e-02 -1.564282570843576053e-02 -8.029445987270140278e-03 2.620558532359006966e-03 -4.365861238009352205e-03
2.104366793968398763e+00 8.051403520263200608e-02 4.293986013055790113e-02 -8.000784142818210751e-03 -3.745417721817564938e-03 2.538027976369060246e-03
1.786585217108509038e+00 5.097349783475019214e-02 2.703097836645370483e-02 -4.529303373904552434e-03 5.237185373086937967e-04 1.891972206248483581e-03
1.944626593228744871e-01 1.429054668652983417e-01 -2.849583228156518308e-02 2.946748649507270786e-03 2.031495539900183937e-03 7.553292610139442954e-03
1.436699077835405236e-01 -3.792060301561873265e-02 -1.389623191908436958e-02 5.847985063794974500e-03 -4.708200806522682032e-03 9.201147110430945436e-03
5.244263281092672591e-01 -1.764588694476886543e-01 5.016059700166112384e-03 2.537200026929048099e-02 1.251149461647241973e-02 -7.661499610905793400e-03
-1.406076048458546057e-01 -6.791331597131337883e-02 -9.132764926105742254e-03 2.538958646307805682e-04 1.624510480789242419e-03 3.513358121203186656e-03
-1.063265349677687599e+00 -4.655134462871778067e-02 2.243340169455826372e-02 -7.076116658996381252e-03 -5.096708391399283784e-03 8.004597854793359807e-03
3.834359049624065929e-01 -1.333836963889098171e-01 -3.625595321241343542e-03 3.018610779835640637e-03 1.059029475286872969e-03 -9.752672630633542339e-03
1.115597661426616316e+00 3.316118429262158995e-02 -4.320339000264234244e-03 -1.397534368602208407e-02 -2.981044879277059984e-03 -5.606521321235321056e-03
7.462856738302080517e-01 -9.904127598658124532e-02 4.002559128245673672e-04 4.274759906691494825e-03 3.069856654597219025e-03 -2.946677253033808726e-03
1.093862900699287488e+00 -5.483685425869058022e-02 8.387147881278252809e-03 3.996279333686693878e-03 3.340801360507501903e-03 -6.569729778082723966e-03
-4.875934843797967155e-01 1.939992938626984298e-01 3.196176795917150988e-03 5.509938911768025478e-03 1.033980781679285851e-03 -2.071165218997569890e-03
-6.388579560964681159e-01 -4.835842279229644186e-02 7.111905669522697662e-03 -7.115444819458801445e-03 4.575591854687885082e-03 3.893369524989917681e-03
2.693595070624373311e-01 -1.301394066009578243e-01 -4.442464024040790327e-03 -1.736457027876031406e-03 2.912045687674686550e-03 -1.296586592734362726e-02
4.474047245330607381e-01 -9.498419041735858825e-02 -3.096974435533025177e-03 1.823269755037381333e-03 5.504474768286456675e-03 -8.330264616995026669e-03
4.592113441567423071e-01 1.188497207771883890e-01 -2.164207353892466310e-02 -1.378244797322875775e-02 -3.032389314677389532e-03 1.912235291114028259e-04
7.595339138116065092e-01 -1.031850339925002857e-01 -8.608028961419374875e-04 1.620848250824617059e-02 -5.994928472942342469e-03 -6.172687047011233283e-04
8.800743301864307755e-01 9.851600032497646875e-02 -1.704973468690809332e-02 -1.670186387608713768e-02 -1.590735221674578021e-03 -9.703804825312293452e-04
-1.033116704586981127e+00 1.478445128513570794e-01 1.867533197228005148e-02 1.097028846237601933e-02 -1.987103105858464835e-03 -1.291648642327667372e-02
3.445318749484248544e-01 -1.707106388642001260e-01 -1.752519947956855933e-03 1.168233200560011599e-02 -1.634222242649279420e-03 -4.811780913287569579e-03
3.017210324698505475e-01 1.907100370178151094e-02 -1.290876333873739595e-02 -8.299895405498417672e-03 2.498610618832164832e-03 -2.521865259169817422e-03
-1.296497403320212349e+00 -6.767891840004394872e-03 3.623975049992195913e-02 -1.260975981824899277e-02 -2.609821153607559414e-03 2.145540517627406683e-03
1.036057252837572773e-01 -1.434564574372530488e-01 -9.470653671963358972e-03 3.734829707545218869e-03 -6.865447046812302298e-04 -2.281116794205657536e-03
-2.182429287982287358e-01 4.472373596843337747e-03 -1.352689997924740213e-02 -1.444018043542689240e-03 2.195290826380618798e-03 5.097199751234771613e-03
5.251740124463859516e-01 -6.423233258136923363e-02 -5.730588927088792021e-03 6.649658354023004619e-03 3.419522780019349818e-03 4.899631766797457773e-03
-2.974006570616160583e-01 -2.258151486289045051e-02 -1.838304465601494839e-02 -7.829560813126412722e-03 1.371529448190038055e-03 -5.935047455727483247e-03
-1.461977346208228057e-01 7.668472841119428063e-02 -6.350125881001194607e-03 -1.402888784229772492e-02 9.872362676378095437e-04 -4.298296507622143166e-03
-1.373092016195896825e+00 9.653866496507519657e-02 4.967491132846884455e-02 -1.649604168853038367e-03 -1.777125533452222775e-03 -1.648895709719279271e-03
-1.152540001496829447e+00 -3.515492084958896091e-02 2.748848058261722793e-02 -1.307267359196283632e-02 -3.431045481814843094e-04 2.153784140340736161e-03
9.115143013832573138e-02 -6.609091839377932709e-02 -2.232186406280974294e-03 1.091197575131831569e-02 3.604395684959406290e-03 8.068772948461450101e-03
1.757634895147317966e+00 4.087876567253549698e-02 2.721093614763031229e-02 2.496576310585482163e-03 5.674176003720753265e-03 2.037532384714979810e-03
-7.382579030054330360e-01 2.320748386230037930e-01 1.626292935986057425e-02 1.620898894513233754e-02 -1.316684835378899776e-03 -7.432682947274997509e-03
-2.844747880429962517e-01 1.123259889134243100e-01 -1.109386699990405276e-02 3.641392930173976278e-03 9.532104083616706669e-04 7.360977672030686626e-03
-3.626714168171253916e-01 -1.369413256790080191e-01 -1.154680235933454313e-02 5.421397572402081137e-04 -2.486874333720668750e-03 2.544118250107535212e-04
9.015609521244541957e-01 -7.978286293979805488e-02 1.776150984303939565e-03 1.133324275980606907e-02 -2.514537879492805689e-03 2.344470394536691919e-03
-4.110264538331757644e-01 8.640137982586958837e-03 -1.378869379784561713e-02 -1.100640922293589889e-02 -3.720370180248924047e-03 -6.647106289693457438e-03
5.021079557629186223e-03 8.955079114777193816e-02 -2.067316809099839156e-02 -9.896797212781562048e-03 -3.441408609349397730e-03 -2.716916125753520653e-03
6.983119623412734622e-01 -1.148076951049973454e-01 4.360833313883500112e-06 -2.453021966827860067e-03 -1.248159978670184377e-03 -1.242011055058424122e-02
-3.367317129079210741e-02 1.992955882216593255e-01 -2.128143183219934759e-02 5.257967836814009255e-03 1.047436806045448383e-03 2.294410488938537968e-04
-4.392796055264545085e-01 -1.237957717728195399e-02 7.484520291115121741e-04 -1.503465927929580927e-02 3.346890105278649882e-03 -8.008376876897911265e-03
1.281385576119888459e+00 -5.829174183098201345e-02 1.733349705407620164e-02 -2.755720494257391222e-03 8.611200404908252604e-05 -1.036055970023855993e-02
1.786548868622657993e-01 -1.605236871534163612e-01 -3.592462375818997709e-03 2.477109309733974921e-03 2.933175839517126061e-03 -9.933591012823627872e-03
1.284476332648614161e+00 -5.277968698023541815e-03 6.227936555295729426e-03 7.903890247642217717e-03 -4.496963550345822389e-03 7.252676151854034123e-03
-4.181890682370065782e-01 1.864293848242642437e-01 8.286483488633466024e-03 -7.229449083295955841e-03 1.614370775294326739e-03 -4.779030210001379217e-03
-8.433138939068929307e-02 8.419574446679510549e-02 -2.264902796602095286e-02 -3.947011513384024797e-03 8.667850231304804847e-05 -3.256418142578524364e-04
8.874616422785063241e-01 -2.133809800343206345e-02 -3.847413852611542180e-03 -6.298195680672981876e-03 2.118326059230282808e-03 -6.699865227023396770e-03
9.016262214357355642e-01 5.886484172686783090e-02 -1.593533087321737443e-02 -1.276194887741987326e-02 -1.733781058018343596e-03 4.305207423217156980e-04
1.314169607046002053e+00 -7.723019049951377474e-03 9.472451632686670203e-03 -8.061093740759053133e-03 -2.233747397945232225e-03 -5.152544307562956227e-03
-6.293988374002196240e-01 -1.765219802700521146e-01 5.138078638269624569e-03 -4.975554067371377879e-04 6.088063538348981608e-04 -1.034636992351391400e-03
-6.651725405439880001e-01 7.836806581119609705e-02 -2.038171280429993543e-03 -3.536628186873635483e-03 -8.051484777527838366e-04 -5.162307713297771203e-03
-5.236347571198500805e-01 4.761024316073705215e-02 -8.778248922585413228e-03 1.047870735866627623e-03 7.763726846501995977e-04 3.861107538734049466e-03
-9.303637004951309519e-01 -1.858347774546502060e-02 1.017426586443222376e-02 -5.465624520070609497e-03 -1.135754569929481317e-03 3.177216059093852275e-03
-1.021638933581620501e+00 1.869988963415842864e-01 3.439926066453561498e-02 1.083557941776200871e-02 2.013668850470486929e-04 -4.868043795855598287e-03
-8.917525091438360807e-01 1.006489234035066321e-01 1.496596446728968612e-02 -1.293136821195960909e-04 -1.821992708484688811e-03 -6.453358810873826602e-04
-2.891186157973640314e-01 1.097749713825759560e-01 -6.750916189255667596e-03 -7.769957127722516670e-03 -6.807541427337791904e-05 -1.371527073776291706e-03
-1.691036869905271356e-01 -1.309689177255684289e-01 -1.074544420456615898e-02 -6.554493226016822223e-03 7.606632156998404401e-04 -9.458047133533348250e-03
-1.044641000874884540e+00 1.167637625016945402e-01 1.431899584341180150e-02 1.326764199307964645e-02 -1.433023335089048805e-03 -5.352207809652906670e-03
-1.990358841732546014e-01 5.229988171808890030e-02 -2.512712093233904903e-02 2.917208306438010077e-04 -1.280799878085974293e-05 1.393742150850254711e-03
-5.302030189467134003e-01 6.685073931569637806e-02 -1.399674100433963937e-03 -8.141708092325941268e-03 -7.755828310676787882e-04 -1.974327013322267014e-03
-9.891915201118330891e-01 -9.858004726446203611e-03 2.831649874667526920e-02 -1.222555731989735661e-02 2.841360894390297740e-03 4.931451265053723651e-03
-1.914943799831849147e-01 -3.052711570838936503e-03 -1.792981632971101316e-02 -1.018802951091625497e-02 -6.262895605589034742e-04 -6.145140937215039408e-03
-1.371175265097544616e+00 2.300303946239884434e-01 6.496216988526945513e-02 2.334311504361469281e-02 -4.919151018033790686e-03 -9.635247083198484122e-03
-5.064678173497405567e-01 2.248753989797387387e-01 1.091297289582825528e-02 2.280274194723521698e-03 -1.241312911712889107e-04 -6.180928329685582250e-03
-7.257151062177039647e-01 -2.986335410632629667e-02 1.448555427045012008e-02 -2.038062824424682375e-03 -6.577783003670749709e-03 1.157856034628168378e-02
7.872000707375408080e-02 -7.699949701464735459e-03 -8.165740133168564174e-03 -5.098867396973308375e-03 5.145168217742641069e-03 9.368247396279902296e-05
1.472171098217294749e-01 -1.564195766472252502e-01 -3.493816894983362443e-03 1.612928537113004004e-02 -4.232200678606136759e-03 2.810050959082415617e-03
-5.138496801032298444e-01 1.666760758776312523e-01 1.075542669424898318e-02 2.559388028820299994e-03 2.104319306754975048e-03 6.348283192886812996e-03
-4.270627328380560139e-01 -3.782055612101401128e-03 -1.640608066535115608e-02 -3.715811834185569432e-03 1.474448832388490982e-03 -1.532945334944505258e-03
1.586796986102118057e-02 -1.697141353960851529e-01 -1.174215405242969327e-03 1.873223212971224932e-02 9.071791186024536977e-03 -7.993436776075957869e-04
2.092668295502073672e-01 1.690132099690253367e-02 -2.516270835064411335e-02 -7.279488198956167271e-03 -8.461142598277269578e-04 -2.046227530989152134e-04
8.621397783491562272e-01 1.237515152152153936e-01 -2.444166131350462845e-02 -1.471543248229671697e-02 -1.939856022252362715e-03 3.757324123613822557e-03
5.471034663112460672e-01 1.417714715228393096e-01 -2.995258873137528893e-02 -6.789417176297652540e-03 -8.158624464988601180e-04 6.855538990247247479e-03
6.269725952277308001e-02 -6.308405365643537932e-02 -8.091920010416666503e-03 -9.091699178722833369e-03 3.361875883663623891e-03 -1.065636766271584393e-02
-3.755222887861774939e-01 -9.503583281750788841e-03 -3.152948667476403177e-03 -2.566971712567664519e-03 -5.836828397233758759e-04 6.090255192069588680e-03
-7.325149576802452156e-01 1.341780001423581170e-01 1.788116996712586348e-03 5.622289172396977702e-03 -1.630083602229947387e-03 -6.492938018546380759e-03
-5.925328286929779642e-01 -2.208605840643091886e-02 -8.338882892410550557e-03 -5.310101191666740002e-03 6.150199384418028516e-04 -6.706213681383020033e-04
2.758649546590617341e+00 2.068694711733637948e-01 7.512087330960927345e-02 -2.881738826216510493e-02 -1.043790277807123395e-03 5.700987485264394014e-03
7.068167398510760702e-01 3.865749428728811055e-02 -1.090610629463985987e-02 -6.924327605872106044e-03 4.568973804323815495e-03 4.671298511158799693e-04
7.891237838517473069e-01 -1.472780875277210355e-01 6.660349552736250303e-03 1.264816609615669434e-02 -2.782538132677584829e-03 -4.958299829898901549e-03
-5.530190791832458874e-01 -4.486022386584120197e-02 1.072139270726943632e-03 -1.137264214674238959e-02 2.062534537472160076e-03 -4.192860209808851359e-03
3.286751009380106670e-01 1.757107241175159262e-01 -3.039131278916949730e-02 1.053998344005948403e-04 1.672562951217291182e-03 5.585607053068575821e-03
2.166219858071585444e-02 -2.157648727331635055e-02 -1.860660026509786819e-02 -5.474783382000561818e-03 3.499264968997242882e-03 -1.337379496916451214e-03
8.914149128234700736e-01 -4.562301650120369895e-02 -1.996096474744514689e-03 1.302293872696854045e-02 -3.949346602751897285e-03 3.513957195231644497e-03
-2.307804101683393061e-01 6.748706168136278660e-02 -9.870451917339685688e-03 3.361122254288509436e-04 1.063012114548216296e-03 8.803080252907942438e-03
1.068187413600213270e-01 -6.405328501725751633e-02 -1.621930579736887128e-03 2.505051517796863872e-03 8.062986732859640446e-03 8.846639061434710726e-04
-1.013404610728523059e+00 1.473459701591874893e-01 2.661039173386494858e-02 6.647291261570426393e-03 -2.386882263270638689e-03 -2.228271668132587868e-03
6.203243142984989911e-01 -1.381607255142278980e-02 -1.207923322974992913e-02 -5.435288314694856904e-03 2.940700745046280831e-03 -1.723947467534074802e-03
3.253489656302850919e-01 -1.116692546221785976e-03 -1.587807430782164908e-02 -1.300006040039543807e-02 -1.977363374474785593e-03 -8.105669823190688600e-03
-5.283496883314668935e-01 2.067906949202187247e-02 1.169424816153062999e-02 -7.954903912572794389e-03 6.012177452814693353e-03 6.138324374301108027e-03
-1.607686015745472541e-01 -1.070406604707929421e-01 -7.688257168304041267e-03 6.917604077295670673e-03 -4.731655263622928584e-03 5.363974008881377924e-03
-3.791639388891446250e-01 -3.964927109650139914e-04 -1.360619286436989123e-02 7.535107128764657988e-05 -6.164561530098563395e-04 5.413027468950520719e-03
2.092335832258692685e-01 1.560652961908712277e-01 -2.471393218015817059e-02 -5.481019888443195050e-03 -1.768070368695241930e-03 2.773803367509361083e-03
-4.717186491594071995e-01 -8.119962958670573494e-02 1.765097000981198172e-03 3.335391698761738192e-03 -3.579132439394404602e-03 1.052838430088996052e-02
1.965124581223325617e-01 4.506234401064147799e-02 -3.407266774850314234e-02 -4.922845718576676806e-03 -1.498651647018039556e-03 -7.996358703592848982e-04
-2.064481074035365571e-01 3.419716572713424885e-01 -4.583529219188014776e-04 2.485646595567418682e-02 4.184697621084632318e-04 -6.941769423823056923e-03
-4.778373835295215977e-01 2.034527375472333366e-01 6.615014074549958011e-03 4.198534429434188156e-03 2.613139095438903742e-03 -1.894111894160420157e-03
3.489321016848450502e-02 2.110086551791686416e-01 -2.336508406137574947e-02 1.251486747304535359e-02 6.370659882907748735e-04 8.822378811262236720e-03
1.345733886268278612e+00 -7.000357545967565709e-02 1.625266633807396707e-02 1.471134987241018953e-02 -9.842978739211249994e-03 -1.591031823600588249e-03
-3.130130928707720028e-01 2.496561868381372562e-01 1.751282949534936845e-03 7.154273455788087016e-03 6.488830281013771833e-04 -1.417880462049246138e-03
3.469095405801311260e-01 2.776692358675706199e-02 -3.074946373104728292e-02 -6.092933308079473420e-03 -2.374714562211357322e-03 2.323558737044300899e-03
4.392936740546438124e-01 -1.336893111709547277e-01 -7.920557824311926496e-05 2.190294475301438060e-02 -1.766737643181784086e-03 5.318387971647932193e-03
-3.931430286752465864e-01 -1.919257535001223786e-02 -7.763748849431614460e-03 -7.417018109701651457e-03 4.298555597406450608e-03 -2.069117970742822589e-03
7.609156844136562015e-01 -1.460441463363399139e-01 4.843428098956672166e-03 1.430276265813867215e-02 -4.792147781634966894e-03 -4.580617844402898667e-03
-1.053091615582515184e+00 -1.534655853996795272e-01 2.098142980766633248e-02 -6.044162823012594332e-03 -4.450866323745607950e-03 5.243346784188962321e-03
5.012165568119385517e-01 2.018530354724976106e-01 -3.029691520460828583e-02 -3.286706786942566582e-03 -3.331134605594168914e-04 7.937586667462474127e-03
3.187126066276729786e-02 3.588910975926549313e-02 -1.032994353220855269e-02 -4.949791561096402240e-03 4.016829469464332399e-03 4.189718418033698197e-03
-3.149824780122629231e-01 8.025256796329958281e-03 -1.937329089433467363e-02 -6.623936290805717587e-03 -1.451631692124697066e-03 -3.458228458384325979e-03
1.489866613252715855e+00 6.702838594616543355e-02 8.216635661101765256e-03 -1.754782663598548550e-02 -2.320937438265009266e-03 -4.158040057242579600e-03
-2.215557661623034913e-01 3.304192915198648269e-03 -9.762493707966468995e-03 -5.588273726294240400e-03 2.374789250948138985e-03 1.583724690718196727e-03
-9.817956605228560230e-02 7.752964312418839099e-02 -2.109059691582183468e-02 -4.437988730023482986e-03 2.177641664714938165e-03 -1.660907119263622510e-03
-6.697756471688427471e-01 -6.672154971307928117e-02 -1.374762192101849261e-03 -3.514578167668964623e-03 -1.612222449225910771e-03 3.574731812704799120e-03
-7.593542163971300774e-02 -1.087669096076217951e-01 -7.929985048374067411e-03 4.054771212162501526e-03 -1.897936002315130100e-03 9.758349491242016178e-04
5.176352596775158910e-01 -8.648483811672216803e-02 -8.428230537561406943e-03 4.896948960782934041e-03 -2.483885507298390274e-03 -1.183210461487296155e-03
3.649439394460877173e-01 1.520522909871843131e-01 -2.266785060648848771e-02 -8.542719021259094145e-03 6.920729752354762071e-04 3.260550703990225570e-03
-1.435958656911061393e+00 -1.352485079887768560e-01 3.665690525304613617e-02 -1.722477857405719376e-02 1.751590889961079426e-05 2.572799627933582047e-03
-1.300790145727065639e+00 -2.146364168121092653e-01 2.940800896795713743e-02 -6.546680876896630863e-03 -1.041513983340412730e-02 6.898843949807997866e-03
1.386964438055245719e+00 3.853576137300240151e-02 6.555653339031943840e-03 -3.897403066631458836e-03 -7.148319463066147477e-04 2.764356867009429026e-03
4.863129321381957082e-01 8.129591292645739486e-02 -2.115820480451408719e-02 -1.099555886609306782e-02 -1.490887425559276822e-04 8.305873562025821140e-04
-3.399778300485254978e-01 1.343190116880936813e-01 -1.442766218387792586e-02 4.315141860167254033e-03 1.432405147732972216e-03 -1.121822197451114453e-03
1.721738787686317051e+00 1.281359463690259770e-02 3.090124825413392839e-02 -1.024796250924220851e-02 -2.213431095355847863e-03 -8.215064647294025024e-03
-5.541431044796304439e-01 2.084084531608110524e-01 -4.437206689361122836e-03 1.913847055606346034e-02 -1.567767803718712752e-03 -4.149971858896981010e-03
-9.306491158577157030e-01 5.009397558017878588e-02 1.129838211396234568e-02 -4.548335814949788780e-03 1.157620506823739707e-03 -4.000777536367476107e-03
4.557058392943259539e-01 -6.217614118766212616e-02 -8.308555977487403973e-03 -1.292497140751536818e-03 3.712721101311632684e-03 -4.364180068588160814e-03
-9.561873873143555969e-01 4.917580125574134986e-02 3.123434939131487093e-02 -8.092349178635972751e-03 1.214730725065970391e-03 8.573954049621022519e-03
1.139006701502184749e+00 -5.578272972649554740e-02 7.448464083129379375e-03 1.282037503529222765e-02 -3.645513954184513485e-03 3.308687591179632851e-03
-7.797031904534215130e-01 -2.420798266080851149e-02 -2.500908694282288815e-03 -6.606412652466739366e-03 -7.616910080177300302e-04 -2.163378445458462307e-03
-2.774067887237111063e-01 1.838851048032914270e-01 -1.979150898755334398e-02 1.411154417089544207e-02 4.481077852934026227e-04 -9.891612650682667183e-04
-7.527397048068651397e-01 5.608055825015673124e-02 6.317077199953653396e-03 -1.264361253056224890e-02 -1.984521382114785935e-03 -8.645712823662552934e-03
-1.195713986223646774e+00 -1.670208447175038913e-01 3.162910382835094902e-02 -7.274359926734257249e-03 -4.167725506202816371e-03 1.090112579864055929e-02
-1.289994200887773612e+00 9.656866076998539550e-02 4.715292484148939089e-02 -5.518047644875296275e-03 -1.373502644034945569e-03 -5.503382634863381506e-04
2.163058018877253019e+00 9.002542861792085793e-02 4.636901374873161202e-02 -1.008494058559848174e-02 4.137002256415627313e-03 -2.015081350985570632e-03
-1.633250534618261307e-01 9.406540461518139717e-02 -9.619672815062827245e-03 -4.549955832073504340e-03 3.516948938150333669e-03 3.339617560727150929e-03
1.362252274397284524e-01 -1.458367893318494313e-01 -7.461889210795268589e-03 7.339146635618372556e-03 1.047536746499908716e-03 1.245721173371923786e-03
-3.732144357914312094e-01 -1.235991799373366284e-01 -6.598718198637718198e-03 -6.961076752199003674e-03 3.429280305805835777e-04 -7.522629153493963494e-03
-6.101854508043151881e-01 -1.479151090495902654e-01 5.609097389501349964e-03 4.728994306990533941e-03 -5.537063710794249902e-03 7.853166625810889187e-03
-3.458584080650023429e-01 -3.142238554685068685e-02 -1.880001950707724245e-02 -6.451191136968906486e-04 -3.886596516636465137e-04 2.840342642146274563e-03
1.940328038431973878e+00 6.915525999624219655e-02 3.051030673438605637e-02 -2.048370553840830714e-03 -7.018054604191964821e-03 5.248900766383611007e-03
1.131818431920497137e+00 7.422578269094592084e-03 7.379480757631931261e-04 -3.002214099381585004e-03 5.602709201580133433e-04 -2.328824245039690100e-03
-9.830640793502353203e-01 -5.711112352629837269e-02 1.876511925080324994e-02 -7.459050794062266516e-03 -1.903571238636741613e-03 6.463823875701124946e-03
1.353334288935545693e-01 -1.349614907616694497e-02 -1.700657363772484568e-02 -3.545984569717419363e-03 -1.332267641765362033e-03 1.543355871728123874e-03
-1.505266135794131321e-01 1.225032208455677091e-01 -5.438571140453247674e-03 -9.002765965607548160e-03 2.433476297000506175e-03 4.314881564479792456e-04
-8.990730654485639128e-01 -1.971740264564134093e-01 1.065000365885762634e-02 -4.919531197886468921e-03 1.270830993612236896e-03 5.350123717907884430e-04
-1.103231217382783846e+00 9.314686961369987583e-02 1.919264460662875593e-02 6.726280177971835465e-03 -1.443200693837408703e-03 -4.181043717787413447e-03
4.458548655386262993e-01 8.830458988051255453e-02 -3.088796475062851113e-02 -7.703379412174934590e-03 -1.826905002621496315e-03 3.160105426477284769e-03
-1.627321741473518879e-01 1.804644499686125503e-01 -1.455380253229221661e-02 2.731078023255290553e-03 2.189338517785607233e-03 -1.985299141397008950e-03
-5.251904473160157183e-01 -1.436673552861464712e-02 5.054788891247654833e-03 -7.329384986552625508e-06 -1.844964571383507284e-03 1.205352005700207826e-02
7.330432479546954427e-01 -1.013575716772790042e-01 2.245879101372848588e-03 1.690369768480303597e-02 1.039146190124177810e-03 -1.588111801302166453e-04
9.228834539638963719e-02 -6.460329638793092799e-02 -8.091116175515019812e-03 7.504176286108616388e-03 -2.169962779282635056e-03 8.759177573195650601e-03
9.147132096058600004e-01 -3.689739954032264513e-02 -1.647558722149094351e-03 -6.185456332901056314e-03 2.051955807278875530e-03 -6.686528344652406183e-03
-8.434101449030630970e-01 -1.023063429151779280e-01 9.208936155530072359e-03 -1.725786841227582719e-02 2.862841205571670881e-03 -1.041568836202824699e-02
-4.495596847960468545e-01 -2.241039174834225656e-01 3.159680718484859929e-03 1.303002434893481623e-02 -6.448557090554620820e-03 3.265831072025038567e-03
-1.232996042500248635e+00 -3.464004497238946934e-02 2.748053859501627463e-02 -1.200239230446715870e-02 -1.789084682417105493e-03 1.317784300536573288e-03
1.573225606441443380e+00 -4.469917242083474435e-02 2.651996060142591816e-02 1.180452128754435129e-02 -6.785926301117111564e-03 5.937387303269256846e-05
-2.848807553685446803e-01 6.968023648229255962e-02 -2.712064849563918922e-03 4.354297050582740065e-04 4.394137627435672292e-05 1.188817808414857971e-02
9.176608315517336134e-01 -4.506120748387657665e-02 -1.651129324586242961e-03 -5.736215943492406835e-03 -1.069845962140487114e-03 -7.979005639349506449e-03
-4.139078077909078002e-01 -3.596428702107333508e-02 -4.278010464977007911e-03 -1.254308007159397019e-02 2.272814266948178740e-04 -6.380275828015261746e-03
-4.877538364854029918e-01 1.893314622893975396e-02 -5.042975231390431877e-03 -6.925934255057627706e-03 1.345034973869728727e-03 2.700185920974037491e-05
-2.361073179081176754e-01 2.901302219974545293e-01 -4.041032067516825421e-03 1.564413810417647835e-02 -4.176509336984757822e-04 -6.138543401740408946e-03
-8.803218231585835385e-01 5.892632128276545714e-03 1.552815735011983493e-02 -1.444922570169596306e-02 3.509493069307860914e-03 -4.856210800631698653e-03
-2.048464230294629596e-01 1.972242311109643209e-01 -1.520925900930406895e-02 9.441187627993563591e-03 2.063312780990902897e-03 4.551761531097895026e-04
2.523562246371759521e+00 1.162524825108042364e-01 7.284098278952638728e-02 -1.552617945614420680e-02 -1.732011966643267047e-03 2.040312973089369788e-03
-1.225850680333609111e+00 1.585896604103508856e-01 4.077626313703219124e-02 1.292631609193993329e-02 -2.777249144291563370e-03 -4.208150839345894782e-03
-4.443838863514278925e-01 4.511472138668808918e-01 1.498136514638057949e-02 7.286027110412450492e-02 -3.677536735137289063e-03 -1.750376374792326356e-02
-5.917604779277139126e-01 -4.586503484740230702e-02 -2.030775611949842650e-03 -1.653730666900395455e-02 -2.000062930640351174e-03 -1.015389439153617339e-02
-1.218200984450380719e+00 1.200728106979676718e-01 3.116434005629194204e-02 6.358391266941586586e-03 -1.158292502329376448e-03 -1.018724485606374748e-02
8.390232070746414528e-02 1.172037786968653239e-01 -2.018447522077950959e-02 1.653498387945661697e-03 5.875997660729707483e-04 1.019677855200652912e-02
7.813003141687183684e-01 -1.149930183135118439e-01 4.478789834614590494e-03 1.939120823349446340e-02 6.709588260485827894e-05 -9.267983149527097989e-04
-1.251340229978425089e+00 -3.457476816871669391e-03 3.002717858938899753e-02 -1.497510163806591542e-02 8.164864259734716133e-04 -5.814951513805301751e-03
-2.046299175042876339e-01 -2.057858421070827559e-01 1.003080447341293292e-03 3.388378481781354010e-03 4.388240765689764913e-03 -8.769315184879219321e-03
-3.060214033432315239e-01 -1.267503696145702574e-01 -6.011711951577080465e-03 1.490605365169673461e-03 1.155679738940509861e-03 2.492715720120083304e-03
-5.846767677484081549e-01 8.991582344549543804e-02 -7.341849912115943656e-03 -1.715884298934058916e-03 -2.375078632948836657e-03 -4.202280271748562966e-03
1.960419686955414686e-01 -1.558976649288374983e-01 6.324180382926732199e-04 8.115651112454644323e-03 7.424126967283833402e-03 -5.289572816029209680e-03
5.952564628841234828e-01 -1.727945380327669811e-01 -6.863504104130741987e-05 1.990653625519703956e-02 -1.086397062482457460e-02 -2.675153097408362619e-03
-1.071828779396020309e-01 9.535146401458893459e-03 -1.098080791358413758e-02 -8.311210947160099782e-03 5.019595352636471632e-04 -9.683573207749251619e-04
4.379705075555060702e-03 -1.110279907972142877e-01 -8.359050002154849029e-03 8.229335098362619214e-03 -2.909173114168457381e-03 6.252622534745968207e-03
-6.784845984326305646e-02 -7.421669551772129558e-02 -1.252835926366259629e-02 -1.063890560785581661e-02 -2.081212177200456276e-04 -9.945370554803730986e-03
1.142062120794604535e-01 1.219679191609115004e-01 -1.970575422004289604e-02 -1.005538391482979632e-02 -2.120087304951764028e-03 -8.711111648735769646e-04
-5.878046152738376079e-02 1.083874410846784875e-01 -1.720596642952232358e-02 -7.696549543151394099e-03 1.822466443915990165e-05 -2.018119181670057546e-03
2.379810245194077523e-01 3.395256166851949586e-02 -2.405390652781781019e-02 -9.512140859076666233e-03 1.298509353409083619e-04 -2.383589830158047533e-03
-7.115767213318870965e-01 -1.532503919676487733e-02 1.185701123229246888e-02 -9.531686943644824758e-03 5.447820733571028494e-03 2.213487493295840033e-03
1.844824310739250794e+00 5.679592239776216911e-02 2.817703329352765421e-02 -6.463459831091370594e-04 -1.135123165715760159e-03 5.041204272246656293e-03
-6.322661450335476108e-01 1.139897291458241840e-01 9.523918711038503173e-04 5.246806965666104064e-03 -9.359519670910024106e-04 3.783068898058288432e-03
1.557108788663848831e+00 -2.653520437595814283e-02 2.651979662756661846e-02 4.473537138060684065e-03 3.878987107423885732e-03 -5.375663687008714817e-03
9.706310917203661015e-01 1.014981041017251531e-03 -5.679520723417335118e-03 8.147401548406722890e-04 -1.635513006196679352e-03 4.776987318395538133e-03
-9.280824935270535203e-01 2.173762046485267635e-02 2.736754241256529954e-02 -1.118407323951137698e-02 2.469782808657948556e-03 6.155604792510322408e-03
-1.059328676523216384e+00 -8.923560051160207840e-02 1.194729656360879466e-02 -6.953862231804860787e-03 -8.979893452661523359e-04 3.499229899629365762e-03
2.565540534847958742e-01 1.227374188652333858e-01 -1.895588202222747709e-02 -8.813197748862638611e-03 1.149839365020910789e-03 3.123430636726117968e-03
-3.912414824969477345e-01 -2.325301821353801535e-01 5.142080043950624652e-03 8.852256642155394151e-03 2.699944378782613476e-03 -1.727269947113202345e-03
-1.306714200965268136e+00 -6.903315714458078955e-02 2.725192959265964471e-02 -9.128957746836793841e-03 -1.668250406967812559e-03 3.994551180710476795e-03
2.600283610448353988e-01 -1.612782838183897949e-01 -7.525609993724564385e-03 1.997520287787977328e-02 -1.363953861016052593e-02 3.722766183687102604e-03
-7.596985804782653562e-02 -4.430123045905483975e-02 -2.039583768968597152e-02 -5.994992551819402007e-03 -2.332406202573249383e-03 -1.885733988652935240e-03
-7.140398876317787247e-01 -1.976169216325930345e-01 -3.738505503418388938e-04 9.615501291940108846e-04 -4.523796444635593168e-03 6.593211704008227229e-04
1.391654572329704964e-01 -1.841680407495466937e-02 -1.092231817735815798e-02 4.585430648805558472e-03 -1.832281073620340133e-03 9.525503415662097892e-03
-9.584725071482003145e-01 -1.106616970104578879e-01 1.231093265943703982e-02 -9.949389972994179474e-03 3.376567039400239605e-03 7.775321159925099174e-04
-7.411203040447915669e-01 -1.515972350017466275e-01 7.888683668645788544e-03 -8.470587512602305996e-03 6.270369054291498843e-03 -4.030131695919525296e-03
1.298011002884006615e+00 -3.922286193757251044e-02 1.499634276963400341e-02 -9.996457139031102862e-03 -3.008266761186967515e-03 -1.332240649822956022e-02
1.122080216548332121e+00 -7.972676959782590278e-02 1.382142476086643118e-02 1.040779700078586258e-02 6.820321344862565437e-03 -6.802296026816288116e-03
2.423943039799818955e+00 1.450968939101731636e-01 5.350834138393843753e-02 -1.198696541593944655e-02 -6.645992090307293633e-03 8.035484534483449542e-03
7.323541935742065023e-01 1.160078042481151456e-01 -2.742890569314484009e-02 -1.348152563974907951e-02 -2.889523978754297406e-03 3.063348962941732454e-03
-6.889300910967700586e-01 1.037021172584009776e-01 1.236734296881239308e-02 -5.756725834621765660e-03 3.893107978093798480e-03 -1.972822934204599907e-03
7.004212841816416235e-01 1.218537544153800306e-01 -2.408020025892612659e-02 -1.175893593501240765e-02 9.514724437874102223e-04 3.431312837476276859e-03
-1.836627463667054594e-01 1.794259661881427714e-01 -2.899178414198867043e-02 1.980293944206331161e-02 1.288374497456195168e-04 2.928512510157205845e-03
-8.520689401471631674e-01 2.056574230854405771e-01 2.656299960316800546e-02 1.155012492345930918e-02 -1.521099806196791549e-03 -1.086645012427317003e-03
-4.757909705298424274e-02 -2.036809516759615635e-01 -1.939620182937457690e-03 1.536399369422101688e-02 -1.370938101766157281e-03 1.450850898324077941e-03
-2.142340288601185250e-01 9.270390882118378223e-03 -1.355581857403947640e-02 -1.169167948255334967e-02 -2.309166049700591382e-03 -5.148126284634949555e-03
-7.714693547289717956e-02 -1.407666549484924423e-01 -5.419019911973042836e-03 -2.634180520123356132e-03 4.500041998370602966e-03 -8.825182440570749146e-03
5.465671010924499917e-01 -8.235512517759370488e-02 -6.585032061686883244e-03 -8.873746106696190575e-04 2.063736653864786143e-03 -6.173204909168866772e-03
8.353562599702238911e-01 -1.531001021059532341e-01 1.270762153040709899e-02 2.260862371875953583e-02 4.596403256324477909e-03 -1.608963340173254295e-03
-4.491005039058408865e-01 9.435257059313625905e-02 -3.323539173735874132e-03 -9.869605745159810636e-03 -1.830327596526055631e-03 -4.841557998372729779e-03
5.625642826186457723e-01 -3.754128488001080149e-02 -4.877559895134116197e-03 1.577985434066223351e-03 8.413747358183083086e-03 -2.884738842545950515e-03
-3.179058731610255872e-01 1.540813554822163811e-01 -2.592092748538699174e-03 -3.218115683907760410e-03 -4.289122173225569119e-04 2.145503445125864980e-03
1.778804981604577451e+00 7.228315423657630245e-02 2.341666572223553497e-02 -9.499781827260987688e-03 2.147347769501469026e-03 -3.427391870480082665e-03
2.006556154374323331e+00 1.498420761174041466e-02 4.866193741716227233e-02 1.661954237246066318e-03 2.244614420973823320e-03 -1.670136229393383862e-04
-2.882478319344660700e-01 1.543781669080482311e-02 -1.518400454490172712e-02 -5.959374914779560183e-03 2.792317638605232820e-03 -1.694754135077634113e-03
5.426480647330965690e-01 -7.204005515736193466e-02 -2.243554446789372894e-03 8.199925215407573992e-03 5.425552724356109101e-03 -8.990666738516094004e-04
1.769566191729656235e-01 2.176530582136178837e-01 -3.376623698508356142e-02 1.240802525067631785e-02 7.875614717271763000e-04 4.931698383406439394e-03
-2.030856365490113224e-01 6.389594012407709411e-02 -1.903831853024345183e-02 -3.570158539268658299e-03 2.003298115278557244e-03 -1.324866638369681182e-03
-5.266664907984198729e-01 9.531870731931348095e-02 -3.017960208808086794e-03 1.386748896259342063e-03 2.475072316033940806e-03 2.685852303614064737e-03
-7.483134988856420255e-01 2.260691140610732522e-02 8.405925603362612549e-04 -1.210010568090925422e-02 -3.122237653338468758e-03 -8.278324125387438379e-03
-1.106524441595368585e-01 -4.766573835763986827e-02 -3.993383208874433030e-03 -3.706752861975886292e-03 5.657407641030277184e-03 4.560796781156297515e-04
-3.292946897118031457e-01 2.618581090420498136e-01 1.076771345339357148e-04 1.127054759577508260e-02 -1.164810481897811568e-04 -5.034819833359983725e-03
-8.672557564984721967e-01 -9.649712503527463348e-02 4.276505244706443366e-03 -9.668084162072574511e-03 1.859831679788650658e-03 -2.534382913140667201e-03
5.464473347418418170e-01 -1.543424880637196961e-01 -4.462358954245056707e-03 1.896297324273242893e-02 -1.251890870068497405e-02 -2.457140987542611832e-04
-8.506384500246617630e-01 2.029129856526434295e-01 1.873635618165432615e-02 1.248425885178308832e-02 -1.846419890710830364e-03 -1.091508748191044945e-02
9.253547392142907890e-01 -8.661127436299494164e-02 1.467918344728535995e-03 1.393213494346180054e-02 -7.082383611459013018e-03 -6.128284916589776853e-04
-1.083229236953036967e+00 -2.332060158785033421e-01 1.805637664479052551e-02 -1.515678693349250747e-03 -5.339255586762539814e-03 5.436976038441938483e-03
2.217317915861846678e-01 -1.632093721426382538e-01 1.749640505373565268e-03 8.712337103734781735e-03 8.110651187628352063e-03 -6.574994184724986847e-03
2.072761772820356785e-01 -1.055971748398671917e-01 -1.128021504428382456e-02 -4.603191400988121580e-03 1.663568877708836635e-03 -8.053617288254334358e-03
-1.133412510537450846e+00 -1.803338943161786889e-01 2.072518348302110000e-02 -8.704535971485136484e-03 -3.726816637381281851e-03 1.221316907206555389e-03
5.786551571727654997e-01 1.000825323966739178e-02 -1.826897067837927879e-02 -4.796559906859146523e-03 -1.844031099704727212e-03 2.591026732336446006e-03
-5.255965390893527767e-01 -1.357176959700756580e-01 -2.779364998596922914e-03 -2.167898015248483599e-03 -7.458127793093598766e-04 -1.981768870410973349e-04
-1.223752853836508558e+00 2.000056850912461937e-01 5.003905649119367444e-02 1.396459069070392182e-02 -2.858946531227594696e-03 -6.328101090333097811e-03
-4.771006080017608508e-01 -6.972775967901616301e-02 8.295192894690913213e-03 3.811413433223555594e-03 -4.739035295189148247e-03 1.389006219366092573e-02
-8.371406398084872968e-01 -7.354591422991618721e-02 1.142131540725823194e-02 -8.025833310870280485e-03 -1.808251758089715871e-03 2.388627406437272664e-03
-5.033182484384460809e-01 -1.011645483225940556e-01 -2.747268743035749441e-03 -1.262775780630463925e-02 1.255799944469349397e-04 -1.020239834461059841e-02
7.055164048637683205e-01 -8.175557013859885425e-02 -1.915844754941039250e-03 1.139321251495505928e-02 -7.503758110119409380e-05 4.622690290981017538e-03
-4.134739157742944871e-01 -1.560708800156609954e-01 2.888746998218099304e-04 -2.631937761266224529e-03 4.261888510744536208e-03 -4.614755098323122112e-03
-7.096355379025841570e-01 -1.732614302493958314e-01 4.363264334727362526e-03 3.460280362811963672e-03 -6.798128781820465642e-03 5.128679467690843222e-03
-3.888070384475278973e-01 9.072819832741675639e-02 -1.298711580865392380e-02 -3.498111172247584180e-03 -2.635701085596728332e-03 -1.731106719443303811e-03
3.786405709635786709e-01 -1.646823611596442416e-01 -4.190440699362414471e-03 1.583442723780174519e-02 -6.021111835268458563e-03 1.526478127135398946e-03
-5.325659437923694652e-03 -9.752685710707187372e-02 1.599738464539573676e-02 2.682039872071790426e-02 8.509361208897885109e-02 3.004416323708473946e-02
1.152683838970900876e+00 -2.281004601764341153e-02 3.681331632791690067e-03 1.399135819341008717e-02 -5.088811038584230804e-03 8.276970480708228245e-03
-4.607371559153395357e-01 1.105998374482143193e-01 -5.279821982466674501e-03 5.347027770347863480e-03 7.773455032229219155e-04 6.519698118192767192e-03
2.183231668420500537e-01 -8.920460977424941873e-02 -1.148294156725125637e-02 -3.024524740774434638e-03 3.022331229283735290e-03 -5.208469376614825556e-03
-1.251237745722115768e-01 -2.311689519190670006e-01 -3.654578115568007761e-03 1.703518770149611145e-02 -9.760817633963869006e-03 -9.693490893202831495e-04
-8.817992913897870766e-01 9.970643434695559970e-02 2.838575111417424718e-02 -5.251012866283828739e-03 1.963453809470196154e-03 6.184203570723059186e-03
1.251793987442731071e+00 8.242230996489975647e-02 -4.963178938437305676e-03 -1.942544673243345316e-02 -3.995703034578619237e-03 -3.750393884341915538e-03
-6.836291188061023594e-02 -1.348730554319436392e-01 -1.206693505967474690e-02 -2.564342496713453191e-03 -1.702104182704321364e-03 -6.434527620769409616e-03
1.013141664019308719e+00 -1.102723144988397401e-02 9.595286706257588833e-04 4.388899378465112473e-03 3.905336361591846446e-03 2.206752335383241771e-03
3.038152189180249874e-01 -2.194161648505262852e-01 1.782942824747873545e-03 2.366553457744620045e-02 -7.436983988491041066e-03 -2.186622871840822671e-03
-2.296412535345363493e-01 2.137100863926685856e-01 -1.502521928305713787e-02 1.308847503557881813e-02 1.706407063338535217e-03 -1.621420411947900857e-03
-3.391209821037143857e-01 8.197292621837379278e-02 -1.361351669351450536e-02 -5.281873241402968225e-03 -1.130860993504529104e-03 -2.788334715301175014e-03
6.786292482242319846e-01 1.322866625149592482e-02 -1.475345944189854035e-02 -1.049937739145928757e-02 -1.604428316891148929e-03 -4.037643795864912649e-03
-6.028535063101626151e-02 3.433840061186521631e-02 -1.787725813840841671e-02 -9.915510466209167401e-03 8.655655904425583688e-05 -3.851597234989147939e-03
7.463111959450044464e-02 -1.052552092791329275e-01 -1.444464949669805459e-02 5.903066353735336377e-03 -3.438848760426826533e-03 4.426513596918654238e-03
-7.450569921291549935e-01 -9.683561968139149656e-02 2.640138683073221457e-03 1.089996529876189994e-03 -8.839784110591971181e-03 8.325822630839399899e-03
-8.775320033090222571e-01 -7.188094164959925314e-02 9.177116344226243783e-03 -9.744611695072175409e-03 2.004655763572777208e-03 2.984620925846513066e-04
-1.028125746062054091e-01 -1.077552808799843442e-01 -5.447447509745086645e-03 1.375616445401135106e-03 4.379016645825354465e-03 1.490784906808918309e-03
-1.500347073619418270e-01 -1.532333098562957407e-01 -1.624390425007017288e-03 4.877906241823268436e-03 2.033706982505567498e-03 -4.417664683775645446e-03
-1.797958111243605772e-01 -1.493732704103219455e-01 -6.384452281806543041e-03 -5.945716917475562732e-03 1.304140079937994665e-03 -1.216497922629595184e-02
-3.029186058642153734e-01 4.738912001238555771e-02 -1.664135898665242141e-02 -2.073117180288758937e-04 1.677229380160524938e-03 2.973461830420052760e-03
-5.585100704833333429e-01 7.747938070312912831e-03 -5.486240733325062867e-03 -3.746492096541233045e-03 1.060668611175348974e-05 2.317354687562850173e-03
5.073299530637226384e-01 6.158987919385062321e-02 -2.500455388974040516e-02 -1.271742355672105147e-02 -3.620839252315986075e-03 -1.075615461757339214e-03
-5.567483947368979669e-01 -5.878006023186536921e-02 5.291395972360843705e-03 2.140054389201534023e-03 -7.717558598763231935e-03 1.169925482477927881e-02
6.067954324741489103e-01 6.074155697848489244e-02 -2.099349530435811254e-02 -1.034508878290027641e-02 -6.301225218480170512e-04 1.385553713784736917e-03
-6.410728911412146847e-01 -1.525439362753452377e-01 -2.015469590073914845e-03 1.426458958137920155e-03 -3.382141091829772052e-03 4.985106001400474787e-03
7.111721912643604870e-01 5.230827386503984072e-02 -1.552734410071441619e-02 -1.000450086892329393e-02 1.939496289865998363e-03 1.365281802632559430e-05
-7.010035197057872258e-01 -1.077038065228486802e-01 -1.707879098388448685e-03 -1.116961470422765668e-02 -1.158324299647369056e-03 -6.209524835096918820e-03
-1.054923524490332332e+00 9.468737514848943326e-02 3.073493716898885106e-02 -1.128626057225537438e-03 -3.659960085300193421e-03 5.064740975455582495e-03
1.834019184662810109e-01 -1.489098397468989199e-01 -2.369962679687854807e-03 1.357439596174394095e-02 9.741713063021970064e-05 3.517173371976229940e-03
-3.149802608766356093e-01 -1.403111789275472976e-01 -1.306479925681149241e-02 6.705310168215036434e-03 -7.728409261491973360e-03 4.759209302178502195e-03
3.567915929248770546e-01 -1.158076872758492942e-01 2.695515294518755994e-05 1.570563302161594524e-02 3.883786192568613582e-03 4.442940430972809780e-03
-2.365684081485720514e-01 5.077635760967365297e-02 -1.586662393641323845e-02 -6.949802682546825199e-03 -2.023689018141718119e-03 -3.554861052590436868e-04
-6.474824592705786808e-01 -1.588432560999321896e-01 6.584096931563781195e-03 5.877935217289941179e-03 -8.733853668915148721e-03 5.926790318777911543e-03
-1.948284813645342339e-01 -1.125824825666331547e-01 -1.345581245157214528e-02 -6.162095332932386767e-03 1.009781793660162425e-04 -6.622285799392001703e-03
-3.992441746709790573e-01 4.406163885219970509e-03 -1.204935997725383942e-02 -1.031115410036380700e-02 -2.837665141976673973e-03 -4.537038490978930437e-03
2.536298991103073108e-01 -1.191498054371391835e-01 -1.098266458815659943e-02 1.331432132605469415e-02 -9.414952137912619562e-03 5.322494419029725511e-03
5.212083856797614656e-01 -3.902892618028910160e-02 -7.544736010659956228e-03 5.032274827625257164e-03 2.486740208876073426e-03 3.947928439821895771e-03
8.387266104097006458e-01 1.888999048820663718e-02 -9.114887762485850836e-03 -3.994615627968609375e-03 2.425897201469984134e-03 1.757614550369873815e-03
8.932231331105946470e-01 7.563497807617686197e-02 -1.805986307674608410e-02 -1.358858630305288806e-02 -2.174913232270449075e-03 1.522737077197121227e-03
-3.887364567044950259e-01 -1.022359627718696512e-01 -3.252875035774098651e-03 -9.840513515632400010e-03 2.381586556212495973e-03 -9.047900989849722367e-03
2.915303263700418923e-01 3.403711000536754905e-02 -2.712102556919360891e-02 -8.303456027558740737e-03 -1.384588388047678373e-03 -5.672770436164329853e-04
1.719890147296726512e-01 -1.543149128875076492e-01 -9.430339721463653832e-03 6.735937318979108752e-03 -3.715008612990804062e-03 -2.340180930204123662e-03
4.013375199897606382e-01 -4.394517725960485344e-02 -1.171701526924528655e-02 -2.455093216239785398e-03 2.616886494366139296e-03 -1.827941990297667465e-03
-4.896180889794841118e-01 -6.981951716335911551e-02 8.372740444546467389e-03 -4.204686262742346340e-04 2.312188268006419752e-03 8.950063456728747993e-03
-6.030512504384003547e-01 6.054203688240367663e-03 -5.182301094613087598e-03 -1.057505030477355092e-02 -3.072694365865881591e-04 -6.506665543843809414e-03
1.557352009437450890e+00 3.834473756434401276e-02 1.863137903377889634e-02 -2.244164621023492061e-03 5.714899762258403813e-03 -4.818205078982612543e-04
-9.167515738938220027e-01 1.620115021687150436e-01 3.818851938578408239e-02 -1.690981775142390850e-03 -6.485017714890945091e-04 5.820642046207276724e-03
-5.045412495158579924e-01 2.186275026040188640e-01 2.944985660298247727e-03 9.918477408728877329e-03 -1.830208703409419956e-03 -3.306389314598410980e-03
1.489444469056404374e+00 -5.191095989819601714e-02 2.565568856438673467e-02 8.154394785875951693e-03 -8.115518983405833279e-04 -3.582408047195125012e-03
1.484376939922929628e+00 5.948311736617795803e-02 7.578171712018283608e-03 -7.111678013580236511e-03 -2.658113258385808118e-03 3.566925911222046039e-03
-8.094325813739988718e-01 -1.241349284560554767e-01 1.533691868126201875e-02 -9.233268939731739677e-03 6.832700899239343290e-03 1.006577185701344312e-03
1.204082369293809185e+00 -9.648828785943579234e-02 1.610536890695204656e-02 1.541203203611360775e-02 -4.311298437877738275e-03 -3.057190293705283179e-03
-2.654312870464643481e-01 -7.127592543241888234e-02 -1.543478605859171376e-02 -3.777533310175372819e-03 5.497422353119801701e-04 -7.847195749661831912e-04
-4.966116467869596818e-01 1.453108048547970821e-01 -9.708727175496313991e-03 6.492455093191080995e-03 -7.388890725452608476e-05 -5.132455898307501478e-03
8.117799634879261372e-01 -1.333150118376089932e-01 4.057129759931775090e-03 2.100976075404573443e-02 -7.091017930469441753e-03 1.321864809772821132e-03
1.595091531346409103e-02 2.713563988302589505e-02 -1.455216260822238608e-02 -9.593095898641527345e-05 5.836391364435951920e-04 9.112602905525558211e-03
-7.100101571815530255e-01 -1.069310254787834702e-01 -2.544960099469515714e-03 -5.668466709189006608e-03 2.529644783411279154e-03 -7.058534809488574467e-04
3.033810222563312897e-01 2.049677766853029437e-01 -2.826526095358434035e-02 3.159547378339636059e-03 1.917688639106109906e-03 7.766546448961294397e-03
-5.738254074674796756e-01 1.947850238854380300e-02 3.176465655015350397e-03 -1.480695638096321889e-02 1.835248762593916011e-03 -6.321440807566447093e-03
-1.082212738954261289e+00 -2.842777699275372133e-02 9.743079104266859011e-03 -1.819481066412334796e-03 -2.522053995819611462e-03 2.710372890836490033e-03
2.051349942058857401e-01 2.352067974636303238e-01 -3.645786920242067436e-02 1.630318329798917387e-02 6.861062724964193298e-04 5.133949655213422211e-03
2.387464102068043381e+00 9.290747446080584171e-02 6.341419768221472075e-02 -7.328979008816697595e-03 2.632009106231037680e-03 4.279559378641649772e-03
-4.524165208512839764e-01 -7.802928574346640334e-02 3.207283554668872907e-03 1.212811637161504249e-04 4.208849434944116757e-02 -1.169239296380355890e-02
-4.664743149528450261e-01 1.614239301302614754e-02 2.713073579765687806e-04 -5.526725814652693955e-03 2.887352956428837752e-03 3.535077323210300722e-03
7.883120341349980631e-01 -1.580889404229105233e-01 6.245087795297457091e-03 2.115049654289322817e-02 -7.003950468609175875e-03 2.452786541250736923e-04
-2.828769993880393407e-01 1.051305467672567330e-03 -5.774475348643370518e-03 -6.434841944294988729e-03 1.184756136875966641e-03 1.893336423343880805e-03
1.015597394502882445e+00 -8.653271922557141064e-04 -2.861871046214774401e-03 7.382607312209335006e-03 -2.812216418939455370e-03 9.593688666594156131e-03
1.225394623247025194e+00 1.048632412056724195e-01 -1.111095789286936121e-02 -2.033734785313330573e-02 -4.722012074191045058e-03 9.654025075109000289e-04
-1.233948948970436721e+00 2.052262623717562157e-02 3.536622565883321134e-02 -1.049178022121986971e-02 8.983169017830607917e-04 7.729583134179269415e-04
-2.889473488855863748e-01 5.750897559078673588e-02 -1.898738411468923028e-03 -1.554680605816611411e-02 1.714448176479038992e-03 -6.094433894466269076e-03
8.359839157223077910e-01 -4.115002552052292317e-02 -4.207102317752553326e-03 1.069029529446248981e-02 -3.665057993449918027e-03 3.265438621384864851e-03
-4.020631129584904123e-02 -5.569395141400047128e-02 -3.875972632342596352e-03 1.816372224799813221e-03 1.859361834863194982e-03 3.610874725691011217e-03
-1.168703842022051687e+00 -1.492141730414224265e-01 2.496460072648232220e-02 -1.624153844272028385e-02 5.402937137499765931e-03 -3.131183511689979507e-03
2.411358690624012813e-01 -1.945989149268029239e-01 2.956775860765030245e-04 1.789331252877213868e-02 -2.470140473043692768e-03 -2.041262037982016254e-03
7.435889563930470070e-01 -4.116678060457234362e-02 -1.764935700315726011e-03 4.126459283365132430e-03 6.332473562284078594e-03 -9.787615451795472071e-04
7.875650786431486194e-01 7.381317286108236841e-02 -1.496993468344409890e-02 -1.101379819385198307e-02 3.414871635710612936e-03 1.650903099404603478e-03
3.829746334730494972e-01 -2.089804468229377460e-02 -1.045596809501748645e-02 1.170861799913053584e-03 3.771164228842900385e-03 6.565221708907458334e-03
-2.668182653682700245e-01 -1.769543195896253474e-01 -3.010764351877115528e-03 1.254934587831806406e-02 -7.078932296655744694e-03 6.943053683914714169e-03
-8.096807209580413056e-02 -1.634935305634332425e-01 -5.427774988633136954e-03 -1.621712823131523208e-03 3.912411722874939782e-03 -9.324470597144560863e-03
1.016263042800680388e-01 4.589927523212801452e-02 -2.136794873091784480e-02 -1.057750981709251401e-02 -2.468005747284677826e-03 -2.352243406939996413e-03
-3.961234475435927993e-01 4.209207397694272879e-02 -2.381846992348608198e-03 -4.914047521063397671e-03 3.105063349566006704e-03 4.747630015864987355e-03
2.477706925318742537e-01 -4.592897506979390365e-02 -7.504997528125968535e-03 -3.318510221956688482e-03 6.219588208716754670e-03 -3.013951016008978821e-03
-4.934615775854790387e-01 3.383953207550281506e-01 1.403876892827815234e-03 5.003960257009679863e-02 -1.847790517111864809e-03 -9.834700011850792956e-03
1.185945306745218586e+00 9.285674242192611116e-02 -9.812622479448746340e-03 -1.755106883965366557e-02 -2.940007642441117355e-03 3.787263925626641980e-04
1.251722071989413987e-02 -1.638182258572576933e-01 -1.262784334004832558e-03 1.027791381489702970e-02 1.975936517614853075e-03 -7.167126916900195968e-04
5.982648559378399566e-01 -1.077451830688527235e-01 -6.668804155344314200e-03 -2.535627541960319871e-03 -2.534472283914273455e-03 -7.468598999363373209e-03
-5.170738370136528372e-01 -3.430080972190943656e-02 -4.862547346855166167e-03 -6.298814545573259115e-03 2.308226924622992348e-03 1.369103137017693564e-04
-3.167582149221099264e-01 -3.343721553978371702e-02 -1.697786649799737412e-03 -4.768706889911700914e-03 1.418304758180614434e-03 1.564430150452413449e-03
-5.893345819779753914e-01 -1.096191431469118599e-01 7.699027968580334641e-03 -2.432908079975582211e-04 4.934789472548170054e-04 5.896393642175831382e-03
-1.907184466725063421e-01 -7.225395065101099766e-03 -1.790330817763476079e-02 -6.615937065111329209e-03 -1.480708448096083310e-03 -1.120438464473720846e-03
-7.540483296243788436e-01 1.593742497030743027e-02 9.605629377915331918e-03 -7.017504256718180497e-03 -5.966896045421349586e-04 3.305459398997739537e-03
-3.129892781669247892e-01 -8.361502974558680107e-03 -5.850024051434070220e-03 2.491705546890106484e-06 -2.614340233053562387e-04 8.655582084522094391e-03
1.678177820975087220e-01 7.966593737371885017e-03 -2.728006957995109810e-02 -7.632169964474562127e-03 1.170795630383924613e-04 -3.114146562631072302e-03
1.223933523735281970e+00 4.210374702596571955e-02 4.446323261250187354e-04 -1.037892003627432537e-02 1.208150367637325379e-03 -3.845985251265049681e-03
-4.749037759155509408e-01 -1.535142590070724122e-01 1.114593341439782656e-05 -5.327629158209063430e-03 5.192733001648015649e-03 -5.390445654297210815e-03
-1.041717162907751792e-01 1.578278048698998348e-01 -1.792867843427798508e-02 1.725070146798126812e-03 -4.397082546192317034e-04 4.049532848065838693e-03
-3.892627292647445336e-01 -4.435531407057438646e-02 1.978583797636732609e-03 2.978675805219121501e-05 9.380014050806078306e-05 8.417562272116369329e-03
-1.643783357579862991e-01 -4.155503088243130833e-02 -4.688480389361122415e-03 4.386152311326268517e-03 -3.259915956256407340e-03 1.050209189406428253e-02
5.909981597318258312e-02 1.284444899773651561e-01 -1.794707933195562044e-02 -9.162046780401838933e-04 2.657854221165580500e-03 7.644421986797824212e-03
9.137379535166780808e-01 -1.028011406158144125e-01 1.241960023989196159e-02 2.143736235909623339e-02 1.061071888384371512e-02 -8.906022236110495939e-04
7.520303328929155429e-01 -1.415778331775715548e-01 -3.616622748018204127e-04 1.990908464356576368e-02 -1.286632722812903161e-02 -2.580444281969933434e-05
-1.067334041589236837e-01 -6.320863349760417159e-03 -1.023662644728626399e-02 -3.750872923732905418e-03 1.276032004200433265e-03 2.906737594301707622e-03
-7.587759288951632097e-01 1.030381243237735722e-01 1.467031124293800837e-02 -2.965209314702065956e-03 1.149281229253185490e-03 2.023362717960396333e-03
-4.088246401834100818e-01 7.756320042158026951e-02 -3.301255482353758833e-03 -8.157099926132813789e-03 3.463209369019029605e-04 -4.739477891755912572e-04
3.443259220530195831e-03 1.234628389832775341e-01 -2.512130258869992028e-02 -1.276146483051426308e-04 -2.678369470413289591e-04 3.363163505294169096e-03
-3.326362589366469447e-01 1.780503038196359356e-01 -7.618771291434773760e-03 3.464681405293009494e-03 3.165507683090935888e-05 -1.073547287082361355e-03
-4.001487042435885599e-01 1.251269017157389252e-01 -1.060993901080186166e-02 2.544438001560474401e-03 1.716255398399195442e-03 -6.305696687054076566e-04
-2.972943594927295735e-02 3.271591748894431273e-02 -2.222916050530998611e-02 -3.153225492896457108e-03 -9.157345337545375009e-04 3.396684318071400890e-03
9.506497883502269541e-01 -8.522301675050623915e-02 5.474881568041980659e-03 6.484253410917240924e-03 1.188154920539195511e-03 -2.375318407934670379e-03
5.931556257586180214e-01 -1.488545279734368280e-02 -1.355744980594024256e-02 -1.017387447664164224e-02 3.730384498798525162e-04 -6.911793174904108834e-03
-4.102491079231931348e-01 -2.288380685213551105e-02 -1.565467381144609524e-02 -6.013777917777809144e-03 -1.717179334382775259e-03 -1.676955974640234126e-03
-1.116204947924494782e-02 8.423405642747275324e-02 -1.794096029262333067e-02 -5.096327506184249352e-03 9.984626085187842809e-04 2.804975857853506463e-03
-4.730266187638680342e-01 1.102566408279118809e-01 2.551770857374892083e-03 1.285232657001828026e-03 -1.809267122201540807e-03 9.515521217002500046e-03
-4.853803434198868949e-01 -1.589343199197950918e-01 -1.431839302772879702e-04 -6.633449051973188369e-03 3.010320759416987551e-03 -8.448665795108827037e-03
3.487447586006395817e-01 1.778135980353200141e-02 -2.261071012440864919e-02 -9.764309638457062054e-03 -1.575168379181335202e-04 -2.292952107257076495e-03
3.453664757297301297e-02 1.266638056633924148e-01 -2.686337146608481358e-02 5.412238667568428259e-03 7.553308363178229574e-04 8.138130772489494610e-03
-1.457236190785224095e-01 -1.451043011372068758e-01 -3.474201694723943849e-03 -2.166667527259608095e-03 5.696850146874215745e-03 -7.194262177371028334e-03
4.599185672195617025e-01 -1.501750921518680837e-01 1.187008878832857516e-02 2.895023872461720618e-02 2.056257597242369325e-02 -7.868852861595689724e-03
-1.940581941039456748e-01 -1.728903327405657483e-02 2.014860439164420369e-03 -3.004594339435798234e-03 6.753877645703268776e-03 6.887708620500921676e-03
-2.796527791691825748e-01 -1.942791595082448419e-01 -5.607568489626455974e-03 7.359180074722948203e-03 -3.878598444313601130e-03 7.303302965392225214e-05
-1.140271332151647332e+00 -4.220046906916471302e-02 3.218894001082188427e-02 -7.742281827497571496e-03 -8.889256400522916809e-03 1.164255059633541138e-02
7.423343129952983954e-01 8.831935553810968398e-02 -2.557287491399649892e-02 -1.397264827249738647e-02 -2.904920367220617701e-03 1.275683031441631312e-03
4.465397502837223920e-01 1.087103960789385371e-01 -1.834344888497781503e-02 -1.581972550661032983e-02 -2.914609027706034378e-03 -2.047445278999384527e-03
-3.082513993155157617e-01 1.069384897341980473e-01 -1.397310833777818014e-02 3.754718079755049124e-03 1.252552167866453632e-04 5.344970672214534139e-03
-1.179389959978885127e-01 2.487120218770036695e-01 -1.813168323355544495e-02 1.802546254684649421e-02 1.683535681346774032e-03 8.840391308437664693e-04
1.107651073266858743e+00 2.124550362858407954e-02 -1.365285092495747109e-03 -8.773997057364948254e-03 2.024232580362500620e-03 -3.810254016575482638e-03
-2.129273091909235083e-01 2.934091790918338591e-02 -1.289894191587062991e-02 -6.136151571155577106e-03 2.666386861547419534e-03 7.818967234743851328e-04
-7.429430516171502408e-01 8.171836817265985820e-02 6.456605308525089834e-03 -2.083175188749228097e-03 2.079842451651459003e-03 -1.650139355741725910e-03
4.819482909924404646e-01 -8.570131246013350246e-02 -9.310543604517450972e-03 4.754204547644999383e-03 -2.245327124646475086e-03 -3.655829817578972927e-04
1.082077004994825564e-01 -1.781875208589581983e-01 -3.840433670947300624e-03 1.480988197708889113e-02 -3.660481564025639279e-03 2.308754010361408014e-03
-1.416460893683165301e+00 -2.680282454230902348e-02 3.295294201602267520e-02 -5.787455047258944531e-03 -4.686371997788156725e-03 3.035198244974314508e-03
1.755087179822705234e-01 2.145247978852888801e-02 -2.051361432259895395e-02 7.931657724495799668e-04 -9.670002980079880558e-04 9.052296437590697659e-03
-1.907415151123616204e-02 -7.605515893526103299e-02 -1.200791937129782466e-02 7.260008402085119626e-03 -5.796170435510543222e-03 7.747841927995087127e-03
-1.088012224209256251e+00 1.294081955538707307e-01 3.798712227507526629e-02 1.057537548226538705e-03 -1.860111839846473629e-03 3.345972904640124538e-03
-7.453409150804445327e-01 -4.173402306765414127e-02 -5.861681666540794443e-03 -3.096642113457771534e-03 -9.794349035288070580e-04 1.120871725533116505e-03
5.179313611005738061e-01 -9.799306755165863858e-02 -6.478993096372982242e-03 1.617628259771290017e-02 -7.597003183169640655e-03 4.701188002454548959e-03
-7.710505249053645205e-01 -1.420861158024386284e-01 1.081578236294256264e-02 -6.057561735605254162e-03 2.812743963409815827e-03 -1.320442629091545417e-04
-1.186796251629852472e+00 -8.834310176932848313e-02 2.671503101160713906e-02 -6.438426778039936862e-03 -1.122387141840135681e-02 9.193170765335208910e-03
