3.429658426407987459e+00 2.828609193405945965e-01 7.919348146742062611e-02 -2.160221212976598179e-02 3.155306862577935377e-03 1.352955897313539227e-02
2.592095738617536393e-01 -1.991022502364889549e-02 -1.883622440706099466e-02 -1.250110813859126209e-02 -1.631455773004702970e-03 2.279543282742301120e-03
2.052316068557195616e-01 -7.402044488506354103e-02 -9.717153024568351768e-03 7.458144057211710080e-03 -8.987450746953999647e-03 2.077966202609519541e-03
4.324502778844515061e-01 -1.149516872033399528e-01 2.498710617684459477e-03 3.445051042190623580e-03 2.026691199161823054e-03 -3.891286032669637272e-03
-3.763536912386068051e-02 -9.779824740284236151e-02 -3.277939063987605692e-03 4.445123686112142404e-03 -3.509510342176998081e-03 1.966494371796389737e-03
2.338789136252640066e+00 9.654016829438348546e-02 3.048939203576497836e-02 1.555357070035797741e-03 -3.375407601593823775e-03 4.208549575779959098e-03
-8.559499915110869717e-01 1.243416685283242895e-01 7.312564245534022064e-04 3.268739382299374989e-03 1.619411552370840762e-03 -2.058193231652121792e-03
-2.848268077428026679e-01 -3.704707283753670005e-02 -9.285276566326312528e-03 -1.215921361271305595e-02 -7.192998564610124206e-04 -2.718857992426993320e-03
-3.641976934273311040e-02 1.665728330422612882e-02 -1.640680486245922609e-02 7.042721794502213202e-03 -6.399321173922504352e-03 8.067336421127878701e-03
-1.550132971729317521e+00 3.442221712183610172e-02 4.187680205884801443e-02 -3.120708106399126738e-03 -1.013134775434710103e-03 2.316653738210842396e-03
-7.335326607082256478e-01 2.159329742124379004e-01 -9.087631799372698771e-03 1.552138368932893392e-02 -1.165059984715891917e-03 -5.828371634622214748e-03
-6.399038086458744834e-01 1.100094964447101004e-01 -6.940691501419058752e-03 2.833616518648563939e-03 1.090463422400398579e-03 9.135389603402527215e-04
8.026958473373354552e-01 -8.853932062541662595e-02 4.450147873785493396e-03 2.361503572410763360e-03 5.990817476978390656e-03 -8.817616785874605317e-03
1.413967492394118564e+00 -2.999705260250868158e-02 1.233534618356204975e-02 2.276902114030217913e-03 1.192773968565813544e-03 -3.007563831782966279e-03
-5.728253157144366225e-01 1.385993443737791597e-02 -6.921734973890620408e-04 -4.234048537606715026e-03 5.360320385545304898e-03 4.018588701959067608e-04
-7.502844357779020479e-01 1.680329891036479728e-01 -1.066816099730462722e-02 1.312593450499548696e-02 4.336119499898296735e-04 -2.020854801543148140e-03
-1.237902996090734620e+00 1.920033655379135007e-01 8.212856166505260250e-03 1.947053085310683843e-02 -9.284666217230518092e-04 -1.240591787951078259e-02
1.255016344395642192e-01 -2.847538922630358030e-02 -1.263190816772255184e-02 5.982621291884753813e-03 -4.220259066156428936e-03 6.103759690683618205e-03
-4.403446204926650398e-01 -3.168827380323332304e-02 -6.621754300668214813e-03 -5.611864965909562665e-03 5.460774949019391554e-04 1.510254812313348250e-03
-1.664386390666024729e-01 -1.193160580639244794e-01 -3.836762024884609527e-04 3.192913887793286283e-03 -5.381771130623094410e-03 1.155091844101135035e-04
-2.434123735492842167e-01 -4.937718912958122264e-02 -7.572376266723896028e-03 -9.939083439562785074e-03 3.252707303761970953e-03 -1.289903188215831172e-03
2.408508082116329607e+00 1.167313296180557541e-01 3.476661011874097179e-02 -5.683185828007654948e-03 -2.619155207590486215e-03 2.841554159288451394e-03
2.041044268032294440e+00 7.692683177951509244e-02 1.972250061093855020e-02 -1.854843200414645933e-03 5.623741535541840501e-04 1.643864987397462493e-03
-3.145732689294670342e-02 7.460417054748121057e-02 -2.809170382123100246e-02 6.023371469236444642e-04 5.980330445034007323e-04 6.699881087049179909e-03
1.730285122754325888e-01 -3.221774933260510704e-02 -1.298555590598392435e-02 6.894261248602966824e-03 -5.917848928886582961e-03 5.046651285122807397e-03
9.086833595090023641e-01 -8.844934144238197904e-02 6.946360867348865204e-04 2.134993442034878106e-02 9.643375028920004449e-03 -5.124178113514702912e-03
-1.088363854140650538e-01 -5.594934548665434632e-02 -5.937312690274685646e-03 1.845903459460574922e-03 6.671103494450921672e-04 2.541719535030663880e-03
-1.124440130218602452e+00 -2.832538345910603356e-02 2.345545529230515930e-02 -3.498023158556644004e-04 -5.373133690092023879e-03 5.515456612718583514e-03
6.132728626666839045e-01 -8.168773985759925083e-02 -1.775628120335892741e-04 -3.174724068084362337e-04 2.064926229161604537e-03 -7.432549387213788911e-03
1.196979327733419973e+00 2.197938156395572162e-02 -2.709764939965571880e-03 -1.215450275598938500e-02 -1.045483142384782396e-03 -4.176055105266020424e-03
9.544503983469523334e-01 -5.727975134273596142e-02 1.992046890609407324e-03 2.158942761178081569e-03 2.687600543473256474e-03 -2.054357337409240883e-03
1.375504066593373098e+00 -8.457564471611776422e-03 5.322628917707950685e-03 2.437787071849169696e-03 3.574439320562564776e-03 -5.050068476226792814e-03
-7.567723639062220453e-01 1.300981667498881944e-01 -4.556624645798126351e-03 3.495118955931222383e-03 1.207334917730739721e-03 -2.191095530459772137e-03
-6.610877989860270976e-01 -3.869485973443091004e-02 7.610389975804533920e-03 -1.039265667072705604e-03 3.519058551085775359e-03 3.571716299370409058e-03
4.725273813229616260e-01 -8.465439957627642065e-02 -4.044688126671343829e-04 -4.136876444211073575e-03 4.346729699600231610e-03 -9.351358180453057597e-03
6.554854026790882804e-01 -5.602274569194493070e-02 -3.705900731544254680e-03 1.586682222209934547e-03 5.637512385206167216e-03 -6.581098853645473389e-03
3.429313480238835310e-01 5.828592185195151376e-02 -2.390992232400632883e-02 -9.997832032766787447e-03 -2.271342519655776288e-03 1.426348753053295908e-04
1.040114869558282695e+00 -4.510341877642849717e-02 -3.183431119636180757e-03 1.156705399667680434e-02 -5.631592826075984895e-03 -2.928304508347614066e-03
8.284164111297576127e-01 4.990412772333684133e-02 -1.782613680081356761e-02 -1.239389013168478750e-02 -6.192328633490937640e-04 -6.362075979801746703e-04
-1.337361891249515988e+00 1.038209291738659834e-01 1.724379414462848606e-02 -1.906346007301894067e-04 2.166763719086403964e-04 -9.017780264867280432e-03
6.115468980239446850e-01 -1.026888470995940689e-01 1.730275142223199015e-03 6.639521075467634537e-03 -1.230111352839487323e-03 -4.454811402034822461e-03
3.124854890483953485e-01 2.022488335321204634e-03 -1.450994660960799182e-02 -4.347531908847927437e-03 2.729279790307394867e-03 -2.449377127632855651e-03
-1.417995374960887567e+00 1.213404820592505363e-03 3.613785210332543657e-02 -5.911157762590865672e-03 -1.722434303019836554e-03 2.312174828704458094e-03
2.356309619610598427e-01 -1.036840946820206388e-01 -1.405705802363802284e-03 8.006001523136626035e-05 -4.509662605509739898e-04 -1.446535066434546544e-03
-3.096224214826820420e-01 -1.351058307059770439e-02 -9.671941093711396153e-03 -8.338215514713439571e-04 1.190775267203526486e-03 4.688578470601262489e-03
6.602840686676735293e-01 -4.171490176249919440e-02 -6.939825572141001403e-03 7.957178923954217470e-03 1.597289233535640262e-03 2.725544510169322903e-03
-4.057693003487688466e-01 -4.103861543483344754e-02 -8.510820940064564924e-03 -1.224420384915477986e-02 2.536016995181386829e-03 -1.846437539950595771e-03
-2.395934087211371577e-01 3.871285397242726911e-02 -1.137571974103009607e-02 -8.229479206798074806e-03 1.943198754759868250e-03 -3.567600372646229177e-03
-1.605275344073183508e+00 8.413047791825518928e-02 4.605151780445771587e-02 1.669942770670670236e-04 -7.048978328957609431e-04 -1.146043092836006045e-03
-1.231798902178391497e+00 -2.302812763999340789e-02 2.806965749874386698e-02 -5.897096139813178504e-03 1.288446665099016338e-04 2.454489038363771598e-03
1.999211468886177845e-01 -4.423549546988232023e-02 -6.542300097863149901e-03 1.569448404458750890e-02 1.259527125044409158e-03 3.075083885443048899e-03
2.083677438746509125e+00 8.182707276716093270e-02 1.723057037428371227e-02 4.285973341255596911e-03 4.322154737728713982e-03 2.154294234562116866e-03
-1.060973308001129212e+00 1.668897001694213400e-01 7.024303343237592832e-03 8.711005422196431425e-03 -3.882271300059943002e-04 -7.120569632875607159e-03
-4.845783665038613242e-01 6.514484983020456255e-02 -1.273926127555229278e-02 3.767559264462331126e-03 -3.675726403766200415e-04 5.680058567637871585e-03
-3.215163130377654555e-01 -1.078514024486649792e-01 -3.269992406310535124e-04 -2.823409747369674642e-03 -2.151825006266650398e-03 1.128444682544683247e-03
1.136439153423732362e+00 -3.538632667870966059e-02 2.249525612018826509e-04 8.748945369670625000e-03 -3.026728434569957941e-03 1.989412165510610507e-04
-5.349337699095354504e-01 -1.925463226457049468e-02 -7.469473671005702302e-03 -1.361460046514926039e-02 -1.750825144592307219e-03 -3.042013535622247605e-03
-1.510950421374894215e-01 3.557772673318000678e-02 -1.953876256117580840e-02 -1.037243985153756508e-02 -2.266655475107359069e-03 -1.074783932432747929e-03
9.162132078762460496e-01 -6.885933071019498253e-02 6.629377390286900554e-03 -7.093934321342759350e-03 1.009551396220213998e-03 -8.702380144497952677e-03
-3.110784693261544609e-01 1.191294286114236295e-01 -2.546505977135564772e-02 6.762024703289002715e-04 7.048684811418786051e-04 6.141518622126131101e-04
-4.681503925971101099e-01 -1.967245312716672107e-02 -2.521595592922456098e-04 -1.001077991374555408e-02 4.681659155257519855e-03 -5.605658917007093865e-03
1.573679243896096258e+00 -6.507820273898569721e-03 1.769167247104915311e-02 -5.532276511315354674e-03 1.940852383392697436e-03 -6.929323472925648549e-03
3.968591221904702038e-01 -1.049262963386448366e-01 1.471615578384515748e-03 -7.486453116466059137e-04 3.760240966727415764e-03 -7.085721460142211346e-03
1.491789702665748063e+00 2.036191504807240843e-02 6.290825478547759685e-04 8.044053181672778177e-03 -5.198064819167799201e-03 3.426008834403374871e-03
-6.392530535184839380e-01 1.251588175772500866e-01 -2.895825824779788178e-03 -3.258529042939239864e-03 2.409636145514040210e-03 -4.542202415866064200e-03
-2.668908916866821746e-01 3.295879841854926218e-02 -1.955832617103148499e-02 -6.823413743438954890e-03 3.559578927203836262e-04 1.206158398765492341e-03
1.026446622014822729e+00 -9.735836929285653085e-03 -3.413824390628140276e-03 -5.821735724660354917e-03 2.930159859102911962e-03 -4.935864088279502508e-03
8.807807492293853180e-01 2.479886010646263628e-02 -1.311405625173464075e-02 -1.073292758274880208e-02 -9.766668096193959966e-04 6.082723497409154613e-04
1.497726589598927793e+00 1.265303176867879631e-02 1.067984843860490980e-02 -8.398526956228039367e-03 -6.298320983681015162e-04 -3.534371379171277836e-03
-4.883671236256650339e-01 -1.211609667833483117e-01 8.960070577055959107e-03 1.812941929201611910e-03 5.248693100699705323e-04 -9.835341661965143339e-04
-8.723741386720594848e-01 3.904861581918338959e-02 -5.847075846210373013e-04 -6.978890220685941490e-03 5.087862222103584076e-04 -2.399918342503754975e-03
-6.991797235473942163e-01 1.833912894698451479e-02 -5.135099910737996910e-03 -9.676469532839151967e-04 1.994413528712971409e-04 4.300409470221709489e-03
-1.046961180693151361e+00 -1.961449013770451624e-02 1.415300271244571487e-02 -3.542029298318311818e-03 -9.828321346877705918e-04 3.529112889789457440e-03
-1.312970301425316677e+00 1.447313272046726607e-01 2.646073293456710496e-02 7.614263659546973047e-03 8.901477304732842780e-04 -4.790682300530518106e-03
-1.110405976024341879e+00 6.722914773833295332e-02 1.254808111264787626e-02 -5.705626090294050766e-04 -1.051116957564629095e-03 -2.589867333048740750e-04
-4.561268510225372497e-01 6.052049782540994821e-02 -1.080325296007011646e-02 -5.153561987455687610e-03 5.486372996567009681e-04 -1.054244255041913774e-03
-9.077139540154390007e-02 -1.033656500159496477e-01 -5.764111747136846896e-04 -9.592277241031106280e-03 2.354619142786650628e-03 -5.653140499659431960e-03
-1.332249839620302412e+00 8.148176350911856547e-02 1.567894158585201106e-02 3.034233420911636604e-03 -6.713033752614563964e-04 -2.879236226159126878e-03
-3.863915507478148381e-01 8.893106683300901552e-03 -1.796356502926597237e-02 -5.284578384152698212e-03 1.157167269620220683e-05 3.152577107303403733e-03
-6.812140453812493002e-01 3.207670622246121261e-02 -2.812351416059974494e-03 -6.153243906467981486e-03 1.605633082681768415e-04 -1.073452285518436931e-03
-1.051512649405328848e+00 -2.493037272364824301e-03 2.410046848978151038e-02 -1.437757858000034096e-03 2.227909649158953294e-03 3.617970912051035257e-03
-2.867634531226275207e-01 -2.680528440659414244e-02 -1.085446791308678979e-02 -1.258673866562164644e-02 8.171087890096557713e-04 -2.780124888540369456e-03
-1.710176543771494639e+00 1.967036661852563928e-01 5.487589627481512938e-02 1.610791700160466369e-02 -3.596013077199662795e-03 -1.075551286384146543e-02
-7.823419720756892293e-01 1.552983796918072368e-01 -7.454106238107932299e-04 1.598874093437721881e-03 8.471248322374868136e-04 -6.018039616145050112e-03
-7.387783319868709286e-01 -1.471933991125350463e-02 9.923741979213421965e-03 6.981441355698702819e-03 -7.576150212726972567e-03 5.778178282330581790e-03
1.051747763653608225e-01 -1.286220208549115375e-02 -1.058468916271424094e-02 -9.473838534801768243e-05 4.411680129398915483e-03 -5.005391313439934474e-04
3.921954003246177489e-01 -9.345453369496004026e-02 -4.760049744333618750e-03 1.397676191544233379e-02 -5.028538194773879248e-03 -5.174433285976110615e-04
-7.363733064889704805e-01 1.171475659342700038e-01 1.642814547452400940e-03 6.935120184308580030e-03 8.191158526141556354e-04 3.629556315728277218e-03
-5.669742491946999641e-01 -2.557541270730545949e-02 -7.599149982205531673e-03 -8.071115221674548743e-03 1.862765432058263032e-03 1.378083331772675304e-03
2.449813730113826193e-01 -1.074517249302521238e-01 -2.482753456689005926e-03 1.891620282724212898e-02 5.974512797745131637e-03 -1.098145926053543334e-03
1.182545172943624545e-01 -1.478872365726540544e-02 -1.760897535916877352e-02 -9.628510715543018780e-03 -3.866051061347021444e-04 1.354418113673102209e-03
7.386620409113325847e-01 5.889136034251014895e-02 -2.303999712117825102e-02 -1.207860692614473250e-02 -1.621780966808165827e-03 3.589819778703145538e-03
3.649656381410040784e-01 6.897070071035865668e-02 -2.957622937673748398e-02 -6.053538431281605715e-03 -1.387462482269690659e-03 5.877263976299861026e-03
1.503606940590575536e-01 -5.043486251977905011e-02 -6.587580926835821631e-03 -7.390988867570371691e-03 4.662724696615780720e-03 -7.860357141013801438e-03
-4.124466887255242575e-01 -1.437417497266431018e-02 -4.494951513153171499e-03 2.528617859406234909e-03 -1.396351634434395963e-03 3.563317094224161766e-03
-1.001473291078629480e+00 8.299448763094674497e-02 8.477010026335399457e-04 -1.610150489006283462e-03 -3.200765756676551225e-04 -3.967709222198227519e-03
-7.046108133168279553e-01 -3.353447501742321674e-02 -1.059416611199155180e-03 -7.169868669919549770e-03 1.054331214932813449e-03 1.514523557265616723e-03
3.082184616405088118e+00 2.320263616064716650e-01 6.143158765800539600e-02 -1.927091122437422227e-02 9.869744436135735556e-05 8.354601386620287562e-03
7.397255073840706130e-01 1.993580829997771212e-02 -1.371059308798953588e-02 -2.447789116238067910e-03 4.000482179699371352e-03 -1.827056428012545732e-04
1.115288583156886171e+00 -7.176941978731056493e-02 8.372111830648468200e-03 6.247950318893759868e-03 -2.152191101826494632e-03 -4.224325965606800376e-03
-5.694357721869712785e-01 -4.163598323982168475e-02 2.549850934805602057e-03 -7.238687804879431059e-03 2.940538172102290671e-03 -2.632474194185816831e-03
8.656273901788880121e-02 9.506250199732173278e-02 -3.176485815988876193e-02 -1.947505059624825025e-03 6.770290255248402698e-04 5.158455529880929223e-03
-3.731117307538560357e-02 -3.623996276776191711e-02 -1.139243156834366007e-02 -7.070848812293684810e-03 3.500350653723506913e-03 6.744299131015659733e-04
1.119640350926070616e+00 -9.427865070447669082e-03 -7.347714193796291496e-03 1.186441201234137224e-02 -4.535391344660954019e-03 -1.151881721956675512e-04
-3.674231916650292917e-01 3.474589020371363079e-02 -1.105375919446319188e-02 3.186221714572566414e-03 -5.094410816760871347e-04 6.491440570465184003e-03
2.513041010119361207e-01 -3.910334176462375300e-02 -7.168686763143704982e-03 8.002581505831680292e-03 6.227500510105050610e-03 -6.263731905998739385e-04
-1.277599863967276539e+00 1.099523782005759204e-01 2.129531155560120126e-02 3.897315569628522890e-03 -1.803122465285735606e-03 -2.199749492675479381e-03
6.704604957038748925e-01 -1.829775414331431121e-02 -9.486531116746509465e-03 -4.607565758195160399e-03 2.928911844714012034e-03 -1.036995691718950539e-03
3.372124145858000910e-01 -1.636497191373741458e-02 -1.287122120142018648e-02 -1.206016455391410377e-02 -1.986062961657613377e-04 -5.734269257654113494e-03
-5.769928591970600040e-01 1.326458009267846364e-02 5.367923904594128909e-03 2.370415616490509098e-03 4.403461550532838074e-03 3.998262934900028744e-03
-6.731344392302550383e-02 -7.534227488271354189e-02 -5.522145960094666968e-03 7.324227067057206136e-03 -5.360046960150207859e-03 2.159277694069361257e-03
-4.937627425383890323e-01 -1.762007152500730603e-02 -7.902057199538391544e-03 -1.105541836714106886e-03 -1.255405294606966229e-03 5.070901427723662099e-03
4.622109611166186349e-03 8.200587109815050957e-02 -2.717871847270383195e-02 -5.238598893458499585e-03 -1.717293254900523810e-03 2.455334075946541579e-03
-4.324643900359693149e-01 -5.656469200820055110e-02 1.447648871670770884e-03 8.153215874811334599e-03 -5.182039347956118175e-03 6.042251384618742456e-03
2.270001752946566517e-02 -4.523112548278439282e-03 -2.328279304437349401e-02 -1.180342761111432583e-02 -8.706915868212542842e-04 2.149849270255146938e-03
-5.784342375642360645e-01 2.409253836357108658e-01 -1.642475594991646415e-02 1.599217096351392836e-02 3.808682005932350831e-04 -8.472901041607847072e-03
-7.441044020326323949e-01 1.399786711924991545e-01 -2.755460947682795460e-03 3.766749580530380503e-03 2.553133390922506570e-03 -2.192120729012097743e-03
-2.508318986414813656e-01 1.312456269233147343e-01 -2.798053999052315180e-02 8.682922539350813179e-03 -1.274995574278948085e-03 6.465967171102052213e-03
1.699204138415923770e+00 1.831886422568301657e-04 1.292688811712609798e-02 7.899031610509005263e-03 -8.096893486396776127e-03 -2.843783581115623838e-03
-6.036212076592605280e-01 1.705884597588513962e-01 -1.028463139902971619e-02 5.990205281210694670e-03 5.825155100868010605e-04 -2.637972676775453534e-03
2.248808493458037683e-01 -1.313718611932415160e-02 -2.043626808048251697e-02 -1.033037347579349174e-02 -1.988923465707333887e-03 3.690006104581956391e-03
6.892872485917329595e-01 -7.659675811331476125e-02 -3.849532417190989347e-03 2.022671266755202493e-02 -3.511576292903024078e-03 2.726145952178415563e-04
-4.673376490661676486e-01 -2.948779739963117152e-02 -3.276775999226071677e-03 -6.636410608475974172e-03 4.444124590160877450e-03 -1.840815756515821084e-05
1.085552226408821097e+00 -7.081768833353958847e-02 6.179111091669543636e-03 7.531695455948267566e-03 -3.904165128001707563e-03 -4.512176147653535786e-03
-9.743618786601835335e-01 -1.007664637033160726e-01 2.268028472284585803e-02 1.081829281816847500e-03 -4.522559253797847102e-03 3.021820794638473660e-03
2.655264737652999196e-01 1.124069543990080661e-01 -3.419904745178042188e-02 -2.539831238504773863e-03 -1.288013300005794474e-03 6.276094395693022909e-03
-1.356619773354151952e-02 1.340130427443755184e-02 -1.306804370194396443e-02 4.272081324622260226e-04 2.727714214749031498e-03 2.605563269611290735e-03
-4.499430735204486553e-01 -2.126133912349433691e-02 -1.125341996146945328e-02 -1.068537310871128278e-02 -3.189157553511681341e-04 -4.644031570178560795e-04
1.605230689991379522e+00 5.763433766913439449e-02 6.285108168153119221e-03 -1.350024709431350139e-02 -5.250730412987207694e-04 -2.857426903623532487e-03
-2.804998008155476508e-01 -1.215018240880492290e-02 -8.442113525362015397e-03 -2.816741672847798521e-03 2.049386181204933700e-03 1.496108856094190013e-03
-2.790623747533627075e-01 2.906826504358535693e-02 -1.787879366409201795e-02 -7.102068901368409175e-03 2.390228677948050447e-03 4.005221884722301169e-04
-7.137439061215947733e-01 -5.682885984944682778e-02 4.520718569290702211e-03 -2.275473126335862857e-03 -1.709076328181479516e-03 3.371497886980523093e-03
4.028143632510738925e-02 -7.640937572237053999e-02 -5.509310981253136806e-03 4.275190768716337006e-03 -2.156695438083138915e-03 -4.277045343784904017e-04
6.720499267030947133e-01 -5.582854853940340950e-02 -5.023761002384333901e-03 2.325915939694798984e-03 -2.218988338694181505e-03 -1.804010533355998678e-03
1.934935941891067768e-01 8.223048488655176902e-02 -2.654359664637090041e-02 -5.518822569820998163e-03 4.211351343190570151e-04 2.519571318211302324e-03
-1.446545678261017320e+00 -8.998096814728613613e-02 4.231844796372417894e-02 -9.353551846711712775e-03 5.060059254085346511e-04 4.128882246495051318e-03
-1.180502308400623868e+00 -1.375061195647161172e-01 3.289586995691622801e-02 4.837524753753953514e-04 -9.899383239128757908e-03 3.809042492258319507e-03
1.542255896189854036e+00 4.416169533778439849e-02 2.315468940860599279e-03 -1.199590970537652360e-03 -8.245763565020616370e-04 1.322066987227565535e-03
4.026431954856256601e-01 3.487447921132597745e-02 -2.105741215473457342e-02 -8.226247323596381361e-03 1.471206009846723610e-04 8.070376726787179900e-04
-5.885186467450916892e-01 7.565144969553090626e-02 -1.461883840682404873e-02 -8.387080329774611147e-04 1.481060704871708933e-03 2.483972607439759173e-04
2.021574852276870615e+00 5.652075158323003473e-02 2.846824601375365707e-02 -1.063893991854347222e-02 7.434721267169152128e-05 -4.695520886951885971e-03
-8.792332990483054944e-01 1.382096057370542086e-01 -8.772129709932525998e-03 8.359430962647755939e-03 -1.230344700024826486e-03 -3.459889988831895986e-03
-1.124884185274380499e+00 2.748644898620251908e-02 1.334204372870676641e-02 -6.291620798597262476e-03 2.217296685472893835e-03 -1.235071461277103015e-03
5.779406131177404760e-01 -4.408215574228220579e-02 -6.629553392444237532e-03 -1.091865998387583350e-03 3.743232934475559850e-03 -3.396773129788911022e-03
-1.075787730691668109e+00 4.262194740998755810e-02 2.494112389448227551e-02 2.463509512231210584e-03 3.865771759376858565e-05 5.690796699745942315e-03
1.413333846110323089e+00 -7.994316937278103663e-03 2.896446121848970153e-03 1.037071760925705952e-02 -4.073620985588326249e-03 6.308162309253687516e-04
-9.045118260166812307e-01 -3.410634693635397618e-02 4.907817744913206721e-03 -8.608974488818570830e-03 2.944095485952671204e-04 4.913234622843798286e-04
-5.809645364763063036e-01 1.102711088388084043e-01 -2.108969250753842464e-02 4.588546045069389831e-03 2.174609156243247272e-04 -3.664674428654887743e-05
-9.178347566501836585e-01 2.596029686279004850e-02 6.114599802626294496e-03 -1.243848412388479964e-02 1.689726605331106377e-04 -5.162290365037357047e-03
-1.106059783039826661e+00 -1.056556139698045516e-01 3.166023997408058677e-02 3.108081002958592957e-03 -5.375696901320146243e-03 7.286932510901705795e-03
-1.501481400524820486e+00 8.249492500922087079e-02 4.176690464456713631e-02 -9.770463769163822976e-04 -4.650298402346488892e-04 -5.461367936017446668e-04
2.530985110253350712e+00 1.366466070251871334e-01 3.658330645167253564e-02 -7.603249822233428337e-03 4.369918031527033134e-03 1.452573528187964041e-03
-3.115546992581302854e-01 5.090831901319133046e-02 -1.249945686556313933e-02 -1.282983523643322190e-03 2.774244912274327624e-03 2.652573679049024125e-03
2.817761733772837784e-01 -1.026264119470686326e-01 -1.812039211083141949e-03 4.788466007038292595e-03 1.683753933228553372e-04 9.284851545715170967e-04
-3.047575610804709734e-01 -9.676518282843855900e-02 1.058246813062962109e-03 -7.668473954980078826e-03 1.761427567581303876e-03 -4.761962563651235721e-03
-4.966292695417977576e-01 -9.828536182439245872e-02 6.280609540859838184e-03 8.517232489356763026e-03 -6.465172288810066940e-03 3.768617602704584738e-03
-4.516835150930910148e-01 -4.415977525400099218e-02 -8.681050474404903433e-03 -4.611078384163256119e-03 -5.865538034215594986e-04 4.134313362128599380e-03
2.208374632879021249e+00 9.815040262352206502e-02 2.200287920275602674e-02 -6.598034305032755365e-04 -6.103257202523211696e-03 3.286460555843093937e-03
1.297955841269918364e+00 1.928970630473365519e-02 -1.970186441807138689e-03 -1.638135094620037265e-03 8.744725239793658088e-04 -2.417173017723209510e-03
-1.023243933291633656e+00 -3.932182940815918959e-02 1.878510340305889967e-02 -1.039481299658287771e-04 -2.299145427103816992e-03 4.551944347286167314e-03
1.246996405336377456e-01 -2.488287458455951118e-02 -1.351498234624004882e-02 -2.785458101421881948e-03 -1.194743334214956772e-03 9.044552033608135129e-04
-2.960636764505533147e-01 7.246816628333899168e-02 -1.255833882155652989e-02 -3.187501406476471975e-03 2.422280331141243078e-03 -3.407786455932677243e-04
-7.927322439667476850e-01 -1.381008568309593232e-01 1.794007425056184934e-02 -2.283634977849420458e-03 1.012199054895371320e-03 1.722148249423210552e-03
-1.361776565645078430e+00 6.544369043024458876e-02 2.041281648114390279e-02 -4.401705667396015059e-05 -5.921331985343309063e-04 -1.855026177138824946e-03
2.887712221461118944e-01 2.945219590700740367e-02 -2.572126084401570034e-02 -9.946847549590156351e-03 -1.995901350275233310e-03 3.948889079755541279e-03
-4.225123486728902811e-01 1.091244900338078777e-01 -1.897609204180069828e-02 -5.997897331184667445e-04 2.206921115766175868e-03 -1.093969768934528221e-03
-5.652838352269078381e-01 -1.130686690370388131e-02 2.736255180740353610e-03 6.789430597541046969e-03 -3.748027213498439543e-03 7.540064139331194987e-03
1.040864005935960845e+00 -4.066863756895252452e-02 -2.824735283083627379e-03 1.443773058822065553e-02 -9.704259659423742843e-05 -2.071629988487009438e-03
1.823919777800489250e-01 -4.442463881999177827e-02 -9.754341751266180915e-03 1.003111522748101857e-02 -3.898290453881963265e-03 4.410769307463473232e-03
1.053803889155585205e+00 -2.176931668557912855e-02 4.764838005937062772e-04 -6.432827439606172981e-03 3.046588365596617463e-03 -4.687963872363469509e-03
-8.343663800959233434e-01 -8.066907871015560616e-02 1.418521103492170927e-02 -1.396813950550469460e-02 4.888503401717588653e-03 -6.058613872600401677e-03
-2.101724815253895595e-01 -1.435511798741670175e-01 4.439647463029008055e-03 1.235990266040862609e-02 -6.795723509038298533e-03 -1.191892567663581925e-05
-1.338809894033865966e+00 -2.384747223233168664e-02 3.036499920239064260e-02 -7.218417709824915401e-03 -9.036950324680640854e-04 2.333819971713404617e-03
1.959268719200722542e+00 2.848250054945117640e-02 2.174228367991902153e-02 6.274713167135017103e-03 -5.781064976316305400e-03 -4.645563135049886002e-04
-4.004643876595051499e-01 4.265315824903071623e-02 -7.193971568818497038e-03 6.481639669588701302e-03 -2.022698586849548848e-03 7.715774263476543431e-03
1.075126878172193656e+00 -2.461680152474315236e-02 2.207934859686811260e-03 -7.460197403938912709e-03 6.407242412219796334e-04 -5.788258135889691111e-03
-4.312987107547422982e-01 -3.893905706563554475e-02 -2.262734634427901459e-03 -9.504650209764514690e-03 1.683085589759699590e-03 -4.294485606977788139e-03
-5.986889342819596838e-01 -1.481094914447561584e-03 -3.225647280215802708e-03 -5.280919689961878667e-03 1.560646650404607511e-03 9.360300710776043275e-04
-5.751038156298855508e-01 1.972441185532758379e-01 -1.650936318314544932e-02 8.688639940818566887e-03 -9.197026726315660845e-05 -6.475128024657549573e-03
-9.892542261953740645e-01 -1.987712107288531777e-03 1.578836887362358374e-02 -1.011503538529202190e-02 4.624050220397048043e-03 -2.201254358839330790e-03
-4.906452111040380815e-01 1.233750807441872932e-01 -1.966946517796124699e-02 4.123922004535193753e-03 1.480220577268740378e-03 5.992137200299602669e-04
2.953926213977684512e+00 1.821627628855789771e-01 6.389559229768138060e-02 -1.351089500898643853e-02 -4.337716377648360099e-04 6.117437048660030741e-03
-1.518439536447372618e+00 1.282552500123687600e-01 3.602039893641004187e-02 7.946528473626026864e-03 -1.848253308780215811e-03 -4.081633194544925618e-03
-9.182592873141904866e-01 3.421948044402706168e-01 -6.084644568309379754e-03 4.789428438213831629e-02 -3.877001956987852823e-03 -2.249905405704793679e-02
-6.315302894074185103e-01 -4.839756976654954052e-02 2.470802436953919469e-03 -1.519974206918634982e-02 4.280989531067950593e-04 -6.203309420184589980e-03
-1.498313234007034866e+00 8.993794788375483740e-02 3.007649642419677610e-02 -1.001915406400589103e-03 9.150069066528354915e-04 -6.794222214061429975e-03
-9.181214211576467499e-02 6.350139098347604150e-02 -2.200457129381655844e-02 3.169427801502498320e-03 -1.119925924512291289e-03 7.528481324379198043e-03
1.127411248245243858e+00 -4.386200315886727708e-02 -4.865311073218958442e-04 1.540582349281375413e-02 -8.417903254804474196e-04 -2.559483201701137113e-03
-1.394389569141412100e+00 -3.608360153610351995e-03 3.207410076211810596e-02 -1.204596483509404008e-02 2.743795814667805266e-03 -2.292758500521571881e-03
4.316762009712666465e-02 -1.337952161929858164e-01 4.713251460678459688e-03 1.869764397424676606e-03 4.624001314290791288e-03 -6.177537580172848437e-03
-2.306632119879875598e-01 -9.429183506816130045e-02 -2.902610804977716883e-04 1.715203832949013362e-03 2.774619622732924667e-04 2.253005878776953314e-03
-8.040136254442188379e-01 4.405768956858310825e-02 -5.568570350078975474e-03 -6.408958161706126110e-03 -1.121664405878436844e-03 -1.690864467156385012e-03
4.532884403599051759e-01 -9.462249733126494589e-02 -7.837390314436192592e-05 7.568659627161050674e-03 6.410239046819442288e-03 -4.210982421917136911e-03
9.088059229959463137e-01 -9.305739713354392595e-02 1.533063182570583308e-03 1.141756898531544676e-02 -9.242961402013165004e-03 -4.593723644327678962e-03
-1.431057928696484183e-01 -7.653804863793432778e-03 -1.104537721275976152e-02 -4.850636852819722143e-03 8.612732907543888461e-04 -9.367852454478688270e-04
1.163396170942831570e-01 -7.775238485532090515e-02 -6.326886762245783301e-03 8.195523573034064341e-03 -4.146724448844217072e-03 3.207061815794146412e-03
-2.843558173889629281e-02 -6.618909363784111766e-02 -5.728840420646076799e-03 -1.168782195511772551e-02 1.607533970902040804e-03 -6.426313375459959468e-03
-4.732615186265464596e-02 6.069278627581904673e-02 -2.199203109121205049e-02 -8.338578583222738469e-03 -1.418392215073951577e-03 -3.277059787856080857e-04
-2.314774330017193571e-01 5.306973153264962079e-02 -1.837357722024194132e-02 -7.431619172555611712e-03 6.096912447565134381e-04 -8.463951172057301506e-04
1.388665519889005773e-01 -2.336257282843325154e-03 -1.814275411713401481e-02 -1.115044030706309995e-02 7.917292031068532982e-04 -2.723666692293965231e-04
-7.682172327189490391e-01 -1.499266684063026329e-02 1.037670575212565165e-02 -2.357530072022497817e-03 4.797570981509255081e-03 2.225639389987072760e-03
2.126290612679230918e+00 8.819486245855567841e-02 1.923660470953004673e-02 1.398826008972494771e-03 -1.526584237202199389e-03 3.748717248613592755e-03
-8.584660571372403348e-01 7.264889685316672230e-02 -6.625919586278736142e-04 3.559535810689400982e-03 -1.380861053061137669e-03 3.020473003620856734e-03
1.946698479794510162e+00 4.054469989151667647e-02 2.078191262258888630e-02 1.773983765160684839e-03 3.800127783309866555e-03 -2.630061973664029554e-03
1.072821468135403356e+00 4.019264740106402202e-03 -6.725523295591457305e-03 2.087068729537260980e-03 -2.146944294254822354e-03 2.361296345932570057e-03
-1.019433722247570895e+00 1.935960466255222043e-02 2.201440000673436301e-02 -6.178691030045972048e-04 1.639286420662257196e-03 4.399757925013941112e-03
-1.127366959430204707e+00 -6.840669199937102207e-02 2.027538615089898022e-02 -5.513343879730198821e-03 -8.978789028179805969e-04 4.723402955297618597e-03
1.202783233878929603e-01 6.536056973288860428e-02 -2.285714041978135699e-02 -4.724636399453922136e-03 7.754513571011708174e-04 2.191231578693562335e-03
-1.311494470061247697e-01 -1.504716335752595280e-01 7.381497571360039894e-03 8.664992953629244848e-03 1.837752533177701647e-03 -1.768009900153500206e-03
-1.406623171248331694e+00 -4.737590620880419157e-02 3.388986102397721634e-02 -5.857964666943817240e-03 -1.396206950417503692e-03 4.986714036535977966e-03
4.913727528249907661e-01 -9.763234364617377758e-02 -7.499254405251377063e-03 1.448253204453195386e-02 -1.277046640433699906e-02 -1.261211916562678332e-03
-1.196196994325646190e-01 -5.441673934968675047e-02 -1.062152082707018899e-02 -8.957474440434064211e-03 -1.333501772406315081e-03 -5.883589678004093456e-05
-6.157995594527120309e-01 -1.416931096352504471e-01 1.005059353305775074e-02 -8.470437984917855104e-04 -4.018557039186384898e-03 9.411149479623412764e-04
1.690966400454988194e-01 -1.724235143680896004e-02 -1.288903527078298118e-02 8.088932317176165607e-03 -3.505281800386769297e-03 5.113410184904684103e-03
-9.736376666004957769e-01 -8.312443520920521911e-02 1.882794405578781805e-02 -6.421748810504574606e-03 3.283904247316781020e-03 2.710550221148426767e-03
-6.668510084839041063e-01 -1.104166626339583845e-01 1.335774196845795209e-02 -5.145569138172794398e-03 6.370179869016232357e-03 -1.431304504631001479e-03
1.550790222272137697e+00 5.253388952780718149e-04 1.716327149659407914e-02 -1.222367613197777175e-02 -5.267585927527942570e-06 -8.979334393519429122e-03
1.504978200658163123e+00 -8.511906490579713644e-03 8.324365994990522502e-03 7.280854089757567496e-03 6.005597931345508199e-03 -4.534846019454932819e-03
2.728709407418175914e+00 1.736232829623449436e-01 4.144179631886039938e-02 -7.332441345750171854e-03 -5.565739720404705611e-03 7.132024577654655709e-03
5.934207077660162977e-01 5.069910861879158015e-02 -2.472156392843945921e-02 -1.242191105252357132e-02 -2.448495662620675528e-03 3.348854401180800019e-03
-8.772940458420047660e-01 6.828432579857622586e-02 7.555790150610194184e-03 -2.663545082006215422e-03 4.211973211151036692e-03 -1.162090236471672710e-03
5.718572727619902762e-01 5.956940465250314815e-02 -2.432281991758964215e-02 -8.940028658527892844e-03 7.809238128785768321e-04 3.154938837741538393e-03
-5.006891122134980998e-01 1.040309430421605535e-01 -2.759641019137192702e-02 7.857021266767872172e-03 -8.706451833338764781e-04 3.279056937074534533e-03
-1.139850762779775817e+00 1.548302918251087679e-01 1.683931841895501894e-02 9.805358039713255383e-03 -1.334560347360630320e-03 -2.687405296942147435e-03
2.072068099100130845e-01 -1.286684295393975552e-01 8.768040884460045516e-04 1.189741022901371140e-02 -2.530961283767335125e-03 -1.011325882496519449e-04
-2.894846250202345317e-01 -1.495238897899051067e-02 -1.018947491301328001e-02 -1.103219381737831524e-02 -7.475758250960242704e-04 -3.028842712675069906e-03
6.363427077251679331e-02 -1.009794967096326879e-01 3.486518633941001989e-04 -3.798089615541190654e-03 5.177551339369770855e-03 -5.850696591158194293e-03
6.964684489550104773e-01 -5.543572286902840457e-02 -2.778974527700554288e-03 -2.608564032908729409e-03 2.669948977883144798e-03 -4.504052314136518589e-03
1.275534758165414173e+00 -5.675009146569162666e-02 7.890445891193528100e-03 1.702795205044618440e-02 2.880593149090218772e-03 -1.628584736821820549e-03
-6.199000377525251126e-01 4.951577252716439503e-02 -6.036289923892997934e-03 -8.596379972342674605e-03 -4.368308950507185221e-04 -3.170269103895692261e-03
6.766316731219137459e-01 -2.678763537592928831e-02 -6.312591831168314072e-03 4.105769320588059136e-03 7.652370812483448928e-03 -3.047166754185288897e-03
-5.195290383557036318e-01 9.627235673540279759e-02 -1.001784300303090042e-02 1.034327235685628761e-04 -4.025508503723311451e-04 7.694813746125448968e-04
2.031091336285621995e+00 9.170436643199843252e-02 1.533584288446881994e-02 -5.983197782749378330e-03 2.771022100183685288e-03 -1.884491275078586502e-03
2.470764284040141145e+00 9.775648735078770746e-02 4.187248723819846086e-02 -1.260020636718456538e-03 1.960723549363947715e-03 3.183472544589211958e-03
-4.128136532074304643e-01 -1.030871344769834427e-02 -9.555804300075581778e-03 -7.639587641221919946e-03 2.935438914602007260e-03 6.024738834005506985e-04
7.589497323360229197e-01 -3.538714792568066481e-02 -7.004988205798661285e-03 9.600697394846037860e-03 4.077542129306737165e-03 -2.148985147865804628e-03
-1.334455656367791732e-01 1.259767777580055592e-01 -3.581173370478479140e-02 4.686940084135332064e-03 -3.959464799770958765e-04 4.474113730578557768e-03
-3.774351726196261136e-01 2.106008256137491610e-02 -1.507835921852092829e-02 -6.550262632379033959e-03 2.246157211455007078e-03 7.302008683357705515e-04
-7.307401768173396039e-01 5.604779723275605391e-02 -3.596569228805656260e-03 5.481795881294029100e-04 1.866470637069839438e-03 2.942134002371941514e-03
-8.986675861292386935e-01 -2.133758960933913092e-03 4.336658211022766281e-03 -1.355464236129369157e-02 -8.229720354600252637e-04 -4.344142093149563205e-03
-5.402477766528691189e-02 -3.735889175363488884e-02 -5.712672025153473290e-03 1.272004094289490685e-03 4.607728285836315725e-03 -5.152573442562091683e-05
-6.444046205205764544e-01 1.781767802189841154e-01 -1.146541928927392699e-02 6.574736109543674774e-03 2.847393464044994851e-04 -5.376431866413064649e-03
-9.069716928643148934e-01 -7.913426342628190890e-02 1.278416438425770962e-02 -9.022633657658846174e-03 2.621062940587264283e-03 3.751558258825776131e-04
8.121921643490765952e-01 -8.668745190633601883e-02 -3.373299424017317527e-03 1.153953023009779769e-02 -1.100495876600521630e-02 -3.315675131609004643e-03
-1.163913870949558893e+00 1.445844165790617086e-01 1.158286891717844047e-02 4.161213913612797806e-03 -1.306461453236272324e-04 -9.034650152161408446e-03
1.197212257280819703e+00 -3.262857328484834729e-02 -2.234434252652707064e-04 9.078200109684474856e-03 -6.320183776296779514e-03 -2.650386683380821784e-03
-9.446080813629466055e-01 -1.565870042840456777e-01 2.432303573838409325e-02 2.104251295714103503e-03 -5.610287369999212084e-03 3.895628035949286021e-03
5.031272505359505320e-01 -9.665254875713448490e-02 5.514660038969322782e-04 7.816888663240482635e-03 7.159586647101973469e-03 -5.058416805408078379e-03
3.078525643177064675e-01 -8.140415781097741499e-02 -3.390524833754668833e-03 -7.399713601362164529e-03 2.706315650371341787e-03 -4.978572867031011775e-03
-1.045701454379322826e+00 -1.218399990753332163e-01 2.546692133541035227e-02 -3.129952709606146494e-03 -3.015932029842932627e-03 9.996244760193302454e-04
5.759882749685214520e-01 -8.207328706255749909e-03 -1.416872724149458723e-02 -4.511328058320471061e-03 -1.696888428052921362e-03 1.816139893777087098e-03
-4.569957510852230564e-01 -1.006592534745325562e-01 3.805792032962916367e-03 -1.646780511048312641e-03 -6.282499689537048102e-04 2.894105562294689332e-04
-1.531099772198095232e+00 1.637494096241001729e-01 4.110170267976034908e-02 9.906118717967961340e-03 -1.694439307394471263e-03 -6.762860696364966437e-03
-4.058823760341145892e-01 -4.146195900325280043e-02 2.508060622668951446e-03 1.231335167547675802e-02 -6.923121472250891133e-03 7.126125324189481330e-03
-8.403697238025528149e-01 -5.379726749974677452e-02 1.248449136688415881e-02 -2.039026320310531343e-03 -1.538509550358296884e-03 1.462022144229899612e-03
-4.602696410664575133e-01 -8.211719623840708915e-02 2.889944753572381772e-03 -1.143841888785364011e-02 2.169140823804677643e-03 -6.670349606144702903e-03
9.136708947768875655e-01 -4.257839720613398882e-02 -4.184714007987449212e-03 1.054186483382325325e-02 -1.549459200106031130e-03 1.885792211366472352e-03
-2.771045464649263268e-01 -1.095276355990038586e-01 4.318194252141756284e-03 -1.172762165062906422e-03 4.226532353536306859e-03 -2.874950084367553556e-03
-6.012295419499064097e-01 -1.182731736683251544e-01 8.940951850761212280e-03 4.974788154354721666e-03 -6.883185424484456263e-03 2.425420615313037247e-03
-5.865358249300771654e-01 4.116025265838448716e-02 -1.180343567996463942e-02 -6.153301617342750614e-03 -1.674472904227078179e-03 -2.405646042516531853e-04
6.152730659618621534e-01 -1.015829709617570992e-01 -1.332190981254749570e-03 1.050571342954053668e-02 -6.095699186953255390e-03 -7.337342345872876299e-04
1.363232402977345437e-01 -6.541658690531337861e-02 8.160449489400379772e-03 4.450768695674741510e-02 6.108979788660898885e-02 3.123331010680091904e-02
1.386273010607708356e+00 1.059854898664423090e-02 -3.468684160299494688e-03 1.350248262285254700e-02 -6.084962082987426142e-03 3.213908819323845877e-03
-6.747150406299948777e-01 6.776357633968235761e-02 -6.668951623312757530e-03 4.579272827363289541e-03 -4.460029609560474590e-04 5.199723120297476686e-03
3.000751360084004116e-01 -7.106859166907136816e-02 -5.068573488878264088e-03 -4.678043761695583995e-03 3.436709876436160657e-03 -3.131706379932049089e-03
1.383090502266879906e-01 -1.471763881155419285e-01 7.664974000704235027e-04 1.095902175168063548e-02 -8.811048166209064017e-03 -3.128596536229290553e-03
-1.052103507585366859e+00 7.726437500818812698e-02 2.064813509917310871e-02 3.000094426724542879e-03 9.986277196272501291e-04 3.968068415374921901e-03
1.290109525130009427e+00 5.271390682064942823e-02 -5.430676082877723514e-03 -1.515617235922218572e-02 -2.084597161767313186e-03 -2.722512078312328259e-03
2.686852348173993099e-02 -1.039623145350953154e-01 -1.515739924726779196e-03 -6.395953022062364317e-03 -3.192759265808589641e-04 -3.968337582359988090e-03
1.200949256570750023e+00 8.570578211149969608e-03 -4.507260766288314832e-03 6.537021774875081265e-03 2.588894091163975245e-03 4.495158802056968984e-04
6.799399017509252241e-01 -1.205147114134578479e-01 1.444004374727066685e-03 1.603771986086989509e-02 -7.045739571916168585e-03 -4.071443980321814288e-03
-5.367398878012772379e-01 1.355002733912627766e-01 -1.994746381673591709e-02 5.643869587136293720e-03 1.398138524534399581e-03 -1.199976973247656028e-03
-5.230305543675248803e-01 3.515711387628416701e-02 -1.213542568069373752e-02 -7.384770555592689613e-03 -2.102760977653635578e-04 -8.947141438332637800e-04
7.066434910713955686e-01 -3.164594952390709006e-03 -1.152407957829786403e-02 -9.601460403197375690e-03 -3.520143120411370645e-04 -2.951811767548404540e-03
-1.637450071350494141e-01 9.537587728361137610e-04 -1.448561820980639840e-02 -1.012186367230662881e-02 1.018045314458261054e-03 -1.775255466102702547e-03
1.364205492523910546e-01 -8.187042183050333155e-02 -7.054920416740973442e-03 2.962794978131749139e-03 -3.989386857950568376e-03 2.981032336274557892e-03
-7.509427135505464257e-01 -6.906324155665745368e-02 7.364681907890516764e-03 2.921094341922179753e-03 -9.032893564659080082e-03 4.959493939733534626e-03
-9.189851475727977004e-01 -5.785301407375926380e-02 1.294581394446824019e-02 -5.770479582326462457e-03 2.201097247515658526e-03 1.619831121392852763e-03
-4.030956954403600891e-03 -7.847639320813586117e-02 -2.918409680714289904e-03 2.967434529106077658e-03 3.119644665497004702e-03 1.276474246940450825e-03
4.964860164003809251e-02 -9.943597244135196633e-02 -7.713828623983846194e-04 5.293885633279589269e-03 1.942289870944169687e-03 -4.290227662926407101e-03
-4.378074762989751789e-02 -1.092140630907131593e-01 1.297400409838489086e-03 -8.018239645855866973e-03 3.143398793480774948e-03 -8.222593749144925176e-03
-4.684252716955647489e-01 1.252037674317124649e-02 -1.216266407340117067e-02 -2.655983958825491875e-03 1.190265725735151908e-03 3.789686664973034979e-03
-6.783459661364488191e-01 -9.376900394608759376e-03 -1.790047319513085600e-03 -3.365666914623666531e-03 1.796571643342047096e-05 2.737857484233307322e-03
4.130127669143787150e-01 1.507233830397082704e-02 -2.007599815575542360e-02 -1.294197922433684526e-02 -2.510924686823868927e-03 2.621271945814436966e-04
-5.369494387743464214e-01 -3.739370474351959989e-02 3.085108528962845782e-03 8.193592118588482326e-03 -8.850052778645280810e-03 5.896834546537203618e-03
5.473108072779543365e-01 2.154452715184739311e-02 -1.879423189971717381e-02 -8.555027889218951714e-03 -3.623785844298990123e-04 1.374660281716123724e-03
-5.941689362799636998e-01 -1.124538185431499110e-01 6.682595819037198681e-03 9.099149875196858731e-04 -3.949452836125293999e-03 4.222118970094705485e-03
6.976592905325521565e-01 2.240560707493008397e-02 -1.559440657467956078e-02 -6.809324085046693925e-03 2.014253888486839360e-03 -2.744629201486991740e-05
-7.000243563164666449e-01 -8.944594475542512468e-02 6.865253253248593084e-03 -1.116136106216223008e-02 5.920139953088562326e-04 -3.030140164958002296e-03
-1.253565286694983349e+00 7.602329866457378793e-02 2.589059022814483094e-02 3.194422377767075581e-03 -3.745638612964979474e-03 2.925927866973747609e-03
4.134677147614253534e-01 -9.114650678419215779e-02 -3.291924818272410225e-03 1.263837193816401763e-02 -1.477405191482921093e-03 9.924585830546957688e-04
-2.699759072099400803e-01 -1.063279366027031908e-01 -3.123201750821977436e-03 2.599798013544200436e-03 -7.629182452129101497e-03 3.057410912865876195e-03
6.152433292950382215e-01 -6.145721790530630363e-02 -5.826655852534065073e-03 1.682859087893705252e-02 1.462440550114867902e-03 1.185265286065976913e-03
-3.720804529395936311e-01 1.276289158968997063e-02 -1.344422078592075014e-02 -7.228920084923085715e-03 -1.307516039607190244e-03 5.694697604948997663e-04
-5.092380918328756056e-01 -1.020843097367760133e-01 6.183423589540561725e-03 9.310988668813417052e-03 -8.769362903514278315e-03 1.315245779119461264e-03
-1.571745655964040533e-01 -9.449768246183630482e-02 -2.578713270405221490e-03 -9.366380991483206839e-03 1.400133527917045385e-03 -3.372846291682438710e-03
-5.027853989603973117e-01 -1.960909259321632139e-02 -7.082601171531003811e-03 -1.113918099743550251e-02 -1.236330046783255766e-03 -2.065794462122634567e-03
3.990740104058183579e-01 -7.880895209542947144e-02 -8.794704318843771240e-03 9.919560049109351144e-03 -9.398559976726885909e-03 1.243780195873178456e-03
6.455323704853913602e-01 -2.369232833878263250e-02 -1.015088189218046714e-02 7.216170920191208871e-03 1.019187650675185564e-03 1.540454355073842636e-03
9.048116493021338691e-01 1.025207838998065148e-02 -1.044490860472190204e-02 -1.167040579691308241e-03 1.884841485354176935e-03 7.322891555910232553e-04
8.475136235464296730e-01 3.332455474652935151e-02 -1.572426695143261041e-02 -1.107336270686015353e-02 -1.476095673564938818e-03 1.435706311085014220e-03
-3.226914876757586148e-01 -7.996968489333705632e-02 9.867850255398772936e-04 -8.178200886146519064e-03 3.784269810322330764e-03 -6.118993578512275933e-03
1.816042652954770464e-01 -5.586844779986647851e-03 -1.944013691869288588e-02 -1.098057118896853153e-02 -7.425960934759047406e-04 1.218783662997537489e-03
3.311186145492197030e-01 -1.070026647378469753e-01 -1.015753987379572950e-03 1.595123222355614547e-03 -3.082995260332079511e-03 -2.054354589006374479e-03
4.743918682375096729e-01 -3.720955840449002155e-02 -8.997022152072575371e-03 -2.008959401614912165e-03 2.503578514801256972e-03 -1.400353446769835334e-03
-4.292105494655777953e-01 -4.582298934725861916e-02 4.248989284415369619e-03 8.071110795655415948e-03 1.677740693768761616e-04 5.178391092347689462e-03
-7.298856471133042811e-01 -1.473711217533847651e-02 -4.213746731062203597e-04 -1.183759919070870303e-02 1.305567761552922168e-03 -3.027800843273502004e-03
1.755994154143483144e+00 5.144034225116154990e-02 1.215645078013598106e-02 1.652000437834240257e-03 5.525834315243331740e-03 -1.126101567083118973e-03
-1.129976164185231724e+00 1.291867769523547815e-01 2.610446162498269648e-02 6.689292121437436824e-03 -1.337000542068781869e-03 2.259183079043217395e-03
-8.004335336664463174e-01 1.469023420606923314e-01 -5.600527340267828780e-03 5.371131938520247971e-03 -1.233499270871414371e-03 -3.579623974935072436e-03
1.873862914216848585e+00 2.008181243273297889e-02 2.171080557520331175e-02 3.787961460371983870e-03 -3.152609570152200419e-04 -2.150329204970942432e-03
1.611331884883545396e+00 5.610761069132334106e-02 4.060249975305801548e-03 -3.748230531161701826e-03 -2.238532812242655188e-03 1.852739219062669862e-03
-7.426589147952779024e-01 -8.614887387939981767e-02 1.613254597462614529e-02 -1.770044814756140290e-03 5.884972256258697888e-03 1.728181999402713873e-03
1.595046518565286897e+00 -1.614635473321371709e-02 1.295813697899373187e-02 8.848456588285102259e-03 -3.690593019047103563e-03 -2.996887697308555244e-03
-2.963322081896552218e-01 -6.886065100918403736e-02 -5.712676638060450694e-03 -6.268190922026964200e-03 8.455836288851842830e-04 1.023074452764636448e-03
-7.693161759035774816e-01 8.608433166568767170e-02 -1.015146839334324022e-02 -1.350238976331806550e-03 6.594981669574805083e-04 -2.715124425777289043e-03
1.142385070808991099e+00 -5.945676648441276108e-02 1.483949784321953770e-03 1.479526074174216527e-02 -6.924612922857878786e-03 -1.573554766383763537e-03
-5.099987958394340548e-02 5.530439839384653639e-03 -1.500143707918525846e-02 3.200970139707477388e-03 -1.078308257274147777e-03 6.349757690898163477e-03
-7.411530558593155682e-01 -8.863523725967129008e-02 7.610138161832859412e-03 -6.639852260758762580e-03 2.694555308883150781e-03 1.822063822154453960e-03
4.415837406363883749e-02 1.196305907825051668e-01 -3.251210370083989359e-02 1.871678152758459411e-03 3.891367036945916880e-04 6.249638754124942248e-03
-6.630275774853156001e-01 1.724694322104216703e-03 2.096033385369819139e-03 -1.057168275925543001e-02 3.174514473585019966e-03 -4.001612428965342291e-03
-1.235413306196190497e+00 -2.695530594500221422e-02 1.812821138960620318e-02 -4.151047554768898078e-03 -2.183431597526019983e-03 4.215123573705206045e-03
-1.261657374694206968e-01 1.379779586730441321e-01 -3.877087981748094520e-02 6.846768990823730826e-03 -6.613148945772026567e-04 4.559845138871756846e-03
2.844996291606975092e+00 1.652186348170788244e-01 5.394087449405406826e-02 -6.790230027114386654e-03 2.121619143209076477e-03 7.857164933068353299e-03
-4.523041065614899492e-01 -6.736751759239587023e-02 6.306042205152503043e-03 6.488756349667817308e-03 3.620686302887568542e-02 -3.870454001901165158e-03
-5.394246328424742165e-01 3.879800210095580779e-03 -4.853209086326249464e-04 -8.014506191519848825e-04 2.085455589454054959e-03 2.719008208410982671e-03
1.139008934157694775e+00 -7.528921205538983974e-02 5.239596697892191964e-03 1.381097236768898465e-02 -6.784528405506825774e-03 -1.860158074974841650e-03
-3.211898099942898099e-01 -9.891012688195865987e-03 -6.652712481628136540e-03 -1.847615712352403778e-03 9.241090035331452372e-04 1.068674877809809793e-03
1.157515931981395907e+00 1.074138081005178956e-02 -8.012974219422840105e-03 9.256714035814822550e-03 -4.335824413286907576e-03 4.915353136346961409e-03
1.190634299595469514e+00 5.716512100355718162e-02 -9.458403767370664184e-03 -1.607912383425383340e-02 -3.256070607717557932e-03 1.138954086803720860e-03
-1.383632215734336812e+00 1.960677719660450236e-02 3.449999461515607102e-02 -4.922259787371888184e-03 1.540747112946997321e-03 1.630247097365060058e-03
-3.695208061361083263e-01 2.795706437156146931e-02 -6.617212909111873376e-03 -9.517426021369439909e-03 2.815627764524435746e-03 -4.725626479489081384e-03
1.028690300947015857e+00 -1.249970546355595215e-02 -8.015311713167499671e-03 9.955620410919758384e-03 -4.080242978496184669e-03 -1.177139848807121032e-04
4.990986971161723296e-02 -3.805794523559508785e-02 -7.615604587312686108e-03 6.090980064528491236e-03 2.934375956773574456e-04 1.011953971467455856e-03
-1.132728051960651072e+00 -1.049798633263867159e-01 2.995719351151665197e-02 -9.519624671023522305e-03 6.013989236052936713e-03 -1.351429354577280589e-04
5.552348934914522749e-01 -1.129790447405169956e-01 7.781155983998969215e-04 1.304274893638180180e-02 -2.711560327485045170e-03 -3.280615902684909206e-03
9.303045458270997603e-01 -1.654495893267132756e-02 -6.117908376976705087e-03 6.112606129638391630e-03 5.097177546566461839e-03 -1.694108193187328923e-03
7.538227292020532877e-01 3.627794607927749271e-02 -1.649169067870909916e-02 -6.575109308153117595e-03 3.121436478373877405e-03 1.256998115585212248e-03
4.238647650376304865e-01 -2.217621008071056846e-02 -1.102871101687357552e-02 4.261002094857140217e-03 1.979429802290932038e-03 4.366749687285456476e-03
-1.013269887635339650e-01 -1.184530931047036439e-01 -4.750539050993079137e-04 1.154967910908818486e-02 -7.852071718931250000e-03 2.791795555065654591e-03
7.398002344599770297e-02 -1.164976428728205088e-01 2.212176734684961031e-03 -4.200362158953488412e-03 4.715513612371332632e-03 -5.902315386437330044e-03
1.435839587774347592e-03 6.754410059251882668e-03 -1.794982567028319265e-02 -1.062341054709347796e-02 -1.422450800580303022e-03 -8.809460373606425388e-04
-5.034808580660496968e-01 1.934071386985667523e-02 -4.073335165657740974e-03 -4.001924530507935019e-04 2.110993020869978299e-03 3.816707148443816179e-03
3.417809632295557010e-01 -3.452622590201687158e-02 -8.523014069861889475e-03 -3.596339387827038000e-04 5.594104141497828996e-03 -2.493841719214371765e-03
-9.137981131765000598e-01 2.466458152300070317e-01 -1.045354468672402351e-02 3.004320726142898496e-02 -2.101303801295576010e-03 -1.170644327537983566e-02
1.177552473144477307e+00 5.278818181860719938e-02 -9.482470786000427726e-03 -1.319063307659360841e-02 -1.740284759201046576e-03 3.228679619844572728e-04
2.489619571246319829e-01 -1.019535845920430533e-01 -1.479548637623658101e-03 9.733818457924941006e-03 9.108481512089197521e-04 -1.698117451872094719e-03
7.446684050140399691e-01 -7.534866186259196741e-02 3.091241406490323387e-03 -7.497989045522669010e-03 -8.067632415802852364e-04 -4.847630047691695553e-03
-5.816493932940690614e-01 -3.803568469310516370e-02 -1.709831682166451617e-04 -5.033453395461303694e-03 2.331184888064133983e-03 1.365491769903215760e-03
-2.970434160968762893e-01 -2.872264011915904788e-02 -3.743579012123889483e-03 9.559338190765270457e-04 1.081950356887004250e-03 1.030772070752552339e-04
-5.042273751467238885e-01 -7.371910412444428184e-02 6.467195323197821172e-03 6.086844655267942446e-03 -7.694910407504544116e-04 3.116468697577003382e-03
-2.735256042374263341e-01 -2.814118566879317621e-02 -1.143685389905043856e-02 -7.971045452137592510e-03 -6.816663427252491565e-04 3.146077836234379538e-04
-8.569383833262026462e-01 5.678414861720635504e-03 8.404142635420679477e-03 -1.830007238328092319e-03 -5.592035853794918203e-04 2.394355629883419215e-03
-3.626047131414542601e-01 -1.441047626157733290e-02 -5.573047362535533088e-03 3.872159685276924199e-03 -1.692576374227179950e-03 5.839095322794037035e-03
5.408795082499584517e-02 -2.452459836515933495e-02 -1.695389397378189653e-02 -1.240964217957242315e-02 9.668422604645208118e-04 5.243989499088786907e-05
1.341727879682281133e+00 3.694641294130732168e-02 -2.140902491003046897e-03 -7.154629381388087801e-03 2.057426423353002180e-03 -3.106030887623149103e-03
-3.694243744929259776e-01 -1.116089641520770920e-01 5.792185634967985351e-03 -4.192503943386338000e-03 5.314497529599522714e-03 -2.719762492921597771e-03
-3.348658065035304277e-01 9.073127304428706130e-02 -2.115471235819329013e-02 4.672022972316914658e-04 -9.409694002986402055e-04 3.206609985040862702e-03
-3.647652826680073956e-01 -3.183116321051139563e-02 -7.076292218274524409e-04 6.625744649037495007e-03 -1.504259704492267452e-03 4.687959612181329290e-03
-1.245030599966061857e-01 -2.949414952520877653e-02 -7.529337693922558833e-03 9.299644852848284321e-03 -4.981406943096363879e-03 5.473413572446188431e-03
-1.209256264092896799e-01 7.202585625602009323e-02 -2.100066103321351560e-02 1.231801136393286455e-03 1.139479365515119790e-03 5.917834195340839279e-03
1.268909977787651799e+00 -3.520514841755002095e-02 5.347810446816443804e-03 2.016701586760622639e-02 8.248808660157987138e-03 -2.418241015861461243e-03
1.042226736573682144e+00 -7.201856087380834048e-02 -5.659135008276655002e-04 1.211796648069645571e-02 -1.118870002393074735e-02 -3.258111052484446209e-03
-1.286441884946637471e-01 -1.606293382410372769e-02 -1.001934657315843233e-02 -2.582239749120378422e-04 7.404591055071284853e-04 1.716989985960287951e-03
-9.495100856684907109e-01 7.042629624578358727e-02 9.729546668977292340e-03 5.874050290424504559e-04 1.050223533768780779e-03 1.379202265589201835e-03
-5.510579415527608882e-01 4.046356524705963659e-02 -6.208960350140391854e-03 -4.846188687843768460e-03 8.145207442034797666e-04 -2.745400706476124183e-04
-2.098322769893113116e-01 6.049709744624444385e-02 -2.410889834963165015e-02 -2.949875161447695730e-03 -6.070072438737410909e-04 3.541633671442256156e-03
-5.901623606827915980e-01 1.109326790861399903e-01 -1.302121280587392217e-02 9.043780695348353077e-04 2.383221812345363974e-04 -9.043781995199336220e-04
-6.355159585143587142e-01 7.171169163554426407e-02 -1.122663856070993567e-02 -1.227937458091976804e-03 1.669633896282374718e-03 5.983068977103862254e-04
-1.489183299176596031e-01 -1.284656682780417397e-03 -1.719314305437999457e-02 -4.491585994932555809e-03 -1.036351063581380421e-03 3.497845089458043698e-03
1.204786590834235227e+00 -3.689198425471761772e-02 5.037676135203222362e-03 3.918210596711331484e-03 9.366917544225819353e-04 -2.049737609022011034e-03
6.343350495878313788e-01 -2.235084211849262814e-02 -8.988207648318997239e-03 -1.040871271940960532e-02 1.734724297436166613e-03 -4.667784077623767132e-03
-5.114527401529640471e-01 -3.956089603453714909e-02 -7.150403509861054906e-03 -8.861771026892645287e-03 -7.376246172949934253e-04 5.375560075407393151e-04
-1.540301421811354210e-01 3.786346043495427555e-02 -1.824235418363216038e-02 -3.677179404119723400e-03 7.178823330655805229e-04 2.502444325261914560e-03
-6.473491324888964726e-01 7.376139468818990186e-02 -2.900141920875876599e-03 5.739348385046760120e-03 -3.144794628869314063e-03 5.939254444233095336e-03
-3.611695762143332655e-01 -1.141927707565769945e-01 5.664558984519771356e-03 -5.935746395510861466e-03 4.004984829832048190e-03 -5.362105876714082231e-03
2.845206304888120430e-01 -1.139351742074287514e-02 -1.627327777336578726e-02 -1.099566760230594360e-02 5.670090449232118978e-04 -4.231361224337237045e-04
-1.913502075143853898e-01 6.529007985779224088e-02 -2.537240171598052069e-02 2.036361294249876188e-03 -7.272141534059523363e-04 7.136755030245530741e-03
2.575358015725479760e-03 -1.022212250613058343e-01 6.474630008084721359e-04 -2.111417902490970826e-03 5.798633405365456565e-03 -4.634363432293019808e-03
7.132454259355766046e-01 -9.554364026256478848e-02 9.344563627974747030e-03 3.031327558140530648e-02 2.163294283491113204e-02 -9.540140615671578728e-03
-1.595798731670945159e-01 -1.283609286653847673e-02 -3.912337722241406544e-03 5.870294021142191156e-03 4.398546640618933475e-03 4.196606477182800513e-03
-1.208670688304111229e-01 -1.352441335378074261e-01 2.148079175267747585e-03 4.039473339999662994e-03 -3.745111385862546095e-03 -3.983183124685504275e-04
-1.186260854228244010e+00 -1.731382342014218048e-02 2.969096518005372165e-02 2.416557280037483386e-03 -9.352163461107581080e-03 6.635331654968323889e-03
6.312544087227456302e-01 3.305955419380430388e-02 -2.108635604401520175e-02 -1.357400121434942063e-02 -2.162216468532688566e-03 2.138589234834965911e-03
3.594055606910445677e-01 5.438200142109474861e-02 -2.207171044766630813e-02 -1.068063437061951386e-02 -1.815663074275244938e-03 -1.830206835211681520e-03
-5.172780645607855110e-01 5.826346333954330464e-02 -1.391404631395795621e-02 1.903581976172903905e-03 -6.873576615943719371e-04 4.572951190681689634e-03
-4.468772728635836966e-01 1.614455508432152964e-01 -2.487805287467639501e-02 9.974626857656701193e-03 7.388645437750956902e-04 1.654132497586863855e-04
1.226881082503326947e+00 2.082188964598028630e-02 -3.058508825925581546e-03 -6.328261188270345450e-03 2.553769800584849720e-03 -2.910800629319133543e-03
-3.182625645298209904e-01 2.644357755488273461e-03 -1.073296546620793740e-02 -4.999132903590183460e-03 2.437761364528303904e-03 1.601319677889590084e-03
-9.440305716775911904e-01 4.931015791708831530e-02 5.563353741818866799e-03 -3.180021187825026689e-03 2.132739655918290417e-03 -1.223056215576355900e-04
6.242673414938746390e-01 -5.719536330184703254e-02 -5.764305957539444386e-03 2.426933294447494640e-03 -2.165085647769173990e-03 -1.124348278567714960e-03
3.359772072767372997e-01 -1.136606966424779930e-01 -1.444271542394316536e-03 1.141172989398227082e-02 -4.274790126006627541e-03 -3.786625067230548337e-05
-1.574418068022980011e+00 -1.348537574704397959e-02 3.919696883476534582e-02 -4.924720200595959600e-03 -3.885568485988065163e-03 3.993165779585730081e-03
1.013400998911976741e-01 -2.251567850189523275e-03 -1.736335037061488215e-02 1.310002503998454080e-03 -2.369888138965655505e-03 6.779004541251847961e-03
3.364875261239103771e-02 -5.742938566010609425e-02 -9.460115107831854400e-03 7.194799241895908672e-03 -6.555460647876689730e-03 3.878906492595758562e-03
-1.314733915754177085e+00 1.051476953345853588e-01 3.102310944993188005e-02 4.928945248527808257e-03 -1.989608925511980337e-03 1.481703864989537692e-03
-8.622389849073573975e-01 -4.600240992807464596e-02 3.508828972495678031e-03 -5.963912247540678092e-03 -5.945023041727615304e-04 3.039008182211286151e-03
7.292860896104059742e-01 -5.273021476025641779e-02 -9.052086698593008948e-03 1.361044681934599036e-02 -7.963838938576134341e-03 2.001081687630485958e-04
-6.824301511038911583e-01 -9.891411352953582981e-02 1.309472113956129148e-02 -7.520179074354115412e-04 2.566377405132237114e-03 1.265018298150031434e-04
-1.211592903622012107e+00 -5.227259128581740466e-02 2.850395675706857146e-02 5.087884873427683894e-04 -1.074940829433878274e-02 5.056407207325285154e-03
