3.909730460158598486e+00 2.826253113940452866e-01 -3.828701716766598484e-02 3.328615405963001976e-04 2.802794331304881478e-03 8.531304703825598468e-03
7.422066986828045054e-02 -3.868972498523058634e-02 -1.376920758978608487e-02 -1.080573377532513708e-02 -3.971670939516593057e-04 3.653019030230486054e-03
3.847289043881515491e-01 -5.189159993167064694e-02 8.297833808016269463e-03 2.999782391660392369e-03 -5.736726460918768582e-03 1.619670150874206712e-03
8.361619755525336872e-01 -5.732620636156238181e-02 -4.714598470437510527e-03 3.689490930760879958e-03 1.101554810356762844e-03 -2.112247300208191462e-03
1.577158092619806995e-01 -6.222317543997622075e-02 7.439778791162862735e-05 3.988038710007288379e-03 -2.709262837765413941e-03 1.320854033216498991e-03
2.824168668048854691e+00 1.171445366059546134e-01 -1.170409769169264598e-02 4.304943543516857700e-03 -1.685144314208443300e-03 3.558270420567262535e-03
-1.304653894509991696e+00 7.385760519051430550e-02 7.889364519717159338e-03 -6.253720186228089312e-04 1.529087740831123164e-03 -1.486055370710838994e-03
-3.762533155267234752e-01 -3.656709114053065257e-02 -1.053382859825178000e-02 -8.871917654703340150e-03 -1.455190891102299512e-04 -4.231153966751517953e-05
-1.640547616155506594e-01 -1.258458255622553652e-02 1.700915548273955469e-02 1.749842007562236795e-03 -4.288384293637154641e-03 4.214355942080389751e-03
-1.836704354459737454e+00 5.453696261320832572e-02 -2.513331742713697387e-02 1.009475223456631800e-02 -2.025139182753325946e-03 -3.594711942624136380e-05
-1.342563482749396409e+00 1.276019613761757987e-01 2.651429736253581304e-02 6.288571159041888344e-04 -4.725937282065723603e-05 -2.943204644047457338e-03
-1.038984150886556490e+00 5.474221510058299711e-02 1.251052044056112297e-02 -1.486544069487658482e-03 1.135107902124578598e-03 8.062110410350096558e-05
1.332690746636726820e+00 -2.737185213183294247e-02 -1.888799891378489283e-03 1.577211694565497369e-03 3.859739717681003653e-03 -5.275825441419764068e-03
1.879388921063336326e+00 1.347621772392912712e-02 -8.190176710648951544e-03 2.864167861547483023e-03 6.823240163434830937e-04 -1.408137114231731990e-03
-7.392412125908535137e-01 -2.667699447444036188e-03 1.860626655231683137e-03 -1.457463700520801727e-03 3.974380673911003838e-03 -1.384515849849027747e-03
-1.320733043056796507e+00 9.781657848684961742e-02 1.759771229014582550e-02 8.443328655326727073e-04 9.202558585995517307e-04 1.305722454872264900e-04
-1.894614580994941067e+00 1.425012440222478138e-01 4.763859902290393071e-03 5.859331871573316732e-03 -5.999670724639247232e-05 -4.691478509824442006e-03
1.503323539727951241e-01 -3.505589085728826049e-02 1.151740345698227565e-02 2.282452259602223317e-03 -3.108654054292029397e-03 2.923333254932387881e-03
-5.577749923488942718e-01 -3.050411237064100736e-02 -7.130656580825544752e-03 -3.376289951428391133e-03 4.700462015072163547e-04 1.553883368879374572e-03
6.875095899389080389e-02 -6.939086541427581800e-02 -4.003087930542484005e-03 3.802952914382439192e-03 -3.885232215370812512e-03 6.785814996518238626e-04
-3.073771406241974091e-01 -4.403943052325356988e-02 -9.086972279259950686e-03 -6.474650616707275722e-03 2.536668155448583862e-03 -4.012408493214964606e-04
2.813732171152186101e+00 1.228347670215028942e-01 -1.621363973094533395e-02 1.618039133412082749e-03 -1.093118889270189732e-03 1.696746332894202717e-03
2.391427152367932241e+00 7.544894827203793564e-02 -6.440915718067565660e-03 1.687225321991276186e-03 7.345434615706833035e-04 -1.987924502778408754e-05
-4.223251211063754340e-01 1.188924014225664627e-02 1.167492444096409308e-02 -6.809935862928161686e-03 1.159007352914088237e-03 5.486120836516085279e-03
2.333231182453529007e-01 -3.560079837842331646e-02 1.296840532720561733e-02 2.350414084441603338e-03 -4.104537093568024105e-03 2.373383898285471357e-03
1.535005449380526965e+00 -2.307797049292287586e-02 1.001285004981240789e-02 1.210173946831331546e-02 4.626756741738046949e-03 5.016203911086585844e-03
-3.481989619311114809e-02 -4.476635961241554745e-02 3.403647335269131564e-03 1.986749037723227213e-03 2.108195466354061858e-04 5.955098278085658699e-04
-1.195215573511687834e+00 -3.207460781329282175e-03 -8.665038248467312604e-03 8.596785095704885873e-03 -4.890987380275915210e-03 1.566252418308149586e-03
1.002381045071606414e+00 -3.794537723105506632e-02 -1.681493139759164795e-03 -3.437227994492441361e-04 1.390581707951725129e-03 -4.664085747087852625e-03
1.305407952700420537e+00 3.098445548285152975e-03 -5.098025884141747614e-03 -7.718073527314506070e-03 2.075679007347662334e-04 -3.369737584017130916e-03
1.299621248884263780e+00 -2.685715885671956932e-02 -1.922669110068421072e-03 1.947344900168149597e-03 1.588560150927562694e-03 -1.782361778625466504e-03
1.804731592177930999e+00 1.760040931054933019e-02 4.724431674728477807e-04 1.341874667854858283e-03 2.684861838433416203e-03 -3.375065924087247704e-03
-1.216019618026300542e+00 7.195180525122545079e-02 1.108968636505451404e-02 -2.024910348456839763e-03 1.500980497810438120e-03 -1.058543542879358118e-03
-6.712279238506737578e-01 -2.640324548273273800e-02 -7.631716299846821394e-04 4.150176959950049350e-03 1.716079487632037525e-03 -1.344549386247099901e-04
8.225622520425209805e-01 -4.437867066347762901e-02 -3.189701909624525957e-03 -2.206420743245045973e-03 3.296834390105578706e-03 -5.904410245790839631e-03
9.997537425193895322e-01 -3.047636231019830444e-02 5.698036683935438738e-03 2.989588718037931576e-04 4.115245113560914159e-03 -5.128630038037852723e-03
1.287475225743143770e-01 -9.073548791565174158e-04 9.341069336999036771e-03 -1.203785274472453197e-02 -5.285752272095968268e-04 8.255794383992123365e-04
1.488728924105858997e+00 -8.136649349982027005e-03 9.190073323379670256e-03 4.284069303989548536e-03 -3.452269367437490587e-03 -1.036015505307614701e-03
7.175110698078919214e-01 -2.999429881373037125e-03 4.909949727336526334e-03 -1.139796918928378221e-02 7.375028154868863662e-04 -1.079799474984627795e-03
-1.840518357936407723e+00 8.508597233132102200e-02 -1.562167697172695338e-02 -7.236649746700762583e-04 5.489335006943661058e-04 -2.671134693631075675e-03
1.065217505423069477e+00 -4.367245300255995222e-02 -1.769245574542953380e-03 4.447459793386001822e-03 -8.498147204230945039e-04 -1.932854543185851025e-03
3.240200926193946285e-01 -2.087801660208213686e-02 9.762389137492770430e-03 -5.340696659059114386e-03 2.571798201831294439e-03 -3.029736353270282706e-03
-1.593797394117226096e+00 2.589615550963951518e-02 -2.117754729242421821e-02 7.620204115424925040e-03 -2.366546916317094438e-03 -3.609519509968734611e-04
4.825730346016060546e-01 -6.189107229982319242e-02 -6.939075452956793011e-03 1.502079169392743887e-03 -3.860503988333865424e-04 -5.539666710721135971e-04
-4.492408875878755037e-01 -2.452555397624306757e-02 7.344269759810034175e-04 -8.263957674124156830e-04 8.264364324405539062e-04 2.718494349413488279e-03
8.889717623275785741e-01 -3.410055591297739969e-02 1.026457257600110924e-02 4.501656351317135686e-03 9.639976740963486935e-04 4.077556238088100426e-04
-5.645034089312689352e-01 -3.893214914346340705e-02 -1.459934600517097739e-02 -8.551891358405080620e-03 2.383473253849646267e-03 8.247264514419236836e-04
-3.999728257638378581e-01 1.280076757114234371e-03 9.284610736130701966e-03 -7.980816331414486084e-03 2.164736094455384924e-03 -2.958944032370975936e-03
-1.980631609396386050e+00 9.035583059204380096e-02 -2.250759256600693217e-02 1.155131840167904905e-02 -1.435669437811810771e-03 -2.455107133125150869e-03
-1.334208549299686686e+00 2.709938457703270961e-03 -1.646867580551808832e-02 6.046054413506966006e-03 -9.785879715692041587e-04 -4.635436308977598330e-04
3.916763517773885206e-01 -4.005607034710008396e-02 1.778860938136408998e-02 1.113976020366488039e-02 1.295796086103017395e-03 7.551459481022222003e-04
2.537339668438940432e+00 8.960698992491814008e-02 -1.852182603848181867e-05 4.026928426229058056e-03 3.045087362901330221e-03 6.205453258696604817e-04
-1.608965019169652733e+00 1.122760022491493537e-01 7.281000555267259401e-03 1.576529533447991200e-03 1.782517672841611592e-04 -3.501682051699473146e-03
-8.233719119478891679e-01 2.303899548055990051e-02 9.338525305682488301e-03 -5.531568759323564474e-04 -1.280379845269305288e-04 3.785129904818270146e-03
-2.149168051763672149e-01 -6.636718302536949443e-02 -1.255369725371769697e-02 8.938528597677295514e-04 -1.777411701258275849e-03 1.515142192506263238e-03
1.510423328494843398e+00 -9.130629208437508054e-03 4.034192720589813326e-03 4.608129635928772186e-03 -1.886083184701548747e-03 2.933190886530651423e-04
-7.272198671223434330e-01 -2.429554924457296566e-02 -1.427167446021671005e-02 -9.946005150888977478e-03 -7.148515574309638725e-04 1.363474122440330597e-03
-4.162233981560506391e-01 -5.893528043612591277e-03 5.734344885627448924e-04 -1.163345722637386566e-02 -6.976843893020110484e-04 1.912243133070865844e-03
1.275797975356032454e+00 -2.555760315352991960e-02 -1.396074640929762141e-02 -2.615698786833559747e-03 1.144081611142549896e-03 -4.766980712904398364e-03
-7.907137958635275243e-01 4.518677602564040441e-02 1.534515078663092370e-02 -9.077356606426967636e-03 1.465049017422190812e-03 2.441121331812396659e-03
-5.010355219201538812e-01 -2.173350083612244493e-02 -4.659117994783717478e-04 -5.935942006833750187e-03 3.235041060207236464e-03 -4.624583024217056131e-03
2.014647528259784437e+00 3.109249640471234075e-02 -1.468832696602578348e-02 -5.972709452568325571e-04 1.780077186684941078e-03 -3.824723632072292434e-03
7.794473200474010266e-01 -5.353131234183994974e-02 -4.583299258099373351e-03 7.679217367454368700e-04 2.532669383915327026e-03 -4.484394259080832362e-03
1.800099537760328383e+00 2.072087050360192292e-02 7.889291147515341621e-03 3.620417825556105154e-03 -3.092090013493347094e-03 1.643101377670967093e-03
-1.019150698386060538e+00 6.340895462987154729e-02 1.405772001175556105e-02 -5.561763968562290217e-03 2.440514754354547108e-03 -4.048958666042468645e-03
-5.727506156134513082e-01 -4.314799970951509536e-03 -1.671149169970467905e-04 -9.487916321293570626e-03 9.174729835869784803e-04 2.646094395096664029e-03
1.242508130726885485e+00 -9.878164574598814751e-03 6.299368187064269741e-04 -4.470673344987519983e-03 2.367796990021250447e-03 -4.346187790673083917e-03
8.286936611962041344e-01 -1.089363606703550036e-02 -1.324535261020896469e-03 -8.735223596419290984e-03 1.572688248292750980e-04 -4.453765689653531160e-04
1.768725442841642792e+00 2.073785272284602368e-02 -1.141982360824544095e-02 -3.138407682367270937e-03 -7.739722099060154163e-05 -2.969683248532225921e-03
-2.100705713686021880e-01 -6.597045684503297092e-02 -3.199079279526272426e-03 6.033354904550237117e-03 -2.962692562234871892e-04 -1.738545504162390416e-03
-1.209350116407238662e+00 2.013409375641030813e-02 -9.702046982184202653e-03 -5.659946971013766689e-03 8.073180585524605260e-04 7.299063794514473692e-04
-9.824212977492170484e-01 3.625190174251526325e-03 -4.146503548015000734e-03 -1.045951625489444136e-03 -4.560081912816896406e-05 3.631948405932714386e-03
-1.217323950090015039e+00 -3.670074786329914542e-03 -1.451938258369639065e-02 3.592138767074217441e-03 -1.312531890633107223e-03 2.101705715581489182e-03
-1.803958097736658939e+00 1.141622802651708068e-01 -4.003978785265688463e-03 8.207746332408187920e-03 4.722516580273020017e-04 -3.985978466006381317e-03
-1.467107085079433215e+00 4.972604685622548926e-02 -7.217787728591371077e-03 2.018886079280660713e-03 -8.611100754698289544e-04 1.831615933760377213e-04
-7.383368399335227261e-01 1.763740036476892786e-02 6.746985335111921334e-03 -6.491749312810907169e-03 1.082316348765980773e-03 -4.189282028697942036e-04
7.162104841601368843e-02 -6.446975064610155348e-02 -1.389859887206703996e-02 -4.109466067983443514e-03 1.869482231660029485e-03 -2.938217151078394498e-03
-1.805283869843054445e+00 7.141212484511798297e-02 -1.607274435880259172e-02 3.053848151033456641e-03 -6.446470655914433379e-04 7.072055255104582041e-04
-6.937236997012535822e-01 -1.424242919178491003e-02 -6.931995081888893927e-03 -7.381568172614315013e-03 5.390431329372161488e-04 4.726518107150681422e-03
-9.269204437845258715e-01 9.606449308255399916e-03 -1.912846452116552694e-03 -4.513365423246454462e-03 4.926163375429037580e-04 -1.976223304400632780e-04
-1.132574109380163119e+00 7.639004958319511873e-03 -4.206035471554501505e-03 8.148060020602228629e-03 5.590938337028673573e-04 -1.262448989388543748e-03
-4.317360300442448784e-01 -3.331570806155981918e-02 -1.030545989504164615e-02 -9.712206229770948065e-03 1.241448877066086455e-03 1.675318310435349920e-04
-2.284770148379087207e+00 1.797495346365419744e-01 -1.402588225125305649e-02 1.879749746280264325e-02 -3.456093148190585163e-03 -8.682865520605197521e-03
-1.254488918595668911e+00 8.854196009759396357e-02 1.380804223625235229e-02 -3.514088912439373470e-03 1.466105071582906368e-03 -3.708647094101434789e-03
-7.404874418739575415e-01 -7.942240204993606875e-03 1.084975255309881571e-02 8.968679666185990287e-03 -6.098036173336893705e-03 6.926450690090515993e-04
1.527262135153458489e-01 -2.602446522109179081e-02 1.196607027529914685e-02 -1.166684351247197424e-03 3.299225906732770712e-03 -2.588303115759572198e-03
8.153761333420628254e-01 -4.784431995949220418e-02 1.298517467071051874e-02 7.158723302655474116e-03 -3.617254282176457416e-03 -3.759583421448881263e-04
-1.118940687574180970e+00 6.554974786988723712e-02 1.435688739508147668e-02 4.225464833306536577e-03 4.707929310859690548e-04 3.326160143237124516e-04
-7.815595938857814451e-01 -2.627951118693900440e-02 -1.302927280848429833e-02 -5.801975411255566942e-03 1.489226968926088846e-03 2.649899859553381861e-03
6.506277232027258828e-01 -6.174518087742054961e-02 1.232135336227838107e-02 1.313121695329575594e-02 2.971361321316534198e-03 5.370528348779808267e-03
-2.991656519055268040e-02 -3.315859099688452799e-02 -6.329783660432642886e-03 -9.162978875424625594e-03 2.286874644724144561e-04 2.020074366007457156e-03
5.090343987348057153e-01 -3.850584529683790096e-03 2.770975200642643299e-03 -1.232564254161623227e-02 1.120700036821107307e-05 2.348421462745285508e-03
3.997665956066242393e-02 1.042031577509213531e-03 8.678955965826993385e-03 -1.075629132625186175e-02 3.273985562968658163e-05 4.527867537893363187e-03
3.071237720959839046e-01 -4.051716885237752197e-02 2.138064383377610757e-03 -5.270944051769022726e-03 3.862190080610903523e-03 -5.740294666582633661e-03
-4.654277959115430963e-01 -1.882226364509613156e-02 6.962808248957426741e-03 1.890970245021672286e-03 -1.615799832464870269e-03 8.410865516835687320e-04
-1.446410714894932115e+00 5.243382293069471373e-02 -6.495169691321169003e-03 -3.863004401485973550e-03 2.928560082715276985e-04 4.473764197511780234e-04
-8.696046617285387859e-01 -2.507859544609501029e-02 -1.352012632625392181e-02 -3.173548158988725391e-03 6.031331568309603822e-04 2.021017781318064886e-03
3.464778472764288519e+00 2.167094174286229580e-01 -2.856632440125782268e-02 -1.479295302566154902e-03 4.364814221628415879e-04 3.972354845213742734e-03
7.803876878535174200e-01 -1.188246881632751620e-02 1.193612818622182686e-02 -3.870260842838915780e-03 3.364184713740016840e-03 -2.514409049305653746e-03
1.641548339063179096e+00 -9.208066629523337099e-03 -6.089088451097533772e-03 4.211682276661722624e-03 -1.468549672914846223e-03 -1.142946200200613835e-03
-5.761682280586917226e-01 -3.042718954554051933e-02 -4.765793120787929077e-03 -2.055604417221941829e-03 2.153759163265909354e-03 -2.613493341267921627e-03
-3.373015189572546313e-01 1.886656814257459125e-02 1.414223267262340947e-02 -1.019552521113243834e-02 1.564203466776064753e-03 4.731880115223060200e-03
-1.183895666690842341e-01 -4.156718407713102387e-02 -4.967468898219465009e-03 -5.296435240330818993e-03 2.887723710927150942e-03 5.355897141760167712e-04
1.473859253322562957e+00 1.179987896978689638e-03 1.585426436026217065e-02 3.830490105602781057e-03 -2.824559938365897496e-03 -5.862700740653077700e-04
-5.944515310425206867e-01 3.192942946631124011e-03 9.843406977104183012e-03 6.461364642483774338e-04 -4.702403874954713355e-04 3.323866001218798907e-03
4.972338607888663886e-01 -3.267309344721359282e-02 1.842068803448485351e-02 4.587083393696599239e-03 4.152581423352416298e-03 -3.283595396211614562e-03
-1.715731817237058143e+00 8.716625719839547759e-02 -6.674792261611856882e-03 5.518854675668770186e-03 -1.614175369689376362e-03 -1.438421347698246554e-03
7.526467410548877135e-01 -2.816650674420293973e-02 1.573028274584952401e-03 -3.828861109146055718e-03 2.425690081994299249e-03 -1.976221463481794404e-03
3.557803619523445815e-01 -2.931560568349387413e-02 -4.888798772164458647e-04 -1.013679125053870526e-02 5.514648018550772279e-04 -3.254966919306421114e-03
-6.472332711741812794e-01 -3.858220603469507100e-04 1.056389743859207329e-02 5.362384189722197575e-03 2.549542236934997791e-03 -1.218916594232944978e-03
1.130101082838940313e-01 -5.069009425381622996e-02 8.273627882519249063e-03 4.732378512756896596e-03 -3.862793244547827083e-03 8.054447945046967284e-04
-6.705685583666687322e-01 -2.213704788111620081e-02 -4.184544660078601264e-03 -7.438259032954137699e-04 -1.001079603936557870e-03 3.965934635162777361e-03
-3.529804429671358768e-01 1.418428262290172270e-02 1.143539731183095334e-02 -1.095913304998958650e-02 -1.865056358417857487e-04 3.225594059996431031e-03
-3.384354057180358755e-01 -3.917405087195080515e-02 9.626232843618798274e-03 8.033213428937591161e-03 -4.124261491523426720e-03 2.195621418878884300e-03
-2.637045499071170029e-01 -3.179817114203847828e-02 -1.177237770573989241e-02 -1.254726054724828073e-02 2.605722838474049835e-04 4.862657147216666205e-03
-1.230349691041518589e+00 1.365907265260197512e-01 3.333416942502752389e-02 -2.490673544097711870e-03 1.542195856785158990e-03 -4.232579686762625269e-03
-1.201447503762718583e+00 7.868878660541667180e-02 1.363691768923985803e-02 -1.438187913344898469e-03 2.342274535001057003e-03 -2.106082799984974104e-03
-7.498309303987510388e-01 5.237253708186627443e-02 2.222252376439808746e-02 -3.675531677244277262e-03 -3.864936102746242526e-04 5.506626307424477944e-03
2.232067774441814034e+00 4.709896949814077610e-02 -4.133057387767068332e-03 4.071026312726171506e-03 -4.442571879267310196e-03 6.090213966237841177e-04
-1.107147597080688994e+00 9.040996897997458093e-02 2.201721802838025807e-02 -3.147776161497098813e-03 1.179894791201644474e-03 -1.838447046862641803e-03
2.120656408543633575e-02 -3.528477960412210873e-02 -1.143853307234268465e-02 -9.879004419895399958e-03 -7.300554392704634984e-04 4.421920803620279020e-03
1.117607278216872224e+00 -2.232634962048395469e-02 2.104402956194677266e-02 -8.289321611580554097e-03 -1.589207003096575199e-02 1.693898503856814232e-03
-5.702611651408625582e-01 -2.937644195060454960e-02 -5.426419032887846126e-03 -3.065501510722685053e-03 3.360686614028244798e-03 -4.478231497024601432e-04
1.609189413433999460e+00 -9.694414085701551914e-03 -3.612926356162053220e-03 4.222342780860395897e-03 -2.506718081278975531e-03 -1.203744756680107976e-03
-7.954069228897551191e-01 -4.690460493743717901e-02 -6.335539164484500080e-03 9.763919520225641455e-03 -4.246572138947580545e-03 -1.491493156647380328e-04
-1.545917601362912230e-01 2.386742067185925603e-02 1.832898321233091682e-02 -1.106533373496862253e-02 2.589794288103780496e-04 5.012028959435323693e-03
-8.990053437442273310e-02 -1.441490912324240939e-02 1.296818827840225986e-02 -1.450433388608915984e-03 2.062992218828443684e-03 -4.209217972222159131e-04
-6.618525114546680577e-01 -2.764648118026690610e-02 -1.339673683439389536e-02 -8.709494466935271614e-03 2.718958950804839319e-04 2.438253086043261960e-03
1.752372006702160423e+00 3.278693534867416215e-02 -6.547086398146760057e-03 -7.115755125866728148e-03 2.788773027587890881e-04 -3.509593999816725592e-03
-3.692990292052791834e-01 -2.316744398711356734e-02 2.582185036551934085e-03 -2.123160155856304229e-03 1.621453969210314566e-03 8.900895383244622591e-05
-5.811065229360647955e-01 -6.262866758928574244e-03 -8.049038870525076616e-04 -9.020531309193446923e-03 2.592444710709013948e-03 1.863989302828792348e-03
-7.583949567297357808e-01 -3.477242088168195494e-02 -9.102634742993408190e-03 2.394735769223609121e-03 -1.698025651478768426e-03 2.035535462803548731e-03
2.533280332910275434e-01 -4.953072304156176664e-02 5.587780440815769828e-03 2.589556251653362014e-03 -1.763561095725799110e-03 -9.327350209012672281e-04
9.325927506329531047e-01 -3.339102506246544033e-02 1.412375208740473910e-03 5.633684073026888270e-04 -1.479113786250700830e-03 -1.409134210581386350e-03
-1.128756651531748756e-01 1.184343309523259308e-02 1.493207662916943949e-02 -1.040786037608882816e-02 1.381269206931357105e-03 1.602764715530474943e-03
-1.409880478622508759e+00 -2.690463991444644321e-02 -2.903992154799473271e-02 9.362527247420858803e-03 -1.263942027916296765e-03 5.466609915610949784e-04
-9.136717294826534053e-01 -5.982492651875570555e-02 -1.073098844313382511e-02 1.211512520716283813e-02 -8.008130370132659354e-03 5.102287007715475015e-04
1.759321859157076728e+00 2.816055837444833565e-02 2.788789931423507618e-03 -8.497043625499315451e-04 -3.058527677451601014e-04 -9.780945145591701112e-04
2.489804509787571507e-01 -1.108984083833139053e-02 6.856560039532759269e-03 -9.605915299902319585e-03 1.032206710691365706e-03 1.974523437863020853e-04
-1.007435056637904891e+00 3.058935358060786008e-02 3.102547593168223945e-03 -5.983249318638861336e-03 1.804876469604120093e-03 2.277610116979833597e-03
2.445457729217569209e+00 8.030182616631263703e-02 -1.935854477768847448e-02 -2.256510523046907635e-03 4.021383062610693116e-04 -2.773316498488042573e-03
-1.430237069280403839e+00 8.255980179265931529e-02 7.634258896677801991e-03 -1.902778449265941441e-03 -3.005698512846453029e-04 8.096965360113033165e-04
-1.432989444975887761e+00 2.586583006970082782e-02 -1.586087848679600121e-02 -8.004638835563114042e-04 1.500875585451798191e-03 -1.201501965588543233e-04
7.845717226329539384e-01 -3.415429416923864564e-02 3.455212862109661911e-03 -1.303426645362243570e-03 2.860649086740344772e-03 -3.288339792155051556e-03
-1.260572053414416693e+00 3.610433879191335405e-02 2.429906393288080503e-04 1.037762051946634727e-02 -1.020942940716473412e-03 -1.541922042057050429e-04
1.832562131761783730e+00 1.622944549041411416e-02 5.230118307161669977e-03 5.204891629559705267e-03 -2.318642505041599786e-03 9.067389624712862955e-04
-1.088722231561155773e+00 -1.955599284372378649e-02 -1.930601841519759276e-02 -2.588767013019468381e-03 1.198294822080954827e-04 1.916386533693053033e-03
-1.098231856124451511e+00 5.054185971831715030e-02 8.709297273786919744e-03 -5.929083825538138640e-03 1.052076658326488905e-03 3.382727927008302455e-03
-1.179681433437570925e+00 1.436478566679939839e-02 -1.163945896000891274e-02 -7.248815955393959724e-03 3.907392750671687771e-04 -1.615868459923204244e-03
-9.001224354446839548e-01 -4.655245050566528264e-02 -5.979597398344651225e-03 1.418701242605045938e-02 -5.401308366254212352e-03 1.552689432196733589e-03
-1.843010673770064889e+00 8.267115782347732311e-02 -1.691764264430329831e-02 9.914318397643683695e-03 -1.311038627469270816e-03 -2.760258143171793674e-03
3.018391444572262827e+00 1.491221203013551044e-01 -1.513991499847544379e-02 -1.231265101033461866e-04 3.136834575375275873e-03 7.570006580813051300e-04
-5.605990131929773357e-01 9.150963100802168501e-03 1.035941405566735175e-02 -3.328471362913786643e-03 2.401173591593888830e-03 5.678390399975209160e-04
5.530558052011214087e-01 -6.288536828929909561e-02 -1.393448653251449718e-03 4.446889872964051617e-03 -1.844802912681443646e-04 6.562381091444330350e-04
-1.599700918943641470e-01 -5.952349345206667253e-02 -1.114499068619047642e-02 -2.370992379281985744e-03 1.339866311567750653e-03 -2.825486622187354038e-03
-2.673414536693214938e-01 -5.630187370893609267e-02 6.712101954308532202e-03 9.264991508196825098e-03 -5.009794163710595133e-03 1.123250708778235872e-03
-6.071275894449840171e-01 -3.788972802930657552e-02 -1.171372048713661615e-02 -2.918672065504991382e-03 -4.790843998009390549e-04 4.289909022893759541e-03
2.571293147205524043e+00 9.607889014417843321e-02 -5.970928124473668698e-03 1.520139471728995271e-03 -3.436465038877302945e-03 1.833429648597472090e-03
1.541714246166675961e+00 1.246023723935133463e-02 4.357487281400896674e-03 -2.152875017284402483e-03 8.683138489878499712e-04 -3.007775684389201853e-03
-1.065342480179897411e+00 -1.336888920322912462e-02 -7.949937895203436355e-03 7.180591757801692981e-03 -2.928728431758918782e-03 1.171236949499659214e-03
1.095228868664219618e-01 -3.290502533393972057e-02 1.689840303106245143e-03 -3.515402198403725677e-03 -4.943293284495437704e-04 3.366814251892632712e-04
-5.482503290852057676e-01 2.098141002534469751e-02 1.467449609679842733e-02 -5.857288606578039958e-03 2.028856469430244131e-03 -1.603677024612178148e-03
-5.572096298647475354e-01 -7.167932012977502876e-02 -1.298325367153063854e-02 6.775174081030376980e-03 -4.681145233576613509e-04 8.746431504810174389e-05
-1.782159352343690051e+00 6.228387277759381974e-02 -1.871811578528086509e-02 3.397504245366854414e-03 -7.493250607233701384e-04 5.094762874268860290e-04
1.536452129325561848e-02 -1.699368060875917560e-02 -2.024098094638738469e-03 -1.190074074078239542e-02 -5.713068850302814236e-04 4.257453600926383759e-03
-8.695639920073945373e-01 4.391661900987081646e-02 1.214120064581077074e-02 -7.765453885975113005e-03 2.673834908616598994e-03 7.760139260103607155e-04
-6.140485840493197234e-01 -1.354307693132680498e-02 9.895881294085157737e-03 7.574930792086789072e-03 -3.326516927440288044e-03 2.508676881269461967e-03
1.528777112313603581e+00 -4.529655068031737848e-03 1.274306885710130115e-02 6.576753195697031783e-03 -1.386715943321067371e-04 -1.310839259750850010e-03
3.453243454360251929e-01 -3.830073131381149520e-02 1.613439941385820184e-02 5.081181558501107927e-03 -2.946965919818918256e-03 1.321851252032410539e-03
1.272918165226488485e+00 -1.518414643473427368e-02 -5.204323270808417640e-03 -3.300296917312657563e-03 2.630132543244217275e-03 -3.856704184923407611e-03
-7.807836558018110829e-01 -4.420375513758030561e-02 -1.718426332031921036e-02 -2.959266047346268292e-03 3.512217209444304985e-03 -4.414513645026860167e-03
2.319042854766311668e-01 -7.416586577485470566e-02 6.836096519009582546e-03 9.972047515536194839e-03 -4.872247524246243328e-03 1.086083975431691612e-04
-1.484199491722341335e+00 6.598843886168834563e-03 -2.296630317871421398e-02 5.581929778761696853e-03 -1.677595372927763798e-03 4.285929082163920587e-04
2.524570050832764867e+00 7.678649005875418099e-02 -9.555941654145841749e-03 4.854801269916560191e-03 -3.201968102261016410e-03 2.038524257929983687e-03
-5.934735141970947092e-01 1.001008968425696859e-02 1.546942842636877397e-02 3.946468619079647640e-03 -1.761837718286070201e-03 2.963732689973281806e-03
1.323757122527710717e+00 -1.101427670230781253e-02 -8.221867180003552752e-03 -3.780428730645144821e-03 1.054782673329833931e-03 -3.941722501355115343e-03
-4.449478255361486445e-01 -3.246530887114806863e-02 -5.050784787991490637e-03 -5.151430823691027956e-03 1.523854501175187122e-03 -2.758062707151689563e-03
-7.714663306488287464e-01 -1.039019166356586546e-02 -3.517510845204508980e-03 -3.007930361339342801e-03 1.115958446497107093e-03 3.950861908228135559e-04
-1.163892643742591382e+00 1.055713684228032218e-01 2.489942362046588392e-02 -5.386193414359544129e-03 1.151792721207347105e-03 -2.125018316441947518e-03
-1.146649422329486079e+00 2.998044626881073583e-03 -1.160669636077648649e-02 -1.226542387714942787e-03 3.167751564679667075e-03 -2.893240576745588401e-03
-9.829951601686245377e-01 5.603863488458403486e-02 1.433366824962307995e-02 -5.491906106984119004e-03 1.837819168876178967e-03 1.970788153115173112e-03
3.508168367742606542e+00 2.144606654604420126e-01 -3.515611135521408415e-02 1.552027876120585896e-03 1.884878971863537334e-04 5.393194603539060335e-03
-2.005394828724698986e+00 1.164546129062603436e-01 -1.391002497173068723e-02 1.093229794441322351e-02 -2.222756136863097021e-03 -2.880794990402563236e-03
-1.752318001771216327e+00 2.353059433492193653e-01 4.428333482474008931e-02 1.387590430382369330e-02 -1.863495977686569676e-03 -1.254664764596946473e-02
-6.742992600923601865e-01 -3.393411393947117632e-02 -1.379871688470490215e-02 -7.926496435640497523e-03 5.652358603820825059e-04 -2.648984668036095686e-03
-1.955768712462882641e+00 8.576230936661045912e-02 -2.220286711715458924e-02 3.804318564773665010e-03 6.929059161939821795e-04 -2.864279961253435314e-03
-3.963465324608761997e-01 9.888241252457082020e-03 1.467744796380080451e-02 -2.855694556203777247e-03 -4.556917299927366535e-04 4.600081670177123654e-03
1.673355458223219960e+00 2.433157327982774648e-03 1.071817992356179604e-02 7.157162824304347769e-03 -5.470331414286883596e-04 -8.876087192949922919e-04
-1.604329769834628161e+00 1.970881760569974731e-02 -2.704611159263448777e-02 1.583128786091950050e-03 1.519338563490890085e-03 -2.129641393262275001e-03
4.888296088698355080e-01 -6.697114125782066552e-02 -2.015405307263722339e-03 3.446293964693927184e-03 2.672069403270438750e-03 -4.340463572191750712e-03
-6.971106917055197583e-02 -6.034858399324819628e-02 -1.669177643029147494e-03 3.561081143833769343e-03 -4.400561271329492719e-04 7.930812090324469016e-04
-1.163037429687216573e+00 1.958369813128593359e-02 -8.047239904180948297e-03 -6.939994554720324040e-03 -3.926726025825075434e-04 1.896226180575560135e-03
8.933354933638605333e-01 -4.701928719843354032e-02 6.045491215350833579e-03 5.371054785148143655e-03 4.061085512411648571e-03 -3.486287387020483609e-03
1.428317830449656656e+00 -2.793324372642157216e-02 7.131103673423794774e-04 5.330120224167811741e-03 -5.330419819881423472e-03 -3.818407038714106364e-04
-1.995711320873660433e-01 -2.228581336944208263e-02 4.727212759544930157e-03 -4.720720407726601911e-03 8.589398676767841245e-04 -1.463580557447023353e-03
3.258089518637797832e-01 -5.292866059067454637e-02 8.379365461688208228e-03 4.973144400093657512e-03 -3.233551068172215576e-03 1.477650539327182797e-03
5.668025612777785605e-02 -4.942223825762041139e-02 -8.194043029670430855e-03 -7.512689734113778793e-03 1.502782995586808123e-03 -3.567198918608596898e-03
-3.286276006830234353e-01 5.417420783310353261e-03 8.297547387723635051e-03 -1.127363808799193394e-02 -6.283057611105638247e-05 1.200625780671744783e-03
-5.255949395750109110e-01 5.938484258688907919e-03 5.492194492661087862e-03 -9.876333271652441154e-03 1.344266839138699276e-03 7.094635977220625127e-04
-2.353802781082457024e-02 -2.824927173975823672e-02 -3.404767123064792681e-03 -1.069932237318114120e-02 1.233614680116666392e-03 7.452574461845965772e-04
-8.413064265450995727e-01 -1.091011024263126468e-02 -1.566605566557178119e-03 3.792126452988853723e-03 2.975763086987969538e-03 -1.142888837635203277e-03
2.513169105183231444e+00 8.833567690199535527e-02 -3.121713625525974253e-03 2.612598196752954471e-03 -7.520395275973884401e-04 1.714394393599010533e-03
-1.235765150323369310e+00 4.239300799554018839e-02 1.528251222426123528e-03 1.501746029386238001e-03 -1.181877171067266053e-03 2.517013217321503477e-03
2.510506859139109981e+00 8.136976856468539077e-02 -7.896742136371646612e-03 2.380827296179027341e-03 2.416449324848433510e-03 -9.148616932191313980e-04
1.225066170724407932e+00 -7.840802382114571770e-03 5.917850957340891130e-03 1.164255340920225724e-04 -1.137834042356255983e-03 1.843478099449959889e-04
-1.155709567376446589e+00 1.899589104778897850e-02 -1.774308947489010692e-03 7.573843597957818918e-03 1.017955706490233930e-04 -7.815403979227013558e-04
-1.199861481688306863e+00 -2.799983599804916484e-02 -2.162347390722700255e-02 5.037100035001191266e-03 -1.722672279346833171e-03 2.947348020565474912e-03
-1.232170804664261682e-01 6.196159979102452454e-03 1.449108365057619197e-02 -8.545857593568609648e-03 1.290906897943371219e-03 5.842815166678201524e-04
3.440098486274359990e-01 -7.612656524093444621e-02 1.085628945995683421e-03 9.077336065756483677e-03 5.376352230864329647e-04 -1.598072539526569115e-03
-1.533783585392656468e+00 -4.013723359150702524e-03 -2.773482656496820131e-02 8.476315298996313710e-03 -2.234957012743749721e-03 2.563859763469641170e-03
8.946431975987588769e-01 -5.141037892562343170e-02 1.285071516635040260e-02 5.838705790647975499e-03 -7.641186298271916179e-03 5.566297201778452018e-04
-1.780363460003001885e-01 -4.668613776059191839e-02 -1.276382821738869695e-02 -6.341328947202145086e-03 -5.930644340679560840e-04 1.524588401845673605e-03
-3.977694087761243225e-01 -7.568071161081847686e-02 -1.317531418443034820e-02 4.540737614190157485e-03 -3.666926976384841507e-03 1.127492460690338646e-03
2.247083484190098568e-01 -2.827661562556993760e-02 1.680827978210868573e-02 3.337532088959525769e-03 -2.481951536510806303e-03 1.626044771263888359e-03
-9.538404159047810804e-01 -4.161430246940569372e-02 -1.697373068678608918e-02 4.306537679875904745e-03 1.342238427811128475e-03 4.058833864573039327e-04
-4.950748811786250814e-01 -6.234909346645673561e-02 -1.077507357536752058e-02 3.629140519604401489e-03 3.984807666993133400e-03 -2.556692823724961670e-03
1.930336555423097789e+00 2.909880735144534242e-02 -1.739083600218544259e-02 -4.774907001254131457e-03 4.651033581611573303e-04 -5.176519254590938694e-03
2.084842705309287947e+00 3.753456514580529035e-02 2.226570092859525823e-03 3.549352303767333312e-03 3.734976300379974027e-03 -2.527449684989718347e-03
3.113239734823874283e+00 1.643292210635785011e-01 -1.564507823751313739e-02 9.941919023395686880e-04 -3.014799121634709114e-03 4.085030505078057414e-03
3.414358826483409604e-01 -8.267579108001516311e-03 1.047551536422115358e-03 -1.326488527436589342e-02 -7.252588334081274497e-04 3.016779225265146195e-03
-1.188762113147971533e+00 4.021090092862687759e-02 7.100391767724076753e-05 -6.930938433601041505e-05 3.302721668722910595e-03 -2.134552093829798162e-03
3.377589886183702816e-01 -2.970129124139456265e-03 8.307214561254813723e-03 -1.143801615761316608e-02 1.223545285949355702e-03 1.544424005249339345e-03
-1.042232690684213869e+00 4.417848552582392951e-02 9.716818236203739190e-03 -5.451278994346954107e-03 -1.328806348136948444e-04 6.356976820486617309e-03
-1.628657335020136765e+00 1.104527926138102328e-01 5.722469919683487345e-03 7.222729055795676888e-03 -1.090991428296159095e-03 -2.685361062235040730e-03
6.670991048825934966e-01 -6.496807150027748834e-02 5.375396893190358648e-03 8.207437789633870162e-03 -2.407527852081984415e-03 2.072472734673703066e-04
-4.072157604939220521e-01 -2.573497112079364477e-02 -5.482605784682815023e-03 -8.633533342513597872e-03 6.483158784046490696e-05 -4.879539566547033257e-04
3.283317509144789703e-01 -6.110886163047633129e-02 -4.636004832128797284e-03 -4.826846001751171128e-04 3.628082791116873755e-03 -4.328113903030910217e-03
9.489182109163688539e-01 -3.434166728199054136e-02 -2.649963841073834248e-03 -1.466036994217434063e-03 2.151259462423611105e-03 -3.351631084178172126e-03
1.964386458644996170e+00 1.627814175503449270e-02 3.431555270326766376e-03 9.844832917042915105e-03 1.774971166193437455e-03 6.353973735772486730e-04
-9.026962932160396136e-01 1.652010574822715405e-02 3.244581242008131687e-06 -7.962978040184835390e-03 2.221704430299862004e-04 -7.753497933781678970e-04
8.647514040592149120e-01 -2.966907760188248339e-02 7.859112607934329309e-03 3.304263902679364408e-03 6.218583683502802717e-03 -3.094948084718475434e-03
-8.643191338915309219e-01 4.084555633874243502e-02 1.345157484700627848e-02 -3.544213643706581145e-03 2.534048398961084338e-04 5.125460816026666084e-05
2.371720434454970050e+00 8.144521393943685017e-02 -2.285877843619535735e-03 -2.427999233350128846e-03 2.224379629979997709e-03 -2.582178372802989945e-03
3.112375082569348805e+00 1.517354644357833404e-01 -2.190651255331374850e-02 4.051263146788732471e-03 1.216236905406294522e-03 4.100121006296617715e-03
-6.063254973243780155e-01 -2.198167979168007616e-02 -5.837046882350109892e-03 -6.152461675475613505e-03 2.406529243709164094e-03 1.038427727749586475e-03
1.108554290379089036e+00 -1.925385656331749656e-02 1.565773002613305223e-02 3.239669882012995335e-03 2.107807896128141914e-03 -2.910374283204323568e-03
-6.733038275567593267e-01 4.184177261554795912e-02 1.812942438738597214e-02 -9.036764055715101884e-03 8.595829951635144310e-04 6.093131105869074686e-03
-6.639518508038817490e-01 -7.357114438368242415e-03 -2.669084420480400451e-03 -7.719653972247141234e-03 2.298701435405392079e-03 2.007556796996484618e-03
-1.069332595611127479e+00 2.678724083893019650e-02 1.302255948247241354e-03 -5.971693189831291234e-04 1.325801808722469567e-03 1.956658909030481539e-03
-1.131026439434462905e+00 -3.081776271234191403e-03 -1.717136633322072226e-02 -7.622105462415389512e-03 -2.601382690970175998e-04 -8.861619694119644746e-06
5.399596689223395973e-02 -3.471344797826939055e-02 1.021660127945034184e-02 1.081809762703754953e-03 2.819180405271026063e-03 -2.636218244076321722e-03
-1.189184282629244693e+00 9.661274005406300658e-02 2.055733078480183676e-02 -4.266893104141532972e-03 1.260183546653338054e-03 -2.203681394181004113e-03
-9.337196448416722472e-01 -4.207395769645731753e-02 -2.027259354784083020e-02 5.176312569734718575e-04 1.431391972774897700e-03 3.201479309084599191e-04
1.258335926043584685e+00 -3.487627256496972361e-02 5.622524687165334455e-03 4.381010691006183115e-03 -6.467620140329840075e-03 -9.120837590243923310e-05
-1.690570583799155813e+00 1.021026994559245393e-01 -1.411730523640013875e-03 -7.012875706851116475e-06 5.100834707801551364e-04 -3.803961251081749810e-03
1.625360230770198866e+00 1.235061110711796473e-03 5.003136645937976759e-03 3.370424076281519198e-03 -3.778276275734454917e-03 -7.134633094315775926e-04
-6.451165326868598671e-01 -7.716193751661724887e-02 -1.093554442109465757e-02 1.131624921935980334e-02 -4.960276214694481385e-03 1.699180547526682634e-03
9.798065131912856440e-01 -4.466293506132280877e-02 5.923669036372747158e-03 5.394021037111346693e-03 4.630336369363530734e-03 -3.851479304419918627e-03
4.962050294318728350e-01 -5.360698820458890262e-02 -8.257182565571589625e-03 -4.111258382799038574e-03 1.970940439827535088e-03 -3.219722988395529433e-03
-8.456868556444782081e-01 -5.590933449200370664e-02 -1.435550709121909650e-02 8.033535553113403671e-03 -3.147562843765777316e-03 -7.725465039953524366e-04
5.645292941550325017e-01 -2.596756717827401750e-02 1.197031406021490936e-04 -4.832953400304733881e-03 -6.684573569671274206e-04 6.837766574804264195e-04
-3.053468360185371266e-01 -5.921178759424972765e-02 -6.823086772171945216e-03 2.463362516067073380e-03 -1.012412328170091873e-03 -2.289999985540563032e-04
-2.047877251885116934e+00 1.416607362574263951e-01 -9.794892202082449220e-03 1.264098557414925113e-02 -1.843988368461509531e-03 -5.806302525373327472e-03
-2.648156400867249793e-01 -2.968103510882287577e-02 1.886330871663963876e-02 1.042643122165974774e-02 -5.557344719112978886e-03 1.523337690711010347e-03
-8.174440644760687658e-01 -2.770916711826842613e-02 -5.713410517365456395e-03 4.514702501936621384e-03 -1.745353350955131978e-03 -5.943944030179662639e-04
-3.595767296941401736e-01 -5.141581750024776937e-02 -1.141516100079162897e-02 -4.650947423273291310e-03 1.771031533216178844e-03 -3.933071669050171824e-03
1.252940150455992274e+00 -2.197964629503468617e-02 9.571899235810922904e-03 5.313549601621549330e-03 -1.220478123163385624e-03 5.650992441964691488e-04
-1.244562864103283643e-02 -6.333234554790642679e-02 -2.505222272441308320e-03 2.542399338430869574e-03 2.387055628086947375e-03 -3.106658054849908458e-03
-3.728168627110303723e-01 -6.442160654908068995e-02 -1.178734516451148632e-03 7.920054331866464153e-03 -5.191059306654755012e-03 1.023564702001596204e-03
-9.132040308786678606e-01 9.478448720118916315e-03 -3.237401835813950163e-03 -7.599933257172187748e-03 -6.092407225935804992e-04 2.463229396084318061e-03
1.024764160132634494e+00 -4.956798128199361997e-02 2.297881410000396796e-03 5.975939371252475367e-03 -3.989684783910919103e-03 7.226626107738560794e-04
3.885578091795683919e-01 -5.246877449261158621e-02 1.699338780685140382e-02 4.557656020750282255e-02 4.014490500698637138e-02 1.986002844159753464e-02
1.739527541066887562e+00 1.551652072767824124e-02 1.432471178959157133e-02 5.714735590954375145e-03 -3.435682987354925048e-03 1.747317643603572531e-03
-1.034486339050203707e+00 3.220731660584084249e-02 5.875966065262779384e-03 1.276383440960949470e-03 -5.228715054975934928e-04 3.570382519851743233e-03
4.551223184940503264e-01 -5.147077047274424555e-02 -4.731895612767616013e-03 -2.422617597620167935e-03 2.580030671550529245e-03 -2.459316906154769729e-03
6.134908006206524211e-01 -7.195686313474962403e-02 2.294231262159879183e-03 6.943763782030169286e-03 -5.654753882230934350e-03 -2.801257426799986551e-04
-1.332478958147242265e+00 5.628765750410714280e-02 2.229169961746145425e-03 8.116726249202031729e-03 -3.315289747179146046e-04 -8.864709574458836316e-04
1.319713258178657700e+00 1.325105682510731644e-02 -2.023843761809614086e-03 -1.043271226921474622e-02 -5.275350605776465062e-04 -2.847412550755569743e-03
2.128034292568141694e-01 -6.279704466177049582e-02 -1.331799763673861652e-02 -2.353089272315646643e-03 -9.928847067533322389e-05 -1.684440325446157375e-03
1.485274808406496172e+00 4.642238761988760204e-03 1.192175669297434321e-02 2.633193274109999708e-03 1.901502795073992981e-03 -1.495565448348687952e-03
1.309211648618065826e+00 -3.805225808721070940e-02 5.237030261381663866e-03 7.854831313986490940e-03 -4.879211243648152486e-03 -2.943223522417337925e-04
-1.065590152485281994e+00 6.506053533540333278e-02 1.474878094223169671e-02 -5.458961712324416488e-03 2.030628876926959901e-03 1.532532052811593068e-03
-8.263275321557135289e-01 4.912734535823975665e-03 -2.761487310049032425e-03 -8.678374821393637986e-03 1.187823540440201368e-04 1.645394261562729051e-03
7.422354193035968217e-01 -2.066746469560457045e-02 -1.431774528897304232e-03 -7.846173673592846121e-03 5.659535870443404464e-04 -2.218318500011366018e-03
-3.317799384151171038e-01 -2.141113186853198236e-02 -2.220874326555019422e-03 -9.359103954978588089e-03 1.424115033713123975e-03 -8.407575491092632953e-05
2.661437466516091699e-01 -5.782686153159956322e-02 -1.089942188153868782e-03 2.066062065024122825e-03 -2.857377512957529671e-03 2.268916176129133142e-03
-7.240532911643606795e-01 -3.839668029088046802e-02 -1.754195316588763294e-03 6.082442493965517331e-03 -6.790802000569264550e-03 2.616685663120583722e-03
-9.606473472777895539e-01 -2.925563490669078059e-02 -1.407076459461080627e-02 2.337760337853518090e-03 8.097898851936332319e-04 1.663075800688668061e-04
1.874678176685928011e-01 -5.391085730011043603e-02 4.166089745482364631e-03 3.271643916486362356e-03 1.594538070913728827e-03 -6.357229217579791038e-04
4.045892835126626563e-01 -5.471742505163267045e-02 5.713835378362461595e-03 4.246499382747106512e-03 1.077595575053307908e-03 -3.577485892655990832e-03
2.131248961964432864e-01 -6.330115165476379868e-02 -1.003234636436485701e-02 -3.033555222410653975e-03 2.467100830869655478e-03 -4.871698587162758345e-03
-7.375216117391192316e-01 -8.315667938681848073e-03 -2.760377938672500028e-03 -3.751324044246140930e-03 1.091888298774621640e-03 3.565448108544291752e-03
-8.633384732351186974e-01 -1.225511831060319308e-02 -6.504982209406620815e-03 -9.587913747412594697e-04 -5.570876576985108342e-05 2.126884411084929011e-03
2.457368521971209641e-01 -2.162776511862101250e-02 -3.784120154969509639e-03 -1.214506812863318935e-02 -8.482118610780398993e-04 1.652924572897386275e-03
-4.775775609188332438e-01 -2.608475844450485262e-02 1.311391065736052658e-02 7.826479617949881271e-03 -6.647605501893074850e-03 1.541692944899567550e-03
4.353093280777416973e-01 -1.660224003110974747e-02 2.966108089772525203e-03 -8.991539856882217741e-03 4.466530886567889763e-04 3.486323641750215517e-04
-4.676137708853495001e-01 -6.507586453492969492e-02 -8.320410352701713627e-03 5.350928515959823932e-03 -3.599021236946210039e-03 2.733550949610105783e-03
6.614872204912553011e-01 -1.378870652297813602e-02 6.612317629077351343e-03 -7.052075495375697591e-03 2.158341948462731349e-03 -1.555271824563393473e-03
-6.639993653868807577e-01 -5.157577870729926350e-02 -1.911920636147605365e-02 -2.887715408172843948e-03 3.273707476956662366e-04 -1.081495805905595322e-03
-1.578930005350158927e+00 6.614373675637837124e-02 -5.772181496502042965e-03 8.878000325539750145e-03 -3.620178720938691929e-03 7.694683100926199160e-05
8.116275625200245480e-01 -4.885501336510297138e-02 1.047830429212080229e-02 7.471551271497159710e-03 -1.461487906009491201e-03 2.013476142437149415e-04
-1.536371111986039595e-01 -6.724975268270375062e-02 -4.544603211797662232e-03 3.082242952780617651e-03 -5.239104453895903138e-03 3.075565282126670272e-03
1.043079058480423260e+00 -3.090588221989112178e-02 1.858459304254485647e-02 9.068894452616420992e-03 7.070080228001301287e-04 -3.733934830206899814e-04
-5.948265826872286555e-01 -1.083323104915922749e-02 -2.445867969615481228e-03 -7.529184407132378555e-03 -5.197197639178715352e-04 1.768160685026663606e-03
-2.391482768305090156e-01 -5.582390089661527083e-02 9.305727857884324092e-03 9.043489420113168253e-03 -6.223657507148182451e-03 -4.265580104005955910e-04
-6.458015451723263245e-02 -6.196915663068137958e-02 -1.488933131862088706e-02 -4.269980511671273536e-03 1.169332575207900331e-03 -1.248970078735658256e-03
-6.627895711329133688e-01 -2.418421599493946611e-02 -1.091304813077235460e-02 -7.923884125439656020e-03 -4.273660745488748729e-04 8.092480041778406241e-04
6.607083186411902842e-01 -5.069702597606806638e-02 9.879570416021606766e-03 4.097161068223387215e-03 -5.917905140787308241e-03 1.312133094480452157e-03
8.487021950968450801e-01 -2.504969720419861906e-02 1.412002114258311194e-02 2.814546702892503985e-03 7.220669655274901486e-04 -6.946223462063816963e-04
9.998525944356885242e-01 -1.149955438051211351e-02 8.168719606857730367e-03 -2.405782754604338623e-03 1.697466636803946719e-03 -1.478277127875263176e-03
7.503022692729287568e-01 -9.320194542884869399e-03 -5.276416004344982626e-04 -9.555129501522529115e-03 -8.554786679448949619e-05 3.012813884669870708e-04
-1.861786611988651696e-01 -5.158762632042802887e-02 -6.281986964859351090e-03 -3.011367150203819471e-03 2.894351263312172282e-03 -4.375166690905933804e-03
-1.865004742458923519e-03 -3.076128558211164293e-02 -7.247587537499834351e-03 -1.040368452044222562e-02 2.669780539926218605e-04 2.413388538209241749e-03
6.219901671924144004e-01 -5.943808102370065627e-02 -6.779316966320379258e-03 2.023592466446045256e-03 -2.089750804923799082e-03 -5.088197248509176594e-04
6.010791512650286439e-01 -3.531826517475671057e-02 2.833288578219920941e-03 -2.093169049110122412e-03 2.022027846157550303e-03 -1.960162141132475166e-03
-3.042683363595357071e-01 -3.293578348870867395e-02 1.269101831057529821e-02 8.958839032818320669e-03 -7.756657561177222882e-04 2.021216892823185171e-04
-9.232732677564536861e-01 -1.521479584394827382e-02 -1.364627629461489904e-02 -7.036766674503731368e-03 1.316129841348384925e-03 -2.162924258804187487e-04
2.043921480165246773e+00 6.007721700883880689e-02 5.781787739071027506e-03 -2.056746776501975141e-02 -1.532540443542329371e-02 -4.289598813906221435e-03
-1.491013266317596564e+00 9.428326686085217179e-02 6.830636420964503880e-03 1.046915993453176146e-02 -1.817705142936580295e-03 -2.535300573475183887e-03
-1.303381927438565402e+00 8.331344255135052224e-02 1.209403622773934546e-02 -2.267697633803438927e-03 -1.433786772623420419e-04 -7.974334622977497303e-04
2.439352923510776261e+00 6.916559922170023578e-02 -1.076159201275959758e-02 4.129327510916244552e-03 2.388946519750215374e-05 2.558816242639547775e-04
1.778818261601444739e+00 3.275128928618999125e-02 -4.732930942359995477e-04 -1.544271379830712727e-03 -9.308173451771901237e-04 -6.731559135433260984e-04
-5.879888449622571178e-01 -4.786211098514021184e-02 -3.586530278164870144e-03 6.419737646422908270e-03 2.974609189636198692e-03 -2.029100809129089078e-03
2.189075824146123672e+00 4.217813294635884558e-02 -4.129687069921320411e-03 4.848554626893218471e-03 -2.229587933072831561e-03 2.490349832979253165e-04
-3.225240031842782074e-01 -5.119813403428506021e-02 -1.171965517039315861e-02 -2.926178450057687497e-03 6.400997454902972996e-04 1.445161074466273137e-03
-1.226924770995665437e+00 4.400288532674127839e-02 -3.735155971884232149e-04 -6.611070021170019004e-03 1.135063774498340419e-03 1.289245721634073739e-03
1.671688749409254271e+00 -6.288350521751257492e-03 5.515138948807226521e-03 7.103079454485784934e-03 -3.985998852251879457e-03 9.001793942466365054e-04
-1.632409704817848473e-01 -1.826538405258987946e-02 1.094850685248207472e-02 -3.099818376549880015e-05 -8.925244488359537634e-04 2.967443982077372280e-03
-7.519215286141102128e-01 -5.230734098964581053e-02 -1.780836981069550129e-02 1.036181139882703462e-03 1.481050390659439725e-03 1.400034819031321801e-03
-4.126774753980935184e-01 3.433399267973843982e-02 2.082737641473671880e-02 -8.511784105120630620e-03 1.167522514701838056e-03 4.862188793393973710e-03
-7.983484311927467880e-01 -6.617421827651642600e-03 -3.835494734575146426e-03 -5.613440193178252831e-03 2.503517495777519107e-03 -3.210000049866523417e-03
-1.462065369377486101e+00 -9.734078940495508633e-05 -2.405332598664590080e-02 4.120251131062683397e-03 -2.347194779431315860e-03 4.061198807340507186e-03
-7.027903188604099904e-01 4.839953416386350710e-02 2.055699183060156338e-02 -9.064508571537828116e-03 7.435795968116612519e-04 6.698989771362125027e-03
3.446444524456651060e+00 2.026366553678221050e-01 -2.676738657637006344e-02 3.060434551246115492e-03 1.440877887178411377e-03 6.559061302909335346e-03
-4.270047338233656786e-01 -5.145158167150892109e-02 -6.818774976276284309e-03 1.519232170043184268e-02 2.613073037121265568e-02 -1.231216653811135044e-03
-6.435689423404410414e-01 -7.329300715620788720e-03 5.348001950133248784e-03 1.126775316709078233e-03 1.142405632827655062e-03 -3.655737174961950576e-04
1.705354045376481498e+00 -9.979736906073691238e-03 4.072076954913753533e-04 7.368367381464797049e-03 -4.149574921393045686e-03 1.243237057542201807e-03
-3.769930073726183717e-01 -1.953616353575729145e-02 5.626967662874131533e-03 -1.328766899240995791e-03 5.421965872930231299e-04 -7.890476148097113566e-04
1.372711921917468603e+00 -1.332085707204333936e-03 1.489178510488221689e-02 3.395589744780070154e-03 -2.722367719814856001e-03 1.780334392492492453e-03
1.102182188730038703e+00 6.390446784174128557e-03 -4.811263851659400639e-03 -1.113047851244446627e-02 -1.196945309008635126e-03 -1.222683025900195850e-04
-1.610492892780543528e+00 3.560836492637348139e-02 -1.965476158078811528e-02 6.954751344259326243e-03 -1.232476310553874102e-04 -8.336045685986048824e-04
-5.022107710859059493e-01 -5.536963906464652686e-04 7.048545693587477193e-03 -7.700371867599030938e-03 2.475713107874759518e-03 -4.206607738602288933e-03
1.329663667335987620e+00 -6.164360632192995675e-03 1.394364596481383230e-02 3.186608450072726112e-03 -2.529180787212476859e-03 -7.512475173942426013e-04
2.081182951791219760e-01 -3.351621047228354328e-02 1.508059592992005982e-02 3.156769689352910500e-03 -2.127151624245651024e-04 -1.583246751523724504e-03
-1.018768846817409424e+00 -4.760760523995159060e-02 -2.123428756053118149e-02 5.764311758754249795e-03 3.412562779397948585e-03 -2.306497728280135218e-03
1.087890768796032415e+00 -4.573259682388862435e-02 4.752597185042288681e-03 7.648680489642902328e-03 -1.866659818242185492e-03 -9.611637258314505118e-04
1.224885210487585363e+00 -1.232561135635125080e-02 1.230750582902201753e-02 2.472393106025777380e-03 3.619455259460400368e-03 -2.967338300146912453e-03
6.811463849907596346e-01 -8.876457996559804220e-03 9.056455442494707256e-03 -7.756246069626442259e-03 2.469904680998623574e-03 -1.151183054224357927e-03
4.964702952031832539e-01 -3.240457174276287905e-02 1.078025319212600960e-02 9.843854575794373958e-04 6.780214039878037190e-04 9.648188556233037528e-04
2.141732734811400418e-01 -6.882451040229706218e-02 7.558870159410941564e-03 7.868923021705916468e-03 -5.819082238484971081e-03 1.739313248131182411e-03
3.670916095097450649e-01 -6.714142525515871818e-02 -8.325513599814928292e-03 -2.016258820095940857e-04 3.196030944166368664e-03 -3.920286197571951244e-03
-1.676618816654744104e-01 -2.111757544636779990e-02 -1.731553735305422061e-03 -1.059145059909917704e-02 -3.247712092939231327e-04 8.614339252304036758e-04
-6.756216502049401385e-01 -9.006937069246255447e-04 5.728011748893675238e-03 2.031621948531719588e-04 1.221530969315478546e-03 8.355729473632268495e-04
5.055688083554754630e-01 -3.378096543854427342e-02 9.969921995821877728e-03 -1.294372056797808224e-03 3.797066200393189872e-03 -3.926331046084234437e-03
-1.643875428700558139e+00 1.628349661604646670e-01 2.742422729218877558e-02 6.092796104961066030e-03 -7.075223673255099949e-04 -4.351252795329542573e-03
1.132202970908656070e+00 6.376051574863142099e-03 -1.530228146152919208e-03 -9.497268314751276808e-03 -1.492439831204084538e-04 -1.098371816559691287e-03
6.624534901058224401e-01 -5.334163826588345786e-02 8.489040204142556806e-03 6.261812916099565411e-03 9.782504933345358139e-06 -1.856683421927199156e-03
9.967037705674893777e-01 -3.945143062529492956e-02 -1.619979538970383812e-02 -2.765127549137594374e-03 -2.697116376734244873e-04 -2.461482752016700293e-03
-6.670397423906857526e-01 -2.985689118457339475e-02 -7.233134877303275603e-03 -1.003038118369311031e-03 1.535742899283048081e-03 5.865828238636371312e-04
-2.523896555268335673e-01 -2.756927610673190476e-02 8.137109588563085430e-03 1.516071126918829308e-03 6.567983356664117622e-04 -1.951237761522172124e-03
-3.306876565328564777e-01 -4.461357397088118459e-02 6.836184988318941801e-03 8.225859776303792378e-03 -1.222150396600347154e-03 -3.371961983893458602e-04
-4.013967468422287577e-01 -3.277658946430497822e-02 -8.222336344379809620e-03 -6.388872072906403438e-03 -7.766264824910701153e-05 1.556037492073665584e-03
-1.014134658571072878e+00 3.764304773674123031e-03 -3.163794145335205830e-03 2.686928157966806188e-03 -7.889874372837917503e-04 2.547299236727761573e-04
-4.316956934132085144e-01 -2.138829178815868440e-02 7.499016831328590010e-03 3.325498837280331521e-03 -1.479653578786002243e-03 2.402623631817419562e-03
-1.242293739963819810e-01 -3.955126392455167450e-02 -1.134039218213276842e-02 -1.067988353329655908e-02 1.546269301613011115e-03 2.102931948251899903e-03
1.503415296055466088e+00 1.496128503486311191e-02 2.195076667974719172e-03 -4.979020998136319924e-03 2.146366869075448137e-03 -3.711361983434270043e-03
-1.516146094364172470e-01 -6.576590991593618540e-02 -6.756039459496648338e-03 1.337752127995740954e-03 3.142268409305727477e-03 -2.907201657332985235e-03
-7.313277707327667798e-01 3.014766142999670759e-02 1.237545684587857027e-02 -6.361028277556174566e-03 -6.967503936356352859e-05 3.180080258757858516e-03
-3.048372496345285732e-01 -2.773300092397622263e-02 1.219931163944910565e-02 6.380648434999521695e-03 -1.518918319208690257e-03 5.372724104423082757e-04
-4.409496802225795764e-02 -2.995502557862486995e-02 1.728158922195404193e-02 5.556868558383721603e-03 -3.794246893049981004e-03 1.561039914253145372e-03
-4.330572420428489555e-01 1.512277932135092443e-02 1.526428750736691375e-02 -4.239850206550991457e-03 1.165073762744772918e-03 3.125009201155492643e-03
1.819709068133168461e+00 6.072402352448354537e-03 7.476611658191371391e-03 1.411942506272370959e-02 6.377659330320093259e-03 -6.637782345424913990e-04
1.516942157275065206e+00 -2.017242763301020300e-02 3.916654591941854356e-03 4.884966368094670330e-03 -6.288961535731793159e-03 2.585251083316179909e-04
-1.584466149086510844e-01 -2.614371098099637497e-02 6.675413182663598489e-03 -8.934159518913581052e-04 6.164031366700534892e-04 -1.539252305333173310e-04
-1.264434381588346534e+00 4.527885338066413301e-02 6.213008547113585238e-04 2.862819352180904185e-03 5.705553250190411284e-04 -4.045765660513650388e-04
-7.866612503865492156e-01 1.062952364130332304e-02 3.727326572835380682e-03 -4.559135344150444004e-03 8.927950730914477632e-04 -5.766970076064254023e-04
-5.740976656699777747e-01 8.709182824920037869e-03 6.034757056348578549e-03 -8.560781718266642290e-03 2.475195859288985257e-04 4.083253989826562090e-03
-1.029136385075602345e+00 5.160579958085641933e-02 1.068311089742592437e-02 -5.324031308543844022e-03 9.401282851213274084e-04 7.459603890643502289e-04
-1.031279871261282288e+00 3.083177268097696266e-02 2.538473049930763375e-03 -5.138154010454840798e-03 1.658419456536466569e-03 1.793766873022285347e-03
-3.451606684882406739e-01 -2.272338245765087930e-02 -1.943562377171016882e-03 -5.803406760991712890e-03 -3.200992246794901407e-04 3.333403178705518239e-03
1.606901794913310200e+00 -3.980877422811513952e-03 -2.126419327524528818e-03 2.756192581133482238e-03 4.465453884853703525e-04 -1.432232274925219822e-03
7.022607184402565039e-01 -3.009236889532812195e-02 -3.712759827729898016e-03 -7.605395332094208941e-03 2.024303993126676682e-03 -3.307632689466839544e-03
-6.627163331922838463e-01 -3.405540754122441532e-02 -1.441155436195266058e-02 -5.796701245880165644e-03 -2.816768089348818801e-04 2.361499437018744086e-03
-3.976511215525262433e-01 -2.697028221776429872e-03 6.759567924250617192e-03 -6.322931612549327618e-03 1.126863882020781799e-03 1.751538006366288322e-03
-9.423252566816782139e-01 3.631287635646230499e-02 1.265022528845214343e-02 3.307028695329174931e-03 -2.596952931728061052e-03 2.360327758256156386e-03
-1.152260996794052528e-01 -6.477823598282514417e-02 -7.835813701058621378e-03 -2.378332093857191425e-04 2.465986005196036182e-03 -4.128146429961729487e-03
1.799299003095466976e-01 -3.194242224481312620e-02 -4.399972141654392467e-03 -9.791930637373585239e-03 1.030950596729785689e-03 2.487288665495620676e-04
-5.781371214905202116e-01 1.190447878534981949e-02 9.487373903108392223e-03 -5.245902852376352864e-03 -1.117605815665313426e-04 6.097790338849727425e-03
2.805465350379106604e-01 -6.136533154104678589e-02 -1.674582339061673683e-03 4.935263368517168667e-04 3.646733828311029667e-03 -4.111701114316420637e-03
1.145613473229815549e+00 -3.550758587811360389e-02 7.746812798496201941e-03 6.114624647545848467e-03 5.075864419639653131e-03 7.278323770146354196e-04
-9.108702550670014220e-02 -2.200976522211364056e-02 1.767893812363568323e-02 4.893133446191391157e-03 2.368044794926889643e-03 -1.067377742479463975e-03
1.850359767632644703e-01 -7.516263481765551868e-02 -5.104743075740859892e-03 5.032160255198712788e-03 -2.872479265491169245e-03 4.041684422922473658e-04
-1.233097517210360428e+00 7.195387708317006747e-03 -3.559778858006365596e-03 1.174207402742899822e-02 -7.988650030099134908e-03 9.985233040968950931e-04
4.305178395237300726e-01 -1.512799946229758004e-02 -2.799352440022955316e-03 -1.280138714112986388e-02 -5.926647207702248794e-04 2.121306147776634999e-03
1.924023938958620839e-01 -1.490346421994020922e-03 1.077322122297717441e-02 -1.206307356892489385e-02 -1.641958671562640136e-04 -7.298746701653571669e-04
-8.692135434873354827e-01 1.926815901018413477e-02 5.458271158408630613e-03 -2.394148877333912139e-03 -2.542474906109732681e-04 3.945369644846818090e-03
-1.018868870516567160e+00 7.808480604866195607e-02 2.218363107021019756e-02 -4.634726553872672156e-03 1.476288756531828799e-03 2.242192721723292297e-03
1.398792594548073698e+00 5.145260698571215222e-03 2.275159651400415067e-03 -4.750308729511327176e-03 2.145951921725730571e-03 -3.666664724304828388e-03
-4.862231900357962822e-01 -1.620934766076509784e-02 9.382865455336661820e-04 -4.720907688390322925e-03 1.896962023791937037e-03 7.193993906964846197e-04
-1.271936106997485938e+00 3.123209168517100676e-02 -6.171314361986281020e-03 -1.063464282448846939e-03 1.548775204065271473e-03 1.605171480343286865e-04
8.657348159182126635e-01 -3.603003030611673374e-02 1.480817883492578516e-03 6.283484171183242916e-04 -1.511227862873168936e-03 -1.006163171154056011e-03
7.395592808798171491e-01 -5.910448992396351298e-02 4.893216206994969487e-03 6.630341574977701401e-03 -3.383294027104824259e-03 5.762858221136542280e-04
-1.806475382921720829e+00 2.556711216113004281e-02 -3.202520686951586260e-02 9.280873907434558298e-03 -4.036950905092476748e-03 2.598299617351845087e-03
-1.857750488729740038e-02 -2.537388386721145528e-02 7.163651187444845282e-03 -1.792801214570602722e-03 -1.654023980977667712e-03 3.945499658808616049e-03
1.416211502347546336e-01 -4.557775696913681646e-02 9.471184077378871219e-03 3.669275504568662513e-03 -4.361716009276584566e-03 2.088334504632895217e-03
-1.691312948900556057e+00 8.859415500921857811e-02 -5.346307399774799865e-03 1.059956036486994768e-02 -2.399501902972632928e-03 -1.454850847618502883e-03
-1.030395827937651498e+00 -2.661267909283803954e-02 -1.865662586204281867e-02 -7.035287879031297065e-04 -7.367035946276113750e-04 3.556173050281107549e-03
1.079826436286451585e+00 -2.835752498603282684e-02 1.570660376267408315e-02 5.085031789356932522e-03 -5.082277998152097929e-03 2.282188040446351011e-04
-4.933489697742466928e-01 -5.396385585268515667e-02 -4.633170982819252021e-03 5.996198028590320542e-03 1.052807616804082641e-03 -1.895084365903089733e-03
-1.213665832666342981e+00 -1.232174490529413212e-02 -8.930728681550589160e-03 1.051117565385747618e-02 -8.228680069885247264e-03 1.202531080567185041e-03
