3.972282427147545647e+00 2.738960284061976447e-01 -1.987565170553775781e-02 4.324165903219779825e-03 8.621527064254932244e-04 -1.287134931676608149e-03
5.934716380528822681e-04 -3.445392045591196689e-02 -2.155056286403020382e-02 -2.794169487087589440e-03 1.688316516491206610e-03 -2.721798297525275349e-03
4.701111270120486574e-01 -4.932232155153274539e-02 7.714993878719066979e-03 -7.464395684469537877e-04 -2.712523835499366411e-03 -4.384395332115025717e-03
1.008192820528572176e+00 -4.309046908726803238e-02 -3.555074331685766607e-03 2.183619009031291264e-03 -1.918542002459470638e-03 2.227623607282780242e-03
2.570978022611523084e-01 -5.539700701959444917e-02 1.131905174893221540e-03 1.533835192051377725e-03 -3.097324393384227794e-03 -1.573168853333559202e-03
2.947109378219369358e+00 1.204195129371003342e-01 -5.646208252384391814e-03 3.078815743775095270e-03 -2.074486913710269290e-03 -2.467533669400795264e-03
-1.493852338987836204e+00 6.325233794313948887e-02 7.086229377078175420e-03 -1.292117302315201046e-03 2.026275166815473452e-03 1.355840703715291201e-03
-4.001323814257324862e-01 -3.151628086222237751e-02 -1.429311795516837423e-02 -3.481358376637167570e-03 1.968092558940979717e-03 -1.316093578202728919e-03
-2.108608698612897958e-01 -2.318551028271806369e-02 1.503292615908548811e-02 -1.789666339491587056e-03 -9.148968187405134324e-04 -4.411351394247238142e-03
-1.933010833681868545e+00 5.863004959486031037e-02 -1.291951766384095632e-02 8.880310351182302622e-03 -7.516953725759304046e-03 1.400886332350775648e-03
-1.614838531056532966e+00 1.074995537177524801e-01 2.307108693499302157e-02 -3.613211003434006838e-03 3.262961772783948364e-03 -1.411311712105114676e-04
-1.208094307033939607e+00 4.251725251550283330e-02 9.907187213401997053e-03 -2.184933375726547979e-03 2.443830866154488111e-03 3.870728001475939309e-04
1.537871105024942509e+00 -1.204226565247349529e-02 -9.323728778859228074e-04 -4.955424647189940536e-06 4.333176599042870970e-04 5.017404929259377394e-03
2.037320040076560534e+00 2.535236222736502940e-02 -6.298928047011603457e-03 1.752938086841285791e-03 -1.789182896606209905e-03 1.646896503701264849e-03
-7.935651464734374549e-01 -8.304953403223033423e-03 2.812419499451172290e-03 -7.269971466719794178e-04 2.529918186837895773e-03 3.408069820806206972e-03
-1.570772554018582845e+00 8.400757658357936586e-02 1.366896026359612493e-02 -1.063508311233854779e-03 2.086011927373807549e-03 -5.588565181921321251e-05
-2.180848436974259563e+00 1.365198554848456869e-01 4.823155367645103574e-03 3.343382960348065605e-03 -9.727648805943517633e-04 1.022414910902471209e-03
1.695584689599335393e-01 -3.966602007832478738e-02 1.017575230028471174e-02 -1.108674808124060539e-03 -1.675342114109698924e-03 -2.448142206971304618e-03
-5.902347372856046048e-01 -2.717559677921525113e-02 -8.992582476035409708e-03 -3.998885652347230037e-04 2.144006034998143927e-04 -1.027162169008370235e-04
1.891232420517627855e-01 -5.872923393418803123e-02 -2.053171966019887683e-03 1.680987872161248493e-03 -3.741731421304108664e-03 -2.214172786915284599e-03
-3.160742013753836677e-01 -4.012156741241838798e-02 -1.111408283760559855e-02 -2.187023604230730299e-03 2.174084855650175886e-03 1.654720439620152497e-03
2.905017180100775587e+00 1.221057321154805086e-01 -9.579468650505561580e-03 2.043988158302023454e-03 -1.272383107983351839e-03 -1.379040246650507524e-03
2.478494306702486938e+00 7.341075265304099207e-02 -3.501372503453930880e-03 1.201801391099846256e-03 -4.763711484318615928e-04 6.907233039814057686e-04
-5.911674187359363675e-01 1.544867517252928755e-03 2.619073668071658732e-03 -3.917131852207117286e-03 3.436471319090168321e-03 -1.838543734792636450e-03
2.660128472720021398e-01 -3.976428593752736468e-02 1.153888086950034635e-02 -1.566862392996413869e-03 -1.788750122407582743e-03 -3.116015045498692244e-03
1.749032495354535532e+00 -4.111952864751123454e-02 5.277596319466921516e-03 9.985137679165169422e-02 2.567525690663133645e-02 -1.001139515885502915e-02
1.176210054492319787e-02 -4.419166779876211593e-02 3.650555155938332765e-03 3.839573831489828475e-04 -9.052442479085087527e-04 7.478390349367974128e-04
-1.195410841019264758e+00 -2.508806143981899030e-03 1.034563650029509882e-03 4.675352542433336769e-03 -6.146679472861194156e-03 -2.040871159135574601e-03
1.157149479684797200e+00 -2.676235871734096439e-02 -2.036196102281240868e-03 -1.177486507582529117e-03 9.137475626211968285e-05 2.895144015233512905e-03
1.329254532185331295e+00 -1.523039361993223928e-04 -7.784386637579090128e-03 -4.043605591620034675e-03 2.590170483186586808e-03 2.150137850479875168e-05
1.426744783316673315e+00 -1.857319551964337068e-02 -2.480099957619681834e-03 6.869966501667117489e-04 -1.083336999983639361e-03 2.655307351753725519e-03
1.947906075907810175e+00 2.343197637732796768e-02 9.510669628124124569e-04 1.237275226827778539e-04 7.823308972960701544e-04 2.920809282738131857e-03
-1.412352978578199192e+00 6.010963757920353978e-02 8.440725067264891190e-03 -2.155775356824877770e-03 3.104070427898073317e-03 3.708261096098453328e-04
-6.508396428986541471e-01 -2.780607366416921675e-02 4.031039931754553003e-03 1.811873077663421353e-03 -1.491917452777755115e-03 3.071356422352903431e-03
9.684839562511494693e-01 -3.455827671013775998e-02 -3.275782671015914360e-03 -1.390475168951362406e-03 1.967722993116894584e-03 3.718799237715599872e-03
1.135804913537669769e+00 -2.593517533852155929e-02 4.990527182243425890e-03 -9.710195936110716962e-04 2.105419057765068203e-03 4.369646635366917532e-03
3.088527571643983130e-02 -1.175064855365534795e-02 6.964055746760041419e-04 -7.783718661135362836e-03 5.304064357113393371e-03 -3.240260479791875949e-03
1.653148565473143705e+00 -7.127582271494132876e-04 8.716271766716219421e-03 -6.044417852485246736e-04 -2.154759303673408049e-03 -1.700579138828999751e-03
6.580676919333171560e-01 -1.402344549223717360e-02 -1.808191764712074922e-03 -6.927757909956877742e-03 5.147895621042934515e-03 -1.199946676184043565e-03
-2.046409786663528685e+00 8.775203858496724574e-02 -1.447188482988824403e-02 2.539898618142202857e-03 -2.742311636636327195e-04 1.699749048228101111e-04
1.249690941969341385e+00 -2.919119126148434287e-02 -8.496193318740241640e-04 1.907353667256682503e-03 -2.391892153359669211e-03 5.157139615033364769e-04
3.291251882300264553e-01 -2.758887390030111478e-02 6.088501936544585443e-03 -4.464723732523593301e-03 4.107801809633746665e-03 1.847551268672545160e-03
-1.640009691609356945e+00 2.997504493179389135e-02 -1.026056855424296692e-02 6.425947941782540404e-03 -6.118885547672967863e-03 8.102594142062529781e-04
5.967098723988570885e-01 -5.085612527071602107e-02 -6.714434475247723147e-03 1.538860383279856171e-03 -1.964692667969625880e-03 4.877646265711442670e-04
-4.935543321322166110e-01 -2.653592171058617027e-02 -8.563423831918257718e-04 8.331475584699325277e-05 9.115152453592270795e-05 1.033842615892614536e-04
9.797359869831518964e-01 -3.487616986813370235e-02 9.144379160821433650e-03 1.102786030354258734e-03 -8.309603081121623566e-04 1.107608365879986624e-03
-6.120777762043577708e-01 -3.304403034842716413e-02 -1.787065349112593876e-02 -1.673140191657848056e-03 2.740039905885657823e-03 1.331767564964577078e-05
-4.624673702352009030e-01 -8.065340067616999509e-03 5.745558254313826510e-03 -5.925149062473790244e-03 5.604217455950621755e-03 4.163301376510061737e-04
-2.122342413914108494e+00 9.156775172277373254e-02 -1.003836680015771088e-02 9.681629698184339092e-03 -7.004283412530061363e-03 2.212383266614736856e-03
-1.347545615521024587e+00 6.086919512498569287e-03 -7.084048170380661744e-03 4.796092097567272033e-03 -4.595622510268284819e-03 1.712869544575376006e-03
4.782133466840125524e-01 -4.539864516769981373e-02 1.855894326390360866e-02 6.622265219825159387e-03 -2.075578489265319409e-04 -1.375320025658411131e-03
2.658446121128884787e+00 8.897373133864738826e-02 3.035238790230674732e-03 1.953271322782874127e-03 2.597578398339946116e-04 2.115666140587083629e-03
-1.845624351913867978e+00 1.023137754573849034e-01 7.139746465730076666e-03 -1.248189850984448841e-04 9.624604955725633978e-04 7.227031192409469730e-04
-9.619191229196351056e-01 1.439971175535651078e-02 6.128745169575371653e-03 -7.640596593001788882e-04 5.872735709480570885e-04 -1.272836027897262037e-03
-1.452477818600219905e-01 -5.497460890720749088e-02 -1.134221373249577960e-02 2.089785683393084129e-03 -3.004077365218897188e-03 -9.172464950162552335e-04
1.643651390855853212e+00 -3.522427825921216251e-03 3.733780356521715273e-03 1.307130096523795781e-03 -2.251959854521725941e-03 -1.089793191011963766e-03
-7.930053565691331796e-01 -1.843068722557677369e-02 -1.870266850209559295e-02 -2.835204539003130346e-03 2.174069137959184269e-03 -3.317814454225384395e-03
-5.259609110772772711e-01 -9.813291033626584184e-03 -7.399790434771797397e-03 -5.845104598985124793e-03 4.310449906348224822e-03 -4.007909212833573286e-03
1.412522572658943432e+00 -1.240156643565373806e-02 -1.337902262906024570e-02 -5.490470668886008763e-05 1.835250614326098693e-04 1.906816440085639785e-03
-1.000854567296843634e+00 3.263562598408289300e-02 5.937228983254660107e-03 -6.402011815944575780e-03 5.556566828351733323e-03 -1.725210581566219903e-03
-4.976443833584788257e-01 -2.395778940318236266e-02 -6.159264781442864913e-05 -4.032825043931227010e-03 4.088598037668266655e-03 2.871956425650545788e-03
2.156162742778554353e+00 4.181396874264886598e-02 -1.192857764083352437e-02 1.077529559714479005e-03 7.302499446862609743e-05 2.156077253526694163e-03
9.407894069320140717e-01 -4.049232831966630142e-02 -4.151681177498150674e-03 6.075943978973611477e-04 5.653054895532553517e-05 3.423886541297860384e-03
1.893770418555183133e+00 1.869504617098525015e-02 7.232062865610258857e-03 -1.059001447307560519e-04 -1.886883029414104188e-03 -2.418614248454365508e-03
-1.180050334553074842e+00 4.750685389495187816e-02 1.242106347394604168e-02 -5.639349853259750280e-03 5.766845511323523930e-03 1.299355656361455289e-03
-6.969686335727468540e-01 -7.169995622376302592e-03 -7.545317627642314159e-03 -4.435571680515523404e-03 3.539079641663461610e-03 -1.623247132053445623e-03
1.315808586988252538e+00 -1.013854427978766806e-02 -1.269329286695958453e-03 -3.519886720869289890e-03 2.373587174406882952e-03 2.962202887452050366e-03
7.947930745443407829e-01 -1.687459226609536525e-02 -6.741616013894096565e-03 -4.621443433172429602e-03 2.791736053348712557e-03 -6.271400819930591413e-04
1.848574960138879009e+00 2.382617540105846227e-02 -1.068752010572840416e-02 -1.322596200952769066e-03 -1.237433639257906235e-04 1.153713274507103034e-03
-6.546284142959533925e-02 -5.690717698397924212e-02 1.900351625922594564e-03 2.751307581674851226e-03 -2.991392875251249351e-03 1.725328656129528895e-03
-1.339651848353840435e+00 2.153589384990150721e-02 -1.218894947179886140e-02 -9.042135455385882188e-04 1.775025131281095106e-03 -1.070017462275505132e-03
-1.087982041111307474e+00 3.377367163949812536e-03 -5.586122683906117291e-03 6.548807770036778070e-04 -8.786754351726138584e-04 -5.763362731898403167e-04
-1.264379665535006581e+00 9.946428900644949892e-04 -9.825322262605691581e-03 4.275916539852999375e-03 -3.776171135348617772e-03 -3.327704371483827871e-04
-2.007965126725661520e+00 1.071426703999058400e-01 2.803847527933581336e-03 5.333122049034142234e-03 -2.739930085760078522e-03 2.890488051461003079e-03
-1.607344714302657795e+00 4.866065400857123163e-02 -5.191057403087684548e-03 2.566104526078526269e-03 -1.860699735408253121e-03 -2.182523836503561367e-04
-8.538006499404078298e-01 9.737165515895016693e-03 2.379659272194278516e-03 -4.159614382343445813e-03 3.994712328399789222e-03 -7.629706746445907026e-04
1.588130188118477559e-01 -5.291120205833852591e-02 -1.383350363979972582e-02 -4.254381130369589044e-04 8.176505091649203562e-04 1.880588625352273531e-03
-1.996016268757878409e+00 7.614030627704951315e-02 -1.436841235998507181e-02 4.957767541264683324e-03 -3.451987415414945175e-03 7.793711533253763779e-05
-8.146882443843741495e-01 -1.171782516797759827e-02 -1.401313351977190140e-02 -1.535235607091349225e-03 1.520882059688130833e-03 -2.047257645680127230e-03
-1.020364687040943963e+00 7.333997884264299889e-03 -4.077058786715589099e-03 -1.861369993289620998e-03 1.919215256650019970e-03 -5.582146208701635687e-04
-1.140876311339593885e+00 3.613070983120247881e-03 5.317171534553358919e-03 4.354917946357010801e-03 -3.254860976490620613e-03 2.962178572463499988e-03
-4.782691294496307921e-01 -2.980370990441791670e-02 -1.458131607299884870e-02 -3.326080953406816958e-03 3.269111293898754617e-03 -1.072724828290822809e-03
-2.527440815864679280e+00 1.749813523435309048e-01 1.026203848208236558e-03 1.182577367006138087e-02 -9.163562604154122659e-03 3.261990636113432530e-03
-1.458318957402140681e+00 7.318816751224017925e-02 1.198847546852942723e-02 -3.925747074319605422e-03 4.816141392225221397e-03 9.432966745415905148e-05
-7.187977620773954301e-01 -1.547397153622519922e-02 1.803543825969619596e-02 1.574656206817686040e-03 -4.350375969782576367e-03 -3.326392967216576860e-03
1.788264099932652951e-01 -3.249393517915465102e-02 1.045897102644825424e-02 -2.519019763420107458e-03 2.825213986222506034e-03 3.221430755990747387e-03
9.918715653295304691e-01 -4.019255899455922293e-02 1.326378052325859203e-02 4.774590382727779154e-04 -3.299990863533942744e-03 -1.513996716109000966e-03
-1.278892394270870758e+00 5.055954766902009262e-02 1.593958427740965050e-02 5.074438677464008845e-04 1.081895553041393451e-04 9.425774152871024478e-04
-8.536443203120701595e-01 -2.076091355728044638e-02 -1.599994695464173472e-02 -4.992019098351948214e-04 8.210113563477336191e-04 4.640370028913046570e-05
8.267902537951385966e-01 -5.510712046511551110e-02 1.361461889622372912e-02 1.091776521334378129e-02 1.993572911758374842e-03 -5.386317376291559385e-03
-8.609566517796186924e-02 -3.191679719114013519e-02 -1.261963992349774202e-02 -3.759563472072365627e-03 2.111958562813689034e-03 -1.205965154166585129e-03
4.002614785585388857e-01 -1.439878560420849822e-02 -6.210851414031271812e-03 -6.523811010843157121e-03 4.502742024008970709e-03 -2.579102297697155339e-03
-1.066289353084820257e-01 -9.392931303276478780e-03 -2.057792589726934514e-03 -6.035609598811479508e-03 4.201895522478258337e-03 -2.927753564518096718e-03
3.805957103366652272e-01 -3.935439362190083779e-02 8.030199836049435646e-04 -3.563670659953980906e-03 4.255681859078392498e-03 3.254294974000945459e-03
-4.720117421163327331e-01 -2.296181655904195457e-02 7.845183801872122886e-03 -8.490837989893857633e-04 -1.264349175206193852e-03 -3.052470465702072987e-04
-1.629236606315659364e+00 5.225796310498050795e-02 -9.556645772448581558e-03 -1.606236826408230295e-04 1.288933811144339549e-03 -1.465484572787731279e-03
-9.176481052525429227e-01 -1.898759821623910091e-02 -1.409845748058557481e-02 5.571461094058350943e-04 -6.054142413929646189e-04 2.393901902890678654e-04
3.514000683443318618e+00 2.067226081348423061e-01 -1.572814409953344345e-02 9.538492214338792569e-04 -4.538662908488797106e-05 -5.897061444628938585e-04
7.879564904688245441e-01 -2.162854058157168136e-02 8.146939880899988981e-03 -3.769782871628794482e-03 3.780732577100032882e-03 2.783825307452884954e-03
1.835035676261417281e+00 7.548796255679677061e-03 -4.431307507948350696e-03 1.918746502708286710e-03 -2.897024805463419266e-03 -2.175513136197190596e-05
-5.579856411161747687e-01 -2.861959100161861128e-02 -3.193539985412408803e-03 -6.806673069825331778e-04 1.402060522784009337e-03 2.254631544134272792e-03
-5.247985356953518421e-01 5.990682441864471006e-03 3.153837945356553936e-03 -6.254264695707104603e-03 5.438067179465468082e-03 -2.159087382629832838e-03
-1.390521080724750891e-01 -4.053091555320647438e-02 -7.994238361178277255e-03 -1.465456558346981460e-03 2.267742870704284822e-03 1.511490643786497085e-03
1.597113856250297337e+00 5.324819421831044437e-04 1.434298660243981706e-02 -1.723515748497828287e-03 -1.311863483699579657e-03 -1.259491758501987083e-03
-6.814806170616932723e-01 -5.363554309799583968e-03 8.216023016150614949e-03 -6.945903627173518431e-04 -1.018161626381509247e-05 -9.454148547290029594e-04
6.053193678090516006e-01 -3.765953622970995285e-02 1.900522131705231071e-02 -4.158530777751118625e-04 1.612910314736901206e-03 4.619376084733094363e-03
-1.894214457430461795e+00 8.398206308851291491e-02 -2.081659399180198905e-03 3.979711457198568426e-03 -3.377187303857319758e-03 4.505953879184874033e-04
7.827696251548791340e-01 -3.029736165314161900e-02 -1.408553071661855591e-03 -2.260067974972938040e-03 2.190343270529771305e-03 2.139197622071478764e-03
3.653863991529570088e-01 -3.074275965345208556e-02 -4.796216398875158445e-03 -6.309913741272017186e-03 4.053852989940561966e-03 -3.192502500925995510e-04
-6.601575530126161384e-01 -1.044693685749465729e-02 1.504484460452028965e-02 1.118149000135263684e-03 -5.065453769966938236e-07 3.618548506045332451e-03
2.042968300365994583e-01 -4.881856947317114725e-02 9.420628942597198546e-03 3.046265814658408156e-04 -2.770322025370408007e-03 -2.311659287831401271e-03
-7.285588441702087747e-01 -2.024292834876385144e-02 -5.704707286323049305e-03 1.669630963543377916e-04 -1.470220461054358701e-03 -1.511129404321767634e-03
-5.111688254754985783e-01 3.592333758809055592e-03 1.145864692565652957e-03 -6.802896814248492532e-03 5.020179700645661762e-03 -3.512001134148706738e-03
-2.771523150463093277e-01 -4.171658983778870483e-02 1.378199842451466317e-02 2.187546905728429171e-03 -3.700634283659645640e-03 -2.793385117565597674e-03
-3.784862570569766382e-01 -2.848574039703289165e-02 -2.119423534513625168e-02 -3.680745853324136636e-03 2.978853099421787699e-03 -3.373099178021137391e-03
-1.525384818094079220e+00 1.121015381464674221e-01 2.792023898091420056e-02 -6.337599932306660008e-03 6.468674199570981047e-03 1.540600996901582810e-04
-1.397145531630203719e+00 6.407470731421331667e-02 1.223071061522989014e-02 -2.557774827384396744e-03 3.434652313207505348e-03 1.868045061314400858e-03
-9.703551736772275671e-01 3.676112695733529945e-02 1.374395550880192461e-02 -4.211602470655092210e-03 2.716274753473956263e-03 -2.658977673784698910e-03
2.403166908065303087e+00 5.873255707728933239e-02 -1.625070195464124864e-03 1.369656304571540860e-03 -2.687924918751807661e-03 -3.640972165148199068e-03
-1.329288266699570231e+00 7.178917273462101512e-02 1.801455107404341047e-02 -5.002838546695114429e-03 4.633534682783159789e-03 1.637505470807935318e-04
-6.117029643346093976e-02 -3.183082991441563148e-02 -1.960341026563692385e-02 -2.561472466888976233e-03 1.237329060925696032e-03 -2.868286485455967798e-03
1.284946121968415955e+00 -1.715882830762734818e-02 1.835502510790929312e-02 -2.520082697599268159e-02 -1.089519246185183601e-02 1.037844296218538419e-03
-5.941679902932281987e-01 -2.869754039963223757e-02 -5.606116576386042591e-03 -3.525041394164685617e-04 1.908255805193113334e-03 2.444902064971761144e-03
1.802866211749746483e+00 6.210897044383818615e-03 -2.247881922196104387e-03 1.359098613228879341e-03 -2.995222341978238337e-03 -8.142472281919779396e-04
-6.837171258556308251e-01 -4.151585322495301988e-02 3.806463289816754310e-03 4.494653349173317360e-03 -5.956647036442895386e-03 -1.003473250835474739e-03
-3.465896556862601008e-01 7.998168836779014079e-03 6.074004026013652205e-03 -7.551403280338809393e-03 5.579978984189369086e-03 -3.364981199267409826e-03
-1.160518343288875348e-01 -2.365594116500295552e-02 1.069373915607508760e-02 -2.699481641516282907e-03 2.322044352855000965e-03 1.820964460707215002e-03
-7.370412825186539729e-01 -2.151257134135839411e-02 -1.865175123954356320e-02 -1.862010920478655417e-03 1.711074216141839164e-03 -2.047275598978623955e-03
1.778355184905511477e+00 2.670338760909556422e-02 -7.424398663380341566e-03 -4.310230459929991625e-03 2.060767451801952862e-03 9.604356373504217229e-04
-3.938715349008877209e-01 -2.592046434569527172e-02 1.052150494778286661e-03 -1.270682881308128230e-03 1.448053175016560633e-03 1.151008733183350643e-03
-7.010649078416880675e-01 -9.867366624893920274e-03 -7.060881383579732835e-03 -3.642071251726838356e-03 4.428257952245736803e-03 -4.780212501004815805e-04
-7.514682111424161315e-01 -2.972192586979958279e-02 -6.205943409074133298e-03 2.466435395889551938e-03 -3.037202688277008435e-03 -7.972310307256330001e-04
3.547827791657127694e-01 -4.567201062080162438e-02 5.972892140110617164e-03 -6.478263763555580472e-04 -1.714217694489451708e-03 1.642380822246060525e-05
1.035859265373666682e+00 -2.805511609451863397e-02 2.090261166773492473e-04 -1.008302264808189465e-03 -1.321127226558141670e-03 1.086227781104316691e-04
-2.496586655922470865e-01 -2.347742104179519496e-03 5.974840544239527935e-03 -7.250705316398762743e-03 5.965632808585526019e-03 -1.510729925933951626e-03
-1.349813567776909640e+00 -1.649727581455069994e-02 -1.448499172410644582e-02 8.233240369953926177e-03 -7.263095386484522999e-03 1.949632236494355103e-03
-7.559584768736656857e-01 -5.107261473024961307e-02 3.158764729893920580e-03 5.421619287464637948e-03 -8.323800323659567152e-03 -3.817535901568717190e-03
1.814744024257145760e+00 2.270582538150734200e-02 1.936580987699472803e-03 -1.962321994193022123e-03 5.356125356822930461e-05 6.814849889949287001e-04
1.799042396416249134e-01 -1.981508279431055258e-02 -1.440073953555800936e-04 -5.974713625562733978e-03 4.540590231340555817e-03 -8.480831943557567672e-04
-1.181817200224864584e+00 2.546426125798485068e-02 -2.909149855620876864e-03 -2.416473304192196751e-03 3.304775875253183112e-03 -8.352287514503248505e-04
2.560845536438298709e+00 8.638750148091783876e-02 -1.435112106361212045e-02 -2.794300486880947881e-04 -1.802371872426725683e-04 1.265711906096194045e-03
-1.668280538177052019e+00 7.594524358666576713e-02 2.395349915990502374e-03 -1.276206976992611377e-03 1.358716677751285696e-03 -1.488152408065242585e-03
-1.544922866676866624e+00 2.922013926637432799e-02 -1.339483175954420298e-02 2.295468657511311183e-03 -7.133418542503473661e-04 1.543738042430451308e-03
8.682819606739132778e-01 -3.263610403238913910e-02 1.860213478367156534e-03 -1.410133640469585399e-03 1.708515540212573536e-03 3.063436180420899251e-03
-1.318938497458655101e+00 2.761380120499148938e-02 1.016155496093666330e-02 5.170071246011593950e-03 -4.177344603780377627e-03 1.395650181102941903e-03
1.972277626110278570e+00 2.086856460425456222e-02 5.478543068554311314e-03 1.455748975902869131e-03 -2.109357738169781882e-03 -1.916540397378422699e-03
-1.143584138463720201e+00 -1.057049366978621806e-02 -1.910188982006944675e-02 2.146827040829237584e-03 -1.304880193919378401e-03 -4.759583482989287193e-04
-1.321553311600269565e+00 4.380000042211095596e-02 5.733762941741172154e-05 -2.906290787003047976e-03 3.367877445661945739e-03 -2.038127634254593545e-03
-1.274482089059141288e+00 1.547935015816677765e-02 -1.202637521183592788e-02 -2.566360711409385997e-03 2.443497490417814201e-03 -1.039684946998937955e-03
-7.723726519004643354e-01 -4.299016210413882100e-02 7.722128602760511620e-03 6.578929022365650851e-03 -8.093254361700117153e-03 -1.755763681760336582e-03
-1.970632236367775070e+00 8.105135163144647215e-02 -5.226414041595435836e-03 7.306739604475672237e-03 -5.830601409966469986e-03 2.471323107098198895e-03
3.130509597816947931e+00 1.492029905593554584e-01 -7.607053368813222922e-03 5.298818864899310001e-04 1.026288479803263510e-03 2.206704693771079952e-03
-6.607322510550420747e-01 -8.926076440332665098e-04 7.113618053440295096e-03 -2.772545761225492754e-03 3.186121494413353666e-03 1.167090125007168430e-03
6.761490644346936918e-01 -5.388731013560289773e-02 -8.799144468537835545e-04 2.574425916734194610e-03 -2.490435571577059599e-03 3.721005223664651789e-04
-7.664657681290781843e-02 -4.913948556526627487e-02 -9.967034771767007556e-03 -9.202823218271551173e-04 4.178598432617889539e-05 1.763475152262607279e-03
-1.442568936935021973e-01 -5.350510478684983307e-02 1.235561415814865650e-02 2.716875775570531514e-03 -4.676000779802597963e-03 -2.916804219076074827e-03
-6.534232843012376390e-01 -3.149652465278324903e-02 -1.418526746745788457e-02 9.326593930452752165e-04 -1.243684384431641360e-03 -1.382839517174067751e-03
2.656418711537317456e+00 9.312179727782461669e-02 -2.289413130229882992e-03 -1.099165106303758965e-04 -1.816837162273940128e-03 -2.683255460744343127e-03
1.615447466458876491e+00 9.539297259234438137e-03 2.847204390466612917e-03 -2.996788135214611438e-03 1.203228584975997092e-03 1.877952215120517760e-03
-1.052604757792265699e+00 -1.200613660024760568e-02 3.752340856532304994e-04 3.948314718305395710e-03 -5.002679874971889540e-03 -4.377482171080056294e-04
1.095731382269286153e-01 -3.340601370792555674e-02 -1.798452093539207276e-03 -2.193464996453718154e-03 7.465070058126235895e-04 -5.568154055984316864e-04
-6.532740380486414811e-01 7.749361855730936381e-03 1.092026685352248325e-02 -5.610054029606673619e-03 4.818234107010768534e-03 9.803464571305909713e-04
-4.205854312055242183e-01 -5.977174277829440385e-02 -5.102108050482694578e-03 4.438574461105533782e-03 -4.624486894938231729e-03 1.754131531875747357e-03
-1.946891376371363114e+00 6.747912637088850085e-02 -1.535697952342096780e-02 5.268877455388626917e-03 -3.845090393299073223e-03 3.482324105915696102e-04
-1.030679293948796454e-01 -2.034980608302529304e-02 -1.197305639600683598e-02 -5.387459341036345689e-03 3.123221258642744618e-03 -3.176726291316845155e-03
-1.061407958606412905e+00 3.201083307451269705e-02 5.184057038921355449e-03 -4.910607430041137242e-03 5.836092429879621672e-03 -6.169869743358515068e-04
-6.149728417825855997e-01 -2.070371176176593817e-02 1.442320576985152945e-02 2.070599876320172034e-03 -3.342547301611472742e-03 -2.030630474260690464e-03
1.706743807657357115e+00 1.906585263327630888e-03 1.249014981754696663e-02 9.170991292435400196e-04 -1.479879789941961152e-03 8.599591754364737089e-04
4.208991578045174209e-01 -4.189967706198075709e-02 1.598339963337917086e-02 -6.229345815392742106e-04 -2.015158333828106618e-03 -1.635989759571937702e-03
1.348314009329363294e+00 -1.275212106291182153e-02 -6.426436686804972917e-03 -1.195617773330323770e-03 1.739615845426928029e-03 2.675768935684056955e-03
-7.267732521587709771e-01 -3.619735972573018268e-02 -1.251096107442745652e-02 5.531468433174534325e-04 1.562197750890753200e-03 3.439764614976909343e-03
4.384554057148735695e-01 -6.289615922223999733e-02 1.107460960253694310e-02 3.091201091371041827e-03 -4.805188948514615109e-03 -2.805134532444920545e-03
-1.515162452044595431e+00 1.342405294603122266e-02 -1.378357798258060020e-02 5.799544471073832946e-03 -5.449874309595390508e-03 8.312544630884221219e-04
2.695251303954759425e+00 8.880779396003621318e-02 -5.065227861177080439e-03 2.752863672883141058e-03 -2.858672833846641510e-03 -3.096191100546492447e-03
-6.660063981029831215e-01 -2.096409128322984650e-03 1.605964656447757960e-02 -1.507056610770484643e-04 -9.747576917873703676e-04 -1.511020972923703696e-03
1.409474426273728875e+00 -6.171161846327857282e-03 -9.057342489614959163e-03 -1.364620546676495070e-03 1.070753124698062449e-03 1.489571957636224306e-03
-4.328963131130269537e-01 -3.019139243970011058e-02 -5.526878730632950668e-03 -2.364793670258745657e-03 2.405842784919307118e-03 9.861894811643329324e-04
-8.289251541098466847e-01 -1.073762856792746627e-02 -4.466688906495583367e-03 -1.105796842688031587e-03 8.535820658064296150e-04 9.055952742838767854e-04
-1.427024458574066346e+00 8.605373664156994173e-02 1.835477808059255214e-02 -6.246943226417069582e-03 6.393218215574258956e-03 -1.470229568398830804e-03
-1.189872903982495123e+00 3.366481697922764447e-03 -6.934323575283628076e-03 6.262137170016669448e-04 9.764737149866140227e-04 3.692455926945416994e-03
-1.196332811067177593e+00 4.411088340280257952e-02 7.293329330924571037e-03 -4.180799657227804965e-03 4.196225356879465691e-03 -4.876178397762443426e-04
3.622847717465321526e+00 2.184574041505854547e-01 -2.051667414112913826e-02 4.062805557605787994e-03 -1.179422395060623604e-03 -1.780513459545050728e-03
-2.204245568211820050e+00 1.153058386084040293e-01 -4.871408911745563411e-03 8.024588908695413220e-03 -6.408014750969182743e-03 1.450608643938072068e-03
-2.133748741936915660e+00 2.088552638005947426e-01 4.546370701584013380e-02 9.815543894045765513e-05 3.853339084393162493e-04 2.469246668566153421e-03
-6.698177102740507927e-01 -2.795112664147974060e-02 -1.378305359846941462e-02 -2.975082621016635238e-03 2.345018460345494292e-03 -3.711537028524362338e-04
-2.137502037367351448e+00 9.032117464011912844e-02 -1.680725321730465113e-02 6.121578460587173351e-03 -2.802033577099816933e-03 1.763575557915478438e-03
-5.251335162101231635e-01 -1.805230511149977278e-03 8.854677698049030071e-03 -2.928630281898135686e-03 1.649913231711718420e-03 -1.981528482321203138e-03
1.870425858676902475e+00 1.201348036868567747e-02 1.100050849418066252e-02 1.527725173322854509e-03 -1.854707934473496557e-03 2.952352036688848458e-04
-1.664933703339812165e+00 2.683404875279316038e-02 -1.895667506060413551e-02 4.608863768500416451e-03 -2.394839412758125591e-03 2.907861784098323462e-03
6.883454325196637358e-01 -5.257665231489457025e-02 5.383681949216094585e-04 9.765665263798599480e-04 -9.468618946450322238e-04 4.444616071531193487e-03
1.962052838674989072e-02 -5.439017787868204862e-02 4.218138117715174596e-04 1.503104115163806775e-03 -2.477986511561786152e-03 7.695892668081052252e-04
-1.305865999427595181e+00 2.124784586768348887e-02 -1.264113506589565131e-02 -1.981907196084338636e-03 1.548225775349038307e-03 -2.357737527986154304e-03
1.075496917147382714e+00 -3.759122665452772211e-02 6.867245284434753648e-03 1.930816185390708990e-03 -1.560807099996131214e-04 4.690894272041740837e-03
1.628550464269596265e+00 -1.154492359300405072e-02 1.304529341428179150e-03 1.229203823471941787e-03 -3.639050074894422705e-03 -3.872331955860116009e-03
-2.143676064764212241e-01 -2.568198747435476367e-02 1.994605377204698889e-03 -3.802436030415245159e-03 2.301722304644374800e-03 8.606418431643380338e-04
4.255649922342268909e-01 -5.040111840409644550e-02 8.884197155107296726e-03 4.283526534521571384e-04 -2.961436259975846422e-03 -1.810355084736581938e-03
1.065738777900875900e-01 -4.350728019856237722e-02 -9.898886881867997867e-03 -3.646449326759616284e-03 2.625788749418295643e-03 1.198699700747925950e-03
-4.495438356071816965e-01 -3.679536013301462107e-03 8.989149716780425042e-05 -7.049392386228486504e-03 5.228948869176529117e-03 -3.033858156193976544e-03
-6.475116858527265595e-01 -1.439260623993151135e-03 -1.325831788534845897e-03 -5.583093864774088186e-03 5.161615474768047399e-03 -1.619757197261986574e-03
-8.640923514821252649e-02 -2.999998450010420148e-02 -9.718345759957332936e-03 -5.209611074461373975e-03 3.778310386746300785e-03 -6.535099776552665647e-04
-8.490623578176830222e-01 -1.404111661297606679e-02 3.571011413297755198e-03 2.375610814457738019e-03 -3.336786399612058944e-04 3.643348595887966387e-03
2.609591752599778047e+00 8.600359421870693022e-02 2.923064839578172377e-05 6.585048699965505726e-04 -1.163567264834460468e-03 -6.242533359767920296e-04
-1.388308051655931852e+00 3.786321148469758840e-02 8.540322277933074489e-04 1.200610370000830714e-03 -1.360443882881398007e-03 -1.176840175499594852e-03
2.678612718762465761e+00 9.099425172528870231e-02 -3.700746814930779092e-03 9.643852459962010603e-04 -3.360372569513104027e-04 2.634594125441463725e-03
1.271383751141997642e+00 -1.178485772769193550e-02 3.600020856383882428e-03 -1.238410653341793762e-03 -4.116404884579818622e-04 -5.403640190730392553e-04
-1.191123361448848339e+00 1.293926219057776189e-02 6.925169133002360110e-03 3.454413963139944897e-03 -3.208469007042989273e-03 2.668006657316460487e-03
-1.195413391221657351e+00 -1.877379843761082384e-02 -1.406368422230922129e-02 5.619728463914362704e-03 -5.452695288658770088e-03 -1.885412292565898367e-04
-2.298853787282477967e-01 -6.656516733900607295e-03 7.345618996989689529e-03 -6.732485258500688595e-03 4.952548255490197768e-03 -4.039268106159121037e-04
5.614822621932340496e-01 -6.167202147934741641e-02 5.167622893829109873e-03 4.096238899570631836e-03 -3.508253695930421603e-03 2.225290211674513415e-03
-1.551151125996529823e+00 5.162122032240350905e-03 -1.644743275198173871e-02 8.704288672513719322e-03 -7.211808664103315850e-03 -2.013637960700474501e-04
1.063356484290046478e+00 -4.331606830215910947e-02 1.243690258394891668e-02 -3.166404576115989817e-04 -3.505503466694737200e-03 -5.826615278475103486e-03
-1.890972925404845739e-01 -3.899114631903127098e-02 -1.673010107078925016e-02 -1.157227267116271415e-03 1.999789529239580192e-04 -1.389945949266183740e-03
-2.722533685723621533e-01 -6.164743747629573833e-02 -7.967551400296923880e-03 3.119437143325262327e-03 -5.016649180034481875e-03 -1.519696488374463117e-03
2.534091518317872493e-01 -3.535809338218090514e-02 1.553333783691041546e-02 -1.203552843991442583e-03 -1.007738266724587288e-03 -1.775844204902987753e-03
-9.098047633230648135e-01 -3.415584644907427442e-02 -9.391265671923852698e-03 4.305059414907575280e-03 -3.375137767968393581e-03 2.935734286758107450e-03
-3.905902961388375561e-01 -5.407702582850910239e-02 -4.885824742839391978e-03 3.503048441799674027e-03 -8.861772450840418565e-04 4.803256132419134357e-03
2.049514275641484584e+00 3.792717935722909883e-02 -1.514277125931388565e-02 -1.781770455888706788e-03 6.469181074136581703e-04 1.557489312509027996e-03
2.277874653162673457e+00 4.826351432872465208e-02 3.853750583252494016e-03 4.220165677463105693e-04 1.701974086139824635e-04 4.274902422358962603e-03
3.181912807656456899e+00 1.575508795399203354e-01 -7.365079247977914315e-03 6.238610406912515520e-04 -1.592962299239541416e-03 -3.135760975574869609e-03
2.258965498750060419e-01 -1.648966163901446555e-02 -8.660802878125038393e-03 -7.014710240096744959e-03 4.145231180432452055e-03 -3.279860767353971057e-03
-1.308295786086890455e+00 3.264475154615887470e-02 2.477809633895891595e-03 3.963723163223605364e-04 2.036443138753750003e-03 2.993317445687393354e-03
2.303632898374371185e-01 -1.528225536997171279e-02 -1.815397877118303722e-04 -7.248102570961787589e-03 5.138024910410324969e-03 -9.495826558736009029e-04
-1.277017567789906716e+00 3.864012876038003946e-02 -6.016617209560287888e-04 -2.658165216821091123e-03 1.974866158856065923e-03 -3.153458985792842364e-03
-1.835799955539307415e+00 9.955566942993884783e-02 1.012500636454389744e-02 3.134202673294949736e-03 -2.155824552115940835e-03 9.914730532381971478e-04
8.676723490244721004e-01 -5.208020140464668379e-02 7.261678518867603106e-03 2.384493396817459216e-03 -4.223346622728125360e-03 -4.710176667843802125e-04
-4.453550872452201603e-01 -2.428654926564600969e-02 -9.552755686855051581e-03 -3.815117855749471099e-03 2.888616463829175689e-03 -1.614892558740754986e-03
4.527062146239451135e-01 -5.212798610147025002e-02 -3.807125545388147583e-03 1.615138759956940163e-04 1.055153837921198870e-03 4.080835462823038245e-03
1.049051189839548703e+00 -2.873061719719766788e-02 -3.711099247073730654e-03 -6.670312882508795498e-04 9.238894867979898342e-04 2.527923595739816481e-03
2.208908869172830691e+00 3.442854970394667452e-02 5.651514926636117507e-03 4.925233273909549771e-03 -2.439703199073604487e-03 1.428306674429823901e-03
-1.014625998170237020e+00 1.218413653580469394e-02 -3.638183468727561234e-03 -4.444522749457503231e-03 3.590738128908419098e-03 -1.575767794341707264e-03
9.366591441470727419e-01 -3.266367450218733010e-02 6.277218703732916766e-03 3.900519361913770081e-03 3.520466886604265138e-03 3.074064587808649461e-03
-1.010898128655913553e+00 2.883691536763084359e-02 9.566536867880595998e-03 -3.662560820743157499e-03 3.020761258163450532e-03 -7.476418471051268820e-04
2.453409585797680759e+00 7.647787843418142606e-02 -3.295427403837585304e-04 -2.488476580261751725e-03 1.911867518844009460e-03 2.469881386980629125e-03
3.282525488080895393e+00 1.640318007624592400e-01 -1.213414611099360337e-02 3.783350640447107668e-03 -1.713492070451109843e-03 4.357336069749977940e-05
-6.724325481417293693e-01 -2.154449071843289598e-02 -8.729734232867767882e-03 -2.051060338674440004e-03 2.346686837208877049e-03 1.020643265122881662e-03
1.241556731720080631e+00 -1.919163877947182434e-02 1.451008684821625261e-02 -1.631789612760521169e-03 4.604352845341630278e-04 3.400369596108043443e-03
-9.140452337031012009e-01 2.932078100109268212e-02 5.282225532480983553e-03 -5.774151000099168006e-03 4.990523155420387678e-03 -3.321417374001322653e-03
-7.753914976446556473e-01 -9.222809656717536470e-03 -8.052825222860956686e-03 -2.703822912645458595e-03 3.479846288841439463e-03 -3.265885741424232177e-04
-1.202591187478028845e+00 2.158390457191854475e-02 3.805542165955503762e-04 7.622778313716510265e-05 4.305592952264142336e-04 8.331539979932847976e-04
-1.210707409069182061e+00 2.664926865685876469e-03 -1.846686687283695394e-02 -1.369319613005676737e-03 1.578633274902025482e-03 -2.253225205262216271e-03
1.123398947072288823e-01 -3.864950941623622460e-02 1.088882857562610204e-02 -1.857689165438078426e-03 1.156845424606334780e-03 4.022817764456430162e-03
-1.430441037725302955e+00 7.935122806704586473e-02 1.538410415172002631e-02 -4.951078663961205710e-03 5.410578220257341100e-03 -7.872965250574511225e-04
-9.125478156320957490e-01 -3.218330951799783235e-02 -1.573192091307003271e-02 3.389263501426890892e-03 -1.913419823200011166e-03 1.842263716802439687e-03
1.433520062191116162e+00 -2.305548803713763917e-02 5.260767850215666494e-03 -5.136961796980448109e-05 -3.325604134326745273e-03 -4.642807224172112827e-03
-1.914105962515418868e+00 9.658132434157300217e-02 -1.223833531636163603e-03 6.655829635324237272e-04 1.262691309523833461e-03 1.310376023733577906e-04
1.777106032634479194e+00 8.540687696728253148e-03 4.881711117846646887e-03 -4.770278849046651537e-04 -2.236947617150793557e-03 -2.127334491574082043e-03
-4.767244343873202062e-01 -6.501938367746699921e-02 -2.388879354447030539e-04 6.394660481522634193e-03 -7.138049648464231574e-03 -2.517884572580517902e-03
1.174568460364320277e+00 -3.394043273642561448e-02 6.806737896250701463e-03 2.001829058470057897e-03 1.197622034778105925e-04 5.103148001117602597e-03
5.833227330882281292e-01 -4.531262630684421838e-02 -9.265234694410855870e-03 -1.776551129329706795e-03 1.008076820624222549e-03 2.581616477041684052e-03
-7.215905061484395588e-01 -4.571851174256716388e-02 -4.077883454284863228e-03 4.882547781021281605e-03 -5.724780735419478413e-03 -3.748602548434463527e-05
5.563090478388605931e-01 -2.799667572490714337e-02 -4.431881329155690045e-03 -2.613375487035906643e-03 8.618781352230199056e-04 -8.254414920461454735e-04
-2.154193655286679721e-01 -5.088611993412540946e-02 -3.732220890098115942e-03 1.357901527397612461e-03 -2.635845340752999109e-03 6.712978605645189036e-04
-2.263254730429383965e+00 1.363068614121405731e-01 9.724561056232212302e-04 7.896037887983424486e-03 -6.042863626807178090e-03 2.857312866557965448e-03
-1.843503863372296936e-01 -3.749527053586391989e-02 2.455715843627253106e-02 1.088392470638587005e-03 -4.237417231838284948e-03 -3.054043544220909866e-03
-7.804680691906062950e-01 -2.500820017272573428e-02 2.538980394206265809e-05 2.337306113503860323e-03 -3.134296822201113140e-03 3.431886083090475241e-04
-2.937963510495821828e-01 -4.359105920923820460e-02 -1.022563101028234854e-02 -1.184075408584449839e-03 1.762784034350329317e-03 1.602718507740893538e-03
1.379833150312069767e+00 -1.897164766643113024e-02 8.774906018881529005e-03 8.019130610649348109e-04 -2.140795342879396341e-03 -2.382073372184445386e-04
1.210573123135260942e-01 -5.517171510425292191e-02 6.354447156354961577e-04 7.251036221141615636e-04 -7.656108726704490431e-04 3.991552138035004207e-03
-2.457508983093177335e-01 -5.708668731396077806e-02 4.877362570251176678e-03 3.184977240244011611e-03 -5.006878830695241089e-03 -3.047210774902016969e-03
-1.045691985013578407e+00 9.174688470815046959e-03 -9.510870476412840863e-03 -2.799712968769994120e-03 2.143020119911129891e-03 -2.955288722296430491e-03
1.192611757992042110e+00 -3.742910631587616221e-02 2.537679634046269197e-03 2.101987414546333931e-03 -3.740036813097563639e-03 -2.769051349004509558e-03
5.041645933758177600e-01 -5.734286475897904661e-02 2.458146732850971863e-02 4.724510957623381108e-02 8.289494461260668232e-03 1.087692945971508417e-02
1.853462324969212371e+00 1.364448547785311952e-02 1.323184662993225763e-02 5.050381646974572494e-04 -1.822387972634457749e-03 -3.145418082612144207e-03
-1.179581517454192596e+00 2.507964484338709096e-02 4.504754417648196112e-03 6.262989450998345062e-04 -6.655905630624549263e-04 -1.076010263483263276e-03
5.283873549438837802e-01 -4.604031876557044406e-02 -5.858693964674568412e-03 -6.899313565722865272e-04 1.095765040654886639e-03 2.668702776121844970e-03
8.240513431370649622e-01 -5.571211677525803735e-02 4.291573749958667132e-03 2.065895395404473370e-03 -4.372869731281718922e-03 -3.700908879311863488e-03
-1.437203141164654419e+00 4.621885126343740213e-02 1.009646792011123506e-02 3.448657108099805954e-03 -3.123404349812840351e-03 2.266273442239609155e-03
1.307617512485466316e+00 4.572090354801060068e-03 -5.834303831415928177e-03 -6.536554926264375939e-03 3.394019641525572971e-03 -7.135102897156178061e-04
3.064431270865410339e-01 -5.032980781466495079e-02 -1.352300087779991812e-02 3.646316196375900707e-04 -9.310680081865388598e-04 5.689529996090830722e-04
1.577967707914816220e+00 9.280290682533958021e-04 1.042705147626041447e-02 -5.405401391413506207e-04 6.194902951913483545e-04 2.172120716121045750e-03
1.559365855509893928e+00 -1.833682040869054689e-02 6.466629640771945700e-03 1.655029755533384038e-03 -4.435907688131232769e-03 -2.734616041043456437e-03
-1.296203899552451855e+00 5.310503979533182095e-02 7.216034517090752672e-03 -3.815862104274940405e-03 4.685589433339874821e-03 -8.744080799652140506e-04
-9.472827804631550608e-01 3.639036650522064174e-03 -8.549410146164029140e-03 -3.914629371208011577e-03 2.925048159104386321e-03 -2.055976395758717622e-03
7.500867854585033800e-01 -2.288873432760395871e-02 -5.731078164919489217e-03 -4.305067399443409000e-03 2.906384246053686244e-03 -3.895589043348935500e-05
-3.936058027131995041e-01 -2.308073298674875179e-02 -7.294429541795205765e-03 -4.448086810068522211e-03 3.995270316023473434e-03 -7.396172565569581088e-04
3.341085550422636108e-01 -5.236539438596039819e-02 -1.596556529614652758e-03 9.237594958563680268e-04 -2.664902945922397511e-03 -2.205219963182475634e-03
-6.826816613265633826e-01 -3.623203413604717676e-02 4.194538591246824329e-03 2.078842054544531234e-03 -5.123112022432023231e-03 -4.670402340452591179e-03
-9.468650681322862139e-01 -2.368195379509394072e-02 -8.543228030020317762e-03 2.820748587231331796e-03 -2.452457681840321084e-03 2.161815180756782029e-03
2.826377895026202514e-01 -5.096347216817776610e-02 5.269371833202775995e-03 5.309151696728529922e-04 -1.018498446391780370e-03 2.691877210009008519e-03
5.642909119670231899e-01 -4.727581495456188720e-02 7.323030128494193922e-03 5.800720667466926442e-04 -8.270047188363377835e-04 2.632060135030543039e-03
3.376409174273300451e-01 -5.157315524135210050e-02 -9.155245426608433698e-03 -6.547461194637070429e-04 1.342447003319726957e-03 2.725233686902194495e-03
-8.395868454914101608e-01 -9.055832378698135121e-03 -6.626832590956906709e-03 -5.341636689021405336e-04 9.335635961406339202e-04 -5.196529688820348278e-04
-9.243905211839944513e-01 -1.033081568676778514e-02 -7.026066192387381282e-03 9.698527293231834403e-04 -8.070441313103213742e-04 -3.664265533005541279e-04
1.725205724170111032e-01 -2.455871226291157436e-02 -1.170567275250225352e-02 -5.754569827581905092e-03 3.467344145706653582e-03 -3.140792026931188505e-03
-4.310789903198097850e-01 -3.183926309146796474e-02 1.827854617433111867e-02 4.587326493967667194e-04 -4.148624667986771861e-03 -4.152180233206892272e-03
3.830907300144611449e-01 -2.305082523547441475e-02 -3.468980580544103656e-03 -5.416364814381200397e-03 3.253483593792174874e-03 -5.721808877016221033e-04
-3.827103412494387569e-01 -5.627952936827265024e-02 -3.590389856953072559e-03 3.167245753215796114e-03 -4.941004952392407702e-03 -1.980428401805699179e-03
6.385906425688538945e-01 -2.231749317438309205e-02 1.637044159054247246e-03 -4.787586932067476944e-03 3.923463413773154058e-03 1.237704762896177715e-03
-6.203617483553148793e-01 -3.996909461125133095e-02 -1.704763864565905090e-02 1.007360932769315242e-03 -7.842479697123266738e-04 5.857414417379903449e-04
-1.702092399072581586e+00 6.139398730936589110e-02 2.658150605245893517e-03 5.043288230596985888e-03 -5.481940671647301394e-03 -6.603546364016725035e-04
9.789840329699821542e-01 -4.174844246876129039e-02 1.109379139972606343e-02 1.615355337999273711e-03 -2.978097932372271699e-03 -2.487554060452708786e-05
-8.012926320207540420e-02 -5.889695540859856554e-02 -3.010062155324558317e-03 1.490298481971277485e-03 -3.997697468867448048e-03 -4.394561177348845632e-03
1.212773234607713579e+00 -2.804367304208247452e-02 1.856228822016484439e-02 2.062674457733042026e-03 -1.632676706279085135e-03 1.303332132104682373e-03
-6.810722835623985727e-01 -1.107390946843056501e-02 -7.974986138946820943e-03 -3.493076469773044590e-03 1.906618527564968822e-03 -1.888236531620010334e-03
-9.916884952370369488e-02 -5.287335350939471879e-02 1.512723151133842786e-02 1.684447352777873694e-03 -4.456623163985930572e-03 -3.457460565967194425e-03
-5.848147939611062288e-03 -5.096401233110055967e-02 -1.552402412021085601e-02 -1.300466917365784804e-04 2.762594009585494560e-04 1.005222597785603847e-03
-7.158028929694469911e-01 -1.946396394546515141e-02 -1.470326792004519705e-02 -2.341589620430916969e-03 1.689919913031954308e-03 -2.136079564454436679e-03
7.744350313933879848e-01 -4.659995734412736290e-02 9.103667781493100450e-03 -4.560519216208346223e-04 -2.957867100018427876e-03 -4.502521120002240564e-03
9.272033326389236274e-01 -2.866572683931600113e-02 1.236196110843770964e-02 -8.238855289336325738e-04 1.476708667363252629e-04 1.207456434203982428e-03
1.026694610782197259e+00 -1.807805324295600619e-02 4.994079046319159672e-03 -2.693656540151564971e-03 1.907949406917013903e-03 1.748859198857433518e-03
6.975067408687691817e-01 -1.640967484090686060e-02 -6.839527408584149780e-03 -4.968435663457239880e-03 3.091411286564051640e-03 -1.307512355866655629e-03
-1.071896881942801943e-01 -4.575051756695403676e-02 -4.890821129114126566e-03 -1.125183166778857087e-03 2.043782559322596983e-03 2.907963884467911191e-03
-7.495176544999448964e-02 -3.014881362720838939e-02 -1.456819297717165326e-02 -3.763718761414732144e-03 2.778631940351499949e-03 -2.080201291548228974e-03
7.511577516923689801e-01 -4.684445891681535135e-02 -6.525488802993180057e-03 1.470614970433754484e-03 -2.744841485820867510e-03 -7.556328576354765306e-04
6.548504716162683037e-01 -3.530695168613618568e-02 6.688542813899830139e-04 -1.654872048422349621e-03 1.490959521083346428e-03 2.073731429185494968e-03
-2.313451208767473288e-01 -3.808662429158348600e-02 1.766374457343413210e-02 2.219028670771442790e-03 -2.684314244797456755e-03 9.380475512647261545e-04
-9.858766856695450054e-01 -1.069614606530909333e-02 -1.515019475411855630e-02 -1.439217327537966381e-03 2.155316370106634145e-03 -4.409170967391058010e-04
2.115796207606603918e+00 5.520013765389426841e-02 3.482593843444061962e-03 -3.476555823836140896e-02 -1.101868971054759637e-02 8.357315531471003200e-03
-1.636839711758739657e+00 7.987019086736871221e-02 1.612691626993582872e-02 3.753353996286340390e-03 -3.705655185996305136e-03 1.679181326857028932e-03
-1.521511236145742352e+00 7.187067200423880031e-02 8.186700078229769764e-03 -2.435201624747370709e-03 2.674810798570325006e-03 -1.416797040099514442e-03
2.612968124260051983e+00 8.168609506108917562e-02 -6.362116506256344263e-03 2.830779903544386727e-03 -1.793178647603278601e-03 4.069740216975622414e-05
1.812347123671021798e+00 2.598835424949843750e-02 -1.267521393662335554e-03 -1.428912618587987104e-03 3.808668881334766287e-05 -2.777950758843132704e-04
-4.912054501664073203e-01 -4.514687730864760246e-02 4.062962672947247229e-03 2.908533410079116536e-03 -2.167595650432109240e-03 5.233426357124803911e-03
2.386139019077272216e+00 5.705334015174513135e-02 -1.334493536356083860e-03 1.661947504612246726e-03 -2.660111106759891885e-03 -1.292395877696708283e-03
-3.133287813687957724e-01 -4.373072480823909924e-02 -1.298235308639575890e-02 5.638450244985749281e-04 -4.435571783858041975e-04 1.941725585354375154e-04
-1.417987077963887899e+00 4.092478657286530153e-02 -6.090460527228969481e-03 -2.676372640744430816e-03 3.049731553868281070e-03 -1.272776695415203489e-03
1.864935736010331579e+00 6.276450686188976558e-03 5.983618740829990679e-03 2.365451872983703307e-03 -3.165963287456764492e-03 -3.368396337289936496e-03
-2.017160949174965912e-01 -2.569789842621772805e-02 8.634662491582371577e-03 -1.755817394770339693e-03 -5.971015251159755789e-05 -9.343427285044526246e-04
-7.250215268758065656e-01 -4.248033126537864579e-02 -1.435117102098550090e-02 3.593968004345213761e-03 -2.105521981652897379e-03 1.618532867470159290e-03
-6.169482346771971715e-01 1.784231980838772366e-02 1.017808087755467036e-02 -6.699650651963351064e-03 5.121469287859289378e-03 -1.903951671936556823e-03
-8.384992985249900554e-01 -8.482273488119118285e-03 -3.453097426513324249e-03 -3.049214485622714528e-03 3.279631844269706963e-03 1.962476630339264182e-03
-1.529704977825416146e+00 9.686574920366997771e-03 -1.873485150049420539e-02 6.259847272103588600e-03 -5.701558304257265015e-03 -1.553005694803168222e-03
-9.615604703383449081e-01 3.513671340490733680e-02 6.705062690947201712e-03 -6.001166652611774135e-03 5.135829648274553572e-03 -3.715060462537199144e-03
3.582184431133673908e+00 2.083536673885633128e-01 -1.402288492455064893e-02 3.779187289026645757e-03 -1.132770705204362962e-03 -7.063947119955655326e-04
-3.946152637798164275e-01 -4.947976338791459927e-02 -3.175404091871578648e-03 2.408887046658099787e-02 1.043987959248453973e-02 9.809807638484279585e-03
-6.717440589445228261e-01 -1.298255176225143748e-02 6.976989878274695439e-03 -6.679714890319061755e-04 2.179691860738450660e-04 1.958109380222858818e-03
1.913667689545738293e+00 6.826291308223769380e-03 1.540657238184346342e-03 3.111519305075394724e-03 -3.955391768160752830e-03 -3.419365320138178718e-03
-3.877858630725242728e-01 -2.334722387483868788e-02 4.943508804780455922e-03 -2.168542323488098153e-03 8.313084314019097499e-04 1.223956696883596405e-03
1.440608325350406282e+00 -7.454779906951575393e-03 1.275379643084093191e-02 -1.091403122206345208e-03 -1.335877644211236294e-03 -2.062885099422673632e-03
1.044217933845947188e+00 -2.809847934746317107e-03 -1.033155083104855126e-02 -5.600195177758525433e-03 2.940133228170162608e-03 -2.211875225139671094e-03
-1.681455099798489394e+00 3.796765452939981911e-02 -9.567593268496207143e-03 6.278331386456046694e-03 -4.805706400137722302e-03 2.514103159754905656e-03
-5.489625408986563704e-01 -8.698294531647703803e-03 5.191843257263531464e-03 -6.149797393831226561e-03 5.291481983764929550e-03 1.593923724531851960e-03
1.435487745982631624e+00 -7.529259564693132484e-03 1.222788009302893004e-02 -1.352567387162315277e-03 -1.022152309015755172e-03 -1.274803276250013667e-03
2.828386516468904266e-01 -3.750054060342680046e-02 1.527368451792836604e-02 -1.783838476159428773e-03 -4.146251822415570861e-04 1.541241131524514855e-03
-9.295894214460791449e-01 -3.821979818399096063e-02 -1.045235515480515305e-02 5.953938637270484412e-03 -2.728182955839797506e-03 4.975604135357499305e-03
1.304510053646604328e+00 -3.050716306521912211e-02 5.904309215856317142e-03 2.693156711303352959e-03 -3.203074979443715133e-03 -5.622313804779880417e-04
1.331475345051247317e+00 -1.421804505663217151e-02 1.093326543919741212e-02 -4.549522470907898901e-04 1.481524678051003487e-03 3.745816928646925319e-03
6.412870260168791470e-01 -2.031079510753405412e-02 3.714308690014258771e-03 -5.851783735132924311e-03 4.296631648135866566e-03 1.708022877198634706e-03
5.285142258179497121e-01 -3.754218936265196066e-02 8.754630915965365412e-03 -1.483547250142931533e-03 -3.508726132782884069e-05 1.173962862683482341e-03
3.654258872244109391e-01 -6.170013064981071105e-02 1.017124717878714613e-02 1.711747233861439120e-03 -4.697670219093434511e-03 -3.933479907202762707e-03
5.045564524067217560e-01 -5.502433310699801627e-02 -7.137005062292829834e-03 7.856948659533767977e-04 2.774978947366954084e-04 3.829965637303491943e-03
-2.346726746589637980e-01 -2.279043445795460310e-02 -8.431423894184731857e-03 -5.488679225599583933e-03 3.382710287472576703e-03 -2.205558473868872785e-03
-7.349252638662721049e-01 -7.523245792091751150e-03 6.040133285881025930e-03 -9.194586028821222137e-04 4.687740884805786934e-04 1.540381312365373106e-03
5.765428388262173742e-01 -3.661834233415468820e-02 8.608346353534053821e-03 -3.016414294695130959e-03 2.407832339100798597e-03 4.637878118855265699e-03
-1.972006992802488812e+00 1.463542265613774485e-01 2.416166409641294643e-02 -2.923224436065927816e-04 8.449151283346129125e-04 3.107392598458666466e-04
1.092479863435079412e+00 -3.001260105237995354e-03 -6.467909679914254223e-03 -5.110446780813710822e-03 3.199289483257717389e-03 -9.984769776480314184e-04
8.408516564825835315e-01 -4.487834407964278599e-02 9.760282226438200120e-03 8.716793561683993394e-04 -2.256932033351888647e-03 1.998841057600627292e-03
1.097505982721508344e+00 -2.714306446116448307e-02 -1.650203341367446550e-02 3.651472519817290131e-04 -1.056612576828580953e-03 6.946961083510947701e-04
-6.815347075661154497e-01 -2.717443070789370488e-02 -6.399084992011558164e-03 7.933432455426679686e-04 -5.745562322870812724e-05 1.357159999694905776e-03
-2.188140353622725354e-01 -3.044934416734881855e-02 9.225933176316168660e-03 -1.864520736496616234e-03 1.642622211032861049e-04 1.690153490209693162e-03
-2.335019614436912860e-01 -4.461857640767320776e-02 1.216250937619359901e-02 2.631917366856527905e-03 -3.009430731270485142e-03 5.881295311496214165e-04
-4.422894358924037150e-01 -2.876830915091121640e-02 -1.239718959498075854e-02 -1.750194309603104060e-03 1.085131352633841861e-03 -1.268803753300812992e-03
-1.061738322112825372e+00 2.070666777308874471e-03 2.036571212542103316e-04 1.696067400164014225e-03 -1.824843549254777549e-03 3.351812495116831127e-04
-4.451788009292630965e-01 -2.621004139966535973e-02 8.406404096054075417e-03 6.377862715908573293e-04 -1.507909387396720374e-03 -1.078438280034008491e-03
-1.892944504312490950e-01 -3.659495936062698296e-02 -1.767382615863999709e-02 -3.085577686994675495e-03 3.248284432913125207e-03 -1.310147389508677486e-03
1.543661119697789852e+00 8.583040217665014598e-03 1.590126949058290481e-04 -3.560144335589866555e-03 3.019944136878723734e-03 2.044522025911038078e-03
-3.424247257200679906e-02 -5.696463976114736483e-02 -3.348617139519714271e-03 8.304801872596990434e-04 -4.525287486259017226e-04 4.478486874382036666e-03
-9.025202105174298106e-01 2.023108273251471301e-02 4.628776322373049507e-03 -4.634296852368609276e-03 3.122743626325084551e-03 -2.027109502496183581e-03
-2.624638011536283289e-01 -3.318711770203590372e-02 1.527037915098298192e-02 1.049961706771180940e-03 -1.947088223678514760e-03 -2.213479029169150027e-04
2.030847881869292122e-03 -3.642047125524595225e-02 1.845346259458586005e-02 -9.844336669728396411e-04 -2.351580808184085443e-03 -2.270133778340609546e-03
-5.653389584204503437e-01 2.326091047874690072e-03 9.565517658669024648e-03 -4.061358450881356712e-03 2.940546431141645434e-03 -2.663465082459598454e-04
2.012051194893709649e+00 1.460706668626737294e-02 8.589844513072302651e-03 1.156082806319413785e-02 3.560201180578706319e-04 1.766444941580997243e-03
1.694771890738925313e+00 -7.698077092686229569e-03 3.776908078787621220e-03 8.891450267204517371e-04 -3.216406109901212909e-03 -5.045055399480448399e-03
-1.605743780914564434e-01 -2.984779627935882015e-02 5.114176029032437704e-03 -1.535021916261680155e-03 8.841758070027086469e-04 7.243367243969904296e-04
-1.387116797668416668e+00 3.872388727998996028e-02 3.461149886008983365e-03 1.661818634764916647e-03 -7.574397322110338259e-04 1.268023519229958792e-03
-8.778112419185960524e-01 4.989463665527932648e-03 1.317490041489407984e-03 -3.143187384014398816e-03 2.480926728631929583e-03 2.899107911833129236e-04
-7.292657062810117274e-01 2.810193055860201773e-03 -2.977349608535161726e-03 -4.606909604310083055e-03 3.220102273356521740e-03 -2.280659285922938088e-03
-1.217385943651742464e+00 4.142752260922685781e-02 4.990547342112558460e-03 -3.707952841557309118e-03 3.789669992580117341e-03 -1.170282389754998811e-03
-1.193713574590064441e+00 2.556512141364206472e-02 -1.998820295695544116e-03 -2.450782475602226312e-03 2.659630199769760263e-03 -7.521746072462455685e-05
-4.206541706246723633e-01 -2.277273252298843767e-02 -7.766076630975764922e-03 -2.072194369456167341e-03 1.077482220421849008e-03 -1.746643556188614893e-03
1.749079741053750414e+00 4.279273827563782363e-03 -1.603315263054744125e-03 8.057908876564159493e-04 -1.577796790014475729e-03 1.654288274995278354e-03
7.274807267118578169e-01 -3.019683198029119234e-02 -7.202369710902893109e-03 -3.657426151809157339e-03 3.374940855361851545e-03 1.177980048345907051e-03
-7.090598778879712016e-01 -2.623391015275102975e-02 -1.778369036919714291e-02 -3.323399170740399351e-04 4.716914016572131663e-05 -1.468637147111467173e-03
-4.974004715369242935e-01 -9.526021113903979098e-03 8.822989709982835159e-04 -3.751223519543808727e-03 3.222601814738640554e-03 -6.717705574885200022e-04
-1.060559107396833678e+00 2.495096388177926033e-02 1.342714680364765802e-02 -4.063473562078400705e-04 -1.401003085647614709e-03 -1.748792180188600033e-03
1.278894231324946736e-02 -5.458679992910053097e-02 -4.769522100558924033e-03 -9.828508144987111090e-05 7.143493669306151517e-05 3.821283420518438185e-03
1.399518760967935205e-01 -3.287021606921024935e-02 -1.008808421715263852e-02 -4.668583254459436616e-03 3.165139819267242128e-03 -3.404856505723410790e-04
-7.422430498823842093e-01 4.013059625474425969e-03 1.473057662304447452e-03 -3.067356045087679933e-03 1.822253280831959490e-03 -2.402659709994230206e-03
4.124179283036294441e-01 -5.327769613623719452e-02 -2.798206942711924713e-04 -4.230239139714109427e-04 5.391785236210219420e-04 4.914095413895016619e-03
1.312276883139032790e+00 -2.807666075728163652e-02 7.303136458520376184e-03 5.521030787134784991e-03 3.481315830412368226e-03 -2.708230961360802761e-04
-5.018854817337791568e-02 -3.153137398659786733e-02 1.969755747129924017e-02 -7.663799479184857594e-04 2.247131489021671278e-04 3.713351214991944971e-03
3.346018702965045111e-01 -6.195550893287150168e-02 -2.603878897165278275e-03 2.688071630519256374e-03 -3.913129937878348334e-03 -1.339182794995486718e-03
-1.221955913999324128e+00 3.446068891701267994e-03 9.411255684991980119e-03 4.675558837569049504e-03 -7.521112633678697125e-03 -4.004414935947557715e-03
3.388016274934517180e-01 -2.108163028408750056e-02 -1.123989832570332185e-02 -6.373232113980231879e-03 3.675322043260931260e-03 -2.715473569675971258e-03
1.152919012533461796e-01 -1.310040270314633340e-02 3.157242045581703550e-03 -8.316757599106489388e-03 5.902989017904548483e-03 -2.743946061519051717e-03
-1.013660176252290768e+00 1.376195400881127275e-02 8.280472826729736195e-04 -1.115101588362157892e-03 7.033201784712116676e-04 -1.613429118093981634e-03
-1.272415971762458797e+00 6.228090731481623898e-02 1.379555555894009140e-02 -4.731709682263967286e-03 4.560375979382902227e-03 -1.020599328350075934e-03
1.447797273260940099e+00 4.434102285194274867e-04 2.172235190369909623e-04 -3.921508392036949543e-03 2.518964837025326493e-03 2.673774597434511440e-03
-5.450503091443061887e-01 -1.928225378791013911e-02 -1.831142148993313359e-03 -2.631046181236636541e-03 2.171084371636876863e-03 1.133008166761914626e-03
-1.397658112390811835e+00 2.955410976967530121e-02 -5.434249246112623707e-03 7.043499252103478441e-04 3.375493062972485000e-04 1.358248433269662386e-03
9.637106400365145209e-01 -3.116223255601642886e-02 3.034723232563005767e-04 -9.532191243034952811e-04 -1.411651785509861244e-03 2.501958225186020623e-05
9.140401249441676423e-01 -4.806796053555079107e-02 5.904584175889242455e-03 1.751112011895097735e-03 -3.781817326168397230e-03 -1.798598913299951285e-03
-1.872858048771298023e+00 3.584165356098013150e-02 -2.039141197907596778e-02 9.828846315757606283e-03 -8.721041468953279543e-03 -1.451280805209786756e-03
-6.264878023424862163e-02 -3.057450800053124196e-02 3.331911909072761413e-03 -2.041561756939554335e-03 -2.888297574271838481e-04 -1.945151311144406028e-03
1.998014796284228733e-01 -4.572093162175314141e-02 9.421658404798343572e-03 -7.688214428828652998e-04 -2.467747483355639971e-03 -3.454929114048641437e-03
-1.839204559690369889e+00 8.173265049506313329e-02 4.440226539682770070e-03 6.032310679793464504e-03 -5.489376224397649572e-03 1.035714484504246698e-03
-1.076422697951132434e+00 -1.724406925293173187e-02 -1.789679568961177747e-02 3.059809074469216957e-03 -2.679165095682350776e-03 -9.823539191337066906e-04
1.216912313143923452e+00 -2.588914823395716686e-02 1.452428165806388984e-02 -1.118262199992623883e-03 -2.571669647061965592e-03 -3.253497591231184396e-03
-3.828238168600359148e-01 -4.840427829670556487e-02 1.942809516857526165e-03 3.137126095395674063e-03 -2.448682972029350008e-03 2.896474839022386300e-03
-1.178877730226398191e+00 -1.100820887277880432e-02 3.601279949052284008e-03 5.265514282636936209e-03 -7.259464857367404697e-03 -4.911584795260957002e-03
