3.308879521508655053e+00 1.991142168059193140e-01 1.315323118419882160e-03 9.067182313381651378e-04 1.903258546943739551e-04 -1.960189357496484007e-04
-1.143563031264396984e-01 -1.992709133142780628e-02 1.873980795076745894e-03 -1.674382175753217142e-02 5.816268797013004295e-04 -8.817797845063395177e-04
6.281419994910689697e-01 -3.950430391031834604e-02 -1.957550915403676647e-03 2.964608626875493008e-03 -8.181084290440944224e-04 -1.416102336123056500e-03
1.247015342344570010e+00 -1.284274763009347377e-02 -2.403758729932715325e-04 -1.775083028630628900e-03 9.332000626698981572e-04 -2.831667803124724120e-04
4.825057121466667653e-01 -4.114607440469711386e-02 -8.929705404210101175e-04 7.800891221161747888e-04 2.899952117186433537e-04 -1.070163412498621692e-03
2.660665168388506974e+00 1.074840484019220221e-01 7.120140920788849527e-04 5.659331930788701840e-04 -2.546266758180413788e-04 -1.041500976454247862e-03
-1.745195851882538118e+00 4.528746896599389338e-02 -8.164012798790240555e-05 3.505557147836747909e-03 -4.674870591488439631e-04 9.891500482761034392e-04
-3.520001668318140098e-01 -2.242284939190724788e-02 -8.047780256599823025e-04 -9.211368515538361293e-03 -3.550636624318289259e-04 -4.182537169195975758e-04
-2.499905512886409220e-01 -3.873142152671110727e-02 -2.108966506648836479e-03 6.773966931193115860e-03 -1.370983023977506710e-03 -5.861998611309645257e-04
-1.882291638403669642e+00 3.912635617926486092e-02 1.874001044695841785e-03 4.234673833808380410e-03 1.533708009376081888e-03 -8.786133078980598978e-04
-2.097742077865382360e+00 8.917906960307052378e-02 3.168938686834616466e-04 6.763386461018817443e-03 -1.673417472435542036e-03 1.135403436334917523e-03
-1.437307800456873785e+00 2.419589062433957771e-02 -4.085327109484252102e-04 3.668126429865843294e-03 -7.579228037640079992e-04 1.101509610596993188e-03
1.726808711740318358e+00 1.827854762183201906e-02 -1.880400105176248523e-03 4.686481487833484374e-04 6.573729925065838978e-04 6.308576170753780674e-04
2.032164837513245281e+00 4.502163056666804580e-02 -4.989452172412437532e-04 -2.617661240563252771e-03 6.020038607486182577e-04 -3.061702761521237692e-04
-7.725918863993475050e-01 -2.317344097725601570e-02 -1.416621147110335701e-03 3.520654771068662276e-03 -1.038999453669482058e-04 1.616212813697492749e-03
-1.980168104565566578e+00 6.955139582343763949e-02 1.692167413058095603e-03 3.497889022996230907e-03 5.707690239327420693e-05 3.018362938262034818e-04
-2.641792681284131028e+00 1.357355139555319334e-01 5.398407001844254816e-03 -1.034167554236891740e-03 1.093690994436749987e-03 -8.688523591752469804e-04
2.284360633551440201e-01 -4.282599740841213504e-02 -2.197107145956284178e-03 3.889002482201317414e-03 -3.283333948205319967e-04 -7.043914399827219805e-04
-5.369710496763117069e-01 -2.388788913794341259e-02 1.073242717866898245e-04 -5.054216865940945949e-03 6.062274142216089257e-04 -1.776808043532286012e-04
4.727150322339115363e-01 -3.997907621837232250e-02 -9.435020064470179754e-04 7.460128135319854084e-06 -5.570220560356848719e-06 -1.189119781819038095e-03
-2.408841989530553229e-01 -3.363838458766007372e-02 -1.052397592258053852e-03 -6.345964060230528843e-03 5.611674471463170459e-04 2.152700590908703166e-04
2.574414026448923476e+00 1.033922222709458827e-01 6.194059201922299867e-04 -2.001536213249842204e-03 -7.413090334341047687e-04 -9.112472511222822688e-05
2.239689987336270338e+00 6.536952917757123116e-02 4.034441922370397447e-04 -1.799243214072068948e-03 -2.906349570071607019e-04 2.616832777297025390e-04
-8.709300784827306297e-01 -6.425834647611503546e-03 3.783433986924740608e-04 -4.448066022389353912e-03 5.903058506752897113e-04 -2.104998540540847828e-04
3.397005402689884934e-01 -4.186183534705716081e-02 -2.508573994143846724e-03 4.503513735779137925e-03 -8.219910886063435057e-04 -6.848074385940727945e-04
1.938782761102567642e+00 -9.290665545963498403e-03 9.763345949649925026e-02 6.147645741561480817e-03 2.956908578371627238e-04 -7.724024197203582364e-04
1.563661288761770685e-01 -4.156175600921233060e-02 -1.227741947048039241e-03 1.850792817007585692e-03 3.314722086563793115e-04 7.528239570052409348e-05
-9.916233936353984202e-01 -2.102471148026923212e-02 -1.499606037354417852e-03 9.199534879911073354e-03 -4.089476946472254287e-04 -9.626219234239425477e-04
1.330866816488295967e+00 -2.753863235610998651e-03 -2.014327977920957104e-03 -1.402154475706971935e-03 -2.899946786507806617e-04 7.490926593624948641e-04
1.202599985967780283e+00 1.860630321002420227e-03 -8.369801614162335418e-04 -7.558270506467568151e-03 -1.867871228892599650e-03 1.231065606615013583e-03
1.508710770165426096e+00 1.811944182590891073e-02 -3.732454761369675272e-02 -9.177472137680900150e-05 6.094742179649380656e-03 -1.653820373433386066e-03
1.928334655291920496e+00 3.559444569793082658e-02 -6.223647025271324216e-04 1.398660114596655111e-04 -1.682288988981818847e-04 7.787626226453125966e-04
-1.693127508779159296e+00 4.398114082018584475e-02 3.809332288106298601e-04 2.392472784266645204e-03 -7.690270785026304297e-04 8.396271680866695996e-04
-4.698256419265817163e-01 -3.846838782286828712e-02 -2.137919426185734550e-03 6.408322856962606930e-03 7.982530100841269630e-04 6.003900113778345635e-04
1.157639400922212847e+00 -1.192773141384440884e-02 -1.404807854360332802e-03 -2.120048782292333154e-03 -4.584165663835499337e-04 1.136147708312457410e-03
1.269639745722082713e+00 -1.039738512843570682e-02 -1.318838969558843496e-03 1.336215656533424603e-03 -2.236701804276299270e-04 1.316362622763167598e-03
-1.643152504175626472e-01 -1.841807149510357039e-02 -1.709542555576154402e-03 -6.004548934113873235e-03 -2.179630600023563063e-03 5.714334093233013707e-04
1.739368201728802132e+00 1.721722860443591213e-02 -2.133092577553178954e-03 3.835645267124555054e-03 -8.272355657438587194e-04 -6.235137328504616492e-04
4.648065479849576853e-01 -2.102581620463911741e-02 -1.518654305987637279e-03 -6.757694888727152488e-03 -2.150339684303576287e-03 1.250473369697831152e-03
-2.279911236600607349e+00 8.783764541584382357e-02 3.908664404151626290e-03 -7.187799254686008318e-03 1.165003347136265221e-03 -1.571052797318804161e-03
1.463054647775720030e+00 6.058014650325162882e-04 -3.748764190775690950e-04 -2.066399470742628431e-04 2.135090174291752821e-04 -4.469792264238938665e-04
3.256882842605828832e-01 -3.161381024496683761e-02 -2.143945067916053823e-03 1.813926431506206790e-04 -1.517305154284144964e-03 1.791324066904817144e-03
-1.497102567567511144e+00 1.321138876078212579e-02 3.646892684833911904e-04 4.237434443637705557e-03 6.561921763462536753e-04 -4.434993359843674202e-04
7.970335400765530265e-01 -2.775090818676537868e-02 7.356475986938340096e-05 -3.954309763372368391e-03 6.728415378295093128e-04 -4.734298996098237921e-04
-4.820507520794566902e-01 -3.086989144883276262e-02 -2.207421332730946087e-04 -7.466026465851913858e-04 7.226258471964642008e-04 -7.678374628806978021e-05
1.054516791838517653e+00 -2.618064296152481860e-02 -4.198123987982415391e-04 2.287490095054217631e-03 6.919298658690128641e-04 -2.777220392283999287e-04
-5.840739801133307818e-01 -2.475015558237674690e-02 6.296914919584359425e-04 -1.026309385951732975e-02 7.564978267783068052e-04 -5.065605286659921429e-04
-5.114798886587469395e-01 -2.094668300661377616e-02 -2.688664812182447496e-03 1.180392598630007053e-03 -2.363589279681519405e-03 1.700281266478889186e-03
-2.180043122170042924e+00 7.063493062963900615e-02 3.444472746295010671e-03 4.806115714395474761e-03 1.056694197867404051e-03 -2.390084072757797510e-04
-1.156493964794070184e+00 -8.529769528755124300e-03 -7.721860290981694130e-04 4.681973037328602746e-03 6.052730020057320911e-04 5.212368427976588189e-05
6.382743274268524170e-01 -2.999773721792133030e-02 -3.446594382394344708e-02 1.085732051049559561e-02 4.119963236799450632e-03 -8.190422830846310091e-04
2.433445760126085489e+00 7.977764152312039059e-02 2.424656450680161778e-04 2.816663814769200958e-03 3.863528722580974735e-04 2.576368554556249008e-04
-2.198364625074061607e+00 9.010749011141076792e-02 1.772521815756899740e-03 1.996935209359329815e-03 -4.211765220740140594e-04 2.588837321474036384e-04
-1.129596696638752951e+00 7.674584269208317450e-04 -7.127770621921798418e-04 2.034047389744971738e-03 2.525209725355160423e-04 -1.294981203900320897e-04
8.463055920199737125e-02 -3.769960009138493412e-02 -5.229439108478946101e-04 -4.694879469821906098e-03 9.423550597745373970e-04 -1.036046849803369703e-03
1.675238726820206026e+00 1.239195201733564455e-02 -2.194781260395869992e-04 4.233434368114947599e-04 -2.514944810259327917e-05 -8.090229610882972242e-04
-7.925214337962814826e-01 -9.229153304330883767e-03 7.290202994100125535e-04 -1.183857824533924089e-02 -7.660216253247124245e-05 -1.411291088528550440e-03
-6.727489479809141137e-01 -8.916117157092753182e-03 -2.295967230339865123e-04 -9.161326702103763167e-03 -1.089754433632304179e-03 -6.819503628586432668e-04
1.500907207814992317e+00 1.295671865845818109e-02 5.465336389445901960e-05 -7.155347301585617860e-03 -5.283018604114559594e-04 6.666313603740576296e-04
-1.349924858067848010e+00 2.321809949442536075e-02 -5.627107468152670825e-04 -3.438874092704787173e-03 -3.602216727723856317e-04 -1.122487889947595003e-04
-3.815093802971296078e-01 -3.075200299781005037e-02 -3.238893709213868256e-03 1.233422677903838610e-03 -1.492168068724392376e-03 1.727126020752890343e-03
2.093020929398256236e+00 5.671979665418593053e-02 -1.007034520835585348e-03 -4.767278603729972926e-03 -3.658778472494758388e-04 5.022028287834288084e-04
1.171453507236164926e+00 -1.333465021178860919e-02 -6.663735656760237614e-04 -2.130323562450235630e-03 2.039158508884133191e-04 6.851599716505049186e-04
1.795541760617655358e+00 2.150856330302408290e-02 -8.529864947853822840e-04 1.504750113465549250e-03 -2.865518025434812301e-04 -1.017373328344455810e-03
-1.394581324481951823e+00 2.177306025329230413e-02 -2.827548328132669080e-03 6.038008829550558544e-03 -2.779134755606343498e-03 2.196409580850580169e-03
-8.535420913547826505e-01 -6.603814341611576218e-03 -8.182449976122985777e-05 -8.411106169420081921e-03 1.957420019477510125e-04 -4.934140880999528592e-04
1.291495919434652917e+00 -2.510722159351382304e-03 -2.077422085890160645e-03 -3.300312650625409142e-03 -7.368248157223526934e-04 1.205812609691746641e-03
6.397388196714739461e-01 -1.699189217303781821e-02 -6.080591762095947537e-04 -8.590827612393450718e-03 -1.288153222453102811e-03 9.874114269074474315e-04
1.736023963152001359e+00 3.105458729607972826e-02 -7.121307508704703476e-04 -6.674960199914327028e-03 -7.794040617610694917e-04 6.856705359435314026e-04
3.075444817123387797e-01 -4.445134903508360380e-02 -1.529505356986925061e-03 4.330296354855827853e-03 3.570824298214231849e-04 -1.924079800836496029e-05
-1.442870603798862117e+00 2.153780892265731370e-02 1.517363716104339110e-03 -7.402933709096734885e-03 5.643640906397972418e-04 -9.432895220617529188e-04
-1.151001387044778390e+00 -1.837296007812390690e-03 4.326554803792086309e-04 -2.377906648976215159e-03 1.368973438123107997e-03 -8.103171784696258650e-04
-1.161016517387553293e+00 -5.524225171331154788e-03 1.383608603938839840e-04 7.715452930279571235e-05 1.158224312828612422e-03 -9.368293813331424972e-04
-2.251694354803759790e+00 8.591028335004768923e-02 2.611046374788917462e-03 6.308106778649395785e-03 1.618881878514581089e-04 9.465789749010019433e-04
-1.715598000441576509e+00 3.998840425207201427e-02 1.919332530503142006e-03 -9.949065936678610101e-04 5.697237691841628218e-04 -4.316804052751691510e-04
-9.828896495497195795e-01 -4.896474161929472487e-04 -8.418583089126435281e-04 -1.345286986859802652e-03 -1.372278975266841457e-03 8.150018582233153159e-04
3.757705586500283967e-01 -3.241248394612798039e-02 -3.019771784343889404e-04 -6.989952662721422676e-03 1.499727890307525797e-04 3.521022429565016758e-04
-2.191222246534590301e+00 7.751057231623753596e-02 4.366973888090220843e-03 -6.346572087336943210e-03 2.742883930778097605e-03 -2.112754802402942809e-03
-9.440199369615168701e-01 -3.970938914670084710e-03 1.972630892765333405e-03 -1.148938049732261060e-02 1.590105064315869331e-03 -1.379472472444416564e-03
-1.072329621533454569e+00 1.811233990015975433e-03 1.221992533711318825e-04 -3.005287868744517445e-03 -5.950205136765070700e-04 3.057058231459587041e-04
-9.691325563108227348e-01 -2.063042316540218343e-02 -1.638541347211354806e-03 1.089200839521181630e-02 -1.209627473408142858e-04 1.147033579728993537e-03
-4.703657877854654501e-01 -2.314337382128105886e-02 -1.045733289408106148e-04 -9.607478318870732795e-03 -2.112568210037242859e-04 -3.315676632804492332e-04
-2.841795822952045025e+00 1.527682077890931134e-01 5.608881115112485972e-03 9.201638019427279061e-03 -2.116336110239551177e-04 5.933204833217920306e-04
-1.760346362806201714e+00 5.169548917243967090e-02 -5.744548746614723317e-04 4.465036808704781444e-03 -2.397949700464417720e-03 1.452484768418692805e-03
-5.337962321930298515e-01 -3.958951278810816238e-02 -3.424956901644339753e-03 1.524513909208251652e-02 -2.381477512530687495e-03 -1.697243558364184939e-04
2.447208532633121658e-01 -3.835683925243486836e-02 -2.289716731690078985e-03 4.016944848109172891e-03 -7.244735499400208230e-04 1.774799608548015446e-03
1.239033930360670555e+00 -1.953167005522361138e-02 -2.406349872623165468e-03 6.497562799170962175e-03 -2.175940822207470470e-04 -1.161126325231643221e-03
-1.477074107377919665e+00 2.134791624714030972e-02 -7.776452640778987483e-04 1.056466161879343613e-02 -8.379565804023333432e-04 1.352730703867334764e-03
-8.540120601814368273e-01 -1.512302417379115561e-02 7.027991810100618023e-04 -8.790864004146751315e-03 1.568845808584271072e-03 -8.336255224794848631e-04
1.085661648184359729e+00 -6.139259687238574070e-02 8.199265784635102750e-02 6.661002239261472682e-03 -5.170270068923742829e-03 -4.675476788316599956e-03
-1.540472679094876118e-01 -2.401045217732287324e-02 -1.989733963219279063e-04 -1.072345207218963412e-02 1.672634807981300022e-04 -2.710718348832183390e-04
1.366614246312200243e-01 -1.876789842958275292e-02 -1.051539389249610181e-03 -1.049332907754943478e-02 -1.296308402500393180e-03 4.577100910903679487e-04
-3.943924388166842876e-01 -1.282393853222646256e-02 2.346959046131468028e-04 -9.224575068554055277e-03 -5.397479284775662418e-04 1.640784770841648274e-04
5.212485773502382180e-01 -3.155630794251882559e-02 -3.474476267633492405e-03 -5.498954237871636792e-04 -1.266136487383475980e-03 1.546276171693201180e-03
-3.830236153260364595e-01 -3.302031371219987105e-02 -2.569239961479137697e-03 5.299318953715290680e-03 -6.239776981224698328e-04 4.191903325155668962e-04
-1.843159263568681316e+00 5.326535205893758590e-02 2.818998624897471519e-03 -7.490444060724251764e-03 9.200587729696228442e-04 -1.481978304588148221e-03
-8.559669834706253866e-01 -1.530137061487531029e-02 3.364425221146303950e-04 -6.262456330568494031e-03 1.385336505922319696e-03 -7.117495086449199303e-04
2.956904179989416459e+00 1.531574069935425497e-01 -7.144848128305514951e-04 -1.653981230681122539e-03 -6.538641116221313374e-04 3.152812726508684004e-04
7.166550108005184105e-01 -2.764996046612495581e-02 -1.676382592082659075e-03 1.536300185557249679e-04 -9.875283051261716117e-04 1.862117562767523493e-03
1.941546607510064026e+00 3.651630255079624937e-02 -6.124105402408867209e-04 -1.004692588161569533e-03 3.685110151054680062e-04 -8.372228357327015638e-04
-3.965392172064244880e-01 -3.068520192648623718e-02 -1.375016938374061569e-03 3.283432809096894275e-04 -4.910254696728865971e-04 1.112408153604211442e-03
-8.632804074059051702e-01 -1.822058614406631789e-03 -8.029055963224826631e-06 -6.158302655608256099e-03 -1.492889532712098850e-05 -3.693876934457504394e-06
-1.169349580077690548e-01 -3.598847836071219358e-02 -1.336620645005113183e-04 -5.912121473000899949e-03 6.874719707572360351e-04 3.525566715857450951e-04
1.612282392719643243e+00 7.436948986372231805e-03 -2.610491245602002217e-03 5.260099278151174687e-03 -9.913900313394375351e-04 -2.158881274214517168e-04
-7.547637103726781982e-01 -2.076858669022469198e-02 -1.058433650210613549e-03 4.143015338951928916e-03 -7.390115796765643478e-05 1.381493962472892206e-04
7.671160130804830501e-01 -3.668795194025219197e-02 -2.108772657716867591e-03 8.668419904218668814e-03 -3.430218638047055065e-05 1.499158427441060195e-03
-2.080079899280453226e+00 7.134246523571444176e-02 2.306774683735738317e-03 1.791913033566219261e-03 6.004226207732353115e-04 -4.286816456311162617e-04
7.671527116817832281e-01 -2.517217177710425607e-02 -7.298734729654511155e-04 -4.085722842641454841e-03 -3.228337525535859257e-04 1.084070659210875469e-03
3.711043525295384948e-01 -2.631882094695092364e-02 -2.700089358832669876e-03 -5.658875713246879803e-03 -1.874287807883606889e-03 8.100063353219355252e-04
-5.649593578376047587e-01 -3.430184864032721076e-02 -2.476011412937503386e-03 1.173479098622575399e-02 -4.223199051580640547e-04 1.841464359371486250e-03
4.151881169918499870e-01 -4.308303160061904141e-02 -2.042570853758321047e-03 5.128976641352965028e-03 -7.211352983118640616e-04 -6.952700461473919000e-04
-7.173621904816717132e-01 -2.117628291908721719e-02 -2.166461089324108879e-04 -2.915421279092221193e-03 1.055253143435897194e-03 -9.855132542828564171e-04
-7.844764720939755298e-01 -9.612520299951641265e-04 -2.858018898615695999e-04 -7.025440966832319917e-03 -1.035211752615113100e-03 -1.232988195704766540e-04
-5.731167173976385587e-02 -5.000277262423135499e-02 -1.984274659708397132e-03 1.020730309360128041e-02 -6.658405817895514389e-04 -1.063701921889335933e-03
-5.391970030814533521e-01 -1.528887938630001629e-02 1.887898843180700007e-03 -1.722271075705457746e-02 1.083402528867332326e-03 -1.602454311048991586e-03
-2.075209100968038012e+00 8.873692707920348421e-02 -8.234281221161047354e-04 8.533622845431918305e-03 -2.780924476949534277e-03 1.894549959656159806e-03
-1.676868227583001136e+00 4.104949597759188079e-02 -8.799062509603239888e-04 5.951114466196109030e-03 -1.183462297235738118e-03 1.805168650960897172e-03
-1.351503877763603034e+00 2.213121653494111787e-02 -1.910702571978053154e-04 1.332515222467664994e-03 2.176963510965627903e-04 -3.813944749973147163e-04
2.336155004725557482e+00 7.124491462375272255e-02 -5.045792021742697385e-04 1.151640387527553015e-03 -1.110222157838239342e-03 -1.142384959077855956e-03
-1.695113760613735643e+00 4.993731474745809196e-02 -1.239335110720682668e-03 5.732138933099728897e-03 -1.887882194538661670e-03 1.522492873359792762e-03
-1.901679170059782653e-01 -1.807563551215410694e-02 1.987582969849128849e-03 -1.608174245018898635e-02 7.204517059182819361e-04 -8.883800009940398404e-04
1.438695601396733137e+00 -2.475348423019925817e-02 4.472421575608512972e-02 9.354888108756844248e-03 -2.418471480227999402e-04 -8.515362091869536562e-03
-5.201503684543765660e-01 -3.116573568801567218e-02 -4.992745634769583073e-04 -1.928697258904302778e-03 5.478388525111806085e-04 7.077372334355479678e-04
1.915771879987197890e+00 3.421172414222339170e-02 -9.918412670224968121e-04 -6.198324681889213995e-05 -7.572158292866623642e-05 -8.342068880860275572e-04
-2.866085858610967763e-01 -4.678598067856400838e-02 -2.221875029984583718e-03 9.561140492552740872e-03 -4.719470540128301375e-04 -7.388992558691791441e-04
-7.238421695433245873e-01 -7.083465230193752024e-04 -2.214015912167982590e-04 -6.356637707343394846e-03 -8.195658760728359842e-04 2.128216218071975836e-04
-1.238552074658449131e-01 -3.559937025277624262e-02 -2.241530230718669255e-03 3.992940876172250582e-03 -7.449850161478404264e-04 1.547873487429369610e-03
-7.636062506408303197e-01 -1.088109484851842654e-02 1.599283053479300370e-03 -1.247795962804162766e-02 7.454006543805299185e-04 -1.156060133389637864e-03
1.571150191723625467e+00 2.146005884857203963e-02 -1.487653558472378608e-03 -6.785816285093212129e-03 -1.730638063790225110e-03 1.311126210867518240e-03
-3.541747807825208483e-01 -3.011393374818822216e-02 -1.914298054619271387e-03 1.711056701788894979e-04 -1.058580448630480115e-04 7.284023358395244402e-04
-8.437150905235708542e-01 -1.245325382326803627e-02 2.185970511298775479e-04 -6.993260119524549387e-03 1.810113748280751727e-04 2.941499485927588932e-05
-5.833008451004596528e-01 -3.013162311385727057e-02 -2.377243845637149139e-04 -9.963964837990918315e-05 6.421700633764363276e-04 -7.303080001453789768e-04
5.621667388971117729e-01 -3.553164896956540614e-02 -2.427284568353562603e-03 2.964829605675539225e-03 -3.591553425143463119e-04 3.333454968138437681e-05
1.128695992991229469e+00 -1.244056330393970844e-02 -1.544467486956493246e-03 -1.632855167834967175e-03 -4.033576917503384012e-04 1.382068332518202828e-04
-5.016244132913706411e-01 -1.447112650870414213e-02 -1.487738324070338224e-03 -3.304065160111746037e-03 -1.607322998430401944e-03 1.099183220073070982e-03
-9.726344548449077365e-01 -2.610619096897997746e-02 -3.415214749492846659e-04 4.585424696630397735e-03 1.792608226738654767e-03 -9.812792505102538657e-04
-2.410212041262841387e-01 -5.400532456046615304e-02 -2.887076120296222775e-03 1.173170769210219767e-02 -8.110419538462978204e-04 -2.091827675629743654e-03
1.657060073155797619e+00 1.952031607857126691e-02 -1.380391780956784177e-03 -1.772097673877163744e-03 -7.289049847517291075e-04 6.852577079303612392e-04
3.445845851278140498e-02 -2.491352559802034045e-02 -1.352612915848501202e-03 -5.336387324741408839e-03 -1.437711128006452380e-03 1.049129615992992282e-03
-1.414153101653008449e+00 2.088881510822082968e-02 1.207993489395777246e-03 -5.047150960009167027e-03 6.597471045519166279e-04 -4.582402691712866632e-04
2.355441416402781041e+00 8.477595812299726363e-02 -9.425273724781315331e-04 -4.898413053891293237e-03 -8.791822667230412766e-04 6.047893876071193603e-04
-2.035736210614429886e+00 7.554388297218701809e-02 2.698995925689672525e-03 -4.394891816665761654e-03 1.005972876230267973e-03 -1.335445385550656497e-03
-1.573750646832961841e+00 2.297337645035239101e-02 1.233243414343119463e-03 -3.465987191005958680e-03 1.309431316838204334e-03 -3.748266567549030982e-04
9.482177145502437288e-01 -2.211290926015255578e-02 -1.091497311984506455e-03 -1.169237845748709401e-03 -1.908770288147487054e-04 1.089103768031577692e-03
-1.251429549827472343e+00 -5.003791726971259721e-03 -1.138542294219108911e-03 1.408967847638842828e-02 -5.882333846011748727e-04 8.019413255964519521e-04
1.943558608008610911e+00 3.230429785654223562e-02 -8.327139780282766192e-05 1.966085784990405805e-03 -2.295228550058814592e-04 -1.016212656312402490e-03
-1.071239011739097746e+00 -4.096909538416363718e-03 1.886775613637104495e-03 -8.379963701442484647e-03 1.519809594792772113e-03 -1.133495237537228374e-03
-1.671648015187535252e+00 4.353458486876318756e-02 2.227360445539286297e-03 -6.599936539235538857e-03 1.201431309358954019e-03 -1.304233748266080085e-03
-1.295503039452281735e+00 1.107047483305374606e-02 -6.043833449248260095e-04 -5.272184336617821362e-03 -7.169253810759466071e-04 -5.488753321980000032e-04
-3.263236054294643140e-01 -5.382818721526633904e-02 -2.489077762752592987e-03 1.388326142943854813e-02 2.371289865564247124e-04 -1.912203600599401716e-03
-2.008987143812594134e+00 5.667773430989066219e-02 1.414897490528348655e-03 6.899452417703166689e-03 4.072662763594488752e-04 3.951831638891722671e-04
2.773817729743333516e+00 1.246913056973529138e-01 -1.203061436865710335e-03 9.850232209689829301e-04 1.304677871977331829e-04 4.665487563614810484e-04
-7.711496668724524550e-01 -1.619791686115588589e-02 -1.271594972716892516e-03 2.239366094176708545e-03 -5.576779211135049355e-04 1.322212903468886419e-03
8.803340237208532315e-01 -3.205762094625382030e-02 1.059941154070866533e-04 -1.106499142502366832e-03 1.225668922367249922e-03 -1.041488374805868335e-03
1.661992625690207892e-01 -3.401739778456586843e-02 -1.586709994318666632e-03 -4.083360722611015584e-03 -7.012690265834146388e-05 4.225192328177750393e-04
1.925866713134302410e-01 -5.203111601839065931e-02 -2.169934631959191240e-03 1.004275723840937148e-02 -6.768836879922138488e-04 -1.387838364375897039e-03
-6.179038704702085605e-01 -2.353922282614354447e-02 1.177857886008417494e-03 -8.000185000137020538e-03 1.696830276046123543e-03 -1.326817395980870156e-03
2.374261760558968426e+00 7.936734398648462308e-02 -9.862875675622731920e-04 -3.697986932215934766e-04 -1.074897292407269410e-03 -4.357223923685051860e-04
1.531138689250856055e+00 1.155315094264764732e-02 -2.104500784603201887e-03 -1.162573798968086648e-03 -9.959012274899071114e-04 1.159033347786998054e-03
-8.358504542445932550e-01 -2.643565615434763025e-02 -1.682399927475532143e-03 7.570826744963483380e-03 1.283877228082606621e-04 -5.493097899658684309e-04
1.337282461184907401e-01 -2.945812617322548718e-02 -7.981717508880507113e-04 -3.555540665955626411e-03 -6.115504201681064549e-04 5.457822429960325567e-04
-7.838625104728030868e-01 -1.102055293662855713e-02 -2.883645771807038204e-03 3.639785064892979427e-03 -1.975112615913271127e-03 1.964853595827555609e-03
-1.883689970573964754e-03 -4.842844713312290106e-02 -1.413641720323802762e-03 3.152347923317642617e-03 1.608513640051528705e-03 -9.315280701002548545e-04
-2.076836565004150703e+00 6.575102541100413811e-02 3.741219533797699674e-03 -5.147795668306765111e-03 2.428098681783714182e-03 -1.780171585794004764e-03
-3.169323040741496289e-01 -1.479636425043846792e-02 4.952477261061582559e-04 -1.346858634247689174e-02 -2.524564689982901924e-05 -5.828960105225342980e-04
-1.356170819567640518e+00 1.922483260091812848e-02 -1.022400197881223231e-04 -1.591023172631885569e-03 -7.686533422022530804e-04 5.644128168851259789e-04
-4.932517149748088525e-01 -4.017304328656675499e-02 -2.119692438416884671e-03 1.142746356356179674e-02 -8.514645658148229648e-04 -4.543684165565590191e-04
1.803063986883254088e+00 1.878962802548746203e-02 -1.379274316694367557e-03 5.857127078339818306e-03 -1.294835034704402857e-04 -1.646658250255159323e-04
5.585760174368287201e-01 -4.186929780338201346e-02 -2.646555646651378799e-03 7.310155033791855203e-03 -4.011025182321325232e-04 -6.448063235414715471e-04
1.325695150944028233e+00 -1.200716933699195760e-03 -7.740034158542396570e-05 -5.791575096755277596e-03 -3.470437076713689373e-04 9.461265150026408350e-04
-4.524356522477990250e-01 -3.330491997235376922e-02 -9.907842173879392259e-04 -1.963353460606610291e-03 -1.534488158554779688e-04 9.539890108304540772e-04
8.533850653805358233e-01 -3.998145276392470193e-02 -1.487962188275949093e-03 8.016120054077228649e-03 -2.289453852350684115e-04 -1.888195113045819298e-03
-1.344406505331097179e+00 3.195974448855901096e-03 4.850839083285253279e-04 1.193539534572015965e-03 1.170507326158960401e-03 -7.160932430397327648e-04
2.555337012714436362e+00 9.466287637601679406e-02 9.916250782135950449e-05 9.030123781878019503e-04 -5.715847682048293740e-04 -1.270030332237614490e-03
-7.094683691467186248e-01 -2.586557313766370270e-02 -1.987928164317662259e-03 9.890788678193524960e-03 -9.055553322887032255e-04 2.689338408229516373e-04
1.395012239288285327e+00 7.330483841934686516e-03 -1.680101107999887441e-04 -6.558168878560733349e-03 -9.058339401987683262e-04 9.812185890580443770e-04
-3.028221214723475496e-01 -2.864581490969611913e-02 -1.466318343889495964e-03 -2.386218175631275862e-03 -9.907713966140665584e-04 8.822551431321732978e-04
-8.077123493582363256e-01 -1.586095412820980738e-02 -9.389133141463676521e-04 -1.649788606533395029e-03 2.168356629109572948e-04 3.684207987281214571e-04
-1.892913632547772673e+00 6.880519677661631195e-02 -2.299988287269459837e-04 3.222690406785283686e-03 -2.135523019412705666e-03 7.277775107616423801e-04
-1.090960587434370410e+00 -9.299697575929586138e-03 -1.353103835540105885e-03 1.538967105544948675e-03 2.887052078993579003e-05 1.249620650804156340e-03
-1.534685923977390010e+00 3.261960058338023855e-02 3.679527341109372176e-05 -8.744491042466175394e-04 1.281740389290462621e-04 1.407201809116986478e-04
3.142822856165402357e+00 1.760855406021441250e-01 6.184503903304132714e-04 -8.485904641489891865e-04 -3.576658191954941663e-04 -3.619861719961747488e-04
-2.412901538834959947e+00 9.978766135717950791e-02 3.851957037824771130e-03 3.761683466599603180e-03 1.128095238702675864e-03 -6.499834314869747586e-04
-2.901088659766830613e+00 1.908832811382224215e-01 2.479843465896118797e-03 1.786759033103881705e-02 -3.118539142391826662e-03 2.559195523695633953e-03
-5.205970475123946617e-01 -2.328469597734059496e-02 -1.612798799341778888e-03 -5.865503166479163130e-03 -9.866572239627217911e-04 -4.881265142808077540e-05
-2.297465091189741404e+00 8.636067205590035323e-02 4.712166779493211569e-03 -4.970146360838576839e-03 1.772539016835524353e-03 -1.042507772391743038e-03
-7.201173248642622760e-01 -1.514520105171903060e-02 -1.428849293794891024e-03 1.070382569121332674e-03 -1.342951822965136465e-04 3.325527499263503312e-05
1.966877323087571128e+00 3.177048265943846483e-02 -1.130977668795247939e-03 6.036221822597394315e-03 -1.718969306800519208e-05 -5.175552369823943752e-04
-1.549908675750410580e+00 1.778498894476182937e-02 1.007688281689693996e-03 -2.108539643012686052e-03 1.191341851034768756e-03 -3.941628375218526496e-05
1.041355061381828317e+00 -2.352912050877267042e-02 -2.041761647868233897e-03 1.863954090639086862e-03 9.059850280275476156e-04 4.074858970398252526e-04
2.613285335469543447e-01 -4.408549215540045335e-02 -1.472472630492157241e-03 1.535378298139248535e-03 1.029575387811004685e-03 -6.309341060717492443e-04
-1.445836078150829929e+00 2.546794529870837626e-02 1.487088193106652105e-03 -9.592417648747623982e-03 7.532341789813621529e-04 -1.617913804137543349e-03
1.315459694099139876e+00 -1.382189834911933847e-02 -6.952790747883392944e-04 3.413828799378600034e-03 1.071514977809126393e-03 4.904659409138485042e-04
1.795346260406116556e+00 1.991205562087982120e-02 -8.466629583941191447e-04 1.100778242898403170e-03 -9.011538539438572731e-04 -1.589838406210330232e-03
-1.805087224008628810e-01 -2.903382266182175792e-02 -2.398593652822243825e-03 -4.986110109967685326e-04 -1.085161170417040790e-03 1.159875016468100420e-03
6.194412223195900902e-01 -4.082601297950798347e-02 -2.044318232624931300e-03 4.141492210883177330e-03 9.525277920710895400e-05 -1.120000299370077675e-03
2.463139214367729424e-01 -3.115837556516488568e-02 -1.950689163818003459e-03 -6.019882029684417955e-03 -8.343748430329069694e-04 5.958509281730578174e-04
-6.382141201654119023e-01 -9.545346665760222685e-03 -1.309866947391306272e-03 -5.630747704701072852e-03 -1.648146544114982310e-03 1.644745038171190575e-04
-8.107961520855035964e-01 -7.871094623658416931e-03 -8.012747658869129579e-04 -4.918083992572418531e-03 -1.149603148567413056e-03 3.203647793058153116e-04
-1.709390334021535229e-01 -2.665712546250214449e-02 -1.161659108779494742e-03 -9.157712967440936533e-03 -3.256128456990232066e-04 8.684312615038502787e-05
-7.097806386223859398e-01 -2.974159820169506099e-02 -1.258822825708491534e-03 6.646441050633298230e-03 2.439573332994259501e-04 1.328285675463960818e-03
2.356411910216047456e+00 7.512800207116084039e-02 -6.161844250906776998e-04 7.287142987717687079e-04 -8.019973278895035115e-05 -4.234935760935358779e-04
-1.548025420058949608e+00 2.689752362877252320e-02 1.081247236006622472e-03 7.411017550977670601e-04 6.441406272870546252e-04 -6.252271198906432124e-04
2.532358853870357862e+00 9.379149251088338135e-02 -1.453078690305938288e-03 1.569895210508527031e-03 3.573682123330401998e-04 2.850279186995213310e-04
1.202318503831503627e+00 -9.351629116794232463e-03 -6.875244758727805383e-04 -1.702523679170223373e-03 -6.327018403195363390e-04 3.012387370979082140e-04
-1.080122912470485641e+00 -1.363917489155113370e-02 -2.154824626974994120e-03 1.135588707099587265e-02 -1.188136998422482964e-04 1.059346611328290146e-03
-9.694452528518993084e-01 -2.177388225751991993e-02 3.342502131708486148e-04 3.269876713235369810e-05 1.943150737015552579e-03 -1.603130603095525479e-03
-4.126959312808066715e-01 -1.924918100802687493e-02 -2.375727404497143033e-03 -1.104752521332018214e-03 -1.561685437648880617e-03 1.363196921910229476e-03
9.761857433475007451e-01 -3.269426325746373901e-02 -7.479358452283557581e-04 4.852513859199651669e-03 1.206364757888486261e-03 -7.423132439249120404e-04
-1.335520189508097699e+00 -5.119964092400122561e-03 1.497119280919934547e-03 1.753961837556289359e-03 1.828268895488324632e-03 -1.711554452212636157e-03
1.284614583152644318e+00 -2.057682228558713189e-02 -2.082246827097603784e-03 5.539368933182117760e-03 -1.108372324167064766e-03 -2.281269108919616647e-03
-1.373433842171644104e-01 -2.436736791116425604e-02 8.406390438768795732e-04 -1.098743675182725123e-02 3.733027714384210081e-04 -5.061909028126933144e-04
1.010694219532456278e-01 -4.432235480462305005e-02 -1.118232494084013540e-03 -1.162099156934144026e-04 8.126759746794715803e-04 -1.570926648014311531e-03
3.165316148223247805e-01 -4.222199600249699342e-02 -2.297050194711277183e-03 6.549578542173216389e-03 -9.563671850307219318e-04 -4.179859829483316603e-05
-6.298837401056954777e-01 -3.639500240925681168e-02 -9.300276095395761935e-04 1.862242951553370017e-03 1.831377304898657238e-03 -3.271955344069620020e-04
-5.000810140723566111e-02 -4.696729201083110761e-02 -5.685529033867456729e-04 1.935790262141649700e-03 1.319751249877090023e-03 6.350530707535163334e-04
1.968024445885521168e+00 5.007530890669935342e-02 -1.249794124156581969e-03 -7.185842779830248564e-03 -1.259319618734338351e-03 7.923950906599077412e-04
2.271295169809050662e+00 6.289206203473117485e-02 -2.011485033591403886e-03 3.893196818170708944e-03 6.913299991709857166e-04 5.384352072463561211e-04
2.743396980786592110e+00 1.223061177871084676e-01 -8.861483954817093523e-04 6.441485530256703558e-05 -1.062688158998143862e-03 -4.975303908216169736e-04
-2.747009272736349386e-02 -1.741600592983568244e-02 -5.456118693702000609e-04 -1.201178878555122717e-02 -1.063736770282835802e-03 7.051784184682319968e-06
-1.394017835068421141e+00 1.221912879631290375e-02 -2.604893358123913281e-04 4.347595112064781171e-03 -4.760320771305350711e-04 1.691341522496571902e-03
-7.550093233611025398e-03 -2.387528355327495425e-02 -1.754141278124473399e-03 -6.605046356463402032e-03 -1.216040932572820229e-03 9.674564608275607915e-04
-1.658125927957074364e+00 4.261350017474661855e-02 2.504994257953965017e-03 -8.143537213902608471e-03 2.297632257757540111e-03 -2.265865080965946340e-03
-2.111208802278230934e+00 7.762560376879322488e-02 1.667852714807101363e-03 7.728738991750595463e-03 -5.803733528991658576e-04 7.691088837025549354e-04
1.189894515193469671e+00 -2.310680439586717400e-02 -1.663203906564146269e-03 4.440955639058441484e-03 9.291363643620016190e-04 -1.637983067381852675e-03
-4.292853308231394105e-01 -2.030817406261603911e-02 -7.020059332273182427e-04 -7.098566981391218889e-03 -9.677538569422033032e-04 -5.013192461720847266e-06
6.950282209861419203e-01 -3.272151041621484263e-02 -8.868652174838021537e-04 -1.853382173487574556e-03 3.418830782056054229e-04 9.419635361999118169e-04
1.132201423285680963e+00 -1.218372750768975665e-02 -4.329674361132209250e-04 -3.683306256729541612e-03 -1.171480271681345469e-04 7.758751570635806548e-04
2.312481273701409545e+00 6.166690509359182282e-02 7.050890690584733474e-04 5.995591193116963161e-03 1.347101645418705531e-03 -1.148470363530755154e-03
-1.113621374521812202e+00 5.617324384959529460e-03 -1.057898253583185524e-03 -3.759100889054934301e-03 -1.282121984184846249e-03 1.336131495764509291e-06
9.768481375161491842e-01 -2.803986954025295200e-02 4.321589163210801457e-03 -3.785179609484961042e-04 -1.237834553525892162e-03 3.019088088056659687e-03
-1.207655112033207745e+00 1.344973843473428778e-02 -8.763534608872646219e-04 2.183781393144643233e-03 -1.408574719654849062e-03 1.054642141494882600e-03
2.205493343810372320e+00 6.418166707073269528e-02 -2.009823910634751624e-03 -4.443611064120760873e-04 -9.676395187149648171e-04 1.242518396195093624e-03
2.983371336334789348e+00 1.490025201655753584e-01 -3.054347294078920945e-04 1.920575747728181341e-03 9.696824574266711162e-04 -9.074027281616226567e-04
-6.865425449586204376e-01 -2.217878422440671890e-02 -5.938181664724653417e-04 -5.272121475176530341e-03 6.590999516427981054e-04 1.552716047048324701e-04
1.345143197362846710e+00 -9.692606933528290572e-03 -2.943705451100521540e-03 5.713682274941211600e-03 -1.806321401597950195e-05 8.747498825382243274e-04
-1.350870323901606440e+00 2.698381212253594605e-02 1.421429340968135549e-03 -7.253204993852944461e-03 8.810676535000846934e-04 -1.082850068368931828e-03
-8.885840329968995865e-01 -1.050008672282480224e-02 4.687800676940345897e-04 -6.832360298563251375e-03 4.849235254920913614e-04 -1.221157878241564221e-04
-1.327349606637185486e+00 8.502951671561016778e-03 -8.463141121343654885e-05 1.138082846395493519e-03 8.897447065226212620e-04 7.965139956086373849e-05
-1.196886359227943952e+00 6.348444551249486992e-03 8.659103938892386172e-04 -9.322961331834146367e-03 -9.305497637427301755e-06 -1.332587598298609968e-03
2.600977571201769090e-01 -4.190300838310034165e-02 -3.356993088359168029e-03 5.613460328929714867e-03 -1.150241756169195409e-04 1.507248847916830593e-03
-1.833853914023289455e+00 6.134173913230868413e-02 -1.008435286245603545e-04 3.323110838841482600e-03 -1.943338377450664440e-03 9.541191822831563600e-04
-6.845766238507052792e-01 -2.813820425294319763e-02 4.741544126848052884e-04 -3.492903645743839370e-03 1.536680750409896452e-03 -4.178230616227963847e-04
1.593978516600933926e+00 3.687037005937744433e-03 -1.558913266171181328e-03 2.141235579354959853e-03 -8.841354565230693250e-04 -1.846185933121896995e-03
-2.218511675729822663e+00 8.847027879029431552e-02 2.806591819379095163e-03 -1.713626612754196770e-03 -2.931530417798839587e-04 -3.501860447709428644e-04
1.813940163496960079e+00 2.488432159740543159e-02 -1.711578854769471407e-03 1.892541957664293541e-03 -8.773533665547873783e-04 -6.562174407932812792e-04
2.146496841001065137e-02 -5.535656245136338915e-02 -9.677963135434201111e-04 7.333406411611133845e-03 6.248490876921161761e-04 -2.355648730993403946e-03
1.418297403163156334e+00 -8.030392457867572761e-03 -6.329161412524359322e-04 3.651606879886684295e-03 1.111147211853232052e-03 5.496675008570471284e-04
7.272422631460727649e-01 -2.611435633460600786e-02 -1.389439174483914638e-03 -5.952739517095432739e-03 1.981060956182685963e-04 4.808351223307640488e-04
-2.881481956682033219e-01 -4.374044027144729369e-02 -1.545591959341966132e-03 5.635642744269207631e-03 7.813935233945670171e-05 -6.173625594942931151e-04
4.958082134991755319e-01 -2.343303098408756890e-02 -3.183619848293667352e-04 -6.363514796759067380e-03 -6.562094029666365588e-04 5.744416996246164576e-04
6.455220762543326107e-02 -4.064508244415395571e-02 -1.577822861223320515e-03 5.575679194140094677e-04 5.628639962071637802e-04 -3.391677737068931231e-04
-2.520320769122775584e+00 1.152265702534461533e-01 3.489693625365106796e-03 7.172129739967828509e-03 1.224224670827310415e-04 5.749487997966651331e-04
5.383922555237397045e-02 -5.292990764373917828e-02 -3.860777186830102736e-03 1.616014450163857571e-02 -1.355749751260809047e-03 -9.822854880743644036e-04
-5.445161484733186397e-01 -3.189523881777119735e-02 -1.591777692883347868e-03 4.931995712638400330e-03 -3.845575013726312895e-04 2.721828824059262589e-04
-5.794948709314041296e-02 -3.354257256523019565e-02 -1.101920371388025307e-03 -3.732848260790054464e-03 -7.691681042139702227e-04 8.132949640160965464e-04
1.451106447340381855e+00 -4.787639974153254374e-03 -1.049356147605435240e-03 2.618798390033095971e-03 5.664804802594138999e-04 -9.160043856310787127e-04
4.383644982270065160e-01 -4.086731243099822608e-02 -2.222360447323626972e-03 2.346040616326083243e-03 7.679094242660696465e-04 5.865071291213310323e-04
1.204631966223771583e-01 -5.023199938451690383e-02 -1.591364400370982304e-03 6.770004483401884099e-03 -4.082432985777062072e-04 -1.546874670597228737e-03
-1.189766579425755699e+00 1.318650509805718331e-02 1.356656056442309948e-03 -9.289431345364064507e-03 2.317089620053256176e-04 -1.175799324213203968e-03
1.388670923120960632e+00 -9.414716958343812350e-03 -3.382014869681341618e-04 6.375489908202763454e-04 7.128536650738037282e-05 -1.748615812488908640e-03
7.031897599030193513e-01 -5.437874381873793878e-02 3.929269639175154982e-02 1.874310600792023287e-02 1.791245395581248998e-02 -1.806767122818554294e-03
1.800176832458287413e+00 1.835921849733937808e-02 -1.684608648868447019e-03 4.688167035490335526e-03 -5.767934623533023776e-04 -1.221708940842481782e-03
-1.338725997888665864e+00 1.012477487968085205e-02 3.591500212710415437e-04 2.720193249932572992e-03 5.723302843239054744e-04 -3.904175085142419987e-04
6.508235154514347975e-01 -3.099723245100983668e-02 -5.368617311986595853e-04 -4.583234529676347320e-03 3.137542050818222026e-04 6.603508280005395293e-04
1.178445613564121919e+00 -2.261465942669891455e-02 -1.112443434927132572e-03 3.356505696781029221e-03 -4.146900196131907937e-04 -1.974041230276727104e-03
-1.473315122567757207e+00 1.363676344576469392e-02 -1.569852000705250581e-03 1.273080532400746104e-02 -5.014739398978588711e-04 1.285477463055218015e-03
1.109313981431950591e+00 -8.128837136004133821e-04 -2.230500036011330480e-03 -7.527843881089789010e-03 -2.273357325177860055e-03 1.147667113522766926e-03
5.132433200941813878e-01 -2.700369606051864976e-02 -7.659530042835377070e-04 -7.096291185614660157e-03 1.253633167756418765e-04 -2.065985033315020637e-05
1.537252312277168409e+00 3.601106364611978815e-03 -9.221443080021226799e-04 2.571558919645327602e-03 -1.683318109456715067e-04 7.073101008518861438e-04
1.832398469998724355e+00 1.934818804032125902e-02 -1.897231706011660250e-03 4.967902239484429418e-03 -1.647725372797753446e-04 -1.940161352999862339e-03
-1.671267089012478335e+00 4.339460465078816276e-02 1.052578370787769606e-03 -1.743157693689241852e-03 3.151497227933147167e-05 9.649358421678450672e-06
-1.070661229196171460e+00 4.171848545646028063e-03 1.071099285103023911e-05 -7.865325451640054616e-03 -5.678348805505724649e-05 -7.711030222581363941e-04
6.912503799475417932e-01 -1.826967302621757341e-02 -1.005018034836491865e-03 -6.863863312740238649e-03 -1.437747907397811040e-03 1.039127546688209175e-03
-4.383048992428233981e-01 -2.264174928822648702e-02 -8.760650390182420696e-04 -6.637449652117120846e-03 -7.366496223168781787e-04 2.645391837698851559e-04
4.806934059223632039e-01 -3.887035526603674351e-02 -4.638676940616238975e-04 -1.835066129964935296e-03 3.472570170607766865e-04 -1.160336892684174070e-03
-4.452594215536392896e-01 -4.346044592398207174e-02 -2.288771199053347364e-03 7.407080370229602098e-03 -8.890993480451268643e-04 -1.688143593034980737e-03
-7.364080526941518823e-01 -2.752063001471655168e-02 -9.736520987984350175e-04 9.229973180049161818e-04 1.177562981371187058e-03 -5.931391389854187828e-05
4.909079378498815149e-01 -4.202488594822580137e-02 -1.998289994021939294e-03 2.952409750358176658e-03 1.052436116018115814e-03 5.301109794126288575e-05
8.554313429469927454e-01 -3.019182233935949894e-02 -1.927001065878502757e-03 4.470879738639325571e-03 -1.596193900060720382e-04 6.893285689173240692e-04
6.014585266202863156e-01 -2.915811050561825657e-02 -2.027893035879288486e-03 -3.958868682752761381e-03 -2.896560265817087372e-04 6.774349030801788676e-04
-9.219937491814185204e-01 -1.083821449136221360e-02 8.260850050533729248e-04 -4.965495783983081036e-03 1.223222355239942001e-03 -5.523432397948942890e-04
-8.977226798812163455e-01 -1.255027410609186808e-02 -2.106732927946136755e-04 -2.607274798236771957e-03 8.060726546312180652e-04 -4.591659118136635670e-04
2.554622598075781056e-02 -1.997704981144475533e-02 -3.029909329843118756e-04 -1.192670742901711170e-02 -1.032202883231102698e-03 -1.526087487693245787e-04
-2.260217727530857146e-01 -4.808418483782624792e-02 -3.818274012366287221e-03 1.357249333672847641e-02 -1.889739022450326192e-03 -8.786306247377026870e-04
2.500345486770140235e-01 -2.429911871698939643e-02 -1.371775187598994923e-03 -6.938816317793441296e-03 -1.065531704800245496e-03 8.684073810597774503e-04
-8.359778177387605647e-02 -4.781999439903879962e-02 -1.244340832503269476e-03 1.883123448439648915e-03 9.699178158760814747e-04 -1.830858230627435213e-03
5.290329201183218144e-01 -2.662566560746500860e-02 -1.504227210063643905e-03 -3.746871087950853340e-03 -1.201250009660904949e-03 1.527133802103330983e-03
-3.825709043497955153e-01 -2.822764834341499190e-02 4.075814301547511196e-05 -6.294104961208414964e-03 4.055681135851437087e-04 -2.094537068222546855e-04
-1.756261230245385940e+00 3.618569430006540050e-02 2.121512903019432328e-04 8.976184664399358346e-03 -3.665842913553191964e-04 -2.603419241955224998e-04
1.209415966205991122e+00 -2.127629588117118178e-02 -1.542735688254025543e-03 5.275800637161052846e-03 8.180691157417013153e-04 -1.205852090783840177e-03
1.481401290477876165e-01 -4.611831486979419553e-02 -8.359355670414715016e-04 -3.793572675401198123e-04 -1.113074549416891454e-05 -1.955874875233146615e-03
1.395327136345196672e+00 -1.338580950985893830e-02 -9.071317597520464713e-04 8.555842041510944990e-03 5.839753439041151786e-04 -5.321389111432506171e-04
-7.510311344192268646e-01 -8.432082843887392723e-03 -2.557016464649018977e-04 -7.467939918144744088e-03 -1.840245786691122466e-04 -4.205236798700813603e-04
2.661956609590379053e-01 -5.113633818857213353e-02 -2.912915475727027945e-03 1.162480822369885494e-02 -1.587333237261003395e-03 -1.029375773791807013e-03
1.771797275951265127e-01 -3.252303680287231546e-02 1.426602422411664634e-04 -8.096735811935752009e-03 4.711176332478542281e-04 -2.479095878291642113e-05
-6.972007324724605049e-01 -1.219803670400731836e-02 4.248357794004121914e-04 -9.424117003931515787e-03 -1.857150651401529896e-04 -7.179262869928307832e-04
9.394476839405513369e-01 -3.199784034169914776e-02 -1.884172831713241394e-03 3.340992188348316204e-03 -7.088009582239025589e-04 -1.702198215634168977e-03
9.823046351915861729e-01 -2.534178394028724704e-02 -1.489376281058588884e-03 3.797748532050957207e-03 -2.020463352082095478e-04 4.735006801222150737e-04
9.583176625461302667e-01 -1.915186216997472046e-02 -1.270152503208541112e-03 -1.308272272296602447e-03 -6.747731287371338399e-04 1.251270757523179457e-03
5.160581841789007029e-01 -1.772796838380032505e-02 -3.867821915960750084e-04 -9.191696975795598037e-03 -1.374673748257817336e-03 8.997931951489142495e-04
1.264606107640156574e-01 -3.684289987447663534e-02 -1.451424051266027001e-03 -1.285809062197591215e-03 -5.577787558746372804e-04 1.166809844375146180e-03
-1.837384719334687888e-01 -2.178231361441878081e-02 7.927398086740225893e-04 -1.270560700954953375e-02 -2.246818280829582687e-05 -3.546098679739957162e-04
9.556357804156841995e-01 -2.120443681319702026e-02 -5.751883965454685361e-05 -3.768370001508919778e-03 2.492353068722833842e-04 -6.832121103783527155e-04
7.098988649038423526e-01 -2.793590748289013007e-02 -9.799111847012998040e-04 -2.088890808322562461e-03 -2.235027666937661618e-04 9.133146652933352106e-04
1.448995707959439784e-03 -4.979924642820577479e-02 -2.541074347523896750e-03 1.227721538540479072e-02 -2.853107378528611576e-04 2.227345123156355110e-04
-9.542220261609035692e-01 -8.455691214898915925e-03 3.041915764949257328e-04 -7.491382320794835563e-03 1.253476372704165223e-04 -4.670016821031607208e-04
1.912629414393037797e+00 2.694548644747396526e-02 1.561653023741139089e-02 -3.848823218318339016e-03 1.033134121922591429e-02 1.332233164224981038e-02
-1.767502862953002740e+00 4.104609229532710235e-02 -1.271074725975552752e-03 1.630811836454350988e-02 -1.671412807831931498e-03 1.754269435553442629e-03
-1.857316257306367069e+00 6.290033572129462291e-02 8.410221863389267909e-04 -3.295310273622504183e-04 -7.323271556671300756e-04 -1.346003721293098621e-04
2.496447278409209769e+00 8.984380233576477748e-02 1.660313091439749827e-04 1.082500870030895764e-04 -5.183487719569337040e-06 -3.960546081078302719e-04
1.613947409324652860e+00 2.000301051712987874e-02 -2.794615044141045062e-04 -3.673969131483103938e-03 -1.153654779068348729e-03 8.314882031343187379e-04
-1.583622698521043592e-01 -4.888749180941957123e-02 -2.772370341148289435e-03 7.703601967086493377e-03 1.327490301479015760e-03 7.848408668378942981e-04
2.366599150213912317e+00 7.430951845965794167e-02 -1.108106038566852814e-03 2.187610366559635932e-03 -1.328650811006091073e-04 -9.895779567507937725e-04
-1.962475293863902293e-01 -3.207890372489688446e-02 -2.629347235518209838e-04 -6.914356559576413826e-03 1.068511458616931394e-03 -5.148710226050283879e-04
-1.669486031538726767e+00 3.939276641039937688e-02 1.275863329026473729e-03 -6.771728161876737137e-03 7.466954538357318183e-04 -1.163854509641894632e-03
1.962744503885778480e+00 3.077817844000054273e-02 2.650485484276469245e-05 3.429022640329120776e-03 -3.256198551183211781e-04 -1.812154586714288763e-03
-2.214559502446768746e-01 -3.553018102953021257e-02 -1.938490197278560203e-03 3.166768338347072942e-03 -1.031110555093220154e-04 5.438469084340097218e-05
-5.056035404889760443e-01 -3.569092699564489768e-02 6.866332226436762517e-04 -3.713105994301644456e-03 1.860186914078130896e-03 -6.338251181423024431e-04
-9.917365976877712264e-01 4.566742998582331778e-03 -9.561032275966226774e-04 -2.259271131742919721e-03 -1.626873658004171746e-04 2.541158915675665892e-04
-7.772727191004686897e-01 -1.765926602262055112e-02 -2.323209508565471110e-03 -3.413754576095276943e-05 -1.146393727967665423e-03 1.230569744973386732e-03
-1.440383553592643251e+00 7.991806814401857320e-03 2.414082844152054801e-03 -3.798866433902837406e-03 2.259518005072070224e-03 -2.262568469729016058e-03
-1.442122692349642188e+00 3.433300945747452121e-02 1.754278486997817030e-03 -7.641265000659831080e-03 1.190002981383946230e-03 -1.426712363784176946e-03
3.144070813891070681e+00 1.717122859905975130e-01 -2.467213575128924846e-04 2.428109449019854194e-03 9.896839880571709023e-04 -9.962090024051176249e-04
-2.206070192869379332e-01 -4.831292199073613375e-02 2.389203357304691203e-02 1.853018560175752468e-03 6.864384237657405324e-03 8.364570068734374086e-03
-6.073755968201304256e-01 -2.753042752474363364e-02 -2.400969369734959856e-03 5.778927072965928113e-03 -2.586739834438140230e-04 1.082185384494607208e-03
2.031181491376164772e+00 3.696634664375118146e-02 1.558387483682936530e-04 1.817325274903908508e-03 6.473234533969276671e-06 -2.122036917701142830e-03
-3.206670362324181567e-01 -3.057124760106104053e-02 -2.459550861248147036e-03 2.633299900535286068e-03 -6.960736278153553279e-04 1.095146163530852888e-03
1.381587977309081783e+00 -7.436396424165465403e-03 -1.521164966824106214e-03 3.167659578313807619e-03 -3.579442622221575216e-04 -7.448067409278232021e-04
7.965512963993154338e-01 -7.590642436879025019e-03 -4.627023480802979318e-04 -1.113510917968780350e-02 -1.976477223571341049e-03 9.270180015304350062e-04
-1.594150246024251372e+00 1.908207695175697521e-02 5.525979636920267269e-04 4.386614836408959071e-03 1.084697871607474265e-03 7.944492050778316386e-05
-5.481992601223857342e-01 -2.255210447807793478e-02 -3.851258130100506522e-03 2.381903190943745943e-03 -2.331332474706665665e-03 1.812980337315779535e-03
1.449814426919014965e+00 -1.291153584385613864e-03 -1.843407782291358243e-03 3.718911282330848028e-03 -1.203649727673439728e-03 7.989810630611378676e-05
4.376741759214295424e-01 -3.966849051293163536e-02 -3.546178413017975813e-03 7.424603247511186131e-03 -7.306868644270394196e-04 9.168743322116726987e-04
-5.428615031154502280e-01 -4.010664355463140068e-02 -2.389846112668925996e-04 3.266514677275067936e-03 1.544416927591991126e-03 5.078932634500553205e-04
1.567421779086802580e+00 1.497168695350107898e-03 -5.128386087602889755e-04 3.714400394531007336e-03 2.735703809276573625e-04 -1.149319454777865098e-03
1.366192017872918774e+00 -7.742147144213709122e-03 -9.569109654545307183e-04 3.158458317077157771e-03 1.532518931196569984e-06 1.098199767091607472e-03
4.940798125920420891e-01 -2.847413301003293845e-02 -2.442222481800467981e-03 -2.974826959257408608e-03 -1.058784395146182165e-03 1.601452961725800730e-03
5.579137883176565893e-01 -3.790099437662398235e-02 -2.135968581479124641e-03 2.003874473682779305e-03 4.004654836058110182e-04 2.388364304143421627e-04
6.810802758591386619e-01 -4.541265582042519622e-02 -2.114519260851210891e-03 6.372351217651152366e-03 -4.633824069873825323e-05 -2.253749450001950403e-03
7.680261221888513568e-01 -3.060299494229693287e-02 -5.938967591882280241e-04 -3.320931235896014584e-03 6.857555516923842910e-04 5.723132507823166463e-04
-3.141371057694067881e-01 -1.946040439001519781e-02 -1.062607358788448739e-03 -8.709619027695486571e-03 -9.138656930413097037e-04 -1.327120072536426998e-04
-7.351322887726042810e-01 -2.257204503901186557e-02 -2.037340761952039555e-03 4.512912793318693723e-03 1.837881020748433045e-05 8.883000278522391402e-04
6.769611691599519698e-01 -3.370543982725008464e-02 -3.143551224379859815e-03 2.658600289775199174e-03 -1.443734981251915345e-04 1.608110427506651008e-03
-2.577829698466672426e+00 1.386380810042830980e-01 3.213313286665894341e-03 5.996577066972562375e-03 -1.277381628497596807e-04 4.999128808862537484e-06
8.746099745870077324e-01 -7.989582953276475399e-03 -1.496084894702396761e-03 -8.608513399677400479e-03 -1.924533822552357363e-03 1.179120785754622473e-03
1.118981769232409995e+00 -2.348973696646826370e-02 -2.334938077275838884e-03 5.257744923340871603e-03 5.808541827838565241e-04 -2.510265957385815179e-04
1.180262671772512206e+00 -2.445108058678080280e-03 6.069582235869432291e-04 -9.637632657315847728e-03 -1.371844883101884743e-04 2.431558481422163424e-04
-5.741746260567174298e-01 -2.834953358461957118e-02 -2.854801189259706449e-04 -1.629409958090236119e-03 7.449588881627571988e-04 1.532664467550164372e-04
-7.686741610503940170e-02 -3.704620612693876325e-02 -3.271798061784618895e-03 5.602441385729106313e-03 -9.610042150917500782e-04 1.288718197905801451e-03
5.742066377238085745e-02 -4.797998418314546043e-02 -3.125694255955067946e-03 9.980033432535928214e-03 -1.009565443030293252e-04 -1.073101437110371713e-04
-4.293617862433603549e-01 -2.064406869781506421e-02 5.273209201700923164e-04 -8.775853863385203735e-03 1.983182821654888442e-04 -3.248097856140623159e-04
-9.939744163586132775e-01 -1.076808881819265630e-02 -6.733732359600428513e-04 3.678297580277069961e-03 -2.150202459354871019e-04 4.013066076700714710e-04
-3.729846839221410137e-01 -3.657421428100532390e-02 -2.224892601570496124e-03 5.704110318728828136e-03 -1.575594271359787274e-04 -1.911264416934504095e-04
-2.590268199646134639e-01 -2.670182551419194791e-02 1.010463153433874620e-03 -1.317558661980641407e-02 4.831554939386113441e-04 -5.641571552214271010e-04
1.406276261866803212e+00 6.045951921225864618e-03 -1.239744403588273350e-03 -3.310547500666854385e-03 -1.362341302976300935e-03 1.539772963630833130e-03
2.775555147102605202e-01 -4.333076365974813937e-02 -2.067828881171462040e-03 7.073760815912106875e-04 1.138116923566501269e-03 5.475368703361888035e-04
-1.166105954748796414e+00 1.307307764252248206e-02 -2.335505168153679113e-04 -3.201706443235829459e-03 -1.853246415806413731e-04 -1.487796653322499395e-04
-9.255181132883780193e-02 -4.432457177789878022e-02 -3.301422591357581430e-03 1.022114314269071192e-02 -6.166993978216314979e-04 1.760822739383234266e-04
1.413681152826110066e-01 -4.622263919288262246e-02 -3.565945430167079093e-03 1.017655320239807537e-02 -1.159849237998342077e-03 -3.476456097828795684e-04
-7.648981888855151956e-01 -1.355276199259820673e-02 -1.650511303117014683e-03 1.696876796264575700e-03 -2.116748698591266976e-04 7.249304202843599807e-04
2.084308300487602850e+00 5.818540573176510244e-02 -5.180242277738737744e-02 8.247935078805786191e-03 1.213617585123237010e-02 6.562966760052624075e-04
1.805294299195151497e+00 1.859456561289248022e-02 -5.892612995353609193e-04 1.572126330246857934e-03 -1.112800633546935560e-03 -1.880052668529084633e-03
-1.044492160607644465e-01 -3.427823698027493426e-02 -1.485260574956946385e-03 1.711913945079790054e-03 -5.547655753108894552e-04 8.914572591578657536e-04
-1.473064344818697524e+00 1.924512114757542455e-02 1.538397126967348211e-05 5.000721810686631179e-03 -1.844777334041705673e-04 8.314262293919163962e-04
-9.422740245957752503e-01 -4.981042249807351649e-03 -1.420558425978082602e-03 -2.056060799582257192e-04 -8.644104202733862144e-04 8.356373183312160646e-04
-9.628084188553456269e-01 1.964757623373673129e-03 2.967887690051665439e-04 -7.679421906833179372e-03 3.546236286209666780e-04 -5.673039656528261606e-04
-1.493920865705322232e+00 3.157090864090176391e-02 4.103133648228004821e-04 -1.672557026932995844e-03 -5.579580814547526650e-04 1.559560301394466659e-04
-1.395336619043251014e+00 1.853683042682003485e-02 2.049977085848027336e-04 -3.327179243542208956e-03 6.761691792313321517e-04 -2.593595119440542281e-04
-4.924680323237414226e-01 -1.901036860424666977e-02 5.831766302698982579e-04 -7.625869532097395188e-03 4.002320960898492251e-04 -3.921485187024935956e-04
1.775538303978877908e+00 2.277922336632635589e-02 -8.342129254323144135e-04 -1.531001892748416575e-03 5.650201020981188670e-04 -2.240232490036165062e-04
7.120734257872377571e-01 -2.243822683596900444e-02 -7.526064622963203219e-04 -7.101584950295090209e-03 -1.089925794729338596e-03 1.053883231196055823e-03
-6.702887655450530113e-01 -1.502241985019629397e-02 1.368275974791778506e-03 -1.064614574188788715e-02 9.525246539068725005e-04 -9.799179113021700815e-04
-6.247306378198647092e-01 -1.581307565543158683e-02 -5.535492739004785464e-04 -3.201834927568597208e-03 -4.614076936428942034e-04 5.658498514209913234e-04
-1.171994204160221598e+00 7.650549331999230819e-04 -1.819713114245799816e-03 8.945392057692212046e-03 -9.604449764268609916e-04 2.015724167916061252e-04
3.378227257965187302e-01 -3.865671433337151963e-02 -2.218966479785580356e-03 -1.174684326307224463e-04 3.017662394153771961e-04 7.740690661097505455e-04
7.511043472169662283e-02 -2.769816662689726650e-02 -9.807197239757447105e-04 -9.331691307175834713e-03 -4.091040491851629735e-04 3.010251497554673706e-04
-9.925928156216462517e-01 -2.116606461841561999e-03 2.902389980289324010e-04 -4.082503949629077977e-03 9.776309016058470046e-04 -8.153237743983059648e-04
6.772716389663088199e-01 -3.551091415850374244e-02 -2.301167390703024850e-03 4.288241531474955661e-04 8.296923282237402171e-04 8.352854245880468598e-04
1.453100179117784663e+00 -3.500782149617242406e-02 7.304879368187991440e-02 -2.296262656757916149e-04 6.957056778648179011e-04 8.515354142870914037e-03
8.106863252373236461e-02 -4.616047587583518852e-02 -3.897459960979030111e-03 1.121539625585003114e-02 -5.265945822180240568e-05 1.435311884771218842e-03
6.562981230546138800e-01 -3.774593907768597489e-02 -5.191596887516249006e-04 3.262312565394022080e-07 5.517587703380074250e-04 -1.356459461331343532e-03
-9.915991007171849336e-01 -2.608524379058267673e-02 -3.020715851466526831e-03 1.591905587625220067e-02 -2.077338171065504398e-03 -9.992083754499256169e-04
1.270838926192564278e-01 -1.974530504153472130e-02 -5.490930362278430548e-04 -1.247576959437337978e-02 -9.880416263018760789e-04 5.425434490561048003e-05
-4.420577036253675596e-02 -2.205796243395965681e-02 -2.534996781273650239e-03 -3.882778140802509333e-03 -2.694377336881219505e-03 9.124147176893978835e-04
-1.188920712084982290e+00 6.383198425566895609e-03 6.750761133395237869e-04 -1.994787406111259240e-03 6.894776144220716779e-04 -5.636609030148704604e-04
-1.715409285448078691e+00 4.999157701219242300e-02 3.875707906177741071e-04 5.925168189776732928e-04 5.702662787632768439e-05 9.187018627700681284e-05
1.347613888101901525e+00 1.233404099154499292e-03 -2.096066866357138968e-03 -3.158514663982590551e-03 -8.957944531501238657e-04 1.315661711578221781e-03
-5.637169351657014271e-01 -2.439359004822033716e-02 -1.491072225836941783e-03 -1.917567132419325084e-03 1.851942349002580067e-04 5.523649604716086717e-04
-1.482002020261669717e+00 1.909648298366995248e-02 3.893231353461918949e-04 -7.474472322719687362e-04 7.618039300969570507e-04 1.105130612205000140e-04
1.058229973721488859e+00 -1.596465952773637453e-02 -1.520797949282368371e-03 -1.694754432698159343e-03 -2.825944600053673463e-04 4.773210605555140869e-05
1.175204631340606820e+00 -2.194244165711601094e-02 -1.311137018369506416e-03 3.002569864066152033e-03 5.074768275260985130e-04 -1.699522600488599785e-03
-1.744737800655933757e+00 2.531546832984053405e-02 3.022919988066224972e-03 1.306269833376194807e-04 1.940320184160766867e-03 -2.436102959217869516e-03
-1.105217045287009009e-01 -3.466124979563831726e-02 -1.332376314276857276e-03 -8.969758751910209427e-04 8.104882389554383048e-05 -3.627891631064487834e-04
3.404088250713577235e-01 -4.324059414822402359e-02 -2.313031012160451146e-03 4.372503877672340861e-03 -6.905746844953028919e-04 -1.034948126824593957e-03
-1.946540302562111746e+00 5.256396580076407726e-02 6.470258848799142083e-04 1.073712876294804011e-02 -2.821444237702446585e-04 3.704316360015809948e-04
-9.875773710352442336e-01 -1.118098405306379439e-02 1.791837032408667013e-03 -7.180080962795429463e-03 1.993217938639932092e-03 -1.583884419642320055e-03
1.339225215023007065e+00 -1.265107302526779012e-02 -2.530577376513587235e-03 5.675830979666733785e-03 -1.005727915160110767e-03 -1.109485298650944368e-03
-3.617650989263167943e-02 -4.592865551235672528e-02 -1.568215267875750852e-03 5.641300397783543218e-03 4.710058397316725242e-04 4.562740948230881860e-04
-8.917607908252807025e-01 -3.202612429539033329e-02 -2.212448109068972709e-03 1.255228100724759162e-02 -2.022581673976076196e-03 -1.368688749608732358e-03
