3.032202101079425116e+00 1.758577935313463680e-01 -8.397475511267704770e-04 -8.861372712566879589e-04 2.870649364053070966e-04 -1.273628029231471583e-03
-1.164724854731208764e-01 -1.722676635418801325e-02 9.062881553316476033e-04 1.472127281114869561e-02 2.892544253623538118e-04 -7.362525739135916290e-04
6.308590845196114794e-01 -3.508444138170018628e-02 -1.943723693470995970e-03 -2.353311031237366284e-03 -7.921718671524786634e-04 -5.785545927040676873e-04
1.227272340134073048e+00 -7.539159844972159220e-03 -1.081189814110056257e-03 1.222445852801172083e-03 3.429384762413190471e-04 -2.805527474224871762e-04
5.026259544122338996e-01 -3.655598824085921905e-02 -1.080313619111346888e-03 -6.241876471137482261e-04 -1.266212745605583363e-04 -5.636711576502756102e-04
2.479184367059211525e+00 9.909347387563934018e-02 -1.002898878887861474e-03 -6.979531859130157397e-04 -4.659745175068870284e-04 -8.157492272724930875e-04
-1.716330366834692978e+00 4.038248958634247515e-02 2.066492877397936546e-04 -3.119552248314485989e-03 -8.153960411545203271e-05 6.437377122471674065e-04
-3.204518276120040254e-01 -2.072321764129698637e-02 -1.329351387351314969e-03 7.811738466736503107e-03 -2.625231557539643799e-04 -2.831346230761314781e-04
-2.378226009013130193e-01 -3.811694097280736437e-02 -1.489563421024230842e-03 -5.335686033420663013e-03 -8.934824854420172265e-04 9.367527877483636226e-06
-1.795934720716048316e+00 3.151520272086419383e-02 1.565146108323348453e-03 -5.004977728740706532e-03 5.998534656850828531e-04 -6.495134645155244612e-04
-2.101706165878793442e+00 8.469065374634650312e-02 1.009644629542907250e-03 -5.069230199721897964e-03 -8.486023552315167867e-04 1.315010118414810213e-03
-1.414266672698657024e+00 2.051531206905982466e-02 1.966475040850931822e-05 -2.967374662373400973e-03 -2.064589460556144032e-04 8.706285045380419063e-04
1.669379175306511032e+00 2.164048632960641899e-02 -2.888360272857362979e-03 -1.089390969664318001e-03 4.084012070436056439e-04 3.497485146239099192e-05
1.930593798766568225e+00 4.532811712039615942e-02 -1.956507459083947197e-03 1.841145680456453965e-03 2.076443343754780636e-04 -4.392712783058215606e-04
-7.302549724660244435e-01 -2.450881951872848144e-02 -1.086180206981338927e-03 -3.143894953561330967e-03 3.227109059664826931e-04 7.605268453292171908e-04
-1.972378983141362729e+00 6.505737123753912998e-02 2.085406023481746213e-03 -2.622020708211358127e-03 6.599816236642755461e-05 2.354338398684884838e-04
-2.626601570316592138e+00 1.305552867742653944e-01 5.222436334343972218e-03 1.299476516400177107e-03 2.595293948849156074e-04 -4.310628128859213498e-04
2.354905565861090955e-01 -4.004213867840821645e-02 -1.926540630763520648e-03 -2.941417843973175624e-03 -2.690566312800524227e-04 -3.484796456864833474e-04
-4.973742255910204579e-01 -2.308972338292345980e-02 -1.433550715904368517e-04 4.304217461104374240e-03 3.717333828311239117e-04 -3.248657609189722819e-04
5.018675793175144673e-01 -3.513558243808644066e-02 -1.237440516794815950e-03 -1.408432456004963813e-04 -3.972144712807844260e-04 -4.259428715763331958e-04
-2.093421315740664201e-01 -3.149249073210256405e-02 -1.394730051204932063e-03 5.338574458175922126e-03 4.577723956713807582e-04 -3.625232621507777143e-04
2.394462286388028271e+00 9.509873168345904515e-02 -1.181125277107641838e-03 1.641160874121962761e-03 -5.827566604626340484e-04 6.732960471419709766e-05
2.094424839757557333e+00 6.157866251762086907e-02 -1.027101026140457302e-03 1.673039663875094734e-03 -2.362417649964929274e-04 2.299554344689552277e-04
-8.730209392099214094e-01 -6.868578036931216081e-03 5.000041959620730309e-04 4.439324504579032771e-03 4.976099210336434354e-04 -5.914461478362451194e-04
3.435855514088604901e-01 -3.882907857002755592e-02 -2.229489326704716529e-03 -3.465788983856033564e-03 -6.143790940887540073e-04 -9.891770188164511837e-05
1.864626084347469792e+00 -5.774102688861986257e-03 1.044922408695012211e-01 -3.038756943478887560e-03 -2.007444424435545025e-03 -2.637558558605211916e-03
1.796116906747581565e-01 -3.857941653563285583e-02 -1.151717780566013536e-03 -1.413822087909146884e-03 2.317645823057687610e-04 -4.295898385664816713e-05
-9.114852285754222461e-01 -2.409646418161785070e-02 -1.117115218267954613e-03 -8.621386442810165252e-03 -4.678822909642853028e-04 -3.448910128950064078e-04
1.296543152969817703e+00 1.351410139583615654e-03 -2.843824657187004040e-03 8.514332889306972570e-04 -2.069823647448071704e-04 7.393995658834916088e-04
1.134995376310210524e+00 3.595876392989918839e-03 -1.833462983429493334e-03 6.803265170456374022e-03 -1.000879243990638766e-03 1.582668754948960300e-03
1.451957933801109935e+00 2.158567123592698700e-02 -3.784146622380942654e-02 -2.399712507370003675e-03 5.743255788983710024e-03 -4.524898085595857947e-03
1.830778984373306661e+00 3.598760729678266573e-02 -1.709046712119485431e-03 -3.013314248444130729e-04 -9.003295234283158329e-05 5.495502376071852244e-04
-1.671083248181899794e+00 3.973574994848255021e-02 7.063572286646526560e-04 -1.905479821823287878e-03 -2.760622261369991416e-04 6.158486987807012744e-04
-4.139811074898669396e-01 -3.835914542686307688e-02 -1.741439454785286695e-03 -5.754491357522852936e-03 7.035778726382934832e-04 -6.837493265955652509e-05
1.135603961757152058e+00 -7.457195102094158444e-03 -2.132405692883033044e-03 1.536309369197081352e-03 -2.149212878881215426e-04 9.117876129926758824e-04
1.232836578785725168e+00 -6.484960085581365462e-03 -1.795101174542896097e-03 -1.172516843082795166e-03 1.400844115947433539e-05 8.891725474306481523e-04
-1.797372946250377357e-01 -1.734797728399897765e-02 -1.804105177223809921e-03 5.784936748857737177e-03 -1.080540268681698477e-03 9.294084144061921446e-04
1.667673494122182909e+00 1.952889911950907859e-02 -2.836559740679715259e-03 -3.529840158804495830e-03 -8.073626084659365435e-04 6.614376604122294769e-05
4.236097399499217375e-01 -1.922701548467576835e-02 -1.885849886556478392e-03 6.468164696924393400e-03 -9.941391699933440577e-04 1.420054319726091110e-03
-2.230582731129099994e+00 8.197053178840529863e-02 3.225254524662465698e-03 5.606845465083343423e-03 2.370135550966745474e-04 -1.288877912106522810e-03
1.426296470266353866e+00 5.030189217922727621e-03 -1.263305754576306544e-03 -2.000337961896582711e-04 -1.707213102274314520e-04 -5.923810428643872162e-05
3.181620500258663942e-01 -2.928161238140073244e-02 -2.079848182125771522e-03 2.620575025149070748e-04 -5.476990697901063269e-04 1.530273711360039196e-03
-1.408371722749164778e+00 7.652142439858981501e-03 2.498448158889191853e-04 -4.728020264703400137e-03 2.035737358149837561e-04 -2.072404327757744198e-04
7.977184543946811424e-01 -2.271876770381957636e-02 -6.037888395408470658e-04 3.306299320365244272e-03 2.177266986969759088e-04 -3.119108747444415816e-04
-4.514587656926882797e-01 -3.024014564577025624e-02 -1.504146614028498878e-04 7.843137255395982600e-04 5.044323703149753780e-04 -3.923996292267992810e-04
1.022512743582666417e+00 -2.197940147729894600e-02 -6.449393952976639321e-04 -1.556314136086815909e-03 3.485596828224125118e-04 -4.500065150121953530e-04
-5.455043539272516062e-01 -2.350922702959309593e-02 8.650513697778943487e-05 8.661123003232686426e-03 4.560452116342099144e-04 -8.951071715732458658e-04
-4.910046944548472347e-01 -2.127312086113435780e-02 -2.368208673175663768e-03 -8.105531386338689142e-04 -1.022524325324661873e-03 1.541632231698872790e-03
-2.104216003460335660e+00 6.186381358292098592e-02 3.109554865678900576e-03 -5.371641008656795682e-03 3.428387668091865547e-04 9.414581030658524538e-05
-1.071998158751017671e+00 -1.217668529038562833e-02 -7.318029937530029939e-04 -4.886054446216718007e-03 3.186538442753855649e-04 2.704772028683692904e-06
6.383049751634993774e-01 -2.651646464498969361e-02 -3.368999533405931529e-02 -1.074108163517447853e-02 4.268545320166716381e-03 -2.250536436652295514e-03
2.275123442496057358e+00 7.443221029613265871e-02 -1.029912408080912393e-03 -2.476419371251655389e-03 2.266939707041960394e-04 -1.910265971213486065e-04
-2.175233690515802731e+00 8.465722575194652155e-02 1.897883917360638573e-03 -1.611666501031425213e-03 -3.063162032153446163e-04 3.825063636828454627e-04
-1.105165620503440804e+00 -1.529374095569733128e-03 -3.898606074839818035e-04 -1.601038596184154502e-03 2.109294758219597136e-04 -2.342633872869575933e-04
1.254877284357207579e-01 -3.402118847654062722e-02 -1.006818189749495666e-03 3.790278424746510756e-03 3.147959692131277075e-04 -7.455609948220718718e-04
1.601278999935850100e+00 1.490359427380001829e-02 -1.085860661184347847e-03 -3.089152224760737973e-04 -3.372271230535514542e-04 -3.252576825121501693e-04
-7.509960045095794845e-01 -8.846635838476508973e-03 9.124367412628088688e-05 1.004073488765614731e-02 -2.449086022863208672e-04 -1.005455890265539174e-03
-6.600469664376582557e-01 -8.559953960058090672e-03 -5.245072561163170765e-04 8.210482698068980942e-03 -6.563383834602643180e-04 -2.752884997906747183e-04
1.445938991921421835e+00 1.603730814227674606e-02 -1.332387738398431573e-03 5.793466355990096496e-03 -3.950190738840366725e-04 8.469339145293054922e-04
-1.348949716665875487e+00 2.134827927437433354e-02 -3.356286241898907255e-04 3.486333960658982364e-03 -6.952786264925569896e-05 -4.720378310258292807e-04
-3.398174897450416121e-01 -3.022785657109999802e-02 -3.068863742365889481e-03 -1.247396866477591074e-03 -5.496390614762329454e-04 1.254751325608770545e-03
1.979954509168325716e+00 5.554540179093954422e-02 -2.670940273028722146e-03 3.603813167809696242e-03 -2.858931782734317785e-04 3.501149625340290459e-04
1.154420363065635557e+00 -8.348364476664326544e-03 -1.456465452819153805e-03 1.529406014203850851e-03 7.656666317968035922e-05 5.824824168491904170e-04
1.696993626123054932e+00 2.228274513104612845e-02 -1.615325450034452116e-03 -1.046779805766021899e-03 -3.706286286807938010e-04 -6.105860582687923366e-04
-1.371050755038653923e+00 1.749076413585321302e-02 -2.229298904083374354e-03 -5.212984861670661406e-03 -1.189459182772301549e-03 1.844803999981996408e-03
-8.356499402531868403e-01 -6.672498448435581868e-03 -3.184698452816945636e-04 7.479001507715391309e-03 1.670613129691779226e-04 -7.277611039718934324e-04
1.232709648855340845e+00 1.855562324363240910e-04 -2.820923678647202157e-03 2.968818641444842792e-03 -2.679036436645594772e-04 8.844126146976596372e-04
5.966009953699739077e-01 -1.468861984622659919e-02 -1.266012014093915658e-03 7.919743051440298123e-03 -5.815435150197266392e-04 1.136003850751958477e-03
1.640209665208907763e+00 3.137585569779134664e-02 -2.130633033512631305e-03 5.680247675788697818e-03 -4.700910905608230101e-04 7.892932157403032738e-04
3.569798782963073402e-01 -4.023417327936441162e-02 -1.523319142933071387e-03 -4.006012705541762801e-03 6.878432110269274531e-05 1.621818100561690183e-04
-1.396363285324689896e+00 1.895240874500668526e-02 1.142092702045258883e-03 6.151166491777629482e-03 2.002862121818873350e-04 -9.801676780131847629e-04
-1.107216479397056919e+00 -3.858716642567282685e-03 3.486254875151666675e-04 1.842798822038378432e-03 7.363442472027706192e-04 -1.024732013301128848e-03
-1.090015053810666101e+00 -8.239448686325838087e-03 -2.206680096568143314e-06 -6.904196214861798523e-04 4.967422600145281327e-04 -8.596550397073800384e-04
-2.207108961908303968e+00 7.801271427132686065e-02 2.615389289271124497e-03 -6.079683609262165681e-03 6.784028537776684239e-05 1.007495837418145856e-03
-1.662305300416824450e+00 3.534777586385207809e-02 1.757168768286671836e-03 5.321202439836819663e-04 1.772873161699445668e-04 -2.078401349731801907e-04
-9.576339881032748247e-01 -2.035957074000389281e-03 -6.745533469792526667e-04 1.377512048443249636e-03 -6.080766884592036375e-04 7.931550856500070839e-04
4.003563152400576031e-01 -2.805288351659631849e-02 -9.967938792186283991e-04 5.748679895402279694e-03 7.469690179213906865e-05 2.562475768491955549e-04
-2.137672809144103958e+00 7.201250616043215758e-02 3.714174168371578173e-03 4.926376426334934909e-03 1.134987441488122164e-03 -1.995301356128524346e-03
-9.178240747547444789e-01 -3.769348111301801599e-03 1.484930379253193277e-03 1.008233578010112909e-02 8.352086888362841724e-04 -1.589380353422116055e-03
-1.030521159179831781e+00 -5.518246771807200690e-06 4.975168844080199074e-05 2.536500452030039827e-03 -2.817787567113341080e-04 3.669756613414289562e-04
-8.958448757793658901e-01 -2.402962458176045521e-02 -1.118151415063441687e-03 -9.913517103438703945e-03 1.057098581841855127e-04 8.731027176768712227e-04
-4.401018888861578104e-01 -2.180148630248075411e-02 -5.841068730944915964e-04 8.232517630760232200e-03 -1.022710765306957860e-04 -4.025682675259221631e-04
-2.795483578989946150e+00 1.421456450072844935e-01 5.259569349587870334e-03 -8.889320222753386083e-03 -5.271771631626414765e-04 1.739097413949571881e-03
-1.740948206796144593e+00 4.678281715046953698e-02 -1.109328699853373660e-04 -3.685309050296856851e-03 -1.166826972086031176e-03 1.480155509206877110e-03
-4.760236395205714732e-01 -4.090606343164422676e-02 -2.485123899631077639e-03 -1.321867472650999770e-02 -1.579927871949896468e-03 8.100722788913917571e-04
2.510021070526441411e-01 -3.599805060008094693e-02 -1.977582663223435237e-03 -3.085580010412391962e-03 -5.644813912147070376e-05 1.223588600216461665e-03
1.219526563382364648e+00 -1.450304584047375049e-02 -2.570842100044790426e-03 -5.712937253165089116e-03 -4.773863246438845827e-04 -4.836540168302400295e-04
-1.448039743422770531e+00 1.626117937529127783e-02 -6.365816200169446826e-05 -9.146734682383953277e-03 -2.373653944969909163e-04 1.147922847025623690e-03
-8.098588330278732039e-01 -1.505855113343213848e-02 2.430422110534633971e-04 7.340506040837706594e-03 8.730823773131452057e-04 -1.261583110606781912e-03
1.077688569067849933e+00 -5.511963868283557139e-02 8.111251847552554406e-02 -9.119048576540549284e-04 -1.136286475189096992e-02 -1.101858597887798996e-03
-1.482191541416595926e-01 -2.178902028413783748e-02 -7.540391963965100254e-04 9.455652765260235543e-03 1.428533193882499470e-04 -3.748947045499156070e-04
9.928481487336347777e-02 -1.710348024436553205e-02 -1.504289090481306709e-03 9.743250292940887000e-03 -5.658788315548568927e-04 5.747564751940943033e-04
-4.144846591985227313e-01 -1.186726184016041741e-02 3.367548584438420612e-05 8.755895320699768475e-03 -1.394488114070302942e-04 1.963812847857126739e-04
5.258040312413285733e-01 -2.798092952034928263e-02 -3.638676331105233485e-03 4.197842310160098474e-04 -5.088919550594006276e-04 1.161089559214703321e-03
-3.455670086452821144e-01 -3.271091638855957995e-02 -2.169074127329524964e-03 -4.483845921349600104e-03 -2.880293503147289698e-04 5.543637060355271259e-04
-1.803483460706141850e+00 4.967253508595388667e-02 2.422784040890811879e-03 6.382469360585207516e-03 2.705446199411487129e-04 -1.347295195807042328e-03
-8.022195002293472932e-01 -1.562562795253366610e-02 -3.805739296444997306e-05 5.063265189882190653e-03 7.516066647737611444e-04 -1.007150956582432031e-03
2.721558094347796608e+00 1.371149964588155301e-01 -2.761384156055222538e-03 1.351566010772235977e-03 -2.777625497145183456e-04 -1.704022424844049504e-04
6.807930373162403015e-01 -2.511846559235775961e-02 -1.730495870723555403e-03 5.155871119853994372e-04 -2.205646770836439238e-04 1.426105876021241869e-03
1.859990266461362118e+00 3.824208493468345127e-02 -1.943817806909750633e-03 2.321764212946329493e-04 -8.935333814970085017e-05 -5.674826941970378654e-04
-3.467318254548058531e-01 -2.993287543888167174e-02 -1.347142737689576916e-03 -4.937498485833690786e-04 -9.102190297204280846e-05 8.000940744182052141e-04
-8.753561831187247622e-01 -2.129559835855918386e-03 9.573555598118869080e-05 6.052780605086727911e-03 2.175386546048452404e-04 -4.399943382641366744e-04
-9.895194834435451503e-02 -3.354699208320272019e-02 -4.236662025637467606e-04 5.245894883566034651e-03 5.733838974297776354e-04 -2.479724365190599431e-04
1.538868809886383859e+00 9.534985564887080850e-03 -3.011689213107029538e-03 -4.371016585302589519e-03 -7.845961425638109431e-04 3.815468570727965458e-04
-7.282293901161032146e-01 -2.194629107939927506e-02 -6.223072741236915228e-04 -3.350341932988485684e-03 6.230289497650933937e-05 3.546038331594338793e-05
7.612453541347252717e-01 -3.293380899922901395e-02 -1.718557782149919165e-03 -7.115970636711859559e-03 2.683429511545399227e-04 8.765862369536582457e-04
-2.029876124625037193e+00 6.497833590704209239e-02 2.172727943186157813e-03 -2.008255829081021741e-03 1.396965696979409746e-04 -1.149970257088998767e-04
7.379040959709383118e-01 -2.181523193998179469e-02 -1.193967135749323446e-03 3.922483643359814254e-03 3.239539428988286225e-06 7.789692525685059472e-04
3.636501739220512341e-01 -2.347456676579903409e-02 -3.099048317935806235e-03 5.033118768151345103e-03 -9.838598259584046581e-04 9.924861155286893687e-04
-5.200161703544904368e-01 -3.566170575592521319e-02 -1.672517354938459584e-03 -1.007527230032055805e-02 1.609258752345571876e-04 1.165939453147753864e-03
4.354235882341012109e-01 -3.920777502384932556e-02 -1.860207115610166629e-03 -4.229919241309439831e-03 -6.875786314889322133e-04 2.972150656778894910e-05
-6.775048320612317987e-01 -2.115598868186327822e-02 -3.098079576022064034e-04 2.472522906748392951e-03 5.374006613528774625e-04 -1.031655649895610012e-03
-7.892125515109729150e-01 -9.398328399224405551e-04 -2.906788778842443006e-04 6.758728298941482984e-03 -4.961069676655003105e-04 3.868820859475607141e-05
-1.370439395792636891e-02 -4.800383232783384663e-02 -1.779098844637226270e-03 -8.582235968250832500e-03 -7.379556137041752518e-04 -2.962350498557055544e-04
-5.317172813216056726e-01 -1.340134962759130174e-02 1.048767318336658178e-03 1.512746527766270846e-02 5.422969817579629571e-04 -1.671148321516512754e-03
-2.091658594502837420e+00 8.418196407360678535e-02 7.413780193802696895e-05 -6.572768825498021168e-03 -1.348642900842150598e-03 1.918317057828769013e-03
-1.655318584565595996e+00 3.609787320878257016e-02 -3.759695962453690819e-04 -5.136855025170992094e-03 -3.546627679018537582e-04 1.377466210679359742e-03
-1.356163615113320287e+00 1.985947282131564004e-02 3.113806167687027237e-04 -5.041511714605621027e-04 2.048606912666760217e-04 -5.079838671354036748e-04
2.205027788284213308e+00 6.841637726561453081e-02 -1.970911591968610085e-03 -1.469190998604553641e-03 -1.168684052840821691e-03 -2.973317913564488117e-04
-1.688496531539345868e+00 4.560141687745269956e-02 -5.916984143026496811e-04 -4.549210887394773695e-03 -8.102753095130898033e-04 1.344765789739757250e-03
-1.915723130797234719e-01 -1.558929543228026668e-02 1.089638824689902283e-03 1.421420085185169831e-02 3.584241098380755745e-04 -7.072445138220041436e-04
1.396161797291850970e+00 -1.994318733001862465e-02 4.433093815800836363e-02 -5.973830505412689416e-03 -5.340519034718025498e-03 -7.831682699926647423e-03
-4.781597078644214127e-01 -3.054610609689138376e-02 -5.384498694232749995e-04 1.558585747470380865e-03 5.385003628070741217e-04 6.852076030748488799e-06
1.836599844612347709e+00 3.601867863619113291e-02 -2.232915922552737575e-03 -5.516393363606458605e-04 -3.997041180124917266e-04 -3.359401778643555806e-04
-2.056443093967257885e-01 -4.562931354987628807e-02 -1.826099402983545486e-03 -8.694727313726689777e-03 -5.923072931064675157e-04 -1.398097413449330017e-05
-7.476696360579392353e-01 -6.166600168582935101e-04 -7.687133828051806179e-05 6.483275667450895917e-03 -2.604695944367507883e-04 1.689585173080997626e-04
-1.124066724162096353e-01 -3.456966827768875872e-02 -1.823728380706943339e-03 -3.002446731860586651e-03 -8.642951437362693921e-05 1.128969095915256706e-03
-7.268738368698925978e-01 -9.837672939438201272e-03 2.192178260300949499e-04 1.061444332889941410e-02 2.859059257510821101e-04 -1.189275571998787149e-03
1.472128113329949306e+00 2.146057912590046066e-02 -2.667596177048061918e-03 6.122140442708199834e-03 -9.107535755769539769e-04 1.474883690916844320e-03
-3.250304268174364908e-01 -2.926585956016014567e-02 -1.785091482853814592e-03 -6.674982171162130678e-05 1.476519585493888428e-04 3.431826713154799663e-04
-8.237417312023299631e-01 -1.269276682909198373e-02 5.209776528009242883e-05 6.197103670340933616e-03 2.521755661356063754e-04 -4.283525266722675463e-04
-5.238628325199109481e-01 -2.984385848737008268e-02 -3.056877440065228560e-04 -1.781235634056190626e-04 2.116167042773190821e-04 -5.180738549406163195e-04
5.746352746003594580e-01 -3.147038145712440643e-02 -2.464039853334520132e-03 -2.532555144337395470e-03 -2.853536375574370373e-04 3.424116915275091772e-04
1.095264832175854464e+00 -8.593126086225406565e-03 -2.184750106255959386e-03 1.448322880242443973e-03 -3.485424322080077982e-04 5.158243031585824524e-04
-5.130797774540510892e-01 -1.446083592922344126e-02 -1.286256633710685868e-03 3.538968939055314820e-03 -6.133116541889039588e-04 9.434778964643983400e-04
-8.643447298103976717e-01 -2.857922186041765220e-02 -4.442510510130214972e-04 -5.150095968374654269e-03 8.418607624998396830e-04 -1.061835486386772777e-03
-1.437229907020009245e-01 -5.222331541120928816e-02 -2.414600824965897497e-03 -1.085692439687184138e-02 -1.009972673573915217e-03 -8.795852802097131823e-04
1.559143369560912706e+00 1.985616300152684768e-02 -2.265998402313649813e-03 1.867459209247706534e-03 -3.856188253216150932e-04 8.064582031918284032e-04
1.883288370426026981e-02 -2.329859978275696658e-02 -1.486737398037725737e-03 5.163768597226480947e-03 -5.751913446899819225e-04 9.994910464525704440e-04
-1.390848292120625551e+00 1.872298113006995446e-02 1.155097482908586711e-03 4.530911466283695996e-03 4.167656704101340760e-04 -8.163870944652248289e-04
2.206596673857563307e+00 7.977443912808990234e-02 -2.824720775242133258e-03 3.787194734242951832e-03 -5.606931623690662378e-04 5.088384463363579109e-04
-2.018617063156923130e+00 7.225381921483564618e-02 2.638314800682338684e-03 4.271907465551782156e-03 3.410876937889568495e-04 -1.194062768953908869e-03
-1.510316336088239453e+00 1.881599371516011476e-02 8.864780074826967594e-04 2.282675566661349856e-03 7.012775139163058202e-04 -7.513807464651649139e-04
9.226325255191206720e-01 -1.824026391703035058e-02 -1.505969332210920462e-03 1.203074678971875408e-03 4.088042994692261619e-05 7.504232924278191096e-04
-1.184904543407121258e+00 -1.044810212345287544e-02 -4.762257266508033732e-04 -1.275072557227210218e-02 -2.442663016868064862e-04 8.022534061474010346e-04
1.844207518980275795e+00 3.290518364879146951e-02 -1.034937988563584387e-03 -1.710037225232245153e-03 -4.743000487663664696e-04 -5.159715211708516434e-04
-1.007526063811975403e+00 -5.186305107011172054e-03 1.312559353323526721e-03 6.767570490725365387e-03 6.952254028017091411e-04 -1.149341486460192779e-03
-1.660608575360467798e+00 4.139170151773523959e-02 2.161534285752019380e-03 6.181619671264797396e-03 5.965093810013364414e-04 -1.527961347613706689e-03
-1.240315539362990771e+00 8.284658718853022547e-03 -9.018381740084741548e-04 4.037495688858324869e-03 -5.065166986637934183e-04 -4.276485123171161755e-04
-2.360784216433715055e-01 -5.292244161799441321e-02 -1.831784736064592887e-03 -1.254357925590988965e-02 -1.936082508828075100e-04 -1.338797326930361116e-03
-1.935343037991619219e+00 4.842227506710247709e-02 1.323030673872198490e-03 -7.089063880917969261e-03 1.554068416709177176e-04 5.225763088708967061e-04
2.574911292374036709e+00 1.137077916993199656e-01 -2.931903289286596440e-03 -1.265786074127480711e-03 2.536799518997753474e-04 -4.438355678291274224e-04
-7.499721460111088422e-01 -1.749755782009637314e-02 -8.977212897299734987e-04 -1.681739976734898060e-03 2.750063451306326395e-05 7.747900756678020211e-04
8.770242257399495367e-01 -2.660332075196463614e-02 -3.920246477410615116e-04 9.711171678743476350e-04 4.863419196296127475e-04 -1.017854553003878695e-03
2.041576925514117236e-01 -3.044510326446953422e-02 -2.036598957197213993e-03 3.177592912694949916e-03 -4.875296434726477925e-05 3.910615943684694288e-04
2.419129842152425158e-01 -4.852227535080416015e-02 -1.669818263020863332e-03 -8.689860593554409388e-03 -7.736562709648281107e-04 -5.476364746289320764e-04
-5.769618429661866887e-01 -2.254033197385767531e-02 7.286118699740503669e-04 6.812660486232345082e-03 8.460274012050766033e-04 -1.436415563666030215e-03
2.214462307419707621e+00 7.381460597013783653e-02 -2.443914362671527948e-03 3.370589282821762761e-04 -8.677716956641354923e-04 8.595632016632787239e-05
1.450029385352502809e+00 1.287008865427053013e-02 -2.878250506915568281e-03 1.209276529049046556e-03 -4.919122146885266701e-04 1.171357968146800616e-03
-7.596166844166565291e-01 -2.842799440938014247e-02 -1.361344764756489264e-03 -7.103646011871576557e-03 -4.165786840507812374e-05 -2.996711311933502350e-04
1.398426744554440437e-01 -2.692277022222184027e-02 -1.024781229185762164e-03 3.360582603614418410e-03 -2.816492216533185563e-04 7.370794579039099612e-04
-7.665043728541953705e-01 -1.261555221424520527e-02 -2.364527136259197450e-03 -2.858506024736110103e-03 -7.322668725174603802e-04 1.603554713211671886e-03
7.038234657091918534e-02 -4.486092240464395475e-02 -1.465019774906395258e-03 -3.290436986134028484e-03 7.731141900284791563e-04 -1.053958163135619618e-03
-2.015440461345721523e+00 6.012041080799759851e-02 3.136985712592698077e-03 3.754866060867466816e-03 1.025784488606613790e-03 -1.709764936931482604e-03
-3.274649991584049347e-01 -1.306266718656434386e-02 -8.345850212280370346e-05 1.214467388600093574e-02 1.189209607203706719e-05 -4.738115747487143137e-04
-1.345750480547678318e+00 1.671701793636723443e-02 1.489121660881997120e-04 1.691915718882814170e-03 -2.382362190563650753e-04 1.855914202419375544e-04
-4.463943153888088600e-01 -4.077711093742202031e-02 -1.380397805154923857e-03 -9.783697738235818883e-03 -6.111239580441911630e-04 -1.363527901210246835e-05
1.727770140335908922e+00 2.090974010149025675e-02 -1.999163586014635237e-03 -5.200380375959642865e-03 -3.143599912728040784e-04 1.388333754771549193e-04
5.606831794435666039e-01 -3.822844188542180027e-02 -2.266969946447139599e-03 -5.938234528677675990e-03 -3.095888212566195313e-04 -3.221600139275660152e-04
1.266092045243040864e+00 1.688433459002760314e-03 -1.060607003623437791e-03 5.140454140180697809e-03 -1.068175331897280097e-04 6.732401985338848328e-04
-3.818971906732833155e-01 -3.241694474584524283e-02 -1.211754113543907349e-03 1.079867944917467168e-03 7.514386980022326977e-05 4.650302502749223258e-04
8.795981719726749803e-01 -3.389318807879415640e-02 -1.425259071768686381e-03 -7.181293694445979071e-03 -6.904185401419947595e-04 -9.247775651755353859e-04
-1.255792750056407003e+00 -1.027044158379539045e-03 2.400938989721195980e-04 -2.027227473173583150e-03 4.831744327118569658e-04 -5.990522931203145704e-04
2.398893248692097746e+00 8.899417574938722764e-02 -1.596381530311742018e-03 -1.299968939197190376e-03 -8.116516567613452169e-04 -6.944083954482104014e-04
-6.806928051811395042e-01 -2.759733613609810163e-02 -1.218358369105773404e-03 -8.291875949416714284e-03 -4.345271201935632546e-04 3.949875899321947468e-04
1.332239032413458091e+00 9.772682059417598863e-03 -1.320651039975335918e-03 5.658542832949432430e-03 -5.073967235496474075e-04 1.151858389352754643e-03
-2.616177483587400765e-01 -2.738577996277469229e-02 -1.595092806923054628e-03 1.894930634321425212e-03 -4.387374443888573342e-04 8.080660451271665145e-04
-7.634586334494090076e-01 -1.665412806610737720e-02 -9.501891324034130414e-04 1.273633545864245441e-03 2.616458180894479842e-04 2.632266358439055463e-05
-1.898474778591530354e+00 6.501579120904038556e-02 3.650840750790411860e-04 -2.074691764112462141e-03 -1.097193374042495975e-03 8.281508362892688914e-04
-1.023791337441583460e+00 -1.210995486767118927e-02 -1.324021968252943630e-03 -1.987353099625358173e-03 2.781502814291153211e-04 5.378276097225103813e-04
-1.526299983120438686e+00 2.976675442225501164e-02 3.205606908382038159e-04 1.097387206473846933e-03 2.168704954424029261e-04 -3.040627148033777467e-04
2.900435863895236999e+00 1.578929007365229287e-01 -1.683872231100245814e-03 3.096026920397151601e-04 -3.059065901801339251e-04 -7.302724854531759393e-04
-2.357211222029124364e+00 9.137307084911205912e-02 3.520805162852605648e-03 -4.138641968568860727e-03 2.890199968917707440e-04 -1.140084737656090700e-04
-2.942005227723459182e+00 1.866104001647816146e-01 3.697275500905861361e-03 -1.371790223892535403e-02 -1.726679996096644465e-03 3.436986900339750618e-03
-4.668818194487676654e-01 -2.251103741346012835e-02 -1.985998514695542800e-03 4.619295056909280932e-03 -6.132317013509558249e-04 1.038821509276318620e-04
-2.235075865584917665e+00 7.948155197655856763e-02 3.993622127263896961e-03 3.437713418163734335e-03 6.765037759231368967e-04 -9.475690334840449576e-04
-7.141898363246246273e-01 -1.594770004797314497e-02 -1.054425061054940294e-03 -4.542667246463455780e-04 8.830110500458955753e-05 -1.306435921190505979e-04
1.880541986542507260e+00 3.308394789247615791e-02 -1.907074355983998494e-03 -5.561763066858828319e-03 -3.015507922272099247e-04 -2.181492563617710057e-04
-1.463266724966038490e+00 1.282954517477210080e-02 5.629017454840233451e-04 6.786440354368263820e-04 6.608899497931860567e-04 -4.555047537940217980e-04
1.048330973962628976e+00 -1.774432673086590029e-02 -2.512380817655757159e-03 -2.148550770995569410e-03 5.261915819084944440e-04 1.580608723445073950e-05
2.945609445366785262e-01 -4.009113310258392154e-02 -1.525102276048222660e-03 -1.410045227557873114e-03 5.306530150125728530e-04 -7.417932801932983905e-04
-1.405348577906253338e+00 2.345795183052070548e-02 1.036719641740842072e-03 8.195160579680086863e-03 1.931502458331714792e-04 -1.465075501382922304e-03
1.290332627696016088e+00 -8.866754793910447061e-03 -1.135641909547946242e-03 -3.108636740222992835e-03 6.335122435747654211e-04 -3.815449610192862899e-05
1.731454229383355470e+00 2.316695914385633395e-02 -1.898595482635833526e-03 -1.431135030591264377e-03 -1.191398762329389698e-03 -4.271526218884359630e-04
-1.598196292944548957e-01 -2.772141143029216437e-02 -2.329040997033633275e-03 5.866893339605862290e-04 -4.159217351345393743e-04 1.046066252789965619e-03
6.274200064390489384e-01 -3.631489699095025864e-02 -1.989016125816030472e-03 -3.399918765857787382e-03 -1.628788495102318076e-04 -6.685319889780915728e-04
2.651997775218680742e-01 -2.771867254145941178e-02 -2.442094712774477150e-03 5.019682474629119130e-03 -4.198163856325804952e-04 5.335023308577143157e-04
-6.341662561525606145e-01 -9.560490504045029286e-03 -1.320993425871491407e-03 5.298895578184133898e-03 -8.266696220410517338e-04 3.782940142171221020e-04
-7.963741083097258810e-01 -8.403602464198876854e-03 -7.914372868506192992e-04 4.550880319808367491e-03 -5.039508659913365541e-04 2.350934293808182481e-04
-1.675069743230230834e-01 -2.461318983579469793e-02 -1.556060718774306736e-03 8.142133181800478500e-03 -3.822984301816910956e-05 -2.166203447904048007e-04
-6.510489328599931014e-01 -3.108666344902728113e-02 -8.614211712101336538e-04 -5.977591667873201169e-03 4.197512960839969469e-04 6.959555388264680904e-04
2.201028894693475735e+00 7.021237328457274884e-02 -1.946280566617472011e-03 -6.459076670291921153e-04 -1.235951421485685761e-04 -4.727458263885705851e-04
-1.508577698836088832e+00 2.303569294329121248e-02 1.155403331350086417e-03 -7.374307977357668405e-04 2.532965554040421158e-04 -4.897257117509011548e-04
2.376314716015757167e+00 8.804983605747347675e-02 -3.038576497792538824e-03 -1.982136245041304749e-03 2.060587051656353412e-04 -2.397747153758290211e-04
1.142555531268238944e+00 -6.790894392640151739e-03 -1.251650790549522314e-03 1.974489170964220924e-03 -4.159496109625600421e-04 6.445800352822656735e-04
-1.012571992289260203e+00 -1.767048225725555144e-02 -1.586861323131467721e-03 -1.034899130789729629e-02 1.465145880064281758e-04 7.501148702025314200e-04
-8.849195372400716630e-01 -2.337621211946439362e-02 1.149088420720367385e-04 -8.552674646594689376e-04 8.643907932248131275e-04 -1.587626019586957891e-03
-4.170040839393885923e-01 -1.905366627688625039e-02 -2.097528799933192148e-03 1.529687134727146167e-03 -5.616417688662458290e-04 1.125727829761538103e-03
9.953367189504762624e-01 -2.635587748244665532e-02 -1.021327540945518239e-03 -4.568858586918758680e-03 4.089868216086463152e-04 -6.296582656073225481e-04
-1.239188901213499783e+00 -9.286841875739387797e-03 1.199113441929889733e-03 -2.630258893289985286e-03 6.518220459801536389e-04 -1.417732551845330606e-03
1.259863550060324799e+00 -1.520560127433279521e-02 -2.282279802904932983e-03 -4.865466982411054998e-03 -1.198673294773334791e-03 -1.110853907929448174e-03
-1.135101153723393069e-01 -2.180727496650205696e-02 1.123201859621235301e-04 9.441645174152475672e-03 1.292116796517036844e-04 -3.022162712953379822e-04
1.621595751479104064e-01 -4.024498948311509144e-02 -1.389303576149884031e-03 -3.967318930337501866e-04 9.988316550675992774e-05 -1.035435678435473079e-03
3.192432267501789100e-01 -3.962734725568018562e-02 -1.860508265350276991e-03 -5.103073364171669887e-03 -5.976784983195232654e-04 3.650208903452644457e-04
-5.507966133737323133e-01 -3.630609633499206484e-02 -9.790947880164587412e-04 -2.274497670213183019e-03 1.083559549213406522e-03 -8.863321290671648169e-04
1.250545043024146007e-02 -4.391417775725976747e-02 -6.034869102895259151e-04 -2.034643289499570191e-03 8.981995044207432633e-04 -1.261148034353226177e-04
1.861388675740622389e+00 4.929537328929965018e-02 -2.978901521103049545e-03 5.760985577987222037e-03 -8.234236239807986649e-04 9.309714458486951496e-04
2.150714540879873127e+00 6.109760009252295648e-02 -3.194617625449543575e-03 -3.989400744100173556e-03 4.448659364346312442e-04 -8.749960178139265857e-05
2.538046419197871106e+00 1.108155791074992708e-01 -2.640461598074696735e-03 -1.032112799046904747e-04 -8.003477830826688857e-04 -2.425297257250199365e-04
-5.597779798118861921e-02 -1.570067000408947866e-02 -1.062704647853948475e-03 1.099620432308114938e-02 -4.990818674839329547e-04 2.193310415034875139e-04
-1.347570943628546347e+00 7.857900775002693225e-03 2.029922713958712412e-05 -4.090823471498940961e-03 3.959338698008786530e-05 1.084279051669796321e-03
-3.512751498220111068e-02 -2.253373815454933621e-02 -1.888080703789557979e-03 6.377536094416237471e-03 -3.987773491883587909e-04 7.141799349097954211e-04
-1.652262611126803948e+00 4.110211440791591841e-02 2.383350159176826025e-03 7.611322823865279176e-03 1.096953484006149082e-03 -2.436041319411900909e-03
-2.076680744684369806e+00 7.066185783547235255e-02 1.947664373085882276e-03 -6.912944489476269272e-03 -3.536788021511061831e-04 1.062073543312417375e-03
1.184170414351675804e+00 -1.710781562433589392e-02 -2.023068664251199879e-03 -4.154217110133527277e-03 1.461161334088024598e-04 -1.201745517596198697e-03
-4.004559460846047747e-01 -1.914666852123669480e-02 -1.034264163226745071e-03 6.142148851914315186e-03 -5.439613533020395660e-04 2.197696895682404289e-04
7.062388715071468148e-01 -2.776505511688767344e-02 -1.339162449116759268e-03 1.450451845246391713e-03 2.926073710754113506e-04 5.254447784035573424e-04
1.097520687626335256e+00 -8.282326384985430265e-03 -1.190087581266341746e-03 3.209325920237142849e-03 -2.056562387491687343e-05 6.161504601574231124e-04
2.201888787692408034e+00 6.086600972024424488e-02 -4.602126383605630771e-04 -5.954201873398995599e-03 4.631257943252573115e-04 -1.317023199286879165e-03
-1.078462490727130296e+00 3.788642865051793703e-03 -1.100668379542843510e-03 3.210139030408833312e-03 -7.209464385389322515e-04 1.572038000769402928e-04
9.436829470399780151e-01 -2.439345007143956662e-02 3.891290414976266831e-03 1.375189149314067806e-03 -7.213096623339252831e-04 3.563694973643810604e-03
-1.186711651100351705e+00 1.084921738982976003e-02 -4.774228144980553431e-04 -1.545989898183116424e-03 -6.078743259908399007e-04 1.072186901112301459e-03
2.060654255953686675e+00 6.020928601709959332e-02 -3.270198148207292994e-03 4.065203042051182937e-04 -4.445751203699100621e-04 9.654186431150916766e-04
2.773786926930852381e+00 1.358188494959971238e-01 -2.291719200349940418e-03 -2.469352281966034034e-03 5.322356900071571403e-04 -1.700229335236092725e-03
-6.515601236971491073e-01 -2.194846976457661900e-02 -7.824364913173662006e-04 4.455858551185722972e-03 5.298500813161200742e-04 -4.224470028088534129e-04
1.299229308252839887e+00 -6.220942075246267688e-03 -3.125919710767838255e-03 -4.812206184936648756e-03 9.950088217268294555e-05 5.987864296949567226e-04
-1.364296256788790629e+00 2.627596423066997158e-02 1.540582766528398890e-03 7.223739239640472251e-03 5.315202022520040511e-04 -1.344598368601231803e-03
-8.619117427904753326e-01 -1.098353672317063136e-02 2.658154686991128076e-04 5.947549343355462877e-03 3.898329986321643790e-04 -5.633924927429369636e-04
-1.288814539448977614e+00 5.335309673120351009e-03 6.676481192782792178e-05 -1.183999005568363945e-03 6.442752306815539712e-04 -4.370283104645902926e-04
-1.139007089855279320e+00 4.684888367080704275e-03 3.126813484714645037e-04 7.599806739269803976e-03 -2.245147885158062912e-04 -1.019092290613827579e-03
2.779871814980412470e-01 -3.913527902844882861e-02 -3.008795991923329805e-03 -4.641038325422047923e-03 2.747297558036563463e-04 8.540296041001550634e-04
-1.829979891472112152e+00 5.724692407572173902e-02 4.220836217934079582e-04 -2.346637518611097584e-03 -9.581744275808559263e-04 9.790550593495065887e-04
-6.111759782756196469e-01 -2.789963677750803561e-02 1.341987671726076181e-04 2.422775539982709864e-03 8.492742599396972767e-04 -8.139590923278673066e-04
1.542517399536397438e+00 7.773089487425588126e-03 -2.277804093475195059e-03 -2.143146529247813396e-03 -1.063107755346366602e-03 -8.021266106213899424e-04
-2.185585206310159734e+00 8.296140025308554322e-02 2.637810469122022026e-03 1.397131409986955650e-03 -3.521483893362802736e-04 -8.671607381912869452e-05
1.731454788010750478e+00 2.646336384904795710e-02 -2.610916393760426626e-03 -1.841639582537955540e-03 -8.468807060575004935e-04 6.623904224275977358e-05
1.043124240835792971e-01 -5.151575903888638841e-02 -7.997831998290699405e-04 -6.887114110763104154e-03 -1.915363717791251355e-04 -1.560985782234828971e-03
1.387276598886756585e+00 -3.196722284058276398e-03 -1.137848121009736851e-03 -3.419633216044281904e-03 6.644258918691865311e-04 -2.513852350388331495e-05
7.236295376407292368e-01 -2.160295734938532872e-02 -2.100274979622641751e-03 4.972517194470087686e-03 1.734228649551120720e-04 1.503402143651296516e-04
-2.008282461104033689e-01 -4.221742310975515333e-02 -1.464382474792960773e-03 -5.510524600434945838e-03 -2.534892205979031969e-04 -3.427231840330915053e-05
4.733758184896397769e-01 -2.063143102476393959e-02 -8.303049924971904689e-04 5.915343105864482101e-03 -3.057158634520450754e-04 8.197744228141478446e-04
1.127080313185768734e-01 -3.738685634519672146e-02 -1.704016486554952182e-03 -7.648964348049921850e-04 2.362160127258986257e-04 -2.641399697475956877e-04
-2.471524703511834176e+00 1.061177975476232521e-01 3.324567962385972623e-03 -6.991034828854747994e-03 -1.275916172650887659e-04 1.110544988019113123e-03
9.398985338077572860e-02 -5.116119108235413909e-02 -2.814354267485010951e-03 -1.373411050872834320e-02 -9.309263185337499384e-04 -3.138534435949457747e-04
-4.773502133159211458e-01 -3.205196736642937361e-02 -1.384350478691304598e-03 -4.573715207431060942e-03 -2.816997613936531508e-04 5.751581666300853652e-04
-1.102466545290097487e-02 -3.090499583534380562e-02 -1.452269206501888678e-03 2.881969149665427471e-03 -3.741672533664728868e-04 8.290322033593991446e-04
1.395905756649970630e+00 -1.191753875785555878e-03 -1.535767542173946745e-03 -2.123691373774968041e-03 1.883654236196103001e-04 -8.213977214575516553e-04
4.733812140135224000e-01 -3.637225954370321840e-02 -2.318576932522834703e-03 -2.316398622015820689e-03 5.579249603535270689e-04 9.880571709074054728e-05
1.788098308821725602e-01 -4.621536255471266064e-02 -2.166179348387317540e-03 -6.209317531030053051e-03 -5.423311655887881871e-04 -7.933463183042107920e-04
-1.158701035728378459e+00 1.219973170664929649e-02 9.965244847378136248e-04 8.186153892863810497e-03 -2.531484460860756265e-05 -9.077600849517086139e-04
1.354729503972727622e+00 -4.359015979395158662e-03 -1.063606683580959559e-03 -7.015057667009096283e-04 -4.964111922695541067e-04 -9.149955096338681371e-04
7.059473535311043824e-01 -4.982055996208981097e-02 4.062645066770168706e-02 -1.472217875426950866e-02 1.332711364957391183e-02 -9.562171316043524202e-03
1.706304259880711438e+00 1.951443254222792051e-02 -2.221212144905235133e-03 -3.808597044856412792e-03 -6.382563221921927618e-04 -5.875539457367115904e-04
-1.305799545448512733e+00 6.812859485873760598e-03 6.193902522118028111e-04 -2.360775920798354084e-03 3.017901222937857978e-04 -4.299031630821106213e-04
6.477271377251785367e-01 -2.662420341080217259e-02 -1.086025420285000606e-03 4.028525258611500084e-03 2.787744332127923782e-04 3.073943138743747382e-04
1.178217278782129229e+00 -1.639500804641444084e-02 -1.572410483622002251e-03 -3.323066122630917094e-03 -8.878201443760984184e-04 -8.579533217501977230e-04
-1.416756736364271685e+00 7.459553510031818706e-03 -9.784671510079457398e-04 -1.159481280607449309e-02 -7.522851204555262481e-05 1.096444057341597637e-03
1.036482785250768757e+00 4.713317572281580160e-04 -3.082052339709000569e-03 6.890747673830629333e-03 -1.198856898314384131e-03 1.483923794673818776e-03
5.296558870540211128e-01 -2.257204926803341519e-02 -1.573390377507289566e-03 5.806234769453771059e-03 -6.357349440460172715e-05 2.309846720587162912e-04
1.461164810980078110e+00 5.588434090938172553e-03 -1.405098425371600814e-03 -1.817839426231127129e-03 -4.878054342975860082e-05 5.775036616708456539e-04
1.778531536032232907e+00 2.322977542790224947e-02 -2.755733017664528054e-03 -5.073425165360745392e-03 -7.331498829046241908e-04 -9.770076317480761666e-04
-1.664875592701620111e+00 4.029531328379357125e-02 1.268452302684841809e-03 1.913463912885470571e-03 8.864260431720507867e-05 -2.714990517375774084e-04
-1.040421988448332780e+00 3.245682277913203035e-03 -2.466262060917277289e-04 6.859488644607388691e-03 -8.963413278493878177e-05 -7.497599484378255795e-04
6.594446274108567430e-01 -1.550029706038473856e-02 -1.631855572953533774e-03 6.233057411174537307e-03 -7.009295715009358600e-04 1.213583523230018406e-03
-4.183024026661856798e-01 -2.164731874960700367e-02 -1.098517621772007171e-03 5.860686059331795053e-03 -2.894023342291018245e-04 1.109161970428415497e-04
4.899145057198038278e-01 -3.447316862407601851e-02 -7.828297813498950181e-04 1.746115252773605990e-03 -7.966019983622689123e-05 -6.563549009698392599e-04
-3.808914314900413434e-01 -4.296324297982279106e-02 -1.888264457850828823e-03 -6.698470744898874125e-03 -8.851158283430724232e-04 -7.392495708663134046e-04
-6.642868320557805406e-01 -2.814022255763133640e-02 -1.029567680740923162e-03 -1.370573148336816935e-03 7.191181030702831385e-04 -4.684323091025765053e-04
5.072652012380350905e-01 -3.768850840665281809e-02 -1.970203264839007293e-03 -2.486887494384182589e-03 7.143494156201511160e-04 -4.492584134209887006e-04
8.635999730215664361e-01 -2.532613897069318359e-02 -2.058548323548572805e-03 -4.002401540904355209e-03 -1.117600076840180817e-04 7.435848002160500405e-04
6.205992067981148663e-01 -2.441046014606312875e-02 -2.626935390266887764e-03 2.990302996818748876e-03 -1.643456131164201415e-04 5.436396338238232368e-04
-8.895765056489113309e-01 -1.145752893406125350e-02 6.863480994667998502e-04 4.339702142196713575e-03 7.476100768195254650e-04 -9.385671068561841262e-04
-8.488986140417341675e-01 -1.351257167128370844e-02 -3.217730827969375162e-04 2.043809109445510110e-03 4.471295342481151967e-04 -5.898909348281866812e-04
1.127268810843967510e-02 -1.778921274092776228e-02 -9.255530268641436881e-04 1.069789852082982280e-02 -5.472139609607569932e-04 1.847032593289464565e-04
-1.776992523229860843e-01 -4.740831469781267571e-02 -2.936382557111338366e-03 -1.166234802743577187e-02 -1.309925414481963269e-03 5.402960625262796779e-05
2.277489178392310687e-01 -2.214563168808561522e-02 -1.725749294224301986e-03 6.483316289920633760e-03 -4.173953837033161202e-04 8.505080134560099973e-04
-2.502389797091440771e-02 -4.468836833911590117e-02 -1.282988625611573711e-03 -1.926340381213765326e-03 2.249464217927420206e-04 -1.403636627786059672e-03
4.971713096096416762e-01 -2.425914630187376783e-02 -1.738228717223406616e-03 3.818777949128165580e-03 -3.957887788623279846e-04 1.278231838912307359e-03
-3.202742837762048156e-01 -2.652670507182117166e-02 -4.912969055620675053e-04 4.918462269045385978e-03 1.345473784234020684e-04 -1.354877325519586266e-04
-1.693053001192527551e+00 2.923508121056558537e-02 4.460071641095176426e-04 -8.544447239422877510e-03 -3.916413484847354530e-04 2.862984077853572280e-04
1.189640076861831819e+00 -1.614306900655949895e-02 -1.751469642072530199e-03 -4.619525657716326041e-03 2.735568146324788186e-04 -1.065482517328581857e-03
1.857404685290680313e-01 -4.211128174913587180e-02 -1.003697441905811432e-03 2.632672237861926733e-04 -4.758577580345978685e-04 -1.077417931395061122e-03
1.356850115378573918e+00 -9.150898082440121761e-03 -9.639789741743574935e-04 -7.246653407416459546e-03 1.759063482143580974e-04 -4.920107430091445267e-04
-7.232636794924807155e-01 -8.284811676007693831e-03 -5.406479848482780189e-04 6.555832777794146082e-03 -1.390570864943203801e-04 -3.002448531283658786e-04
3.159418877304044915e-01 -4.755451368487405989e-02 -2.323590488816601723e-03 -1.009442709171884216e-02 -1.313826245422593415e-03 4.733808531525117425e-05
2.065176282726769452e-01 -2.871919140858080616e-02 -5.420677600216685646e-04 6.744730021135267144e-03 2.396588686103815532e-04 -1.086702797963590703e-04
-6.568302085673528579e-01 -1.170106216729066909e-02 -8.071076695051975338e-05 8.009108168697235894e-03 -2.156715616764693483e-04 -4.435519604648542787e-04
9.269230948813875770e-01 -2.708623360364800781e-02 -2.006625372931901668e-03 -2.736029372320334784e-03 -7.939591852913952972e-04 -8.339662146719409265e-04
9.507025693812987122e-01 -2.180200291863000281e-02 -1.531807709256364407e-03 -2.823796686190131137e-03 -5.723267711004064768e-05 4.209784782160498422e-04
9.111843876845823198e-01 -1.645914627217560239e-02 -1.605412841370949546e-03 1.688088470465900310e-03 -1.984087812281956208e-04 1.102610670877505203e-03
4.747669921838376106e-01 -1.559558083827938813e-02 -1.006151629829264748e-03 8.500527520067201886e-03 -6.225882166567601149e-04 1.113103956660495882e-03
1.641083518582795997e-01 -3.366182554139654504e-02 -1.638705727245526019e-03 8.983215465227573819e-04 -1.570670187488223382e-04 8.899947563837938861e-04
-1.829279104818870849e-01 -1.958779732546300431e-02 1.450641182328416814e-04 1.128761316477877065e-02 2.427771121946422384e-05 -2.934437564608937104e-04
9.482451625764584113e-01 -1.617561543416953448e-02 -8.380587610410806642e-04 3.078732823693896333e-03 -1.427862814758180205e-04 -1.698329165756244771e-04
6.934130163775427125e-01 -2.432446106919143244e-02 -1.317831658667466700e-03 2.077293009054089097e-03 1.673091385564673861e-05 6.628829923226146502e-04
4.349127760157171091e-02 -4.801477976684451893e-02 -1.792363394572042083e-03 -1.038460516868514559e-02 -1.485094458377631216e-04 2.752485599713345651e-04
-9.019834475600398971e-01 -9.266875871741490564e-03 -9.776523838919503164e-05 6.109595838161039488e-03 4.280252898994189870e-05 -5.981867941841845704e-04
1.794552660576843817e+00 2.612861887450379159e-02 1.488214934534625930e-02 4.841446681518009679e-03 1.422068202811855621e-02 9.594673784442458650e-03
-1.718558828887408740e+00 3.308735070731266131e-02 -5.403823360052266303e-04 -1.471630256211425673e-02 -7.667164005035486968e-04 1.957437198247988144e-03
-1.840332129292609364e+00 5.914751553195528311e-02 1.047310161919584376e-03 7.073753450653531318e-04 -4.892591253331691082e-04 1.125272564336048483e-04
2.347148983827271440e+00 8.486283710790412660e-02 -1.543199157469329549e-03 -6.471119360075050292e-04 -2.616989925848967492e-04 -3.153273210976303216e-04
1.513509324030165804e+00 1.997213232165034186e-02 -1.275118283081469722e-03 3.617629868897027055e-03 -6.576192073059049931e-04 1.188021333024535291e-03
-9.281899061423445896e-02 -4.692403048888314082e-02 -2.406924059331145421e-03 -6.999835000712810278e-03 1.019271377736976443e-03 -9.088409051082926556e-05
2.238455095300214914e+00 7.158034921085966451e-02 -2.561065193601818127e-03 -2.616892021456174080e-03 -4.121764736483853704e-04 -6.785526636328562599e-04
-1.599984048370295397e-01 -2.964259819376935043e-02 -7.275844195665100936e-04 5.800776806519809814e-03 5.852944387795557500e-04 -7.204842687784832706e-04
-1.641267985534611951e+00 3.648940600688145575e-02 1.051212355621278455e-03 5.851337409125080026e-03 3.113420662155802075e-04 -1.370039043747408886e-03
1.878014080235070660e+00 3.257450732600862542e-02 -9.238066892188669804e-04 -3.309128280130706114e-03 -7.563862183088092403e-04 -1.005013120725240048e-03
-2.070644656656219496e-01 -3.452327228161648776e-02 -1.575039547190315060e-03 -2.365377167074283332e-03 7.661798071222082585e-05 -5.339643313581313351e-05
-4.403873566820558083e-01 -3.438113612927486823e-02 3.461429680239809276e-04 2.771594128517740341e-03 1.000629802542557859e-03 -1.010089557385691677e-03
-1.006195312085824023e+00 3.515026570963013068e-03 -5.842886128174682933e-04 2.716900756301645400e-03 1.815688578272113172e-04 -2.344154506886382626e-04
-7.282401140010300589e-01 -1.876469465401456663e-02 -2.237300957894327452e-03 -2.675699184271170721e-04 -4.239760989050851930e-04 8.353403359073070236e-04
-1.360760529559732257e+00 4.407517883992877715e-03 1.909464919159417021e-03 2.427071577651261289e-03 8.340957579672912290e-04 -1.903978228009162730e-03
-1.460387681280324923e+00 3.375886764129901185e-02 1.900245490094939734e-03 7.688452145992039771e-03 6.715710822669129386e-04 -1.699039140303256704e-03
2.905510942000547825e+00 1.543132819113355592e-01 -2.265781901387137805e-03 -2.733631075131279058e-03 6.304892951152319758e-04 -1.994635854335301099e-03
-1.763016702167873317e-01 -4.658273128889362652e-02 2.412399968964525424e-02 -2.256701984350282825e-04 7.532624913025304583e-03 5.767611761111190311e-03
-5.648907411649742860e-01 -2.835013214870757761e-02 -1.947055870009878212e-03 -5.034558296653972830e-03 1.432469685157992478e-04 6.108414327690534374e-04
1.944540750954595998e+00 3.874903373765796466e-02 -1.035187141428231886e-03 -2.088119558743700872e-03 -6.421139811882825696e-04 -1.284394451469482142e-03
-2.891669949944103979e-01 -2.989518091172272546e-02 -2.202526537155212460e-03 -2.170717410292245016e-03 -1.895923901839734660e-04 9.241802178060935053e-04
1.312590576249558438e+00 -4.933668228219026571e-03 -1.802632268867987312e-03 -2.209611707359506252e-03 -3.240491766081554821e-04 -3.896470211527687912e-04
7.329752980777087812e-01 -6.133961879748605836e-03 -1.374012301250600180e-03 1.016986794228220276e-02 -1.022476680334894568e-03 1.434210714381575378e-03
-1.511384913805329466e+00 1.305378900928618260e-02 4.515667148062809852e-04 -4.877724106757648677e-03 5.911572300277971896e-04 -1.188994392740013844e-04
-5.184522325442919577e-01 -2.310938777177361930e-02 -3.495380389441455401e-03 -2.057518726204892595e-03 -9.761529105272975359e-04 1.459646966685236190e-03
1.386293016298358216e+00 1.254331410104225558e-03 -2.239995366424005555e-03 -2.889848396284102304e-03 -9.201029925156751230e-04 7.787170521651074710e-04
4.475119060837787210e-01 -3.655311718868065746e-02 -3.148079678390351948e-03 -6.119635904706470335e-03 -2.928556837086396854e-04 9.382609844196202614e-04
-4.510763955028281313e-01 -3.976753575856172701e-02 -2.658208506168401476e-04 -3.602200330941476760e-03 9.860708937448406375e-04 -2.222898399028850876e-04
1.530000407094919801e+00 6.179258150600570182e-03 -1.204393310159994693e-03 -3.642073234593491346e-03 -2.790521432971362122e-04 -5.915403100575774772e-04
1.310138976711711534e+00 -4.725780922988040769e-03 -1.289532808170350438e-03 -2.382115150751745909e-03 1.396944693229044000e-04 6.867864593924982112e-04
4.584919444008504485e-01 -2.634179149122865132e-02 -2.569722652630243229e-03 3.176115048417523217e-03 -2.481758196966769099e-04 1.130261143523614027e-03
5.451446387357452572e-01 -3.449207285177539883e-02 -2.085147633462941259e-03 -1.263521881690097539e-03 3.730892395720024866e-04 -7.344923693876816032e-05
7.034081895873113277e-01 -3.984551152085455406e-02 -1.998485579880933134e-03 -5.551982212495973519e-03 -4.840221934044928553e-04 -1.411034119006346474e-03
7.788556988941774950e-01 -2.526210655201206745e-02 -1.223671375998973670e-03 2.600997660028740287e-03 4.140527705196375544e-04 1.948632160954325444e-04
-3.044955768606752433e-01 -1.800993861250026890e-02 -1.428433090069425229e-03 7.730671165166376826e-03 -4.880843778748119102e-04 3.694098847698838766e-05
-6.977064610914949228e-01 -2.380303357593141836e-02 -1.636206238501038005e-03 -3.900397287407683915e-03 2.715135564016198468e-04 4.028717197470977631e-04
6.677984266555434534e-01 -3.004896548879084153e-02 -3.107799223759165341e-03 -2.055650538054387515e-03 2.717172104025949108e-04 8.493087006854968275e-04
-2.592162927985851795e+00 1.345096727819503346e-01 3.748490886037881241e-03 -4.117864470246941806e-03 -2.597027516737916795e-04 4.576695659605088304e-04
8.109773945465487133e-01 -6.448300709788643351e-03 -2.270618076605821802e-03 7.955502200117099687e-03 -9.676408845412969506e-04 1.495969489809864531e-03
1.110724908246558451e+00 -1.825452921471564655e-02 -2.539746505264795558e-03 -4.727821682934108677e-03 2.186565014544369359e-04 -2.053989113793130289e-04
1.144012575378246854e+00 1.427911588988998873e-03 -7.249823983861671461e-04 8.099379065451521240e-03 -2.120897603387825983e-04 5.830556293768624420e-04
-5.248146412652854309e-01 -2.798621221262382469e-02 -3.599715744379609569e-04 1.225962978515208893e-03 5.281327841126314373e-04 -2.611087455072821765e-04
-4.474798709569643984e-02 -3.556306482741957570e-02 -2.896484157414351904e-03 -4.735709624504054645e-03 -3.586845722992089013e-04 1.220504775208561916e-03
1.059228726561710077e-01 -4.549391985008240796e-02 -2.573553956086326554e-03 -8.669476178969117916e-03 -6.329563745142496119e-05 -8.767830011377871413e-06
-4.001887472150202352e-01 -1.920381510043315393e-02 5.708748329753799387e-05 7.609837881348295065e-03 9.414499082097589633e-05 -2.347658814478625140e-04
-9.359370542163832907e-01 -1.315583695757733748e-02 -4.755420811587142112e-04 -3.447388683055182309e-03 -9.136478962622668386e-05 4.821384361979361263e-04
-3.382577816606123777e-01 -3.613319536518844882e-02 -1.778423962374202361e-03 -4.799419984773444295e-03 -5.177522169872280028e-05 -1.261677924677835063e-04
-2.488030364410468709e-01 -2.434668853524062093e-02 3.318665161679404179e-04 1.153610343108038040e-02 3.142092065624887661e-04 -7.738528546988519526e-04
1.325557727423384513e+00 7.266588668258881431e-03 -2.012855892110554726e-03 3.230192642604824606e-03 -6.094089392860991801e-04 1.436489139654205729e-03
3.202387194561162609e-01 -3.907946055542959457e-02 -2.219291739328373668e-03 -9.532130729853913404e-04 8.023717762957759993e-04 -1.664966920136746889e-04
-1.156502291079793077e+00 1.161237068924054691e-02 -6.851860009333907164e-05 3.255763975260693010e-03 -2.837889383609142066e-05 -2.286696064475633933e-04
-5.560029271897004577e-02 -4.301521382669206556e-02 -2.620736275206925203e-03 -8.673388524457103371e-03 -2.811081515098542158e-04 2.780061393635088187e-04
1.632276014148689447e-01 -4.405943266958890769e-02 -2.885957948027854762e-03 -8.438240437506063993e-03 -7.478992606181567243e-04 1.810264855809728490e-04
-7.585483151642172794e-01 -1.458468155385271928e-02 -1.209940495968550361e-03 -1.026022605104886251e-03 1.908286483749156162e-04 2.162871603090098932e-04
1.960728108135821657e+00 2.532946807687980195e-02 4.120628329418150881e-02 -5.633817203132727817e-03 1.695378702861154510e-02 1.397741129581740391e-03
1.733641134184341626e+00 2.157529486697875448e-02 -1.535322676456535741e-03 -1.646869671549777616e-03 -1.319665499608886194e-03 -6.973525630739016738e-04
-8.347484068681296221e-02 -3.274991551132627743e-02 -1.296120282947194752e-03 -1.214422762989052955e-03 -1.383532873082517559e-04 7.802379574563007977e-04
-1.424262256180149899e+00 1.455645790821911111e-02 2.777044968044688027e-04 -4.623404543752747051e-03 2.223709867143912986e-05 6.658287280263369516e-04
-9.074914663487611000e-01 -6.635754212157710455e-03 -1.263149926226774834e-03 1.726889950366210756e-04 -3.028504134056995544e-04 6.365000763433111431e-04
-9.541764684477848091e-01 1.657909586710576552e-03 1.800958340450306745e-04 7.096061998753249236e-03 2.496782308698793432e-04 -7.083380301939547381e-04
-1.476686111428359593e+00 2.878081511418589811e-02 6.064161642255959340e-04 1.799696375082025920e-03 -2.340177078905622413e-04 6.809154907214964056e-05
-1.367539438518962092e+00 1.603327515430820471e-02 2.125454795425547460e-04 2.890212138895636822e-03 4.788562369915781605e-04 -7.655266480652234357e-04
-4.744648234520845165e-01 -1.789104184577887044e-02 2.828898489499734521e-04 6.863145947576257226e-03 2.427319780463162082e-04 -3.643674661605265106e-04
1.694856550148676755e+00 2.476880510177850367e-02 -1.947958986893570188e-03 1.121334372966365563e-03 2.222305700752354629e-04 -3.226117366486923950e-04
6.856656046923146341e-01 -1.908357178995658335e-02 -1.404769110836306652e-03 6.397686848451258554e-03 -4.747820551837702414e-04 9.770317371541332573e-04
-6.269776247297543792e-01 -1.415998822177219792e-02 7.439398004276688006e-04 9.026455041617649500e-03 4.166107307276385925e-04 -8.904160555832756063e-04
-6.113794048925329516e-01 -1.581167815038923494e-02 -4.800724499720287748e-04 3.140476072352504748e-03 -6.171382899445092241e-05 3.402146010367907369e-04
-1.137913764014639950e+00 -2.888007139228176458e-03 -1.162404688048869743e-03 -7.724898269883765517e-03 -4.874999997367283140e-04 4.236706981905611529e-04
3.790930010657459492e-01 -3.436636432385383605e-02 -2.470215682966474171e-03 -3.290552044214444254e-04 2.605152505001950315e-04 3.881805703223708865e-04
7.126867283229920691e-02 -2.515439765562470231e-02 -1.484789895116006737e-03 8.313583554988577054e-03 -1.070391101727361037e-04 1.209378619109228531e-04
-9.855669768503138028e-01 -2.894083974483340795e-03 3.795945118027965661e-04 3.964897845832734795e-03 6.072451273112045109e-04 -1.046815427979651270e-03
6.924385558176833211e-01 -3.050694750203587075e-02 -2.574345893456855827e-03 -5.937227066972521278e-04 6.631661568721113021e-04 9.522141770780831276e-05
1.407445453980185057e+00 -3.028608292491572276e-02 7.190329527996713876e-02 4.821258415348340064e-03 -8.636958023062421032e-04 8.978631110535940582e-03
1.040433341084647384e-01 -4.451018940291680964e-02 -3.115982492530693961e-03 -9.351260076790256573e-03 3.655709597896982508e-04 7.510547405846003952e-04
6.814518657113171063e-01 -3.218316784574440370e-02 -9.183457293301550703e-04 -2.413927946808567865e-04 -6.856041639159901060e-05 -7.914230040102639922e-04
-9.080031611785617240e-01 -3.008691646888141460e-02 -2.259119449978453775e-03 -1.446472099818372874e-02 -1.538209956429638847e-03 1.907782909575576977e-04
9.869272330283766770e-02 -1.759702262812457702e-02 -1.187391003859431969e-03 1.130633521731196946e-02 -4.687734807190696595e-04 2.421395708939388870e-04
-5.922182346871072978e-02 -2.094233268521657546e-02 -2.528775301129097385e-03 3.900591868835457266e-03 -1.339317520344989777e-03 1.273349741567787654e-03
-1.163382056881489879e+00 4.478757768047596753e-03 7.652168000392098888e-04 1.930369549902787724e-03 4.016805411130930977e-04 -6.757928077840193995e-04
-1.720384921799479105e+00 4.703851542174909695e-02 8.309042184403937423e-04 1.294419470506830161e-04 1.471163883964429428e-04 -2.226522486395715193e-04
1.275340956813491466e+00 3.109981933597973612e-03 -2.821258388141457876e-03 3.009104130826380837e-03 -3.304394996423617439e-04 1.001415780413899377e-03
-5.350817209747996683e-01 -2.413877136225083680e-02 -1.440379454469234476e-03 1.711540538751636946e-03 3.362270611926163814e-04 -3.028899564575244754e-05
-1.431495422112988303e+00 1.524120926261223266e-02 3.279104649184359397e-04 1.987778965965998320e-04 5.049146504870625140e-04 -3.276782329685926348e-04
1.029223608481854457e+00 -1.202321043589382223e-02 -2.116930468180988276e-03 1.527977058928259432e-03 -2.808870260490489408e-04 4.040550205864403281e-04
1.162390687869116368e+00 -1.634023124088981177e-02 -1.713652909636764754e-03 -2.794076048707707510e-03 -8.665483522766956597e-05 -1.158437879313400747e-03
-1.648735931070125060e+00 1.903354722116847031e-02 2.492218409206689838e-03 -1.460054447466678420e-03 5.149840001168985845e-04 -1.753292995816319207e-03
-1.043631007506058694e-01 -3.294470977746524060e-02 -1.249349095244650350e-03 1.197374213373753960e-03 7.715033781634708502e-05 -2.747806577394164480e-04
3.542914523684464467e-01 -3.974974503233689310e-02 -2.086202151139405353e-03 -3.511656272508724939e-03 -6.089007204845227382e-04 -3.828328022944759682e-04
-1.887116049555650710e+00 4.454441708727119309e-02 8.996920440038303152e-04 -1.014938172673119504e-02 -2.405467567713798660e-04 7.185408850177026118e-04
-9.243126345482388651e-01 -1.187365976706042554e-02 1.288867368466628700e-03 5.767434599185220639e-03 9.175664013911043583e-04 -1.602425676812647580e-03
1.297046362516097062e+00 -8.695443486228918856e-03 -2.727400271302428490e-03 -4.756334616427263483e-03 -9.543086423802806537e-04 -2.033303971474083229e-04
2.581872875064933695e-02 -4.333747090258717460e-02 -1.374759138948430590e-03 -5.144774795536831251e-03 2.966422799356300253e-04 2.849222235061358069e-04
-8.021173070806615346e-01 -3.484920629056670327e-02 -1.670520615715172848e-03 -1.158688470084809873e-02 -1.673536842936443510e-03 5.203760500954825849e-06
