-1.014466743218139122e+00 1.347569504318522515e+00
-1.007651979053822977e+00 1.335970207400265286e+00
-1.000007183553376366e+00 1.323020813403234630e+00
-9.919115894563895752e-01 1.309460877504720955e+00
-9.824993731961220167e-01 1.293905795212439092e+00
-9.738718312087877305e-01 1.277325113871800255e+00
-9.682335562255159900e-01 1.260198923573247809e+00
-9.619381568601607091e-01 1.241031875678499485e+00
-9.553698932406405886e-01 1.220537582181190128e+00
-9.485950150603267295e-01 1.198450896291904710e+00
-9.413614778042027620e-01 1.173989289068011921e+00
-9.344343944861711604e-01 1.148373476213135014e+00
-9.272329193558452864e-01 1.120228900686447204e+00
-9.199509637407807805e-01 1.090230384690066945e+00
-9.128296299370669553e-01 1.057084698255330135e+00
-9.058107314957387635e-01 1.019666198858651063e+00
-8.994510322760803644e-01 9.791639094805962840e-01
-8.933328416060843935e-01 9.322430258404535985e-01
-8.807109094473536404e-01 8.876828347500286265e-01
-8.265479343468133955e-01 8.819703310302199339e-01
-7.990608499167929368e-01 8.759147529285201683e-01
-8.377545322356960700e-01 8.734157133213900082e-01
-8.654596440630175636e-01 9.416323140852396190e-01
-8.487772644126012622e-01 1.046118251191346715e+00
-8.338507992873349650e-01 1.139307394203867174e+00
-8.246613584013963161e-01 1.236023808417523684e+00
-8.153318630272110568e-01 1.329052065801892724e+00
-8.072558769624877950e-01 1.425437981851902514e+00
-8.154530624047439114e-01 1.520166168051794164e+00
-8.402873992113553125e-01 1.617646913869548619e+00
-8.697555730608916846e-01 1.721701530088749932e+00
-9.131326850205518930e-01 1.836243587000216948e+00
-9.853039712445844645e-01 1.963159712972835758e+00
-1.063758861967889935e+00 2.102248648980115320e+00
-1.150617537207127672e+00 2.256699357482431889e+00
-1.227818610494436635e+00 2.393974822733461405e+00
-1.312084845945332257e+00 2.542892810038620777e+00
-1.405249629422108404e+00 2.708173057008775864e+00
-1.509351188679908473e+00 2.890343525273929792e+00
-1.625650468881278732e+00 3.094659052527562793e+00
-1.758057458061617950e+00 3.326936432545696487e+00
-1.908688781252603883e+00 3.588103655540760606e+00
-2.080684928674260803e+00 3.878346771235422263e+00
-2.280220023058057155e+00 4.198878039524074346e+00
-2.512763759875535019e+00 4.541338423260022239e+00
-2.788978173497430380e+00 4.897169070419195691e+00
-3.243164305925049451e+00 5.260236260420239063e+00
-3.810212616968928767e+00 5.573738495761366707e+00
-4.515017922815373730e+00 5.695034469327570292e+00
