-2.244118448377822178e-02 5.154952432732711642e+00
-2.205618335109691894e-02 5.128826906234163374e+00
-2.165852705382661364e-02 5.102608266884312016e+00
-2.126668924395856350e-02 5.077561513201892751e+00
-2.084675514174003444e-02 5.051279842994528479e+00
-2.041688883636533572e-02 5.024732892296398745e+00
-1.999516104272934872e-02 4.999051342410011145e+00
-1.954917181287950737e-02 4.972590166396839706e+00
-1.909716129612720747e-02 4.946612055041295086e+00
-1.863967097690290980e-02 4.921188394884479678e+00
-1.816442546586599996e-02 4.895161147841895044e+00
-1.768697251731414163e-02 4.869183767145591091e+00
-1.723372072557466383e-02 4.843019908991774258e+00
-1.670662476727358126e-02 4.817808907575586552e+00
-1.620634500494971472e-02 4.792902430696386773e+00
-1.572971598441709820e-02 4.767127506098287171e+00
-1.530206616981284393e-02 4.741876256277512525e+00
-1.485957921358156512e-02 4.716651638063423135e+00
-1.443513712921899728e-02 4.693406750785300119e+00
-1.400955957621269170e-02 4.670300419737561270e+00
-1.357662374947223027e-02 4.646712409094861940e+00
-1.313132289173064848e-02 4.623006428633917864e+00
-1.269204478934684785e-02 4.600468850020760669e+00
-1.224741531947553044e-02 4.577646201345430654e+00
-1.182017291804998531e-02 4.558881608535032548e+00
-1.147870607848139150e-02 4.539444356269947356e+00
-1.113623763446715785e-02 4.520531984493460165e+00
-1.073990444271535720e-02 4.499465632634139567e+00
-1.033499242450715283e-02 4.477427292683240800e+00
-9.921446037967891415e-03 4.455534322995548635e+00
-9.499848323411379247e-03 4.433035347675472693e+00
-9.066914670199705331e-03 4.409573527134611481e+00
-8.636873052186000085e-03 4.385427231278094418e+00
-8.175063016921191653e-03 4.363200584686300232e+00
-7.712498961645010941e-03 4.340344417958824863e+00
-7.334630346449070790e-03 4.320420685023545815e+00
-6.950119033380269297e-03 4.301322721774065272e+00
-6.556393938477962646e-03 4.281249922947074182e+00
-6.155900045861679645e-03 4.258784278249254207e+00
-5.753656923495666445e-03 4.234469097398891435e+00
-5.350333960034728449e-03 4.207407711073066992e+00
-4.952544999291260547e-03 4.178088713443790070e+00
-4.563861324161633086e-03 4.146188157390777285e+00
-4.190052569299861258e-03 4.109600535016573630e+00
-3.900337569867043559e-03 4.069877796165600969e+00
-3.573111675464655471e-03 4.019568014515542131e+00
-3.194483945580910145e-03 3.945490349140133191e+00
-2.780211259026012759e-03 3.842268537211138035e+00
-2.354157977052619317e-03 3.688031094425616274e+00
