-5.502181941214874354e-04
-5.904482453686925227e-04
-6.338261004884895855e-04
-6.806338373159302822e-04
-7.311977841930922435e-04
-7.858453879396639762e-04
-8.448929219601602082e-04
-9.086501898547147361e-04
-9.774586781956500891e-04
-1.051712274755253708e-03
-1.131858282036435131e-03
-1.218401439948180783e-03
-1.311897381561132970e-03
-1.412963687213113391e-03
-1.522294991177344618e-03
-1.640677297023337240e-03
-1.769010559261811237e-03
-1.908294316354117431e-03
-2.059560883868879338e-03
-2.223912119283396292e-03
-2.402545818144776607e-03
-2.596771334798895960e-03
-2.808010613184383150e-03
-3.037786031390050500e-03
-3.287600823052695773e-03
-3.559016350429550311e-03
-3.853661467158693652e-03
-4.173212877085139688e-03
-4.519365121257832782e-03
-4.893593915460921380e-03
-5.297273737516373406e-03
-5.731702442829499609e-03
-6.198122258580019729e-03
-6.697478374382891640e-03
-7.230330250004529322e-03
-7.797071858362729889e-03
-8.397932541916654225e-03
-9.032664699526933919e-03
-9.700515735996850103e-03
-1.040049400925141011e-02
-1.113129314668325799e-02
-1.189082123171083909e-02
-1.267668128121812558e-02
-1.348629726289433603e-02
-1.431661120432016834e-02
-1.516448523056723209e-02
-1.602664308302944457e-02
-1.689866879830145135e-02
-1.777592093783931029e-02
-1.865392389551360358e-02
-1.952847596948020098e-02
-2.039676224141719063e-02
-2.125846575248735437e-02
-2.211565356525024839e-02
-2.296984999819946111e-02
-2.382053748203147997e-02
-2.466586028687410559e-02
-2.550057386588037295e-02
-2.631725679323859354e-02
-2.710811012718764013e-02
-2.786361735238515602e-02
-2.857408951197924415e-02
-2.922804319319262378e-02
-2.981178503204657063e-02
-3.030803478495617403e-02
-3.069424808474716104e-02
-3.094156852164843194e-02
-3.101512069853923706e-02
-3.087377846886910082e-02
-3.047267326535293627e-02
-2.976662459342737863e-02
-2.871416197906558054e-02
-2.727987627737387191e-02
-2.543551062017703618e-02
-2.316612560934841469e-02
-2.047375525680339772e-02
-1.737784897898949840e-02
-1.392736167599281129e-02
-1.020537227963326694e-02
-6.328790693290030356e-03
-2.444223119173625104e-03
1.295810901288225146e-03
4.766807025437668106e-03
7.900159175664401776e-03
1.071217372762608630e-02
1.330440562096233889e-02
1.585400960180989582e-02
1.860038850829668494e-02
2.178608997414687928e-02
2.562051700423641915e-02
3.030241708986597740e-02
3.593414187670568305e-02
4.260426481564280610e-02
5.035236576006362624e-02
5.902557130396201418e-02
6.840280411854257614e-02
7.815649560084633740e-02
8.788925307340152149e-02
9.734346054634195056e-02
1.063686386987040267e-01
1.148966011353898115e-01
1.233011191226890957e-01
1.319980088435100118e-01
1.413464491140549173e-01
1.516610485522498220e-01
1.630726128142975517e-01
1.754417334959329500e-01
1.887188757156801622e-01
2.025003050074428157e-01
2.164289653265472346e-01
2.304368194388320690e-01
2.446012805811832169e-01
2.591562390985332476e-01
2.743271164968991704e-01
2.903189139483137171e-01
3.069497094749563670e-01
3.241462710247625112e-01
3.417899617144855018e-01
3.599235221670322726e-01
3.784975040784245848e-01
3.977579836174510164e-01
4.177212254091721144e-01
4.383240567351933126e-01
4.594705571830603463e-01
4.811412805596084197e-01
5.033870837671747811e-01
5.262039002714957725e-01
5.496622448608364797e-01
5.737736052430598699e-01
5.984811485752221660e-01
6.237684777511209866e-01
6.496697843404026784e-01
6.761782594771156285e-01
7.032776130406978021e-01
7.309445822367222068e-01
7.591806465045388697e-01
7.879955942187738538e-01
8.173984576916951683e-01
8.473581559883751613e-01
8.778477033813244512e-01
9.088797973000488639e-01
9.404279946184576078e-01
9.724748367475629651e-01
1.005018281275202652e+00
1.038045538513137522e+00
1.071518436687062703e+00
1.105405326219764062e+00
1.139691795461431623e+00
1.174350972367522949e+00
1.209372078935355921e+00
1.244757078107658677e+00
1.280474533730068476e+00
1.316481517582710481e+00
1.352753348949266687e+00
1.389254895928396794e+00
1.425957278777055359e+00
1.462827097020294786e+00
1.499833971149654666e+00
1.536954790838867657e+00
1.574153651500344919e+00
1.611403055148524777e+00
1.648675649600629178e+00
1.685940143961362381e+00
1.723163305053555527e+00
1.760319945547661025e+00
1.797377951690082298e+00
1.834307412273305626e+00
1.871081257833735911e+00
1.907669300910900700e+00
1.944043930609924864e+00
1.980179676505623654e+00
2.016052250702224047e+00
2.051640108247781757e+00
2.086920716054717850e+00
2.121876816427193724e+00
2.156486443898187666e+00
2.190732981920946898e+00
2.224599766631403686e+00
2.258075079115103634e+00
2.291147710244830549e+00
2.323809722975046288e+00
2.356056181096318980e+00
2.387879489442337633e+00
2.419278593981635694e+00
2.450247246292362568e+00
2.480786473975466144e+00
2.510898383197052386e+00
2.540583785405851280e+00
2.569850302563516653e+00
2.598702592838000758e+00
2.627144565671308829e+00
2.655188903672901279e+00
2.682840059269138155e+00
2.710107517157801293e+00
2.736986090775142877e+00
2.763529409035882178e+00
2.789729066070293584e+00
2.815758496905656383e+00
2.843196367771210653e+00
2.864692794008997900e+00
