-4.567906858519388768e-04
-4.894881444919600092e-04
-5.247335131782048922e-04
-5.627631437188585157e-04
-6.038511073591934508e-04
-6.482680125429279806e-04
-6.962680884366912338e-04
-7.480956890163688615e-04
-8.040226834442723612e-04
-8.643708774449322977e-04
-9.295132817249755720e-04
-9.998748484078391965e-04
-1.075923305600850945e-03
-1.158177251622817235e-03
-1.247221819171514439e-03
-1.343723453069663393e-03
-1.448452557823252029e-03
-1.562269896425276050e-03
-1.686063966952220565e-03
-1.820784927530734280e-03
-1.967471150162515385e-03
-2.127264273950017423e-03
-2.301410154214976120e-03
-2.491247270449951749e-03
-2.698094050663366137e-03
-2.923323142964264799e-03
-3.168372607680890879e-03
-3.434730643224718702e-03
-3.723910148977851303e-03
-4.037229301223355972e-03
-4.375920923320611965e-03
-4.741156334721519441e-03
-5.134070953581350294e-03
-5.555547291190557867e-03
-6.006133015702052810e-03
-6.486246927562788062e-03
-6.996181781067738886e-03
-7.535815055215986692e-03
-8.104587714896709441e-03
-8.701757188185176711e-03
-9.326328894651405091e-03
-9.976618009527879818e-03
-1.065069507910775849e-02
-1.134649916679206054e-02
-1.206154997471678599e-02
-1.279331389420776920e-02
-1.353914005760822707e-02
-1.429532241973290908e-02
-1.505793981825456068e-02
-1.582320976560475448e-02
-1.658756596711637860e-02
-1.734866349961452711e-02
-1.810638202652542494e-02
-1.886269146726147344e-02
-1.961894998093752576e-02
-2.037453402444840828e-02
-2.112751936168815597e-02
-2.187281666772418476e-02
-2.260332286755314946e-02
-2.331161440474114471e-02
-2.398870836095596398e-02
-2.462550450767360399e-02
-2.521129430447012140e-02
-2.573338750471095698e-02
-2.617584250929036460e-02
-2.651790892421642537e-02
-2.673302352491922773e-02
-2.678901097788653762e-02
-2.664778383234939554e-02
-2.626758991863490170e-02
-2.560607718813168523e-02
-2.462392598748240624e-02
-2.328696562102048478e-02
-2.156720031896004058e-02
-1.944866590760065128e-02
-1.693098911077662097e-02
-1.403006661822245836e-02
-1.078979397857329076e-02
-7.286853431436214265e-03
-3.630924583060750072e-03
3.885317826977124125e-05
3.576098012914561558e-03
6.859364711955964408e-03
9.819041209062382564e-03
1.246562418926785293e-02
1.489101839764273190e-02
1.726046850600317442e-02
1.980071489939996127e-02
2.274441727099621446e-02
2.629585426008501300e-02
3.065187085619260760e-02
3.591921981657621860e-02
4.219168710764142211e-02
4.951475339394556530e-02
5.774646266237874054e-02
6.667370984840326198e-02
7.597505559407807807e-02
8.525580423470278946e-02
9.425273896117276895e-02
1.028073179753081351e-01
1.108466239426555144e-01
1.187327630475742135e-01
1.268791195570731778e-01
1.356525206795910488e-01
1.453802479334673214e-01
1.562072202136739474e-01
1.680044127484136007e-01
1.807155375039081191e-01
1.939259746329401735e-01
2.072604880497176394e-01
2.206320424465058883e-01
2.341097210182524202e-01
2.479338675524286606e-01
2.623515276045926825e-01
2.775921827218992832e-01
2.934901162682669318e-01
3.099691966247682950e-01
3.268917113995301604e-01
3.442776052590560409e-01
3.620656561192976963e-01
3.805060316214126659e-01
3.996320186045527745e-01
4.193961588769091198e-01
4.397073043725920893e-01
4.605389943614924264e-01
4.819329158789315004e-01
5.038806237092139373e-01
5.264570355862000506e-01
5.496809523381342988e-01
5.734979924612109148e-01
5.978910558465061476e-01
6.228934350800132691e-01
6.484992834264857731e-01
6.746941852853101107e-01
7.014575450889783959e-01
7.287920096280856574e-01
7.567076222021674736e-01
7.852150133333064552e-01
8.142850236655847507e-01
8.438923149333545926e-01
8.740510208350944499e-01
9.047359974231941049e-01
9.359317362312223887e-01
9.676372627816784977e-01
9.998412830608794932e-01
1.032507656174209476e+00
1.065605969655754937e+00
1.099123392349321771e+00
1.133034279638440722e+00
1.167329246310667257e+00
1.202011623531115347e+00
1.237051259351395371e+00
1.272406488047592932e+00
1.308053556837558640e+00
1.343958499302555953e+00
1.380093467314322586e+00
1.416425937004788471e+00
1.452925960107696701e+00
1.489571066776356423e+00
1.526326042639682523e+00
1.563163673522200758e+00
1.600056916511273020e+00
1.636974849760222783e+00
1.673884193011466293e+00
1.710759400836726840e+00
1.747568181546107269e+00
1.784280080972300508e+00
1.820867388420987831e+00
1.857299504541264579e+00
1.893547906322303520e+00
1.929586226509750313e+00
1.965389088011445962e+00
2.000933530980174346e+00
2.036195678124633091e+00
2.071156644034851446e+00
2.105792967672011962e+00
2.140086336234485742e+00
2.174018386923140866e+00
2.207575501253429273e+00
2.240744586643859115e+00
2.273515682343848265e+00
2.305881818034912545e+00
2.337833440061661161e+00
2.369367282560639776e+00
2.400475323555003371e+00
2.431156366120214241e+00
2.461410767781103015e+00
2.491237660998810721e+00
2.520642678873858955e+00
2.549629024771075336e+00
2.578199136862753704e+00
2.606363840923847430e+00
2.634126505313846511e+00
2.661495626720165930e+00
2.688465161799642456e+00
2.715087440323502133e+00
2.741353837865330600e+00
2.767437360553011150e+00
2.794912342226234525e+00
2.816443788120261082e+00
