-4.267520206050297500e-04
-4.570396736490258435e-04
-4.896828148348980874e-04
-5.248990718440450396e-04
-5.629429812438600149e-04
-6.040657631861287525e-04
-6.485046502563963054e-04
-6.964877041707819884e-04
-7.482700194902862194e-04
-8.041522175701790306e-04
-8.644811960795349389e-04
-9.296511932698149541e-04
-1.000096569186435629e-03
-1.076302153715700226e-03
-1.158817675797009202e-03
-1.248272390340306659e-03
-1.345395907427580874e-03
-1.451004684297574647e-03
-1.565940621716445293e-03
-1.691103730533766950e-03
-1.827477924988667787e-03
-1.976146310351664746e-03
-2.138293730726856072e-03
-2.315196259090991551e-03
-2.508112109851136275e-03
-2.718352957315399530e-03
-2.947293019192133694e-03
-3.196354610240485956e-03
-3.466983637033830938e-03
-3.760440157692606245e-03
-4.077907578172655124e-03
-4.420515119781929896e-03
-4.789363087000976342e-03
-5.185308784869482358e-03
-5.608887305065817994e-03
-6.060514363473045417e-03
-6.540492767248507963e-03
-7.048733714689964062e-03
-7.584736117895170965e-03
-8.147833353309182416e-03
-8.737125814346628425e-03
-9.351054674478574691e-03
-9.987835746581352758e-03
-1.064557026059232379e-02
-1.132196098384874623e-02
-1.201466681763365546e-02
-1.272123778915357738e-02
-1.343820024516127580e-02
-1.416187408788610082e-02
-1.488871188868018912e-02
-1.561536700019885461e-02
-1.633965903780829759e-02
-1.706154079642005494e-02
-1.778296035842509559e-02
-1.850523521903255086e-02
-1.922772793346449322e-02
-1.994851363201143035e-02
-2.066257819161737216e-02
-2.136294484830116719e-02
-2.204233141742241095e-02
-2.269194454400050992e-02
-2.330288900824365600e-02
-2.386472001190906994e-02
-2.436508443308154845e-02
-2.478848875795108125e-02
-2.511478620345375737e-02
-2.531819531711231031e-02
-2.536747192836850615e-02
-2.522558252686004157e-02
-2.485186412587655699e-02
-2.420498154531272941e-02
-2.324642494172451598e-02
-2.194251054948738802e-02
-2.026537678274435011e-02
-1.819875343508801924e-02
-1.574148271695053822e-02
-1.290825608129286123e-02
-9.741190019669955166e-03
-6.314674661804027533e-03
-2.735758317615186348e-03
8.591822910307822655e-04
4.326086443812722504e-03
7.544742727621558606e-03
1.044531175372531533e-02
1.303630265036314663e-02
1.540618354463472311e-02
1.771586577185058423e-02
2.018741150409845975e-02
2.304973670761583868e-02
2.650502409686089286e-02
3.074913112675001919e-02
3.589011575308296426e-02
4.202341820679439399e-02
4.919652488469004187e-02
5.727148771499472601e-02
6.603828397161864983e-02
7.517809007405922006e-02
8.429765581813691844e-02
9.313215880570940852e-02
1.015203864042107523e-01
1.093877442160589158e-01
1.170918774173105581e-01
1.250447666986051753e-01
1.336154685802920794e-01
1.431353814730002005e-01
1.537543354058775180e-01
1.653472250361820994e-01
1.778556208027966823e-01
1.908616778792936175e-01
2.039839971071158442e-01
2.171288620597614794e-01
2.303621353215141443e-01
2.439260586676405274e-01
2.580750810276464247e-01
2.730472083672264016e-01
2.886828890758117994e-01
3.049052511753534422e-01
3.215700041953119537e-01
3.386887343611020840e-01
3.561957738879623636e-01
3.743423277991484999e-01
3.931678453309205290e-01
4.126308663960516765e-01
4.326423549263814783e-01
4.531731891262872902e-01
4.742614411314884371e-01
4.958968350475835285e-01
5.181559581211200305e-01
5.410604287471880713e-01
5.645568530363455073e-01
5.886278777121389805e-01
6.133063814086707755e-01
6.385868332449075035e-01
6.644553938234786239e-01
6.908924751928452457e-01
7.179013360405737121e-01
7.454920001227567372e-01
7.736756407144034231e-01
8.024239046302608092e-01
8.317120284472097058e-01
8.615545977396945609e-01
8.919270690008801461e-01
9.228146061569049152e-01
9.542166071349779122e-01
9.861224889682440597e-01
1.018496738211507102e+00
1.051309464812676397e+00
1.084548430833601973e+00
1.118188451738571176e+00
1.152220770544160944e+00
1.186649144595750549e+00
1.221444010760456500e+00
1.256564100251353677e+00
1.291986188118696699e+00
1.327676683394040769e+00
1.363608178779052160e+00
1.399748419161079838e+00
1.436067819386593891e+00
1.472544086672923136e+00
1.509142288223361383e+00
1.545835388975297597e+00
1.582596524541814320e+00
1.619394915848114458e+00
1.656197278617392410e+00
1.692978046988809160e+00
1.729704845481824460e+00
1.766347056351466716e+00
1.802876800116277378e+00
1.839263300834476755e+00
1.875477799168207227e+00
1.911493589115199621e+00
1.947284888204040110e+00
1.982828272538291969e+00
2.018099342177697153e+00
2.053078661534321281e+00
2.087742195295161363e+00
2.122071036666227428e+00
2.156046172600520894e+00
2.189653299469175529e+00
2.222878595757512787e+00
2.255711352035486783e+00
2.288143821662595556e+00
2.320165670641144207e+00
2.351772844959871378e+00
2.382956541784135851e+00
2.413714827722348133e+00
2.444047314577984853e+00
2.473952393965479946e+00
2.503435068026141685e+00
2.532497868892674475e+00
2.561142553164904800e+00
2.589379414537368529e+00
2.617211183945237440e+00
2.644646039211141275e+00
2.671677502383261515e+00
2.698357518923003351e+00
2.724677531199337199e+00
2.750810321715527973e+00
2.778329574670816982e+00
2.799901387275929299e+00
