-1.136401924246043839e-04
-1.189338744233984027e-04
-1.246004985857258668e-04
-1.306872291466138110e-04
-1.372560845438775023e-04
-1.443610417020335863e-04
-1.520426757136229866e-04
-1.603310353760767088e-04
-1.692643482047776989e-04
-1.788984299539368001e-04
-1.893066221380752757e-04
-2.005803879546248401e-04
-2.128253510109430859e-04
-2.261691164392292124e-04
-2.407677822313962414e-04
-2.568126777007022853e-04
-2.745420809165977105e-04
-2.942339925119395239e-04
-3.161717758965775838e-04
-3.406627644270152707e-04
-3.680541423063146103e-04
-3.987409675909895030e-04
-4.331669228181825120e-04
-4.718200739021772574e-04
-5.151722670691986179e-04
-5.637209247009578169e-04
-6.179984038786104882e-04
-6.785653492792270746e-04
-7.460006647981906993e-04
-8.207860113383949564e-04
-9.033708301701441276e-04
-9.941886589124803667e-04
-1.093678726623544808e-03
-1.202171815625445797e-03
-1.319850321035783043e-03
-1.446874483017263676e-03
-1.583398803951182069e-03
-1.729418290460864056e-03
-1.884760072231904350e-03
-2.049240903857232465e-03
-2.222635049291916184e-03
-2.404433890896185040e-03
-2.594112066274891805e-03
-2.791197215598678269e-03
-2.995092381850722896e-03
-3.205268769082953838e-03
-3.421227185941627755e-03
-3.641957878464180225e-03
-3.866415982895031640e-03
-4.093720570174544209e-03
-4.323142462628163513e-03
-4.554574556668401081e-03
-4.788989368294647823e-03
-5.028274740572384778e-03
-5.273717835617680767e-03
-5.525304084966068015e-03
-5.782185669075850729e-03
-6.041730578780036415e-03
-6.300224268286189373e-03
-6.553848496120930067e-03
-6.797908947704734209e-03
-7.027641550958462283e-03
-7.237388910918152521e-03
-7.420452654884690871e-03
-7.568434196105242907e-03
-7.670387846174112415e-03
-7.712260885455391596e-03
-7.676903510874691187e-03
-7.543698290635755636e-03
-7.289514111400301720e-03
-6.889894961404244983e-03
-6.320569611423672816e-03
-5.558123354841530174e-03
-4.580260874879209937e-03
-3.369227279065479305e-03
-1.914010957976758310e-03
-2.115194585990023523e-04
1.725055046961652093e-03
3.861516042134940235e-03
6.140350394557672273e-03
8.480562899210900701e-03
1.078904841762368116e-02
1.297958304870392571e-02
1.499058395342183631e-02
1.680544409327477950e-02
1.845736926763349994e-02
2.002966258674379954e-02
2.165330995953634180e-02
2.347519526178181576e-02
2.563856942842125328e-02
2.829660616855918243e-02
3.155504816976791027e-02
3.551688215701558071e-02
4.025150938388654537e-02
4.569148396968347042e-02
5.169713493031314472e-02
5.802553109444974488e-02
6.435000417463246358e-02
7.041548785910355102e-02
7.604126410974322570e-02
8.113351390824907750e-02
8.594819956317820142e-02
9.083101883212965633e-02
9.613840468748056922e-02
1.022226356950936277e-01
1.092900298717282004e-01
1.172914458689869321e-01
1.261561156090841851e-01
1.354671959403982440e-01
1.447913996535357406e-01
1.539390525792236897e-01
1.629134514779732590e-01
1.719565185202766855e-01
1.814101451219248817e-01
1.916323851948790180e-01
2.025873754651749403e-01
2.142033844682623978e-01
2.262415343147568259e-01
2.385633391770313194e-01
2.510174686531636556e-01
2.638483547086064029e-01
2.772049527772462163e-01
2.911671328659055646e-01
3.056985718842659683e-01
3.207222028405669056e-01
3.361931682714315861e-01
3.520557778005116711e-01
3.684124374243370470e-01
3.853478589356113537e-01
4.028387354863117720e-01
4.208559343711397727e-01
4.394104458219924014e-01
4.585011927836279977e-01
4.781360157345668216e-01
4.983153905329709144e-01
5.190421659275470390e-01
5.403237609692850274e-01
5.621890086490062277e-01
5.846281116081138984e-01
6.076205364455982139e-01
6.311853081576558333e-01
6.553137491887528476e-01
6.800099875012561856e-01
7.052775738145176110e-01
7.311137487224078635e-01
7.575009466852918871e-01
7.844245700465265481e-01
8.118823191872996947e-01
8.398573474772763614e-01
8.683582154722491175e-01
8.974009952231699616e-01
9.269657507954129905e-01
9.570253877007646182e-01
9.875697158810967657e-01
1.018574150129549105e+00
1.050024596412700406e+00
1.081899278379932605e+00
1.114176831608640672e+00
1.146846898934004377e+00
1.179882096037544459e+00
1.213264108015994713e+00
1.246975623564380076e+00
1.280991308799612982e+00
1.315285838460972245e+00
1.349835880617532125e+00
1.384614107652046400e+00
1.419591536401157095e+00
1.454742644504813720e+00
1.490038207699953210e+00
1.525450522305878742e+00
1.560950043282121280e+00
1.596509965852989099e+00
1.632099831413196922e+00
1.667691202916837145e+00
1.703256966739444378e+00
1.738766088926920750e+00
1.774192124608281906e+00
1.809506667066441032e+00
1.844683987146319426e+00
1.879698718217938547e+00
1.914526864335494682e+00
1.949145298491077316e+00
1.983530119458366769e+00
2.017661529444713331e+00
2.051516191917815313e+00
2.085075579797519119e+00
2.118322670527246210e+00
2.151238862814043529e+00
2.183812474795871150e+00
2.216028907932274805e+00
2.247873117887942751e+00
2.279338062433533096e+00
2.310410316743200632e+00
2.341089834313538454e+00
2.371354576616638621e+00
2.401231279714158617e+00
2.430672236630014638e+00
2.459960029262402870e+00
2.490492970892535407e+00
2.515074682139510021e+00
