-5.206553436151419500e-05
-5.257543056312875390e-05
-5.308975254324200898e-05
-5.362005303850274650e-05
-5.418616440388925102e-05
-5.479919889764213242e-05
-5.545882016699095284e-05
-5.615591755234641255e-05
-5.688641901978508706e-05
-5.765908335613888387e-05
-5.849436707166973782e-05
-5.942241610936875785e-05
-6.047831296168400608e-05
-6.170568771266365092e-05
-6.316333369911734800e-05
-6.493152078742549184e-05
-6.712182696659712579e-05
-6.987314570707222152e-05
-7.332550589272830959e-05
-7.763195978081998121e-05
-8.296717605441214472e-05
-8.953256734012553144e-05
-9.755817598074256855e-05
-1.073005434501127573e-04
-1.190048672476726839e-04
-1.329319583572074808e-04
-1.493645476134035995e-04
-1.686021242332806278e-04
-1.909535050104950102e-04
-2.166601220785973150e-04
-2.459409462000292914e-04
-2.790043394329609736e-04
-3.160635513430415334e-04
-3.572610486144553910e-04
-4.026432878849948147e-04
-4.522494513359807955e-04
-5.061227574822506608e-04
-5.642071312089519614e-04
-6.263414240835717389e-04
-6.923699742131895823e-04
-7.621247072153797741e-04
-8.352638693228282840e-04
-9.114576544028526106e-04
-9.904368985268372731e-04
-1.071868720024975533e-03
-1.155482285856628509e-03
-1.241043211322778120e-03
-1.327992292971799443e-03
-1.415782082492945395e-03
-1.504031497979387184e-03
-1.592510254267813724e-03
-1.681422969683098699e-03
-1.771669193317876919e-03
-1.864706855759022718e-03
-1.961533854311208261e-03
-2.062259582664186311e-03
-2.166487879774040871e-03
-2.272723086452091076e-03
-2.378868775183458784e-03
-2.482895945008329122e-03
-2.582281492790788717e-03
-2.674528299840026740e-03
-2.756608305667877529e-03
-2.824885056599335097e-03
-2.874690130924118393e-03
-2.899796519740407887e-03
-2.892076010621175315e-03
-2.841486674561884487e-03
-2.735807394456906631e-03
-2.561210861990207473e-03
-2.302845592316289745e-03
-1.945557215836447341e-03
-1.474012003857194967e-03
-8.725419392570828159e-04
-1.272302983012834818e-04
7.729265950083175248e-04
1.835345112218434794e-03
3.058035237548007487e-03
4.425954127082698704e-03
5.908858328435231608e-03
7.460168200797989008e-03
9.023367169345224495e-03
1.054372325542364541e-02
1.197961443559553314e-02
1.331622787943036526e-02
1.456925162384561240e-02
1.578661725358732060e-02
1.704917865116441916e-02
1.845042329325292593e-02
2.008536304290881383e-02
2.206239703915887501e-02
2.446225569092295993e-02
2.737014064120180459e-02
3.085197804321555132e-02
3.487517989937000129e-02
3.935045256443649858e-02
4.410350458639667598e-02
4.888258579710053758e-02
5.347549154726898707e-02
5.771703649362946303e-02
6.150945413298521125e-02
6.502915966392416869e-02
6.853981194741499972e-02
7.233443708736810029e-02
7.672101096610953186e-02
8.190178350455865064e-02
8.787078753213398152e-02
9.458021710133236726e-02
1.016798587824868927e-01
1.087770932466810697e-01
1.156667760299167763e-01
1.223154686809449915e-01
1.289204059318712903e-01
1.358063460199354366e-01
1.433390955189807192e-01
1.515486989330853407e-01
1.603938170887449777e-01
1.696368952603892755e-01
1.790902840565117837e-01
1.885646861772869720e-01
1.982585504658026798e-01
2.083463150297256983e-01
2.189646264184022251e-01
2.301256262693722465e-01
2.417503394607976586e-01
2.537535378863515212e-01
2.660427684178877095e-01
2.787085957978432393e-01
2.918619167212125887e-01
3.055125719295202491e-01
3.196406087373637184e-01
3.342410628906331005e-01
3.492992209423003702e-01
3.648241987033085110e-01
3.808328034631079939e-01
3.973378540378172952e-01
4.143442540207540326e-01
4.318796419468977632e-01
4.499411010468874483e-01
4.685162432767323581e-01
4.876288198831027487e-01
5.072734194226087290e-01
5.274613252709220435e-01
5.482021867125653758e-01
5.694994890795568310e-01
5.913450505746922214e-01
6.137307197311073770e-01
6.366601711529178420e-01
6.601260835985691688e-01
6.841457383196863917e-01
7.087432653079512868e-01
7.339076605418459742e-01
7.596212748965226469e-01
7.858828352022412256e-01
8.126774600051533959e-01
8.399998041325165143e-01
8.678389540783451039e-01
8.961825012883812835e-01
9.250295674588800976e-01
9.543625009455928287e-01
9.841733094945276372e-01
1.014453471192939826e+00
1.045186896885235583e+00
1.076357575244551334e+00
1.107950558002228192e+00
1.139946084947500271e+00
1.172323476783132534e+00
1.205064585762829710e+00
1.238147521564824993e+00
1.271551529390966051e+00
1.305252753277944988e+00
1.339229362350301100e+00
1.373454601367759320e+00
1.407903571935252174e+00
1.442551807390056728e+00
1.477370681968454003e+00
1.512336234638436361e+00
1.547420401983268246e+00
1.582597321844493088e+00
1.617839616316028462e+00
1.653120723681695159e+00
1.688413919131189767e+00
1.723691392532089361e+00
1.758929206758390151e+00
1.794098546650512604e+00
1.829175187027400673e+00
1.864133289541850536e+00
1.898946684305489851e+00
1.933593338579375320e+00
1.968048154174855791e+00
2.002285874656593467e+00
2.036288712233154996e+00
2.070033629994500579e+00
2.103506378938456489e+00
2.136674822342040425e+00
2.169558001108473633e+00
2.202086299822329618e+00
2.234536478718266217e+00
2.268169798807567972e+00
2.296141443784045943e+00
