-4.571036859506113798e-05
-4.574286236813550268e-05
-4.574259363152892639e-05
-4.571578902731413950e-05
-4.567603188982694831e-05
-4.562986387508686186e-05
-4.557430837712366959e-05
-4.549989315641657557e-05
-4.540184884535862150e-05
-4.528532929040556199e-05
-4.516326789613343953e-05
-4.505515774765777226e-05
-4.498481678452350861e-05
-4.498560599715670840e-05
-4.510669686608688770e-05
-4.541712070933455231e-05
-4.601377025675947887e-05
-4.701638058655970226e-05
-4.854462310994544469e-05
-5.072932886269956588e-05
-5.372144773589325169e-05
-5.769669719435925630e-05
-6.285649911120764100e-05
-6.942663496446130908e-05
-7.762146037453968625e-05
-8.767047329920583671e-05
-9.982309404007968818e-05
-1.143438092607075720e-04
-1.315040436420343020e-04
-1.515112797085465873e-04
-1.745517883248090801e-04
-2.008033423638731134e-04
-2.304510408813299034e-04
-2.636157551062060542e-04
-3.003298797997992070e-04
-3.406157279591932006e-04
-3.844987334760762527e-04
-4.319152657568299004e-04
-4.827096982870445092e-04
-5.367378885586683969e-04
-5.938450134538381586e-04
-6.537165939562858885e-04
-7.160470838087427525e-04
-7.805874532776706188e-04
-8.470346727228857337e-04
-9.151452342012988917e-04
-9.847137786868382248e-04
-1.055237094845817500e-03
-1.126226855914907879e-03
-1.197355848671020169e-03
-1.268443017297187295e-03
-1.339710825725273563e-03
-1.412011372610371502e-03
-1.486696559508201296e-03
-1.564682495053772247e-03
-1.646065732273889470e-03
-1.730490740468794463e-03
-1.816615502229512909e-03
-1.902579248412366577e-03
-1.986617684071607503e-03
-2.066539248981765376e-03
-2.140194451530375366e-03
-2.204966742097611270e-03
-2.257714210358027513e-03
-2.294383615248458182e-03
-2.309533659128066262e-03
-2.296034726080698352e-03
-2.245071355637494239e-03
-2.145905307073327738e-03
-1.986376496399282123e-03
-1.753406541706979509e-03
-1.433628240744509990e-03
-1.013418126640065709e-03
-4.786609866587644571e-04
1.833697796287453907e-04
9.830326227022493594e-04
1.927798588523638775e-03
3.016922334278530644e-03
4.238056342799028341e-03
5.565285566444502958e-03
6.957958893319104651e-03
8.366307472242425630e-03
9.741914619320918289e-03
1.104785248414531448e-02
1.227108051509484023e-02
1.342568414455656833e-02
1.455452663719291641e-02
1.573025269402730797e-02
1.703692368198836404e-02
1.856031948000129786e-02
2.039956165812744152e-02
2.262929769520633308e-02
2.532977653445130095e-02
2.856483246721502542e-02
3.230765800183219016e-02
3.647886657055221526e-02
4.091891134428062710e-02
4.539316247633811557e-02
4.970093286831973878e-02
5.368274810314715290e-02
5.724115610387692926e-02
6.053600298581653105e-02
6.381161383987055125e-02
6.734379784860160256e-02
7.142655177519281751e-02
7.625723077761958901e-02
8.183690353766280567e-02
8.812402015278281153e-02
9.478650348768136169e-02
1.014463551552488990e-01
1.079002381564722890e-01
1.141088672502202778e-01
1.202574645922023511e-01
1.266608094735421908e-01
1.336788847253801149e-01
1.413515559808901645e-01
1.496446056463804630e-01
1.583264839697333393e-01
1.672058005631779642e-01
1.760895353144425468e-01
1.851644199931722357e-01
1.946051750908286970e-01
2.045559338641650959e-01
2.150380707476034492e-01
2.259746501002790620e-01
2.372746889859575214e-01
2.488395098949618967e-01
2.607556139713271270e-01
2.731371803642053120e-01
2.860004936764970473e-01
2.993280662857915608e-01
3.131121374356367060e-01
3.273348522210132727e-01
3.420048249801326268e-01
3.571416544101041479e-01
3.727604039397129365e-01
3.888655928961126107e-01
4.054839349666026771e-01
4.226134003429166119e-01
4.402429684815369892e-01
4.583971240335917297e-01
4.770712381249285761e-01
4.962776863219181545e-01
5.160267558345034145e-01
5.363231595650017614e-01
5.571604736097386379e-01
5.785312939485320882e-01
6.004406863475175715e-01
6.228830297843991337e-01
6.458772197981520469e-01
6.694486417644571752e-01
6.935878015980826428e-01
7.182793677114051034e-01
7.435238288216251545e-01
7.693078722651869317e-01
7.956279495384793732e-01
8.224758351689441804e-01
8.498408727360486914e-01
8.777239068558464474e-01
9.061099911125283235e-01
9.349931978743817318e-01
9.643667435060927495e-01
9.942171347325147179e-01
1.024530534569903173e+00
1.055293738717802743e+00
1.086489627998729501e+00
1.118099303879681594e+00
1.150106679580630731e+00
1.182492286314419161e+00
1.215236890546683490e+00
1.248318878739598681e+00
1.281717882706421063e+00
1.315408848543357490e+00
1.349368344290484689e+00
1.383573238933164085e+00
1.417996367312461592e+00
1.452614925001824320e+00
1.487402033667279744e+00
1.522332444277829433e+00
1.557379564322932675e+00
1.592516908347311633e+00
1.627718252832096146e+00
1.662955713763725862e+00
1.698205360329638758e+00
1.733438659677496219e+00
1.768630406113197218e+00
1.803754095156227200e+00
1.838782997909006900e+00
1.873693445342279551e+00
1.908458648474752772e+00
1.943052433219568220e+00
1.977455421714198636e+00
2.011642658135340156e+00
2.045597858445189932e+00
2.079286999156446214e+00
2.112726699131720398e+00
2.145845741874044421e+00
2.178917948108856084e+00
2.213193961277852839e+00
2.241851791974913688e+00
