-3.116367067083069284e-05
-3.029214871083529638e-05
-2.932552172937629968e-05
-2.826158134377127130e-05
-2.709996346678542398e-05
-2.583378767076288134e-05
-2.444999172941619860e-05
-2.293444633507407156e-05
-2.127732695278560518e-05
-1.947488353892609742e-05
-1.752444951386983573e-05
-1.542163249958885404e-05
-1.316080261646550180e-05
-1.073985587917600329e-05
-8.166511567153919229e-06
-5.459227656202332159e-06
-2.648026615185545087e-06
2.299342052960146442e-07
3.141448207880185992e-06
6.050158569314014659e-06
8.910549918722308709e-06
1.166514778960739626e-05
1.424507718219301998e-05
1.657253937797498590e-05
1.857640719683944860e-05
2.018048379934916090e-05
2.130030912231931095e-05
2.184411537990413714e-05
2.171640746236388821e-05
2.084938951927051311e-05
1.918453433723894653e-05
1.666722363160192969e-05
1.323905985511208085e-05
8.869436697088142857e-06
3.563653258474534887e-06
-2.672528108295831480e-06
-9.839215823499883348e-06
-1.790086858267304874e-05
-2.678315081813363783e-05
-3.641888121434079886e-05
-4.673919267795202448e-05
-5.761244356295370432e-05
-6.892218827049094172e-05
-8.058714408231692507e-05
-9.250571130107610037e-05
-1.045934815074386096e-04
-1.167678255118776619e-04
-1.288126167632576663e-04
-1.405386234602463763e-04
-1.518817295977210836e-04
-1.628900319796168787e-04
-1.737919397354895556e-04
-1.850235104421883074e-04
-1.971264483696564759e-04
-2.103556173999878928e-04
-2.245793777618633816e-04
-2.395301848298975135e-04
-2.546459728595673860e-04
-2.693089284312497988e-04
-2.831017313904693055e-04
-2.955197481430004596e-04
-3.061237547231070318e-04
-3.143276309909667668e-04
-3.194083273358324054e-04
-3.203621070004859794e-04
-3.157690145911454900e-04
-3.037567203576958808e-04
-2.820594100086211615e-04
-2.480143762429956491e-04
-1.988078483245694548e-04
-1.316013298049631137e-04
-4.367227181552748151e-05
6.778464415715690925e-05
2.060013509934144631e-04
3.740173113748491160e-04
5.745384229974484632e-04
8.099453282250535392e-04
1.080297451901235427e-03
1.382102068032868905e-03
1.707801434252911301e-03
2.045372542452821105e-03
2.380395139845899611e-03
2.699823756777475388e-03
2.995303643919937277e-03
3.267237652704903673e-03
3.524853883955997910e-03
3.786099692762800919e-03
4.078219578356678636e-03
4.430044526304240810e-03
4.869721482524994385e-03
5.432766562387840621e-03
6.146665633984856741e-03
7.047209837912009334e-03
8.170479464508073955e-03
9.518475526513775486e-03
1.107659176118100906e-02
1.279665449777515722e-02
1.458980640710817386e-02
1.637320772630464910e-02
1.806902380908181893e-02
1.961519725975987422e-02
2.106418495852455802e-02
2.250562210053770607e-02
2.405169119743626877e-02
2.584106954561713951e-02
2.798332283571193860e-02
3.050158384483972820e-02
3.340139604254552946e-02
3.652645525818889322e-02
3.967423854681995793e-02
4.271429266426415849e-02
4.559110791503924454e-02
4.837669176450583308e-02
5.124168445699626290e-02
5.441210918257872314e-02
5.794758076754488035e-02
6.185749415998666872e-02
6.600507512155111278e-02
7.024327644903145818e-02
7.441631943090656898e-02
7.861527592338200809e-02
8.296556448463615618e-02
8.760137081289993966e-02
9.257589755480929994e-02
9.784079912269111334e-02
1.033072194358950618e-01
1.088768912929958116e-01
1.146011910338050471e-01
1.205828637068184356e-01
1.268603926199661225e-01
1.334282624898466552e-01
1.402679264096375056e-01
1.473573316595477578e-01
1.547053555311166395e-01
1.623370773126624755e-01
1.702664343933063540e-01
1.784942733917135593e-01
1.870467963586514293e-01
1.959296926335135358e-01
2.051323732174152037e-01
2.146731649136697506e-01
2.245576186815917419e-01
2.348073377736568101e-01
2.454270623599672518e-01
2.564183872619126836e-01
2.677907583977549022e-01
2.795487889775617463e-01
2.916960034980451977e-01
3.042324497146653428e-01
3.171869783128535292e-01
3.305900819037845828e-01
3.444395186697332689e-01
3.587348000187886576e-01
3.734875158808542150e-01
3.886917906777814236e-01
4.043594414810255944e-01
4.204964821113670315e-01
4.371033368156804766e-01
4.541987641268799836e-01
4.717810528763365374e-01
4.898599877534084435e-01
5.084458160022777840e-01
5.275404203345306353e-01
5.471492295737241385e-01
5.672772440446030018e-01
5.879274143306085776e-01
6.090996850712158128e-01
6.307986216319123596e-01
6.530248078892673114e-01
6.757792497064147863e-01
6.990612749894046241e-01
7.228710923201588923e-01
7.472041774813557025e-01
7.720582472157935250e-01
7.974304326082716221e-01
8.233141714898983832e-01
8.497073151482941178e-01
8.766019863101732756e-01
9.039918114051691544e-01
9.318677585539059116e-01
9.602199174996077780e-01
9.890382083133971713e-01
1.018310615966025567e+00
1.048028394354128867e+00
1.078177320088792079e+00
1.108744652070473569e+00
1.139713434304111095e+00
1.171065494408361163e+00
1.202783951857547606e+00
1.234847171398283816e+00
1.267236123009656046e+00
1.299933996193153973e+00
1.332918213828151233e+00
1.366181023320832022e+00
1.399671274979408464e+00
1.433371672953338116e+00
1.467133032637303325e+00
1.501648915302578713e+00
1.537959726936345195e+00
1.568408749165294269e+00
