-1.160736870291178798e-05
-1.149943454333659566e-05
-1.138081509168818817e-05
-1.125013746377635665e-05
-1.110556931933934025e-05
-1.094326717889517158e-05
-1.075978790519690334e-05
-1.055239823902763618e-05
-1.032118656241146290e-05
-1.006773083473361610e-05
-9.793030796934078705e-06
-9.496745831824809323e-06
-9.176379585689217039e-06
-8.830423426608000504e-06
-8.459252163027573311e-06
-8.066793128141354610e-06
-7.659699228960082905e-06
-7.245133510253871127e-06
-6.828710825667720448e-06
-6.414367307855676113e-06
-6.007805561265637631e-06
-5.616971118976909584e-06
-5.253455226351522670e-06
-4.931186872688804786e-06
-4.663216033744883863e-06
-4.463140402151347328e-06
-4.344701641088297690e-06
-4.322191196353019328e-06
-4.409721238802368543e-06
-4.617827760024760440e-06
-4.956556131925450737e-06
-5.436400048764825347e-06
-6.067126519279996969e-06
-6.851946127481490507e-06
-7.785389836918169324e-06
-8.862024469575902524e-06
-1.007959829068060999e-05
-1.143165675566814901e-05
-1.290564987166266427e-05
-1.448680242929045370e-05
-1.615807706878751254e-05
-1.789181781352037012e-05
-1.967028697433479138e-05
-2.148918723526648290e-05
-2.333995077286047100e-05
-2.520134494389858728e-05
-2.702673950351504577e-05
-2.873652095487792726e-05
-3.028239828005624941e-05
-3.171706265127507236e-05
-3.318610645657780301e-05
-3.489114095801520011e-05
-3.698871537861895165e-05
-3.950896230437128112e-05
-4.230539202493120319e-05
-4.512100224189476372e-05
-4.773682627462562985e-05
-5.003760551690460433e-05
-5.208976799754566075e-05
-5.414322334207728119e-05
-5.647832738079530798e-05
-5.931544858057339990e-05
-6.275398457446737944e-05
-6.675863910346990749e-05
-7.112730075330569470e-05
-7.551331935653387336e-05
-7.951159602561974670e-05
-8.272371554916880013e-05
-8.484151741689022696e-05
-8.574209788702500344e-05
-8.545737149716869897e-05
-8.412833399810512483e-05
-8.182098089062759183e-05
-7.836850429852857433e-05
-7.352522603768619309e-05
-6.701429759733466634e-05
-5.865339696479139673e-05
-4.876232840900020823e-05
-3.843531064290819352e-05
-2.948524696534074547e-05
-2.430153642498125396e-05
-2.550021656023377872e-05
-3.520447370562276618e-05
-5.459245606572074680e-05
-8.340520910771891149e-05
-1.200316586684783781e-04
-1.618200075125957082e-04
-2.052097945830912249e-04
-2.472595345795403554e-04
-2.858125875617779661e-04
-3.175853468367829838e-04
-3.405353190836470827e-04
-3.510615906306246547e-04
-3.456066251440595492e-04
-3.262089634085056189e-04
-2.959977296635271822e-04
-2.613864127681907830e-04
-2.344660391699841383e-04
-2.258472381548241978e-04
-2.447086085106735471e-04
-2.968279434041125298e-04
-3.693768755904645353e-04
-4.490861474371238868e-04
-5.243665856956645620e-04
-5.803183889501956419e-04
-6.058069644189665280e-04
-6.021597828824421482e-04
-5.683858748378265574e-04
-5.278771022737369523e-04
-5.081103267066450126e-04
-5.209165021580040465e-04
-5.676654181032560849e-04
-6.339334603855294398e-04
-6.926464900415699264e-04
-7.107392788085835876e-04
-6.892996115109452761e-04
-6.330292870752560501e-04
-5.694807468520348900e-04
-5.237791871940558706e-04
-5.173371130461464290e-04
-5.220318642328593793e-04
-5.080093724388369536e-04
-4.495749737274612402e-04
-3.453387501675445038e-04
-2.176698907836941278e-04
-9.220433003454476444e-05
1.137539663998122388e-05
1.149605163457438688e-04
2.528676426128597787e-04
4.336650200374441593e-04
6.441518684900699333e-04
8.643308328713929060e-04
1.086759425030743532e-03
1.326283986063168984e-03
1.602208835050107551e-03
1.912871702247458117e-03
2.240481177451443626e-03
2.583931822586389444e-03
2.955417503121613929e-03
3.364096546941717624e-03
3.809097507748956599e-03
4.278443545341765498e-03
4.780189076668445690e-03
5.325594775506493558e-03
5.915155789313378612e-03
6.544560986390527031e-03
7.213438509121524421e-03
7.930020655770690652e-03
8.695731233254523282e-03
9.513427317070870942e-03
1.039497943366874885e-02
1.134580855064875118e-02
1.236074649158298323e-02
1.344362903137528639e-02
1.459861504127759474e-02
1.582654845032115468e-02
1.713106742187714415e-02
1.851624343048049667e-02
1.998414022873313753e-02
2.153892841073411224e-02
2.318474016237335317e-02
2.492470942005711038e-02
2.676477280236202322e-02
2.870269059061770003e-02
3.074694232351595641e-02
3.289864353316893086e-02
3.516180429932860146e-02
3.753882890242773995e-02
4.003472661827325169e-02
4.265105078877879513e-02
4.539301164016032453e-02
4.826297289762868786e-02
5.126617740176337562e-02
5.440571572711906667e-02
5.768518578626791182e-02
6.110923926450326227e-02
6.468185747921115225e-02
6.840726650884434989e-02
7.228927201119536572e-02
7.633424107730762964e-02
8.054541735467703190e-02
8.493016126212772632e-02
8.949351378490279230e-02
9.424144220466029731e-02
9.917986381034100962e-02
1.043129468405225024e-01
1.096522024284738855e-01
1.152003852238272924e-01
1.209667751780391792e-01
1.269578931132658572e-01
1.331698619568930930e-01
1.396316244580789734e-01
1.463464330252017553e-01
1.533233010933393592e-01
1.604802949301195047e-01
1.675323825152216228e-01
1.742969392094343983e-01
1.849252657756250418e-01
1.942408748657997730e-01
1.971920653182238081e-01
