1.938756298743061102e+00 -4.376356300900123286e-01 3.832859142285466314e-02 1.002166832962577969e-01 -8.561224012560996605e-03 4.642792341711081926e-03
6.664877350638899189e-01 7.279922862218381197e-02 -2.335401301433614671e-02 -2.907588787486572318e-02 3.990551683035453018e-04 3.279352299324076077e-03
-1.204899270925854082e-01 -2.093724433335765744e-01 8.745204490474844244e-03 -2.900112340640183251e-02 -1.175071875135260714e-02 -1.086118451204224440e-03
-3.494290082091890404e-01 -3.328808640031509780e-01 1.608357481317454485e-02 -1.708301488732794429e-02 8.948687245677737143e-03 -3.156565796600829202e-03
-3.747545821332525784e-01 -1.915578945053083848e-01 1.989532879656052879e-03 -2.304513272961951006e-02 -4.056311812347720286e-03 -1.187778921669557309e-03
1.104849312529507799e+00 -4.485219404228706352e-01 4.925050032634931824e-02 3.345805924114206298e-02 -9.423254478436815171e-03 1.421724244131188867e-03
5.812672095757090429e-02 3.985587856963713205e-01 2.709446159056797324e-02 9.618654535167579442e-03 1.566492738730194479e-03 -1.508691490635781073e-03
-5.137184301280953158e-02 9.155570428218119672e-02 -3.046962500713129574e-02 -3.916610873866643167e-03 4.362370486712292827e-03 2.928203359751729590e-03
2.167907494515715905e-01 3.994986136576059860e-02 -1.274615832318262351e-02 -1.942280780459336095e-02 -1.580557323716927018e-02 4.931565105074681328e-05
-9.348663695277258379e-01 2.510962293617139407e-01 2.916984388933005490e-02 2.582889081796388431e-02 -3.246465000148511439e-03 3.940226503792849900e-04
4.986803990943161069e-01 5.615382352345525963e-01 6.055515480043836829e-02 4.219973782174413907e-03 -1.899963084103681345e-05 -3.802290168795389828e-03
1.702442585689900312e-01 3.530004503600046029e-01 6.673898278772333499e-03 6.425812729444182504e-03 -1.957479869939103643e-03 3.900785148600200976e-04
-3.054072705407206434e-01 -3.900318001509452404e-01 2.036165301670291028e-02 -3.487203634171362910e-03 1.890569663411160659e-02 -5.770592880637799398e-03
3.858479184403665885e-01 -4.117570189648726009e-01 3.340198428250147622e-02 -7.379706089774665549e-04 6.742542149582641219e-03 -3.201173195113231860e-03
-2.123200457461808799e-01 1.554798498708105381e-01 -2.125995383739123779e-02 1.172820389968724612e-02 3.592783143890710112e-03 -5.171255488515673912e-04
3.946784904309711961e-01 4.675397260978618186e-01 6.043470783495780152e-02 -1.377418089346622507e-02 1.496580373865717640e-03 -2.578640180856214652e-03
1.046934370895260952e-01 5.652474814097554479e-01 1.241126471253726077e-01 -9.282921483108611677e-03 1.004737530617721628e-02 -5.469386222763484434e-03
9.081904990217176676e-02 -7.141139297056431356e-02 -1.222185212353268761e-02 -1.833116048045329780e-02 -1.070383767964505801e-02 -1.809285927586167051e-03
-1.583955548385289347e-01 8.516580933007017462e-02 -1.629330941862764531e-02 -1.063182853222530665e-02 4.822987930697892386e-04 2.929994469216597001e-03
-5.710258473377768373e-01 -2.189795777031325053e-01 6.583523053568631281e-03 -2.615003883992213923e-02 -3.881293211789075496e-03 -6.188441078209034230e-05
-6.050350145973931032e-02 2.735450440604328057e-02 -1.904249019450242331e-02 -1.322619611522195260e-02 7.894850140233295593e-03 9.392450667273686497e-05
1.336195603597853276e+00 -3.937615317452392016e-01 2.928105078689226953e-02 4.038765674502332870e-02 -7.446454602306708768e-03 1.986926412990789974e-03
1.147838398101049595e+00 -3.373417428327959988e-01 1.295145508698668756e-02 2.882409484353073634e-02 -2.876139228999543065e-03 -1.125374337710502307e-03
7.544452474142294696e-01 2.444053151146707847e-01 -1.678607328332817894e-03 -2.866600528584442933e-02 -3.955703367954048824e-03 1.199247867895164663e-03
6.306108326308923484e-02 -9.784302045902112943e-02 -1.029350513235310211e-02 -1.894092408085583726e-02 -1.203309715494759423e-02 -1.530003630805373480e-03
-4.173406316441739539e-01 -4.921192765639350597e-01 6.811457365889650450e-02 4.647791945304002685e-03 1.213206386106571895e-02 6.974273978305829680e-02
-2.239977189691035042e-01 -7.027639144100918112e-02 -1.775347178498046588e-02 -9.769396489301420197e-03 -1.842610983021128208e-03 -1.178191198150279912e-03
-9.321074323426975505e-01 7.421220821589653849e-02 -7.313996734079381175e-03 1.334599750511749131e-02 -1.195808384510740376e-02 8.463743946949580299e-04
-1.838702575057785948e-01 -2.920268712886811002e-01 1.296096737997448145e-03 -8.189296658201710571e-03 1.185132076573170920e-02 -3.192925328162642129e-03
9.049700283402690726e-01 -1.112939995610631866e-01 -4.167917494860939875e-02 7.704435861784270610e-03 3.133339476578630035e-03 -1.014307321521493339e-03
2.460233860817857277e-01 -3.153065163892949663e-01 1.232184162661613229e-02 -9.148361575151343905e-03 6.793847580495606005e-03 -4.418360701060667500e-03
3.931256815032700414e-01 -3.474488308001590364e-01 1.501812339005531745e-02 6.074091414883666697e-03 9.910222510731887119e-03 -3.092763566560679991e-03
1.816308667457823822e-01 4.124163055815086021e-01 2.363497993838577574e-02 7.988767938535234689e-03 1.163525884819157285e-03 -5.516830666459749495e-04
-5.943229526670997798e-01 3.367124467825187428e-02 -2.274226575548835352e-02 1.150875473023165244e-02 -1.152885133428462484e-03 -2.402599597856970148e-03
-2.324606015604749609e-01 -2.478041179258362037e-01 -1.074759934789914183e-02 -3.301940131380831298e-03 1.624203605999031269e-02 -2.914626729489184359e-03
-6.984212118021912441e-02 -2.461354996966599595e-01 -9.545549980478918936e-03 1.541651684858100354e-03 1.268958944082095031e-02 -4.357543234593972900e-03
7.624663932253670229e-01 1.949024484003360480e-01 -5.514055889430206220e-02 6.454209730211582854e-03 -2.855480965957301210e-03 1.916664863857242464e-03
6.811390574779177531e-02 -3.796362558379178798e-01 3.344390390810674657e-02 -1.222291782116260994e-02 -3.788991682932568369e-03 -1.603946134011212474e-03
1.011082062290997508e+00 6.939018459055200372e-02 -5.875186727462589770e-02 6.369817378720375213e-03 -5.407367800755184979e-04 -3.280047073032631177e-04
-2.761975194283727286e-01 4.388682344066400787e-01 7.370347652070903532e-02 9.097526457563797492e-03 1.048265599673559728e-02 -1.319977079295106027e-03
-3.038728812141772706e-01 -3.710116304509152863e-01 2.579010513809770755e-02 -1.785267826575309691e-02 5.124833303791632988e-03 -1.930001515563898847e-03
2.714703473891564300e-01 1.412919283530862311e-02 -4.537675582691321624e-02 6.520166089804661086e-03 3.043436987131026283e-03 -1.185715035849245610e-03
-1.009324917339317951e+00 1.907420165391006950e-01 6.147202641637667308e-04 3.201918299319606032e-02 -5.471539308092049358e-03 2.404319512075317293e-03
-2.171905686594846618e-01 -2.313324308509977223e-01 1.585026681695239333e-03 -2.260545023432529443e-02 3.319223669618245887e-03 -9.766049796956939848e-04
9.554214145851500908e-04 7.433395503383155578e-02 -1.182146940716018689e-02 -1.549734395276390793e-02 -2.273071430588756263e-03 7.425350167406748235e-04
1.927198569563688402e-01 -2.146165463906015980e-01 -4.231601248572351703e-03 -6.865463212632629854e-03 -2.119019073905957073e-03 -3.960408486235634552e-03
-2.372111024637575324e-02 9.276064640235050229e-02 -9.585338863138538612e-03 -1.758739007737272417e-02 9.010263185203331096e-03 2.255139558746901366e-03
9.256040284425401388e-02 1.957586055077541465e-01 -4.636601737213263963e-02 2.174013397212488582e-02 3.021932569534333934e-03 7.336598476255015841e-04
-8.244011452446476929e-01 3.435518153186394308e-01 4.572920392655647343e-02 3.383844068198815780e-02 -1.722874299492419686e-03 -3.349331375601513529e-04
-9.667612176066675556e-01 1.325904999322013167e-01 -1.237421361941289794e-02 2.817012816986849341e-02 -3.811803099000944921e-03 1.415442252315117630e-03
-1.850319309977309368e-01 -1.504687521065507516e-01 -1.186262877621717740e-02 1.413783492611603851e-04 -6.890855180813337810e-03 6.070761207577282659e-03
9.335214668629849832e-01 -3.822657418369923565e-01 2.731974531189748645e-02 3.074619475400160173e-02 1.699217390673923812e-03 -2.559567824108508870e-03
6.562935652815465870e-02 5.050122076470625609e-01 6.415222184176698483e-02 1.220094030304823794e-02 3.854810643171472425e-03 -2.588599367965554315e-03
2.011967289605480214e-01 2.423968459964710442e-01 5.393986393084074758e-03 -1.479982170305320019e-02 -5.537974166332989244e-03 1.084851472534573060e-03
-4.625715680934642249e-01 -1.210004701311449965e-01 -3.374038763903983683e-03 -2.542747164867507209e-02 -3.197196292895816455e-04 1.508491623907991285e-03
3.290147889777651491e-01 -3.466467060352386165e-01 2.441477731099296958e-02 -8.728758468964724349e-03 -3.969613195426190295e-03 -2.218885939010161162e-03
-8.193385061982939865e-02 1.824159340726261014e-01 -1.994345311938923795e-02 1.617368631727393103e-04 4.709563752550714397e-03 4.578079098582818647e-03
4.141867590394090470e-01 2.374060703805218886e-01 -3.074088160069562634e-02 -1.531451104501881918e-05 5.860708134859412112e-04 3.305145056835582466e-03
1.638692388314676729e-01 -3.041670108400884587e-01 2.551129484297154533e-03 -9.944364067848918132e-03 1.338616183650480178e-02 -1.485144321690558614e-03
6.648430288665032606e-01 3.792396901682812405e-01 1.274072600527989541e-02 -1.505059538637818460e-02 1.428019488893566679e-03 -2.277018904204774433e-04
-3.666011364881758272e-01 9.688646383836821419e-02 -4.247436007237422734e-02 2.389947824433392640e-02 8.095695053026676774e-03 -1.921181881524521343e-04
5.608478462570126721e-01 -3.835485764290214594e-01 2.080991168183199749e-02 6.858423416373314943e-03 1.175904493429349301e-02 -1.673545970525235505e-03
-3.533043037683452070e-01 -2.880758303872950621e-01 1.430982316270419923e-03 -1.006905616436733902e-02 1.350517423754401224e-02 -2.916044383444736481e-03
7.747337585328244458e-01 -3.129797688218325935e-01 1.681380081727239240e-02 3.000111591365244718e-03 -1.177279122461251382e-02 -2.128394381718899143e-03
1.323257775035956985e-01 3.863176138891400990e-01 -1.044346793682979571e-02 3.026289439985538343e-02 2.901596971733612189e-03 -1.798117756307134659e-03
3.795645648885433987e-01 2.239576039705950261e-01 -9.890918734028943810e-03 -1.579504500924920271e-02 1.699604699408067444e-03 2.078206181220065406e-03
5.388161731981254698e-01 -1.879686566719612206e-01 -2.207848254717826100e-02 2.866623994409031682e-03 8.838428592295791142e-03 -3.947370695340350795e-03
9.512755127676993938e-01 -3.599314346633229224e-03 -4.685429159878198163e-02 -2.507084301553245183e-03 -1.928965002901101167e-03 2.343164885207225836e-04
8.552629996233753751e-01 -2.694433775460324809e-01 -6.345958033980595749e-03 6.143833747845182935e-03 3.872607064373494081e-03 -1.935024840197037844e-03
-9.765432893640223488e-01 -1.766978003431838029e-01 -1.329518827710088683e-02 2.031710514323212865e-03 1.037268619035890084e-03 -1.849822466662250607e-03
-1.400687142752092829e-01 2.972633503330568971e-01 1.130656561298871987e-02 3.300801428780250363e-03 4.560935420439740651e-03 3.020189798118612379e-03
-9.630910701793560236e-02 1.927918350716460727e-01 1.096499390739341488e-02 -1.736938503492986910e-02 -1.201376594273281069e-03 1.696568057222794506e-03
-6.507752322150022195e-01 1.392897789540339659e-01 2.583003684140541475e-03 2.419271063800911351e-03 -3.574049152519937801e-03 2.888632320313706467e-03
-3.196066909678799695e-01 4.399690375500380224e-01 6.201475577896749941e-02 2.103071684055789203e-02 2.509396773806289119e-03 -2.856234382167149085e-03
-3.514670443416951784e-01 3.270763540080297016e-01 2.244677108829274889e-02 1.255250241048372351e-02 -1.847864681439886567e-03 2.801702681497161319e-03
1.355556259208826608e-01 2.767012566804141205e-01 -2.276776179473166684e-02 1.235847169549284148e-02 -3.592780094028663281e-04 2.266622440158575641e-03
-3.559028900534683126e-01 -1.227832593918194576e-01 -1.947996335595977152e-02 -1.164475783224656197e-02 1.098057553195524484e-02 2.023478530368303470e-04
-3.385161577339994010e-01 3.785308088164551221e-01 7.299258364452909653e-02 -6.976176291361441649e-03 4.875740261122860249e-03 7.564524259273116636e-04
2.757697148507806117e-01 1.956883655567140945e-01 4.633571112819073919e-03 -2.904477030650126634e-02 9.329916204740121071e-04 3.663519270955551462e-03
-1.449714208118016989e-01 2.488901751623593950e-01 -1.660454954122381199e-02 1.303725706859422753e-02 -1.616925369916311301e-04 3.405647349748849601e-03
-8.507455954652048957e-01 1.281045684520599748e-01 -2.388830121325251701e-02 3.572730866067704708e-02 -5.317877700915187369e-03 -9.127883758240118743e-04
5.517501055633926288e-02 1.118505570919405140e-01 -2.315596600782890771e-02 -8.391724582104216970e-03 6.802066141150944940e-03 2.576951337464823081e-03
-5.653446236545440762e-01 5.229996229492722692e-01 1.116319677166295737e-01 3.268545625174736069e-02 1.775647735873126963e-03 -6.205109906315202026e-03
1.848922181209627369e-01 4.648162111390864992e-01 1.834952217055155210e-02 2.570993926005187349e-02 2.736844505483857892e-03 -1.534231375981622188e-03
-7.126100306950193808e-01 2.564301278511160742e-02 -1.957825230092968480e-02 1.242459796827492802e-02 -1.815909807267321319e-02 -7.873215727233312229e-04
5.983580263835678627e-03 -1.023257885614110851e-02 -3.824503352049381938e-02 7.658276104947718370e-03 2.371743987335525345e-03 -2.486092221931219572e-03
-4.505265005267005129e-01 -3.321680935639383936e-01 2.060879636109616206e-02 -1.426651313507338106e-02 -5.666616292707780077e-03 -4.213508131590738663e-03
1.934138010761696225e-02 3.302162763886090091e-01 8.316524834127135904e-03 1.079449530080620057e-02 -6.100536122587185348e-03 -1.251099664796564894e-03
-7.852884280742847278e-02 1.303501262054765353e-01 1.737332813070524389e-03 -2.138291907956640578e-02 4.976282245964518125e-03 2.281688378397723777e-03
-5.428327902858440801e-01 -3.367161272850252018e-01 3.226203559542253213e-02 -4.553479123957303656e-03 2.950678388459787322e-03 5.417517183231140843e-02
4.436164247701928076e-01 7.390514235113827823e-02 -2.600315843071836566e-02 -2.025740658568623079e-02 1.140313731159711989e-03 1.900544453841807990e-03
1.178034277918415640e+00 1.337063301388057845e-01 -5.229757184423149824e-02 -5.107777925379587171e-03 -5.020712411298931636e-03 1.206067152968786195e-03
1.014120042913730257e+00 2.151972714138869758e-01 -3.383424471814243384e-02 -1.639336663916889439e-02 -6.833092017283096641e-03 2.554492696309214501e-03
-1.567321811359805028e-01 -7.616029787082301272e-02 -3.871545140708387844e-02 8.556285034036032952e-03 1.245131895554758145e-02 -2.349231821078494927e-03
-2.894708606146448870e-01 5.418335821641484529e-02 -2.376696228095162219e-02 1.167957817725126394e-03 -7.444407678142754732e-03 6.606791615285275950e-04
-5.264769755542025170e-02 3.901922749497337417e-01 3.988639987465920217e-02 1.194007433339918387e-03 5.045737299847878957e-03 1.774551112723165300e-03
-3.132252411058253361e-01 1.182838929896824348e-01 -3.975917085385504042e-03 -1.104136631006663767e-02 2.448332925606822637e-03 2.707888161153522693e-03
1.915354808888401594e+00 -3.707066403188128967e-01 1.566698047024561724e-02 8.434674388170636250e-02 -8.963109935742619161e-03 2.172568666021018873e-03
6.169729307503547533e-01 -4.474049689786800676e-02 -4.112597177289477324e-02 5.846307222131566853e-03 2.128925339114154554e-03 -3.029851109269691457e-03
-2.331210993929244257e-03 -4.482297341836271598e-01 4.506953942105617478e-02 -1.338504813825603865e-02 4.841856983119998889e-03 -2.142975354148170513e-03
-5.105877807348701003e-01 6.088823465900131127e-02 -3.389522864658241902e-02 1.524275642985001983e-02 3.980939481658563039e-03 1.226882805849338750e-03
9.386141731821097123e-01 2.905847309153840041e-01 -9.745645874043829329e-03 -2.278443106503050264e-02 -2.908736698530266056e-03 1.053743957048289357e-03
1.672149910847270937e-01 1.707484671295179945e-02 -1.789004152881783563e-02 -1.802764469969532143e-02 5.420462148054850521e-03 1.536515655111049680e-04
3.217092113168762979e-01 -3.043075878511819488e-01 1.501204797480905524e-02 -4.016373856215680119e-03 -7.304761889977365134e-03 -2.756860975748851375e-03
9.463262011176154509e-02 1.549914641578727104e-01 -1.042567786540920041e-02 -9.983652446657382065e-03 -7.112603814318374344e-03 6.186237164334181275e-04
-2.594654160181165126e-01 -1.433303722361631005e-01 -2.663770738635119414e-02 1.239071402160958277e-02 3.455642763325065137e-03 -5.821254179293666384e-03
-3.675287585860263495e-01 3.981455290434345318e-01 4.788576089849973239e-02 1.652634580998353295e-02 -1.494309929251708222e-03 5.174860595919054647e-04
4.938584181680261698e-01 -1.020773042072630060e-01 -2.739944249340460491e-02 -6.209838138804164853e-03 4.235110806102118479e-03 -2.153986315190134504e-03
2.979679051751064067e-01 7.951011720010081954e-03 -4.699365870794430800e-02 3.612242077677770349e-03 7.096997163366698495e-03 -5.561568472590724905e-05
-4.231065024551266540e-01 1.074490757661194645e-01 -3.365375340341388716e-02 2.579127922440846085e-02 -3.974228903833192106e-03 -2.478438074106298697e-03
-3.961136903101558082e-01 -1.604804044283027475e-01 -4.838519310249472273e-03 -1.560424624729101102e-02 -8.549801913732675562e-03 -1.194321710380528631e-03
-1.007029628684738137e-01 9.767311163369951643e-02 -2.112816918632345973e-03 -2.133766084812963384e-02 -4.062819915539630719e-03 2.542547656543758198e-03
7.386710649844208110e-01 2.979884824936130938e-01 -2.655622710275068465e-02 -5.885020667949519835e-03 -4.133232511674357970e-03 2.950692050047303092e-03
-5.795560577285477910e-01 -7.714916316856687550e-02 -1.181600053434948491e-02 -3.897638911665229997e-03 -1.327002734836737162e-02 -1.989490130725352426e-03
6.448856494548479423e-01 1.483959240679825764e-01 -8.853506279775279902e-03 -3.473584242395056504e-02 2.967001152494961463e-03 3.426703031741657173e-03
7.267765911434617143e-01 5.935868191522041259e-01 6.223455113838079894e-02 2.421838612073878936e-03 4.138619697452201526e-03 -6.427550541720402667e-03
1.760633595411542907e-01 4.097968806540786546e-01 2.055766850024498549e-02 1.208703304076517993e-02 1.961209777595248390e-03 -2.399996787049296122e-03
7.384575520067633292e-01 3.525916911626020278e-01 2.216585558985686294e-02 -2.938936345101694769e-02 -6.508744225783145987e-03 3.107585242995920317e-05
4.786912553253021008e-01 -4.838726781934142296e-01 6.308909503612937508e-02 -1.552752700099124632e-03 -6.576269039705203573e-03 1.862296631698185561e-03
4.127442720354606021e-01 4.685529075129812870e-01 1.992753920263323070e-02 1.215241421293409251e-02 -5.969583567427766760e-04 -2.052327783770772299e-03
6.653838173097698094e-01 8.872446005113174272e-02 -2.193272754918792339e-02 -3.029864356302847811e-02 -2.112487859446986367e-03 3.851526404283706854e-03
-1.660065919665256462e-01 -3.559639319054837547e-01 3.052432075019131247e-02 -1.112555231979703123e-02 -6.451350393359978931e-03 3.734654722233950608e-03
-2.136152986199353065e-01 7.789810906822933201e-02 -1.783638683130160316e-02 -3.170251259999142240e-03 5.500403012763580186e-03 4.196904226352605712e-04
-2.884207146786614551e-02 -4.453171071638706291e-01 4.608293074435395459e-02 -1.517350281800401712e-02 2.524981350825845731e-03 -1.497872467373495727e-03
-1.254371921373439891e+00 -9.295601957517544978e-02 -1.801048643438332361e-02 1.602199406635405887e-02 -9.769688647256498729e-03 -7.582669494745244553e-04
1.105252718592085737e+00 3.132393960448450754e-01 -2.645803595868195107e-02 -1.440179809218992794e-02 -7.920871402976039158e-03 2.059451741662248880e-03
1.368582929111722135e-01 7.005736655388687673e-02 -3.552646124704995217e-02 3.460702008355503317e-03 -2.004242927606876123e-03 -1.068057832380410119e-03
3.679879933897707567e-02 1.586560902690966335e-01 -1.070090257894096980e-02 -1.499370132650374408e-02 3.853748938533154995e-03 4.212108446068810359e-03
1.195217392147701618e+00 -1.606793444962657524e-01 -3.663054152098069172e-02 1.948435894309422795e-02 2.211372341676888249e-03 -2.556150135874494037e-03
-7.833853055880266036e-02 7.819663968785980912e-02 -2.680377153077328697e-02 -1.282075390387211848e-03 -3.750794194241904248e-04 7.227796176520213250e-04
3.563093807317112560e-01 2.049755171548888200e-01 -6.357408572924920336e-03 -1.683708112956451564e-02 5.058655885977661470e-03 1.383014601609215037e-03
-5.665554004023953816e-01 2.785076103797789332e-02 -9.144874929184285822e-03 -7.888820810740554065e-03 -3.874782011924038372e-03 2.295639751610172030e-03
-3.657539084309890942e-01 -1.645689341169686293e-01 -1.121043591336464036e-02 -1.046151443543438982e-02 -2.432860112890243825e-03 -1.053427588572990051e-03
1.328272662169367180e-01 -2.375819711377465671e-01 -1.382056493609521092e-03 -1.498059002918648158e-02 -5.755301885569416944e-05 -1.709686785032173357e-03
7.998428980450132952e-01 2.437986066812677100e-01 -3.833514954764227767e-02 -1.610954907075237350e-03 -3.197048087483956788e-03 1.200524680341084590e-03
-1.419726957888779006e+00 1.673400944755174674e-02 -1.308518041717309822e-02 3.023734199783481569e-02 -2.990205345040929108e-03 4.297314831402397660e-04
-1.601646101843715364e+00 -1.694215043059547621e-01 -8.444632365397381282e-03 1.439180688592168675e-02 -1.525301977492975539e-02 -1.980416514765056570e-03
9.943672616933958430e-01 -2.271124321024170778e-01 -1.165139334946805293e-02 1.138110483927739537e-02 -4.199848589867645997e-03 -2.539797020169667473e-03
6.979702135992743584e-01 1.119588878146855898e-01 -4.704874143761902938e-02 -1.678384722053505741e-03 -1.306432336962799192e-03 9.138630574989238097e-04
2.801882268798145947e-01 3.219465847828372196e-01 2.012077055578671489e-02 -1.513538730547580625e-02 3.205545983213419717e-03 1.243420657069656569e-03
9.681169488656277133e-01 -3.810593577983579228e-01 1.807180280498398017e-02 2.391473031098897972e-02 7.537903336621500083e-03 -1.189198934678325006e-03
2.651099580360122276e-01 4.672196914178126104e-01 6.347569431662430928e-02 -1.296041540009646234e-02 2.988742865994725110e-03 -5.643251822138169128e-04
-4.560711315176371738e-01 2.633828761928789230e-01 1.852220977282374378e-02 8.871795615418311826e-03 4.673640743062230408e-03 1.405449928085206364e-03
1.507202096461690011e-01 -1.694469596532885147e-01 -1.898200750436280365e-02 -4.141475741872981814e-03 7.312291281659328950e-03 -2.977720930374910032e-03
-6.870302268844791227e-01 1.960319227300161005e-01 -1.146589130597285879e-02 3.294046028397530634e-02 -9.860160958196627703e-03 -1.329543469370972732e-03
4.678623552313986300e-01 -3.805053398033963474e-01 3.343759997728611155e-02 -1.665074342552043700e-03 -6.437144915899227667e-03 -1.469386772461305900e-03
-4.635543627398230337e-01 1.526457692854829851e-01 -6.423211623847844165e-05 -4.383510841731393971e-03 2.283766669042978578e-03 4.586312927349806695e-03
4.857896069553384044e-01 3.963662878628113617e-01 4.299420343492416779e-02 -2.633259766759114481e-02 2.801286376435351260e-03 5.861563423083979932e-04
-3.309857955119143713e-01 2.756006389072460649e-01 -9.072759789930738561e-03 2.396271711892792103e-02 6.341419692895254243e-03 2.588099802032669833e-03
-1.425253335920778630e+00 -1.088029074015423592e-01 -1.756509094085924316e-02 2.497343567373050410e-02 -1.511681200421451099e-02 -4.087125930512880770e-03
-7.885201531218736237e-01 3.323238376267642624e-01 2.849239090672609984e-02 3.926285836250188038e-02 -2.931449240217651794e-03 -4.431852518613202310e-04
1.220798338096749536e+00 -4.154228122904584097e-01 3.194650487612449991e-02 4.834806558982572555e-02 5.601363505309774754e-03 -1.782912735607379692e-03
1.968534364923857083e-01 2.055651633837694003e-01 -2.080682118404955303e-02 1.550988845780577408e-03 -1.232517159928530953e-03 1.630161383854613060e-04
-2.128201300210309788e-01 -2.595387677640505486e-01 9.107172195514781632e-03 -2.162726741437259043e-02 1.524229961678810578e-03 -2.701896499350478573e-03
-5.380995836245996422e-01 -8.291583205594429962e-02 -2.530564675621048767e-02 -2.475286874070815879e-03 7.327704305809846184e-03 9.967452791359208107e-04
-8.941217971387194208e-01 -1.662741740987094541e-01 -5.982509168943592193e-03 -3.187624650311543777e-03 -1.229469382795884795e-02 -2.564361120233633190e-03
-8.394657465895620507e-02 6.438722573846129837e-02 5.358496753380685880e-04 -2.946764511405371850e-02 -3.264734629358477264e-04 3.288994935791990717e-03
1.268316795756926352e+00 -3.681677514276245899e-01 2.704363660622353949e-02 2.934984090921211736e-02 -1.310601994116477112e-02 1.206882078326704764e-03
7.082139970845068300e-01 -2.158721203502015629e-01 -1.595957434852266280e-02 7.334113697676271533e-03 2.480350838268528466e-03 -3.063423426660994309e-03
-8.920561839590350761e-01 5.925755131388260599e-02 -1.342767384459444061e-02 1.485500984951045218e-02 -8.687544922872493872e-03 9.024718878811122330e-04
1.613838233305852909e-01 1.255690096305798033e-03 -3.041126577630517275e-02 -1.045797541035337584e-02 -2.938537758106519147e-03 1.807996863609839105e-03
2.123757607052478569e-01 2.535944677231881661e-01 -3.412127315731326022e-02 1.731807284786555934e-02 -1.122068710078597204e-03 3.806353662632280701e-04
-1.158679555497908575e+00 -1.569429602377720445e-01 -1.013059558129662287e-02 1.810370098208266120e-03 1.440217477567776920e-03 -2.123086793764113623e-03
-4.696867080484419810e-01 3.474907700162709334e-01 5.741885513920696321e-02 2.293122340019087841e-03 3.191721598180036548e-03 1.551643813423735172e-03
8.540508647977146373e-01 1.652203530229444939e-01 -2.966543026824346174e-02 -2.149970523862427749e-02 -3.129367505579372290e-03 3.057517004485888271e-03
4.868547031420374926e-01 3.605819303134316089e-01 1.111246296326483599e-02 -7.590669321922360706e-03 3.732062017454222062e-03 -2.588759592039280820e-04
-4.443121382297108291e-01 3.826293241945913359e-02 -1.563440025224955773e-02 2.679673966902814362e-03 -1.381521934538577391e-02 -1.453321196066220808e-03
-2.940577784742214387e-02 -3.774135754274037802e-01 2.897696906534391256e-02 -2.626767285900849340e-03 1.432228479508412811e-03 -3.432763986499030601e-03
-1.364684230669123421e-01 -1.445871072738180996e-01 -1.065389427084579427e-02 -9.590821293528702454e-03 -1.049335222882504838e-02 -3.568445446824568181e-03
5.759556707510340434e-01 -2.139519553590061018e-01 -1.438250623217165666e-02 -1.509547550675957714e-03 8.799037863149568317e-03 -2.702303702833795587e-03
-8.610789738736697174e-01 2.709481195175656235e-02 -3.266988395973299819e-02 2.324947001171938019e-02 1.080056246208082639e-02 1.003249755055229172e-03
-1.028522991573821654e+00 -3.297660613263071472e-01 1.773872732672129165e-02 -1.225459810763028512e-02 -7.855333027038344587e-03 -3.319047549330109061e-03
-9.803952939560568458e-01 1.532611056397198968e-01 -7.143358387342620261e-04 2.265512415272536231e-02 -3.353953524254704981e-03 2.710862992732764130e-03
6.201024705040959484e-01 -5.042134945080687380e-01 6.651269913866021677e-02 1.056262978676662107e-02 -5.724603686212709902e-03 1.434458060313518720e-03
-1.718497368102002432e-02 1.422171200130644964e-01 -1.543590715606394173e-02 -1.255097804732191848e-03 -1.180604076310611157e-02 -5.313628863564369897e-04
5.232143775141190334e-01 -2.260143181987689098e-01 -1.419271439985601846e-02 -2.632302940169379407e-03 7.862831022744836210e-03 -1.561747454671073192e-03
-3.620701770819406140e-01 6.922706937010354722e-02 -3.839297553107578337e-02 1.316071967100573316e-02 5.124253661733069003e-03 2.033519566004285233e-03
-2.122856652558148260e-01 1.534931276633765274e-01 -1.630262165895184426e-02 1.448057223574450826e-03 7.090700192633744370e-04 1.539032968414012900e-03
6.205576814709844458e-01 5.371528639313053466e-01 4.294442441862481030e-02 4.441262549848720015e-03 3.762657499909486183e-03 -3.327689914560621239e-03
-6.181274871081384736e-01 1.798588405515803290e-01 -1.667552273476512192e-02 2.667720356846929250e-02 5.574074293357457292e-03 1.316126537147230052e-04
5.052544156426524991e-01 3.843971019034850278e-01 2.726978930726324524e-02 -1.627595390288224392e-02 1.851135972984626309e-03 -1.096269814089302456e-03
1.415740744189322164e+00 -5.008027871527604979e-01 5.788085822682641907e-02 6.552480437334382013e-02 -4.021697029145219517e-03 3.912136361991131600e-03
-5.258794240733302150e-01 4.214502012508665740e-01 7.713410605672486875e-02 1.665773556100397582e-02 5.233373263919606803e-04 -1.827459668224657710e-03
7.426131021393044263e-01 7.697267785570164333e-01 1.749707763043534536e-01 -1.471832544207756811e-02 8.570937968121802170e-03 -1.490431660611894922e-02
-4.799443266323066837e-01 1.014843987913743723e-01 -3.591989312805409645e-02 1.752742135720315730e-02 7.832051844341337762e-03 2.511141740262610913e-03
-5.305809155559318979e-01 4.049033452155765267e-01 6.771706323887993761e-02 1.822596719693446443e-02 7.818347503389357772e-03 -2.073433187123027753e-04
5.122519419525276563e-01 1.966308027414692683e-01 -1.169187672764969779e-02 -1.847351320651172829e-02 -8.720179955694988203e-03 1.053866955323655777e-03
-7.351875304907573572e-02 -4.235573607228853010e-01 4.151639879632933183e-02 -3.951480028132323130e-03 1.541775942032128956e-03 -2.901332049741885046e-03
-9.014186835288616750e-01 2.228247539067041982e-01 3.959354045360049916e-03 3.283650526498221867e-02 4.550073188029017668e-03 1.798611280962729951e-03
-8.066508809223847942e-01 -3.054836136515782785e-01 1.769989660637187991e-03 -4.073139282083847526e-03 1.330373920185734180e-02 -4.841343081285855339e-03
-4.920209362944191755e-01 -1.403839531915691274e-01 -8.077391238580125879e-03 -1.374449521680278473e-02 -9.498539682041811771e-05 -2.243394895024034170e-03
-2.183111530158206304e-02 3.156798935505736869e-01 1.274042909336613183e-02 -1.437425053203259277e-03 2.804870787062491676e-03 3.353877951145630473e-03
-4.321673092343064071e-01 -3.158874549264479858e-01 6.930107593903530976e-03 -1.608899733550344172e-03 1.168349953058080322e-02 -5.363326762883660614e-03
-1.574519563342333117e-01 -4.649858913968903384e-01 5.717709127947739195e-02 -2.518820344569774883e-02 -4.957642924821940335e-03 1.672427070342612728e-05
-1.678029218099498163e-02 7.802940491359544595e-02 -3.882790479528836630e-02 5.187992026672806969e-03 5.497561359370480488e-05 7.389668259122203139e-04
-2.702418845794212210e-01 -1.957232642683884027e-01 1.256224292305793406e-04 -1.775628050103025130e-02 -7.289076509675944913e-03 -3.112230525131973614e-03
-1.607709706921622295e-01 -4.245134889827081870e-02 -3.408049053711443427e-02 -1.830969773925559489e-03 1.018053839520879911e-02 -4.173148474168450928e-04
5.327504213779300501e-01 2.557747010981400448e-01 -3.641779934134387053e-02 3.892287401230072087e-03 -9.130590797781664141e-04 2.466447020166227279e-03
3.810499304206214077e-01 2.518984933347486188e-01 -2.317892451633829162e-02 7.837097984447467889e-05 1.963545360097056474e-03 1.851788078152518790e-03
4.899350391103079461e-01 9.193127970994852127e-02 -2.929438454674157880e-02 -1.492458809236467572e-02 4.070167744582508032e-03 7.611743588440343352e-04
-5.826632573411651972e-01 9.885037239858894542e-02 -2.423244859792493891e-02 2.047742977682372872e-02 9.956507891513224104e-05 -1.115564699004377479e-03
1.137789188932406548e+00 -3.634206323478508804e-01 2.355221517670012116e-02 2.926932104145650582e-02 -7.358456154155951223e-03 -1.269070001196892158e-03
-8.060554675108365374e-02 2.986246650457983209e-01 2.399074124539122069e-02 -7.730126905784831179e-03 -3.614306751326587172e-03 1.998899688979162512e-03
5.802891899910944673e-01 -4.578044252738337483e-01 4.498219131417714040e-02 1.991650449099160655e-02 1.002269542078208266e-02 -3.066770440963508676e-03
7.156552652118026714e-01 -1.843218051010660219e-01 -1.263243508063709684e-02 -5.142348051005615241e-03 -6.458900886469764839e-03 -1.602796979510055829e-03
-7.196237957165310117e-01 1.647180628437217298e-01 -2.014266585561285544e-02 3.293890624923195842e-02 -6.535662485586645788e-03 -1.656598967609485820e-03
-9.022450449778354198e-01 4.632290063048237483e-02 3.068567889865646357e-03 -1.966323030629616754e-03 -2.261020769657910625e-03 1.788586855997493803e-03
5.993466015794131074e-01 2.038125036643976817e-01 -4.080839682829350695e-02 1.821688450488602277e-03 -2.879666112524977527e-03 3.789935006306119391e-04
-1.017857109341582689e+00 -3.335586700002968752e-01 1.147557414341777299e-02 -5.323172257047396536e-03 4.479188768520522661e-03 -4.780604007839011488e-03
-1.077640625786397521e+00 1.000980541895629961e-01 1.074561753279932447e-02 1.071969695750508642e-02 -4.173499401211268854e-03 2.342280459342754341e-03
-2.939977017983567142e-01 -3.721915537004700791e-01 3.862802945524948517e-02 -2.782635245202684515e-02 -1.445519774385776654e-02 -2.192898427021990233e-03
4.337247822631269678e-02 2.633287687088877935e-02 -2.288971214431414353e-02 -1.868921336050058390e-02 9.837579749223384230e-04 3.853410897769886032e-03
-9.535594983476355369e-01 -1.844333475711533998e-01 2.091970668808311971e-03 -1.849749029515198456e-02 -2.497796579211306565e-03 6.658446192222429970e-04
5.493558309866176242e-02 -6.778995326999710802e-02 -1.927905377283456456e-02 -9.025072271300714835e-03 -1.122287015996149308e-02 -1.863425329460933295e-03
-9.275820050193992472e-01 4.642636270575665395e-04 -1.194454319502080870e-02 7.959494296549346828e-03 2.056626199255689839e-03 -9.260169891432559015e-04
-9.235602512247763629e-01 -9.546920363554649291e-02 -2.065022625424027189e-02 9.611566928095005569e-03 7.958687409195527168e-03 -2.139406160511204101e-03
6.684336112892774739e-01 -3.288767438531637888e-01 2.490726157060699913e-03 8.663594371679933515e-03 1.296748339066145644e-02 -2.137828282262790869e-03
1.681801857600009331e-01 -4.392001471207551688e-01 3.844400723472182757e-02 9.956338277703747491e-03 1.394787164938171217e-02 -5.421917797886021198e-03
1.645227404114390612e+00 -3.866511290472084417e-01 3.018500120611749063e-02 5.742901008599149426e-02 -1.683432778636699892e-02 3.069351560437102219e-03
1.092482433919883533e+00 1.554844676138468773e-01 -4.720711273766822758e-02 -1.002915873018466776e-02 -4.118414764732073602e-03 1.383857252576460887e-03
-2.331418829481760324e-01 2.890516400987517831e-01 2.689504541564100753e-04 2.029216596702622735e-02 2.653104595189532088e-03 -4.961539818365639197e-04
1.023595410745984147e+00 1.410811788779174070e-01 -4.533850283106253404e-02 -6.035205435214776627e-03 -2.659444616170948423e-03 2.566562246027646811e-04
6.083483100751764239e-01 3.722069894301396342e-01 5.339116596385841407e-02 -4.573567040943143924e-02 4.491200185395129792e-04 1.130791215671769203e-03
-1.529746242187628447e-01 4.459077387059827702e-01 5.063456745411210741e-02 1.709590286551065236e-02 -2.521182087365016547e-03 -1.628995590909433850e-03
-6.728552205095532646e-01 -3.598867952374992241e-01 2.410486277024272150e-02 -1.598916477656382729e-02 -8.723819516397777031e-04 -4.940538547976216881e-03
-1.340486635113937765e-02 1.329276275989871026e-01 -3.594582702437416899e-02 4.629108872500163965e-03 2.953810202405988527e-03 3.504407035165789733e-03
-4.219631175010507551e-01 -1.886123113081959735e-01 -1.484060381793801502e-02 -5.333746447818480535e-03 1.267623180143571601e-02 -2.608897862453098300e-03
1.767191505336847823e-01 -2.183031782263051002e-01 -1.031555074868502168e-02 -8.377977880678394787e-03 8.409810099425618982e-03 -2.474888530003402018e-03
-2.479481817831100388e-01 -5.202523660853241028e-01 6.312058098641547266e-02 3.524109560498786368e-04 6.406280373013111158e-03 -4.332524036720747027e-03
-9.995236383640757408e-03 2.893123366825916531e-01 -1.833997041212041476e-02 1.698646636588855424e-02 2.185606454637038180e-03 2.229393045091510473e-03
2.750350475137467998e-01 -1.584386171721246794e-01 -1.904372220227022738e-02 3.134319454731385787e-03 8.020731840911152905e-03 5.767896888447866278e-03
1.892642755858301162e-01 3.330622202404434629e-01 -1.321398930445696028e-02 1.311340562745809922e-02 -4.635819888189363427e-03 2.231807573099713234e-03
1.132607952764101977e+00 -2.949192115559463589e-01 -2.651236178748702429e-03 3.245446411246043911e-02 4.925205427592531902e-03 -3.026977330856294758e-03
8.310520572132461536e-01 -5.389224703833059849e-01 7.022432100752569462e-02 3.743254233095497790e-02 3.354003633884119172e-03 -5.033290858664737129e-04
1.872618184774815786e-02 1.286402518327474376e-01 -1.077633664915219301e-02 -1.267421795878646319e-02 5.328585235998954152e-03 8.533634091957634227e-04
1.732732223449266317e-03 -2.536109735919012120e-01 -3.995176139181222559e-03 3.302139363807458493e-03 4.243903593538223169e-03 -5.029214742776705327e-03
9.629929021754912721e-01 3.859156074508636736e-01 2.397901008890540586e-02 -3.586949350937673753e-02 -2.304873845504314817e-03 8.663218493723747089e-04
2.290810026136700650e-01 1.991428183214772052e-01 -5.673865290162589427e-03 -1.448251849742059234e-02 4.009335335178811077e-03 1.896716611342886367e-03
-3.213090945146296340e-02 2.568472053581308256e-01 1.299726391991081094e-02 -7.271526072631188768e-03 2.727511517925131136e-05 7.850817694159963837e-05
-3.569245063354758996e-01 2.408200392233687259e-01 -9.259156873432776783e-03 1.553324598519582704e-02 5.651227349648179320e-03 4.360740264615906546e-03
-2.580097970936471863e-01 -5.168671881826104875e-02 -3.249574230061437474e-02 8.113053097662118254e-03 2.822285121177757396e-03 -4.079645291997517978e-03
4.634284086644320233e-01 5.021261727706641809e-01 3.446191972712430579e-02 8.905657490164116744e-03 2.597258182417234388e-03 -2.231693731224309273e-03
-7.696942500950750832e-01 3.284938091867974780e-02 -1.078478678392489655e-02 1.425204230425162902e-03 4.375966052961022951e-03 2.209938314772598444e-03
-8.979637624320001288e-02 -4.181168324372011580e-01 4.802205072903395489e-02 -2.718472914045875696e-02 -8.971540524882732834e-03 -8.012868161416693410e-04
-6.658015611097523045e-02 4.895156050445836349e-01 6.367756887323015869e-02 1.682941994397335606e-02 6.977028848958669559e-03 -1.787331606535293204e-03
2.562867178922375033e-01 -3.830274723336451470e-01 3.467768713462045238e-02 -1.133172592420846232e-02 -4.671652234043663886e-03 -7.982063755743588115e-04
-1.422238671004055544e+00 -2.132320055466037645e-01 -3.936452531866885501e-04 9.532045567394525302e-04 -8.480543180187193400e-03 -1.981802480068501834e-03
-4.646075074305065500e-01 -3.386446994633502960e-01 1.078562627137122018e-02 -7.929134761865115708e-04 1.363087645107675938e-02 -5.828609011328768005e-03
-3.612688206567366000e-02 -1.654400422113319336e-01 -1.595830235767764158e-02 -1.365764821642697496e-02 1.088106250025874973e-02 -2.231646015443965875e-03
-1.352315463981892396e+00 -1.046856829787394111e-01 -1.815148125970638543e-02 1.552533764154202106e-02 -4.950258264105643520e-03 7.554319728582475045e-04
5.831770614257779650e-01 -3.767005712680589896e-02 -3.171093161664888943e-02 -1.320244730365502731e-02 -4.058734797658237678e-03 1.045098634511704410e-03
-6.955353259231332741e-01 -1.080835034413998030e-01 -1.434192169636130422e-02 -7.571662934192497502e-03 2.887737435454342970e-04 -2.061369866258571239e-04
-4.861298716642640239e-01 4.763633616787774638e-01 7.987226013442551287e-02 3.020765990300306597e-02 7.594926144425991890e-04 -4.112385508121218364e-03
-6.662324466521294397e-01 -8.191138026317844323e-02 -2.004780541358346102e-02 9.642221419094440873e-03 -1.909713326193548596e-02 -4.781379840935787683e-03
-8.340570213104243624e-01 2.801160358569059622e-02 -2.392536482920435900e-02 1.456038386256556724e-02 -5.149152080435605815e-03 1.944877675630783762e-03
-6.030931499457257150e-01 -1.670130924986488671e-02 -3.634411729068010716e-02 1.130276662219857273e-02 9.154283477856068121e-03 1.588326651741119337e-03
1.980234208199584678e-01 -3.035856725176832582e-01 1.431232126857864134e-02 -8.638350703060970054e-03 -4.301332319020114738e-03 -4.347207220267806232e-03
-7.484397119773924523e-01 -1.679040902305896088e-01 -1.758576835909901256e-02 1.597903150950301865e-03 7.880226885639005432e-03 -3.556968742737605122e-03
-9.790875388630680964e-01 -1.787229728328645906e-01 -8.467486395933220217e-04 -1.001702644780184427e-02 -9.931396393039448531e-03 -9.486680941030435589e-04
1.241138388503540829e-01 2.925837337430727825e-01 -3.550867898181038745e-03 -2.181927067771239313e-03 -2.740212273696110922e-04 4.492370547248802568e-03
-1.873078269127977924e-01 -3.762716769883486800e-01 3.481086477095418630e-02 -2.504428994851283508e-02 -4.689741598192286379e-03 -2.129908539250956190e-03
-3.479026818584636249e-01 -1.597695752978421924e-01 -2.847851554252386549e-02 5.107003778037612352e-03 5.610489292463047284e-02 -3.068179781399201292e-02
5.764651354723733245e-01 -3.298594720421537674e-01 2.352410204411922376e-02 6.533541690670653396e-04 -1.411977879043967155e-02 -2.056647363476182735e-03
5.578885058906961347e-02 2.593637537137751803e-01 1.728556721316411651e-02 -1.426865887968807763e-02 -4.373270611909116541e-03 8.644651320876823967e-04
1.954194458462417058e-02 -1.466288639020304485e-01 -1.598488632763691783e-02 -1.311729523169560992e-02 8.466858675515729141e-03 -1.820124187626414843e-03
-7.554941842061609902e-01 -3.989414252832952368e-01 3.812424587855040709e-02 -2.856557057434934779e-02 -5.056852763483554725e-03 -1.468001505763662532e-03
-4.846555717745136271e-01 2.683457023897438121e-01 1.930350832248012207e-04 2.907300680058489892e-02 -6.556344454894042981e-03 -2.005291972572706156e-03
1.148027394199644613e+00 -4.832629459748492146e-02 -5.643916645025921774e-02 1.485141529119840022e-02 6.512407460430421008e-04 -1.815914431477971911e-03
-2.992790157459885858e-01 -1.534059071950971131e-01 -1.448391634086445938e-02 -1.756343021528397608e-02 6.045603614016128828e-03 1.180674985523993839e-03
5.418427910228484912e-01 -2.436226144370361724e-01 -5.324627751284752471e-03 6.704773569688726557e-03 1.344231683361767548e-05 -4.050327476123441288e-03
-6.014552171646434520e-01 -4.987467117824108676e-01 6.002180806370219918e-02 -2.066312243418388234e-02 -1.866287506555056475e-03 -2.651244353056539816e-03
5.357927031347247127e-01 4.186164487640070542e-01 3.824816546676575169e-02 -1.749396363662639522e-02 3.367922502340124982e-03 -9.314212021138757510e-04
1.332475302538844997e-01 2.641428620062870047e-01 -8.235383568896886830e-03 -2.205755447621604928e-03 2.060226318570529402e-03 3.253413929320160027e-03
6.069593156262200750e-01 -4.211935792969047354e-02 -4.279122876441276979e-02 -1.733828822990448552e-03 2.649822498829626505e-03 -7.425969419125228756e-05
2.044525070343406470e-01 1.389047844947397248e-01 -2.983326461709506078e-02 -3.785148303926378320e-03 4.374823494219842041e-03 1.951848809857889035e-03
-7.652920592502406028e-02 -1.721577100390477011e-01 2.566627947014997382e-03 -2.952412422399426986e-02 -4.871451998665545825e-03 -5.519169630393840845e-04
-7.446005002991016308e-01 -5.371583233073711633e-02 3.264689168949113469e-04 -1.464935129658392031e-02 -1.355835724185974235e-02 3.600395562373229523e-04
-7.740536182462842696e-01 5.436017700771163946e-02 -1.451990726046890369e-02 8.833349195087292563e-03 1.173590404698456784e-03 6.678365386587634209e-04
-3.466954261982883589e-01 -1.510144869412879676e-01 -1.333637854232566124e-02 -6.707296845491639119e-03 2.576789794169838735e-03 -4.300459631324853906e-03
-6.447279904550274887e-01 -2.344839808542915349e-01 -8.662563001682258360e-03 -9.535962824636299824e-04 5.701204697510585395e-03 -2.756168686734851089e-03
-5.117129489704220768e-01 -1.660706133607892931e-01 -2.145934194367656728e-02 -3.474949004868390593e-03 1.339725338689567308e-02 -8.992658996140347454e-04
1.053692935740013076e-01 1.742903130657200983e-01 1.528238172086355704e-03 -2.044111869583077265e-02 4.774334702986038066e-05 2.195624895480554045e-03
-2.626387818975832733e-01 1.440433058793395005e-01 -6.331169510353899972e-03 -6.832688622273539077e-03 -1.864470181935642349e-03 2.972909682398224007e-03
7.555335073846857208e-01 1.095475006322110950e-01 -4.429586156106377764e-02 -8.990712472952739134e-03 -6.431696397978183162e-04 2.360809942592900605e-03
-6.226683696269121882e-01 -4.343095314269023594e-02 -1.412926514099527645e-02 -1.594936351158893228e-05 -1.817829892580345719e-02 -2.139595107728561960e-03
7.567682890252470651e-01 5.627714831340512036e-02 -4.384968173900545552e-02 -6.797137800460160799e-03 -1.587028519851657691e-03 1.117965223862873829e-04
-7.591784121814654229e-01 -1.311401638669408842e-01 1.667320792913288326e-03 -1.947105180140443897e-02 -5.059274371517277769e-03 -7.713654522744393472e-04
7.405616528433079937e-01 9.586436489495415818e-04 -4.410033287050689477e-02 2.470648443626370107e-04 9.964149981371290925e-04 -1.296980706895937713e-03
-6.937863545182726410e-01 1.099333527633199713e-02 -2.458224902489873978e-02 3.745828530456378133e-03 4.865896235837276554e-03 3.843090700285456320e-03
-5.864765045219836326e-01 2.874595506348200935e-01 2.243739112656391310e-02 1.859328476646555234e-02 -8.402169305981515429e-03 4.613223563237106215e-04
-3.756510250914574245e-01 -3.144451754808740840e-01 1.510012213085189757e-02 -1.128415863152079819e-02 -2.602414018215235252e-03 -5.238331376006483478e-03
-4.268749200761657869e-01 -1.693152582558274111e-01 1.160764536383146819e-02 -3.662492705772425750e-02 -7.761576694172778353e-03 8.062382608281276793e-04
-2.804395951038514689e-01 -3.119371653192856142e-01 1.175471476106861556e-02 -1.986584421091649728e-04 -1.923843836314004544e-03 -5.778257432136865539e-03
1.157189332765921896e-01 1.978229333238238352e-01 -2.164107753110478677e-02 -3.673487454502070114e-03 -1.145474490676262050e-03 4.041758194853404575e-03
-9.932041430974108964e-01 -1.899292544606696054e-01 -4.290611459556934772e-03 -2.364292270364167295e-03 -1.376100829724598296e-02 -1.921883448712290296e-03
-2.809580674508276865e-01 -8.154707271495828524e-02 -1.892769958198137550e-02 -1.541092169618707777e-02 7.764781151679961239e-03 1.343449428439755060e-03
-1.234814170626989394e-01 1.626606689419014262e-01 -2.479459308259023345e-02 1.825640135278481027e-03 2.235137504077533508e-03 4.726605783068355861e-03
-9.807787643416630841e-02 -2.723528864240405967e-01 1.798823016551746173e-02 -2.748876812034120598e-02 -1.170662114398557038e-02 -1.871916048274942365e-03
2.074574441868852204e-01 -1.732171225375456480e-01 -1.447024797729893134e-02 -3.111011737399000700e-03 -2.408216599819281833e-03 -3.467944307969940930e-03
6.679453297151044522e-01 -1.099047823954604208e-01 -2.981406290333848963e-02 4.046306064154899873e-04 -5.021460962732263427e-04 -2.509028706957584006e-03
1.008422986479318606e+00 3.380196945855520885e-02 -5.050285619812248938e-02 -2.421763191480410908e-03 -3.510497901899006443e-03 7.154821113974452283e-04
-5.495527646686831913e-01 -5.336935850989050351e-02 -3.393276525611578498e-02 8.886258232234156562e-03 9.631689057376494750e-03 -2.742454846917421465e-04
5.765202840746833646e-01 9.818245720113305541e-02 -2.776110307738251237e-02 -2.044073600339423383e-02 1.172585368852790619e-03 2.633774706411190578e-03
-2.147256453326012726e-01 -2.737154076636567068e-01 1.064968189908865881e-02 -2.683214492021982964e-02 1.283270180849509614e-03 -3.801556434938886762e-04
2.178130904500120146e-01 -1.176277351915378938e-01 -2.372257797294681850e-02 -7.266896693143567836e-03 3.963781289917606837e-03 -2.014652564200187027e-03
-6.499711235994328762e-01 -5.570017668420940843e-02 -2.628707895218293858e-02 1.450245256577018318e-02 -8.665868984153855814e-03 -3.855235585078513674e-03
-2.786335478522188325e-01 1.808178793883144786e-01 -1.261748138622211662e-02 4.545661877665332223e-03 6.425867583849441921e-03 3.274158596004400883e-03
1.060223752565401689e+00 -2.747683987042411347e-01 -1.595116593333073800e-03 2.379223071937796447e-02 2.399775137390551451e-03 6.363980837842599970e-03
-4.165605231804671571e-01 3.533526265370868225e-01 1.199167895184339618e-02 3.674049075410700665e-02 -9.447673795840678262e-03 -2.608709814898338333e-03
2.451974887566537309e-01 4.717962790975195331e-01 3.474465979509308577e-02 8.979146386472985908e-03 -3.577497409695724081e-04 2.268756091454487620e-04
5.359228163052525140e-01 -4.822596510092759803e-01 5.480446070344432291e-02 1.204594768829313732e-02 3.860977444923955997e-03 -3.584956887385163759e-04
1.158434929811932745e+00 -2.015411112784805114e-01 -1.862163722831280260e-02 1.345210481897969948e-02 -7.268950559413276703e-03 -6.483593361871627884e-04
-9.790714666853841397e-01 -6.355136350585990912e-02 -2.714253891690259629e-02 2.148072806458374562e-02 2.850839365810025044e-03 -4.666160831946717172e-03
2.433948651858888201e-01 -4.976978983171855275e-01 6.214210998245748435e-02 -1.233687278448546360e-03 8.458442255456807661e-04 -8.483562230769630232e-04
-1.857911906552680292e-01 -1.043028362714116392e-02 -1.314144039365561754e-02 -1.992687392727419959e-02 2.593162317868521853e-03 1.994313410352617499e-03
1.881222480480100046e-01 3.699754891801340095e-01 3.485916795112536243e-02 -1.116193417157261732e-02 6.017449761359706419e-03 4.629913460091779061e-04
1.036986052761425074e-02 -4.560387812731424573e-01 5.445767178254507651e-02 -1.355865725648423489e-02 -6.881073847381826737e-03 -1.264790640226489456e-03
1.756804064440011248e-01 5.261514442765532346e-02 -2.059386226484971605e-02 -1.260997984698057107e-02 -7.843537588339178843e-03 -7.086275626585220727e-04
-6.353082451896852056e-01 -1.125341783326508707e-02 -4.887546677626150061e-03 -1.143477689960194221e-02 3.991727323386060587e-03 1.218638964763612284e-03
9.520661200882959418e-01 3.241512990902469804e-01 -4.965942797783879856e-03 -2.179335610911218787e-02 -5.069958644377231538e-03 -5.681823221434789446e-06
-3.484638043158816423e-01 1.711754686276614479e-01 -3.140281780107419957e-02 2.269697403449304207e-02 5.951534723073497422e-03 6.692544089457296962e-04
-7.169182498598267728e-01 1.490035456485827858e-01 2.583885501160827422e-02 -1.115232232298346039e-02 -1.818641380490264260e-03 3.896530094376461119e-03
1.044420653067592131e+00 4.105752071237843692e-01 3.298879487235872182e-02 -4.137798054603571835e-02 -2.232430805945051239e-03 5.266919349542095686e-04
1.210866933684233482e+00 -5.157304611826923901e-01 6.463972945898960321e-02 5.759659424415530110e-02 -1.635810441566650777e-03 6.901850277410639554e-04
-4.592450258012870101e-01 -1.839915424909742414e-02 -1.734444557154121366e-02 1.086280660360498460e-02 5.668243633505803958e-02 1.335764739005049564e-02
-3.082433525862861567e-01 1.147426577794445207e-01 -2.674657576757183755e-02 1.165917959308505024e-02 -2.858150411402794484e-03 -7.030926901383887078e-04
-5.641167334577239234e-02 -4.909287583271491617e-01 6.195530640669183464e-02 -1.542715105004290044e-02 -4.767109619386616058e-03 -1.368943637739520550e-03
-1.910576135104732065e-01 7.502882917601812196e-02 -3.264789023423863429e-02 6.099403795989962081e-03 -2.184705839528984419e-03 3.432974074619108405e-04
6.636827844349978411e-01 -2.306199027189835549e-01 -5.844460761221434951e-04 -1.950694046795509520e-03 -1.253277160185426765e-02 -3.337414211118698831e-03
1.310461800697866552e+00 2.287055435177595339e-02 -6.158056677814684882e-02 8.430492404991069694e-03 -5.005122153434719660e-03 4.579254460567695685e-04
-8.801063148971305372e-01 2.249401123994218821e-01 7.796298682007891251e-03 3.154876992543898667e-02 -2.013061632087410641e-03 1.030870476583586968e-03
-8.642042792454016076e-02 1.824746481758794392e-01 -4.603810217352868189e-02 2.668458085244234529e-02 5.242912513741922013e-03 -7.637070413271106499e-04
3.524318559258148853e-01 -2.691765105405954928e-01 6.828931634025135235e-03 -5.762067542472890450e-03 -6.850921953812904794e-03 -1.520101129436315229e-03
-2.724152509085394080e-01 -9.353501969471565702e-02 -2.749804418085746716e-02 5.076457721224229142e-03 -4.015065886632568533e-03 -2.707753911890480904e-03
-1.260409982710877008e+00 -2.768375527585160284e-02 -2.440465715196619631e-02 2.871348724767128560e-02 5.313328822129672474e-03 -9.014793188484873871e-04
-5.188507180860936208e-01 -4.174686045407828838e-01 3.765188818045311220e-02 -1.642877300553669331e-02 1.339058423760283115e-03 -2.912828039734577292e-03
2.761988882376988919e-01 -2.298853252451510676e-01 -9.618296677967055897e-03 5.195166520727239300e-03 5.074076388154352690e-03 -4.949258742556212481e-03
8.700316878120888386e-01 1.832046340335491061e-02 -4.506012882388572838e-02 1.615037231234926329e-03 1.976457242670141292e-04 -2.011909135629088782e-03
2.780712917469585488e-01 -9.548743832131650899e-02 -2.046730219775686269e-02 -7.705443204238697323e-03 -3.858521377858742298e-03 -2.848567928041276405e-03
-6.659424480639086763e-01 -2.725543643074315181e-01 1.523401253171649712e-02 -2.051495524557038139e-02 -1.178010337723769084e-02 -2.917442163895562612e-03
-4.561143297669996155e-01 -2.232823611021646226e-01 -7.391319034842327301e-03 -1.073991746679184810e-02 1.356405039844207037e-02 -2.428300019513524467e-03
3.646954529941297540e-01 1.438680138275114651e-01 -3.711036683429309868e-02 -4.502658229090616797e-03 8.535033248663510819e-04 2.350179811899601786e-03
-1.398470137400136537e-01 1.464899579484706671e-01 -1.894725720678121575e-02 3.917033985441637466e-03 -2.655446963974353574e-03 -5.194170550141713775e-04
9.186075311460118256e-03 -1.088971080564222205e-01 -2.972407223241203822e-02 4.169204478117991518e-03 7.151209652703251207e-03 -5.194615881742425251e-03
5.537249892951606745e-01 6.239659185942537656e-01 1.306064519577890548e-01 -2.462748210862570827e-02 6.781490098989343893e-03 -7.780266840784266086e-03
1.202506214214462910e+00 -6.030796284781786420e-03 -5.683897363989634521e-02 8.842831195253180593e-03 -3.524258922458403664e-03 -2.551513677834061169e-04
-5.658136437267967667e-01 -2.998477172276601821e-01 7.325965813772065613e-03 -6.711891461217776855e-03 2.914184094234693184e-03 -5.333397851592597792e-03
2.410837857148600549e-01 -2.491912375352796361e-01 -2.887739525175622886e-03 -1.898902857365352206e-02 7.179361291362657514e-03 -1.756937056982375172e-04
-3.597154637147541578e-01 7.033896698779026901e-02 -1.602033437370452632e-02 -3.041447131576634211e-03 1.861069910106911409e-03 1.423469891533102024e-03
-3.717636579654375883e-01 1.072426627694155095e-02 -3.493053237886319801e-02 1.086771564803787685e-02 -2.663453786542331787e-03 -2.995679545664359732e-04
-8.068434238083513899e-01 -9.512144285476450967e-02 -2.123404626083297622e-02 9.657782330471457663e-03 -6.950068629382877630e-03 -2.751608522650140620e-03
2.610607794330476600e-02 9.884008552759572519e-02 -2.321719168982804005e-02 -1.153001374002138660e-02 3.193007194306221271e-04 3.961485780984065445e-03
-5.052599582002568201e-01 1.616396215502242661e-01 -1.461925588702641700e-02 1.362558629095008030e-02 -5.074450236946779352e-03 2.417150644413520229e-03
-2.022945185562364800e-01 3.977225576675427060e-02 -1.646404433253819549e-02 -6.816899849381725940e-03 -8.709649067998329053e-03 -1.826043075414956628e-04
4.573589524327871803e-01 7.505065773063732126e-02 -1.746190254571739278e-02 -2.568265840258786986e-02 5.592410333749837578e-03 1.979693878713843259e-03
9.199971126966669521e-01 -1.539507641567632035e-01 -3.288699596833698918e-02 1.336045185435332655e-02 4.168484459080330252e-03 -2.670014510238397174e-03
-7.316466125799332421e-01 -1.419968276456937128e-01 -1.797053910428874843e-02 2.513569558497915669e-04 9.799743717412611604e-03 -3.287798723821528952e-03
4.787675003043123101e-01 3.225882515677799822e-01 -1.672197368079613713e-03 -1.068824566675012459e-02 -4.148436113248287621e-03 1.980594759663664457e-03
-4.628900611016807387e-01 -2.312177033766004905e-02 -2.460718509574757323e-02 6.360244996918349228e-03 -9.680213656391595603e-03 -1.977663555918752602e-03
-2.744090321351244643e-01 -6.586604765186951371e-02 -1.845760448764482628e-02 -4.067893094308550062e-03 -1.338292975184743328e-02 -2.648048508103434829e-03
4.996923099883179287e-01 2.219380911759901709e-01 -1.553576654322672522e-02 -1.129495719042139350e-02 -5.014430141821948558e-03 -2.794135486906589375e-04
3.544721298043589097e-02 -4.244812970755313386e-01 4.062902863599517078e-02 8.090596656010277596e-03 8.344410324751586755e-03 6.821161924211733250e-03
5.796731710922319730e-02 -4.481605112057676088e-01 5.598648375776100333e-02 -2.307159509109503806e-02 -1.033761872243806924e-02 4.765083094359754583e-06
-5.693839816118199254e-02 3.352103523028506643e-02 -3.041225088015266781e-02 -1.313807232719411836e-03 -2.784154045145829839e-03 3.681258113345140751e-04
-2.963394965298114525e-01 2.902621784236191771e-01 5.674687492496883860e-03 1.654890090818962253e-02 -2.578886361395599496e-03 8.054923857080594505e-04
-5.182419198879723021e-02 2.349428668911676399e-01 -2.288529838027913987e-02 1.274181477301957605e-02 -9.411963788651442732e-04 1.813251474378864414e-03
5.454163149489108520e-01 2.679571596272014022e-01 -5.424730051997356944e-03 -1.975309328509253226e-02 -2.385476609658631394e-03 2.447812847391580681e-03
3.161033010068136639e-01 3.847924383799808390e-01 1.334695288722046770e-02 8.361949126205051649e-05 3.066310190077954178e-04 1.121511499236705961e-03
1.839533403098528030e-01 3.084968170494773454e-01 1.658254709322747392e-02 -1.090511034286128882e-02 2.822313312639860520e-03 3.739493213099612159e-04
2.727443732160306222e-01 1.241849140839865751e-01 -1.775251404497214802e-02 -1.953237607079681346e-02 -3.118650868428566626e-03 3.429942067208311025e-03
3.314189609740810227e-01 -3.573330163123021874e-01 2.148987330216018884e-02 -4.416130323160425385e-03 4.446891750460807771e-03 -3.809718560064158811e-03
4.909163740403338916e-01 -7.594033306700606611e-02 -3.497594085378570583e-02 -4.343553363882896035e-03 7.568456147554045686e-03 -1.250647418057633563e-03
-1.457514847172428907e-01 1.144109751407380998e-01 -1.274848626109020139e-02 -1.389639074268923455e-02 1.253001816093410846e-03 4.892662815757317478e-03
3.478938304822379313e-01 1.906879509235969439e-01 -2.430540579579962279e-02 -6.581517948346445046e-03 -2.191891700080218254e-03 1.988970987073904011e-03
-5.800840166504973860e-02 2.377658814073602966e-01 -1.466378639638601369e-03 2.465623017311224839e-04 -1.078879356184410214e-02 3.756757378102524116e-04
-7.889351625250202726e-01 -1.433805162928921961e-01 -2.304487547537682410e-02 3.802179842319156414e-03 1.060246820911573892e-02 -2.024604715259895743e-03
5.129335741201933585e-01 4.364755908414315322e-02 -3.281948617827110115e-02 -1.400237483576184661e-02 3.400259538425188209e-03 4.776448963635192670e-04
5.916856646382639973e-01 2.386537456873819296e-01 7.329059144582404824e-03 -3.260460545579368236e-02 -4.824545331937995715e-03 1.316591974239881245e-03
-5.070416387889533638e-01 -1.932806562736926193e-01 -1.449933324677264365e-02 -2.683789910253722884e-03 1.212145640585947370e-02 -4.569803224529730631e-03
-1.606639384169826490e-01 -3.500238331777829059e-01 3.044678917475774488e-02 1.895621865369443316e-03 1.220140285905035871e-02 5.986519246084280599e-02
-2.915225386752798853e-01 -1.045141510942776061e-02 -3.626096357758724215e-02 1.683799876671238094e-02 -3.419598295776586205e-03 -5.530635716258799559e-03
-6.598463779232359716e-01 -2.668065155076229655e-01 1.170404703552627157e-02 -2.487645083238392701e-02 -1.071051309801824333e-03 -1.128856166553669858e-03
-1.052728863786128732e+00 6.100768960303976779e-02 -1.026429807511043506e-02 2.171463196200379420e-02 -1.908317159495601448e-02 -5.761589379400013913e-04
1.029071290726803589e+00 1.056447832001899956e-01 -4.532984686132467134e-02 -1.067582325285456463e-02 -2.258216773281869049e-03 1.566859102737958856e-03
6.766473193484432436e-01 1.717807008078381936e-01 -6.044404672845362508e-02 1.266188420501616722e-02 -6.788615971439190605e-04 1.091965591753351261e-03
2.070916535213760679e-01 2.554455221190604086e-01 8.984546843032875652e-03 -1.796817907804871411e-02 -3.921090191983527505e-03 2.239209531029239496e-03
7.011629006635623496e-01 4.479482627215140567e-01 4.420121051475716517e-02 -2.328163818709724428e-02 1.013232427723400513e-03 -2.227417698064443254e-03
8.051265056547514121e-01 -1.649906336370255966e-01 -2.827039144302891799e-02 8.806851266395018113e-03 5.381842379684019864e-03 -3.872783700591682192e-03
4.618905160888125278e-02 1.265202585058589624e-01 -2.023953351456538041e-02 -5.413892086834558651e-03 1.584970816048472718e-03 8.506264013963438404e-04
-2.499702990133980673e-01 2.781407943323288001e-01 1.443549079381909253e-02 5.637434031872275847e-03 2.628294431718154051e-03 1.093443072345039180e-03
1.288847176129842009e-01 -2.266121229128199022e-01 -2.432007975784330426e-03 -1.605798393302466931e-02 -5.115041003962280883e-04 -1.727700783660224369e-03
-4.391191315303089593e-01 -3.428909984881448048e-01 2.508869599750724114e-02 -2.119538556548054148e-02 -4.052422713594911428e-03 -2.915872255606928760e-03
-1.049949459113170613e+00 1.740392037206112130e-01 3.115376756725838497e-02 8.886352885023261414e-03 -4.999584166272631573e-03 3.281566105067716763e-03
3.515099057344604483e-01 2.787877197650356909e-02 -1.604853019337165732e-02 -2.308071285639840681e-02 -8.133322275653493208e-03 9.276173745066562562e-05
-1.551127691401074649e-01 -1.323653022567214121e-01 -3.741118948446575925e-03 -2.160267045227786190e-02 -1.162601336724578167e-02 -7.795801369635102897e-04
-5.551625669249080630e-01 3.390183013596932415e-01 3.209786070344450293e-02 2.579351980701236752e-02 -6.271461567127867981e-03 -1.477330214366181929e-03
-4.521346232200676996e-01 1.066094832606376830e-01 8.264783853581991052e-03 -1.875203136794480197e-02 5.262951719792801838e-04 4.214404583354762653e-03
-1.286173207292088489e-03 -3.118466092875590845e-01 2.122382946143205884e-02 -1.571249501568717025e-02 -1.139254530286330606e-02 -2.203998690701107401e-03
-9.927455598013681382e-01 -9.419828287363263275e-02 -2.382840878293769962e-02 1.395490125138348220e-02 8.804589422229152284e-04 -1.842740463073623764e-03
-1.148026710611468770e+00 4.123973911277299675e-03 -3.172235130911124634e-03 9.320674379256163947e-03 -1.800925766365805633e-02 1.130045581848004767e-03
