2.053316060590507863e+00 -3.285791118711858805e-01 3.407394715619264242e-02 1.003944846633799265e-01 -7.644032588352535351e-03 4.214821549021659404e-03
6.330849466913488488e-01 8.267347888559542501e-02 -2.287725306748431345e-02 -2.865141662398730527e-02 2.515053798646701131e-04 2.648341620751175091e-03
-9.369920136372429653e-02 -2.015592119112714353e-01 7.092375939738494207e-03 -2.789396325243338401e-02 -1.192487656168622796e-02 -1.228634419699402118e-03
-2.898367178387213916e-01 -3.308519195539800228e-01 1.495532083155296996e-02 -1.709784669507935159e-02 8.630181037185925136e-03 -3.049904350935247425e-03
-3.476249913978613493e-01 -1.957822456859676374e-01 1.326364512466749607e-03 -2.218055061585588392e-02 -4.372761588887031335e-03 -1.154856757277645217e-03
1.198412218555160669e+00 -3.773421272256738956e-01 4.445398835779688917e-02 3.321977783577045179e-02 -9.073015812697324614e-03 1.058416213599276895e-03
-1.186321204210410984e-02 3.820760551165301444e-01 2.479411506982376681e-02 8.992350525564976604e-03 1.677977785073571891e-03 -1.267862959914617003e-03
-7.147560998656880826e-02 7.818502624663259404e-02 -2.783266392016986446e-02 -4.801658346300609163e-03 4.776005976904483356e-03 2.034023040618816724e-03
2.000738420007477092e-01 4.971462491488305713e-02 -1.285448354004405276e-02 -1.774218109666641369e-02 -1.622247784889207026e-02 4.361222166062362531e-04
-9.776651992072935560e-01 2.108261444496802584e-01 2.610325650723217469e-02 2.698640480840307915e-02 -2.966634280370545468e-03 1.751820197247288397e-04
4.007611761445608600e-01 5.513819648694985309e-01 5.604268550691569178e-02 2.795000094008955743e-03 5.663381597201946111e-06 -3.201770197737137912e-03
1.078385117577448787e-01 3.426949709516411424e-01 6.010537388026787609e-03 6.316791290543240060e-03 -1.964844656408625250e-03 6.557702045715183264e-04
-2.215328086242805139e-01 -3.814925864839184277e-01 1.943070020663010058e-02 -4.374933029558809514e-03 1.865676337446836933e-02 -5.622239287730716219e-03
4.637474999840442424e-01 -3.761388909675449366e-01 3.036113235341894590e-02 -6.624756153337047144e-04 6.487523108801441195e-03 -3.194114260097315715e-03
-2.388712011780723954e-01 1.413137123891430313e-01 -1.949218149015275597e-02 1.168532003051116729e-02 3.693055674760472099e-03 -2.574891751880339615e-04
3.067898200273186382e-01 4.589515118799751825e-01 5.470808596744181074e-02 -1.428198495530227582e-02 1.044943315201833818e-03 -2.078155063373781416e-03
4.391360156180612790e-04 5.394266557434200804e-01 1.135393627033237651e-01 -1.175657343828048415e-02 9.916951276936338683e-03 -5.366697600810307021e-03
9.519061141334569931e-02 -6.291054632821008186e-02 -1.178407345432574971e-02 -1.723719048487037941e-02 -1.109205225527328843e-02 -1.366796501269579430e-03
-1.800370428269240652e-01 7.203243225143332595e-02 -1.562218185012373591e-02 -1.044868812799999193e-02 4.789011167244240186e-04 2.498951853682787345e-03
-5.389912236195306683e-01 -2.293393930225144928e-01 5.513438833814926672e-03 -2.517641070363434846e-02 -4.031387631945701489e-03 -4.226014782914685932e-04
-7.579430356791841406e-02 1.932051794557052352e-02 -1.894148062246660269e-02 -1.248531624001934966e-02 7.695473292058734385e-03 -2.526521328019578185e-04
1.417962387466321861e+00 -3.186337268095781883e-01 2.661690963021670631e-02 4.069678847370017394e-02 -6.898515527324082866e-03 1.506093860902636521e-03
1.217175597913726204e+00 -2.746918141803059710e-01 1.261387720865823209e-02 2.843801768837222327e-02 -2.636924439232725837e-03 -8.734861656910063036e-04
6.986681378772447992e-01 2.566221389493316130e-01 -1.833489775315616825e-03 -2.996788762328107120e-02 -4.313400809199753431e-03 1.570476642702454528e-03
7.300806397757307609e-02 -8.858752469355953008e-02 -9.894103799755905176e-03 -1.783977959836630447e-02 -1.232528981333060047e-02 -1.227637887291595188e-03
-3.172984399873749473e-01 -4.791195535173577991e-01 6.526205278884843197e-02 2.982207665129917896e-03 1.121361128351007486e-02 6.925311503332819141e-02
-2.143651826450425069e-01 -7.503534091229387137e-02 -1.616254913854888939e-02 -9.281536287279519570e-03 -2.047879653090983482e-03 -8.840183517300039331e-04
-9.430067042782066533e-01 4.349029572532551319e-02 -7.118031281535103748e-03 1.515134020616328361e-02 -1.179228550100884856e-02 7.164686234317299042e-04
-1.231746864591243551e-01 -2.859829780680211986e-01 2.321242071872357728e-03 -8.763402028422769344e-03 1.184986274282545313e-02 -3.362711226840420144e-03
9.260869110823325423e-01 -7.818002669761463241e-02 -3.681250930674911243e-02 7.932270780694417045e-03 3.530025323732007350e-03 -1.255232092728321338e-03
3.000012011817166924e-01 -2.919209225548994868e-01 1.130607200809301618e-02 -9.003948991393388723e-03 6.438166631635479538e-03 -4.031782042150710253e-03
4.679817577166675568e-01 -3.139675832192931892e-01 1.461476765827998681e-02 5.487978563600361820e-03 9.771890399059285706e-03 -2.900449838069170307e-03
1.089115898606241029e-01 3.985822075990850255e-01 2.169250435573988334e-02 7.191153861397862369e-03 1.266586149109525392e-03 -3.226879438731207169e-04
-5.977931361662081056e-01 1.321370901144237539e-02 -2.055723890662536010e-02 1.197759392797755063e-02 -1.120071746143176585e-03 -1.914619780741084413e-03
-1.791480738231979175e-01 -2.468660061539351691e-01 -8.433586507479098535e-03 -4.120602024130728784e-03 1.633719601204444011e-02 -3.093735960919590227e-03
-1.473737174011638049e-02 -2.368117734917309647e-01 -7.167447516134641504e-03 6.765390655332634761e-04 1.263614209490110385e-02 -3.918837109472645894e-03
7.267334050934530776e-01 2.064574555231496467e-01 -4.965049150274411516e-02 5.704088541639576460e-03 -2.410995895978427714e-03 1.642247686284198632e-03
1.426773328423704967e-01 -3.541965646939415624e-01 3.071622701406746467e-02 -1.258178509219642568e-02 -3.808826987896558360e-03 -1.905715577214732708e-03
9.950469158662030855e-01 9.693236485047355966e-02 -5.306475111404487105e-02 6.383505722171404530e-03 -2.151749146807849136e-04 -3.475175840124355661e-04
-3.579137859671198685e-01 4.046688517635654292e-01 6.699194695479240846e-02 6.929530565656192610e-03 1.085496196493111569e-02 -1.790113469323111918e-03
-2.339778338237354094e-01 -3.636590789285006897e-01 2.385434263773254793e-02 -1.794353486164818046e-02 4.921933354659794452e-03 -2.105889581071781515e-03
2.733790151717843675e-01 2.116592357567873700e-02 -4.021429510264708934e-02 6.044406412096177926e-03 3.308730363955378600e-03 -9.874613947466477203e-04
-1.037737988619690466e+00 1.499791615070138473e-01 5.048208547289553729e-04 3.298580949436909909e-02 -4.928457747074891336e-03 1.962230076176984129e-03
-1.821200435286006170e-01 -2.308038168395857015e-01 1.238378502991088282e-03 -2.200585004852007726e-02 3.076428148760006458e-03 -1.103753890237844882e-03
-2.126727829994129113e-02 7.018969003886464664e-02 -1.206516402309142783e-02 -1.458904431376109763e-02 -2.649293364219138837e-03 9.116233006831310319e-04
2.304953268669773792e-01 -1.963088426388643060e-01 -2.843377473616585851e-03 -7.464625575253058636e-03 -2.416324116022835946e-03 -3.005397236661784717e-03
-5.285434930208972315e-02 8.119453882952938628e-02 -1.027081831465557343e-02 -1.788850039558964253e-02 8.944714520037814337e-03 1.609519142502285373e-03
6.493066230082246426e-02 1.877776545204865866e-01 -4.129992094000163594e-02 2.072468890355491644e-02 3.630414714237354800e-03 5.645428758762656299e-04
-8.804296017791368723e-01 3.029580781090521757e-01 4.188175310008882685e-02 3.447794724924816562e-02 -1.270761743428333026e-03 -4.711796722682785443e-04
-9.849709199125764592e-01 9.514245905721117891e-02 -1.114091890784254732e-02 2.885010900137319548e-02 -3.322704443116813750e-03 1.137989960375834038e-03
-1.544894022627668340e-01 -1.459750635332618118e-01 -9.436123010796255636e-03 2.622199742674343110e-04 -7.377713093360458406e-03 6.904518294398642730e-03
1.021280274114925612e+00 -3.218009405518730826e-01 2.552862323429080926e-02 2.990381282944296060e-02 1.580325504536970625e-03 -1.935692806630291132e-03
-2.228742869149065095e-02 4.820935081256843557e-01 5.916810588977226837e-02 1.052147627368135198e-02 4.127344873442726804e-03 -2.422386250933516918e-03
1.502549552585933923e-01 2.388020179879447036e-01 3.662336147169943310e-03 -1.388051427560546038e-02 -5.986214311744452420e-03 1.395271245872086374e-03
-4.506464160903050353e-01 -1.346498189830312164e-01 -4.080464900045046965e-03 -2.451394159346573579e-02 -5.108304869745622237e-04 1.005267721506805916e-03
3.907879984249413297e-01 -3.155267097841137902e-01 2.237163966531849346e-02 -8.677774247753155742e-03 -4.174640604797883944e-03 -1.999702482614620479e-03
-1.193666555324940509e-01 1.625619510348512708e-01 -1.855293865229584033e-02 -1.291436764689177404e-03 5.224797788361771472e-03 3.494622829550732106e-03
3.672180612270974365e-01 2.330350310304696304e-01 -2.807475193609551903e-02 -1.282059328178877192e-03 9.988780278904808591e-04 2.688270432620833237e-03
2.208914723196997443e-01 -2.877334152362957531e-01 2.948713145809260007e-03 -9.887474341220853918e-03 1.344954173169070864e-02 -2.048191130791625347e-03
5.879577330249869949e-01 3.805679136408193219e-01 1.061194052599594151e-02 -1.559861673983944583e-02 1.114675010967795983e-03 -9.382029952333569557e-06
-3.753357538404644700e-01 7.761896776841797907e-02 -3.749862742379667796e-02 2.265873289524805018e-02 8.811330983898624930e-03 -4.031037674094699883e-04
6.378195850350925067e-01 -3.442957611404163787e-01 1.930456023892335865e-02 7.058506076511172379e-03 1.180640572942780880e-02 -2.059867115295779816e-03
-2.963927320678835797e-01 -2.892266745986111776e-01 2.265696069570756477e-03 -1.054429503052786883e-02 1.342946034964267142e-02 -2.963113326521012343e-03
8.296316277117122828e-01 -2.655848278332650358e-01 1.551091653460540468e-02 3.055071909321369419e-03 -1.176936004419993839e-02 -1.795084581926743080e-03
6.882852670396351347e-02 3.730088732433866627e-01 -9.703583529637025210e-03 3.052696055056374272e-02 3.282157333221511104e-03 -1.584914365196967703e-03
3.284771521286281581e-01 2.209341257855759466e-01 -1.028183243904278940e-02 -1.606225530360386525e-02 1.596794572069748898e-03 1.790942040864249496e-03
5.756941377513498104e-01 -1.616088750790649620e-01 -1.911210738209523363e-02 2.656376153577947024e-03 8.883298224770155155e-03 -3.761013649933624397e-03
9.442125744327680703e-01 2.479427779151837513e-02 -4.244562820115222596e-02 -2.008399844205122162e-03 -1.747337871559761493e-03 1.571270523028994671e-04
9.041369988388396894e-01 -2.273286600584535910e-01 -5.246284194296099539e-03 6.793032415974757307e-03 4.040838920570107712e-03 -2.152405237438411844e-03
-9.388120329464406666e-01 -2.022822961300568267e-01 -1.111283052552229644e-02 2.179961614803732021e-03 1.200741113451545645e-03 -1.748151370926316010e-03
-1.975989690026028756e-01 2.734678078778495780e-01 9.699723889329124604e-03 2.161656176185832064e-03 4.855000843986496083e-03 2.445571413111288783e-03
-1.409276375830868511e-01 1.794172223724927739e-01 8.102167541343073195e-03 -1.633567492065790550e-02 -1.645538344898059323e-03 1.591875055951436383e-03
-6.786981036373903597e-01 1.107290132349108558e-01 1.340689772852217063e-03 3.381705869244035299e-03 -3.524566309504943620e-03 2.535647947290392643e-03
-3.934755482793971249e-01 4.111562479348682686e-01 5.704048771813139546e-02 2.075070132748181931e-02 2.705009990216297386e-03 -2.661579722131746616e-03
-4.090593562629115110e-01 2.989419314245241877e-01 2.026682616303318932e-02 1.235659685141093055e-02 -1.555950622522904057e-03 2.457700739383492095e-03
8.872517802098131567e-02 2.655783563689396720e-01 -2.024789467479132590e-02 1.124609865883778592e-02 1.140238808025717505e-04 2.085142136447551940e-03
-3.364304922018934163e-01 -1.355202470840911055e-01 -1.750371486850647515e-02 -1.196449635550632905e-02 1.115944072499563088e-02 -4.071048942248454679e-04
-4.131061968679630714e-01 3.467640527688927166e-01 6.543290087738988514e-02 -7.466824570173247536e-03 4.770861457813470666e-03 3.992603054696784379e-04
2.242085645425166140e-01 1.896411382263452627e-01 2.204501782889916293e-03 -2.885636684655735681e-02 5.769199968760368611e-04 3.259097587249149344e-03
-1.876977662646144851e-01 2.288472661917904938e-01 -1.484594906780006308e-02 1.209342681064072902e-02 3.619985858220010292e-04 2.956488998024686937e-03
-8.638932501861200652e-01 9.720665443292240970e-02 -2.093846370609159235e-02 3.639619155372916803e-02 -4.892872853589561380e-03 -5.271341501033241506e-04
2.764968192008732464e-02 1.017500840430588804e-01 -2.187654241541452799e-02 -9.034024635712747942e-03 7.008001667759454316e-03 1.839266361142463148e-03
-6.495760094837687015e-01 4.841355891778965082e-01 1.033010975218397187e-01 3.239584106244688261e-02 2.213686258202181290e-03 -6.137082059551930528e-03
1.084855362048184474e-01 4.484482733966145274e-01 1.785668403612940616e-02 2.396957398437381259e-02 3.288408442506454265e-03 -1.366763797942467098e-03
-7.117396943219587158e-01 6.936737450292100593e-03 -1.751490237581383724e-02 1.417401259189535884e-02 -1.796708686651770845e-02 -4.376181379775580596e-04
1.331302250214636343e-02 -9.086413358509713017e-03 -3.388040557159077010e-02 7.443122471755248513e-03 2.428032526038908720e-03 -1.912367168084062831e-03
-3.856806105725040790e-01 -3.284643609690791055e-01 1.933799252744889188e-02 -1.437199892685485023e-02 -5.829928895605214836e-03 -3.881244582596867724e-03
-3.657973797427106072e-02 3.199309090397445821e-01 7.585653077920802116e-03 1.165391881704171302e-02 -6.245020955860738215e-03 -5.652612791498185570e-04
-1.152233936015676918e-01 1.166425324095761024e-01 -3.571413525849630719e-04 -2.114068788649040020e-02 4.703193475315022194e-03 1.809497843710627593e-03
-4.821587785419951810e-01 -3.375254369190124892e-01 3.201515703762658482e-02 -5.033826854557969452e-03 2.029803549589248406e-03 5.386617344667214008e-02
4.175428573751476802e-01 7.920726531031545281e-02 -2.484830151361669404e-02 -2.000493439667800494e-02 1.039409777250569064e-03 1.468485266240684073e-03
1.141801528441384939e+00 1.621097970824417478e-01 -4.808767160458334716e-02 -4.719129062791619852e-03 -4.883727799724750865e-03 1.214115755611830686e-03
9.615552153335341634e-01 2.344664234471150466e-01 -3.190287934516254642e-02 -1.590888715126827224e-02 -6.992725224690110250e-03 2.648983311370660745e-03
-1.343039741511245222e-01 -8.086488084643628227e-02 -3.377196438067161383e-02 7.503399762773431229e-03 1.283709242921981554e-02 -2.427671744120362286e-03
-2.980419156616178622e-01 4.330988398273890455e-02 -2.153510966673937224e-02 1.881206038039996567e-03 -7.386670255415809724e-03 8.086942575368781007e-04
-1.272898497555858821e-01 3.648334248683184899e-01 3.590332419336106362e-02 -4.262741624977561686e-04 5.270127948425604864e-03 1.340100503881686044e-03
-3.424176192832267818e-01 9.823459801693608384e-02 -4.961115791175975745e-03 -1.080516044978081097e-02 2.388561178100016922e-03 2.187228397756766588e-03
2.004833229921868742e+00 -2.710212714395169864e-01 1.421236145965009030e-02 8.485700634906313822e-02 -8.008520378282072208e-03 1.770452795077014693e-03
6.260319291444904621e-01 -2.137159645042485678e-02 -3.650095946086905074e-02 5.669232857149190778e-03 2.117685340561163698e-03 -2.307119483458036462e-03
8.247494957642471924e-02 -4.245362103063329284e-01 4.075654259927691953e-02 -1.335474135916157705e-02 4.602094405955567055e-03 -2.534678841372921265e-03
-5.155512665772599146e-01 3.844971617420670645e-02 -3.014887518697067365e-02 1.467222790646521488e-02 4.488794778060129290e-03 9.099434967526219727e-04
8.716111779966608797e-01 3.052713184044962280e-01 -1.046786027485291197e-02 -2.241528305183634190e-02 -3.382305461188074222e-03 1.407926897914391811e-03
1.508051785280442036e-01 1.812000538950878092e-02 -1.797734604009846443e-02 -1.704138595621714283e-02 5.066584354296453999e-03 9.589998043225947855e-05
3.828720569488306968e-01 -2.729671610957158379e-01 1.437276972549886983e-02 -4.335708493253815146e-03 -7.334651096746874592e-03 -2.514538327887028482e-03
6.109445482643240111e-02 1.529111874340858268e-01 -1.053755508087639986e-02 -8.844566843162126810e-03 -7.515004447431536741e-03 9.907138469828367846e-04
-2.205780109642751785e-01 -1.427846899440780581e-01 -2.222347199092640155e-02 1.165897637092308189e-02 3.386087770130287965e-03 -4.554340021348142475e-03
-4.361856987770075245e-01 3.675904547936453270e-01 4.380250615058001173e-02 1.629073203652510113e-02 -1.182418026222875184e-03 3.750614640319280550e-04
5.073085088084902106e-01 -8.241035302828790543e-02 -2.471860238569285537e-02 -6.037512047764172045e-03 4.117714936141610160e-03 -1.842468367619554256e-03
2.990176637737275711e-01 1.256278002127633048e-02 -4.188242523924757404e-02 2.800713083585290846e-03 7.560292299852022259e-03 -5.493835725665688861e-04
-4.332413362054988171e-01 9.212724295604185487e-02 -2.968385454187091876e-02 2.608647454343828928e-02 -3.831809751547415269e-03 -1.610819144251664529e-03
-3.696911130994646744e-01 -1.645704914783187034e-01 -4.435194912469180017e-03 -1.473412907161564950e-02 -8.703576107657482949e-03 -1.080043129745900804e-03
-1.290631910419340611e-01 8.829295318658621217e-02 -3.629268166616629945e-03 -2.021883564196278252e-02 -4.439956350875014918e-03 2.357930403554011657e-03
6.785680045704928220e-01 3.034190575863556782e-01 -2.455926453211549829e-02 -6.480560996573847543e-03 -4.009140480108225324e-03 2.838766653690090284e-03
-5.660409196864235604e-01 -8.940398919226541508e-02 -1.075154183065690598e-02 -2.643170979649035746e-03 -1.343325833304578193e-02 -1.438021739701467010e-03
5.950298077897837601e-01 1.540068226167673193e-01 -1.051805648503325273e-02 -3.440340763053725132e-02 2.614026326605607339e-03 2.812938251839314664e-03
6.244507373771912562e-01 5.898957661946678810e-01 5.836716583577162415e-02 -3.358274215897228982e-04 4.195807930926982385e-03 -5.679516085567238096e-03
1.055633384628047178e-01 3.976908396283932445e-01 1.902688772383706248e-02 1.146472476154363623e-02 2.039914930540297038e-03 -1.970576535151753565e-03
6.629812621679124218e-01 3.614605454386250472e-01 1.861475265306756707e-02 -2.851221644739973873e-02 -7.298826050586124277e-03 6.528209400899754027e-04
5.713239929705604681e-01 -4.360497279139479154e-01 5.657019137664894698e-02 -1.749455798289576607e-03 -6.287248742218722736e-03 7.390832497798755733e-04
3.327429375128387878e-01 4.605046164711045775e-01 1.886763732813947353e-02 1.107992145909127840e-02 -4.281634646846526953e-04 -1.608703883450854745e-03
6.297996743353662108e-01 9.862156197749279152e-02 -2.171989651043469347e-02 -2.968252069945330127e-02 -2.317001035278221707e-03 3.301869791020674988e-03
-1.003070950487465474e-01 -3.404285725473001900e-01 2.852560691904560894e-02 -1.142479633389811497e-02 -7.070308110388321722e-03 4.184442142309478460e-03
-2.321756411168752199e-01 6.470836603875963766e-02 -1.700326906024719406e-02 -3.089244595278471586e-03 5.468892960394836945e-03 3.638570608898732584e-04
5.597581549915543048e-02 -4.220590355318186160e-01 4.170684337954541632e-02 -1.521630543374600034e-02 2.385929352514592778e-03 -2.051532907151599073e-03
-1.231124575808263177e+00 -1.286814989418070820e-01 -1.565250817798123639e-02 1.716470267015003312e-02 -9.378943013280446883e-03 -7.530067348923338020e-04
1.037343790779706509e+00 3.317966151845687106e-01 -2.502308693824453409e-02 -1.415482682549351785e-02 -8.129888306157021655e-03 2.411497136088155795e-03
1.255155163888544700e-01 7.235511670812791452e-02 -3.206045167299410859e-02 3.667856965801177035e-03 -2.082161062375523491e-03 -5.418090928697439886e-04
-2.682058667366073613e-03 1.446034258745804990e-01 -1.110903785617750779e-02 -1.536050983919481916e-02 3.926036599779423979e-03 3.409036550550643974e-03
1.225974625128038342e+00 -1.123451604105225321e-01 -3.220541744993071082e-02 1.996771342108924485e-02 2.599559381177317993e-03 -2.573183013229047786e-03
-9.369277368483228119e-02 7.051637314105341225e-02 -2.450812911129365834e-02 -1.166639254986846222e-03 -3.237652422296990822e-04 7.879561369355345558e-04
3.076148319768235440e-01 2.033007860143260237e-01 -7.337464244937371739e-03 -1.697326917271273217e-02 4.809264115094774583e-03 1.222454570374603656e-03
-5.761468961049259763e-01 6.474988328702913944e-03 -9.153673131574649804e-03 -6.941209328705245582e-03 -4.098945693970763339e-03 1.914849429943976840e-03
-3.343494373066136505e-01 -1.692121473181145974e-01 -9.544626281435006007e-03 -1.019059584826653535e-02 -2.440521340945751416e-03 -9.762261913125120164e-04
1.742663125563632676e-01 -2.222421775914829589e-01 -8.255941149151992337e-04 -1.472213344392120198e-02 -1.394138353074046949e-04 -1.785995726153725115e-03
7.508858285490124240e-01 2.566490017281219949e-01 -3.523103590880403285e-02 -1.715667547169017707e-03 -3.133677311771301127e-03 1.395061098644401415e-03
-1.418936492703335439e+00 -3.126972435749109797e-02 -1.200037232734357980e-02 3.134888814153114628e-02 -2.532631237671769450e-03 1.718556214645080291e-04
-1.566735281583364836e+00 -2.122655554736520844e-01 -7.495164159201188163e-03 1.636817456981854227e-02 -1.479790376030441085e-02 -2.095654657112140922e-03
1.035594694738462440e+00 -1.787395305628299846e-01 -1.004679667766019725e-02 1.194668037756887319e-02 -4.151868166364101713e-03 -2.151988796153764521e-03
6.735384918201694493e-01 1.266866767403810601e-01 -4.268981047004723195e-02 -1.881971849492428519e-03 -1.108657557363704974e-03 8.772833667870782179e-04
2.129894519219639737e-01 3.128641278095355416e-01 1.704950540817140939e-02 -1.550352167754182921e-02 2.936858931190987256e-03 1.206104704191868606e-03
1.048649326031715789e+00 -3.249106144969641785e-01 1.676711940680715787e-02 2.439609890739902198e-02 7.822651314333644093e-03 -1.790178531285223839e-03
1.749657480316366143e-01 4.499819902951198158e-01 5.737305884125332156e-02 -1.441005126579699737e-02 2.803359494292262995e-03 -5.858207051743356169e-04
-5.044138058822487114e-01 2.337486159604121871e-01 1.666396801241053910e-02 7.811949263249652435e-03 4.994431545170848266e-03 1.023289290600403693e-03
1.832258942218404629e-01 -1.575015651558393792e-01 -1.644700827920415540e-02 -4.371203755550332956e-03 7.229967156750771555e-03 -2.641007241106824947e-03
-7.130968414214101658e-01 1.698642626098838537e-01 -9.902175260366255505e-03 3.417597819495744871e-02 -9.611000570353279981e-03 -7.175478908178948385e-04
5.399833414328752967e-01 -3.404369791285244418e-01 3.060008725825757309e-02 -1.896825539089362330e-03 -6.531564030893844894e-03 -1.370133046536858292e-03
-4.931571748472529104e-01 1.250300553726885477e-01 3.819731450795539715e-04 -6.514498362164576617e-03 2.736628603906654349e-03 3.815068452745347307e-03
4.023096614572185814e-01 3.895918815254530432e-01 3.776011403560109586e-02 -2.699259721228118927e-02 2.312674597299603681e-03 6.638871527391254331e-04
-3.777114059211608144e-01 2.465844733193576499e-01 -7.868639728928721391e-03 2.206098455777871087e-02 7.154730368851352010e-03 1.849627706271446447e-03
-1.398103825327272176e+00 -1.478529120000515173e-01 -1.522062529651985185e-02 2.649827757615247012e-02 -1.480095568509081153e-02 -3.448153300356459564e-03
-8.399553944692279561e-01 2.938623844332605151e-01 2.646415204741701596e-02 3.982461106934384598e-02 -2.383921196513231252e-03 -5.379039079330562691e-04
1.320139001205029361e+00 -3.410589363792276285e-01 2.894367800456093542e-02 4.822826754067839616e-02 5.750059285328312265e-03 -1.826819658905657392e-03
1.582907386984677978e-01 2.028258722560595806e-01 -1.936087026351960769e-02 1.775817301222011591e-03 -1.317630721849675493e-03 5.310360154331413398e-04
-1.728850443986013063e-01 -2.557801239052824305e-01 8.363357500051750090e-03 -2.169398731322847926e-02 1.126552762845416241e-03 -2.355947406219664406e-03
-5.210201449879804381e-01 -1.023836917330715884e-01 -2.238722309812881187e-02 -2.956962575559345021e-03 7.715542288165453018e-03 4.112459056515676528e-04
-8.619327792634621233e-01 -1.856757799180527302e-01 -5.078221062480095700e-03 -2.115877250338268727e-03 -1.228936854148542958e-02 -2.181144812025983225e-03
-1.109855371123055906e-01 5.441502513385212264e-02 -1.631068718611208140e-03 -2.848311271481960769e-02 -7.762222078007318315e-04 2.823492943971267401e-03
1.340113053670798360e+00 -2.969507966282251554e-01 2.456871368950212797e-02 2.940813905367021738e-02 -1.253916434093321070e-02 7.232071668601932138e-04
7.532230902555460128e-01 -1.794458896632474543e-01 -1.334660609402563841e-02 7.199604896552938733e-03 2.552745606172467617e-03 -2.792811356702348292e-03
-8.996574031075478262e-01 2.895268880540864675e-02 -1.228059210192503949e-02 1.608860194322283416e-02 -8.468098582110065303e-03 9.009545542335344265e-04
1.577958688453228453e-01 3.731481692594084115e-03 -2.759007907001104209e-02 -1.018598929810712005e-02 -2.843728068650969686e-03 1.572399109252776029e-03
1.720280128202814063e-01 2.487610119242870399e-01 -3.046455120374334802e-02 1.679648052804950942e-02 -7.253321322120499836e-04 6.349113706436357307e-04
-1.129556215492052873e+00 -1.904389630373310438e-01 -9.007665986404988709e-03 2.411785414263961733e-03 1.454799563239206036e-03 -2.068085518874573404e-03
-5.362396537217387626e-01 3.133553852078367896e-01 5.148566284577889285e-02 1.950121407231933043e-03 3.277659281278075092e-03 1.138875831394811199e-03
8.079824152945882521e-01 1.789479610854284586e-01 -2.839106121269064503e-02 -2.117481855625580681e-02 -3.248360388158675390e-03 2.778761255946895440e-03
4.152639587711156599e-01 3.578413851357566955e-01 8.952830234966046782e-03 -7.704870376906897134e-03 3.493713725785926004e-03 -3.299446429813844550e-05
-4.507944957593715274e-01 2.628012862686500764e-02 -1.449221765073582802e-02 4.201552538151024502e-03 -1.397887419192808504e-02 -8.234711856240820678e-04
5.239213862991536769e-02 -3.547616343877973422e-01 2.741689439463928027e-02 -3.595318264943555935e-03 9.158153988653866279e-04 -3.127817973174208937e-03
-1.110613774784715430e-01 -1.393369432212601955e-01 -9.271631537856366012e-03 -9.025158294093778982e-03 -1.072222626945868590e-02 -2.859449314183473527e-03
6.121269285718743403e-01 -1.860374996163020045e-01 -1.251888892479729488e-02 -1.356864560366266570e-03 8.794432803989072830e-03 -2.567097832027875805e-03
-8.593048756986606529e-01 -7.305332028519801423e-03 -2.901209585603280530e-02 2.218669288162489206e-02 1.156180461477061827e-02 3.737234062210842357e-04
-9.646781573138955013e-01 -3.469756483087543808e-01 1.686981614676968250e-02 -1.210580358536026031e-02 -7.834777620344887672e-03 -3.076969503355760430e-03
-1.005404619586005799e+00 1.133676175988748980e-01 -9.668545594213496944e-04 2.333822127543728336e-02 -2.891158575233635907e-03 2.178629438854559966e-03
7.205117813908250568e-01 -4.491371894310503543e-01 5.952015220353372438e-02 1.058330791103305121e-02 -5.552472679321456862e-03 5.606707192600864781e-04
-4.416759902695684831e-02 1.396230295707292512e-01 -1.458421003262271032e-02 1.233475686557551035e-04 -1.212051676075862928e-02 1.136507274129052174e-04
5.649678209676495255e-01 -1.999196871483612248e-01 -1.208676483059623746e-02 -2.476329817047588210e-03 8.004794794950125664e-03 -1.805188123991789597e-03
-3.688380172619531439e-01 4.960763119262497772e-02 -3.407970312352966852e-02 1.216142162518218765e-02 5.749609794231838426e-03 1.432321467011736862e-03
-2.417696480846188434e-01 1.369952110848229043e-01 -1.533080639899355758e-02 1.451573160630268908e-03 8.490762220662805525e-04 1.312893913182045045e-03
5.252162842463444781e-01 5.305645470797357710e-01 3.984982769506954098e-02 2.370644739115996581e-03 3.841590962032274785e-03 -2.903464508660466310e-03
-6.456016406387320439e-01 1.497667675092625439e-01 -1.503062212754443204e-02 2.619274386470699101e-02 6.138057550276619992e-03 -9.291467906888769461e-05
4.281807301689338763e-01 3.817519433435733744e-01 2.377863894200312259e-02 -1.653781721128758445e-02 1.417661646768699759e-03 -7.468198250689040600e-04
1.533031044255569686e+00 -4.117455510663151630e-01 5.164730909088733474e-02 6.579809450436700791e-02 -3.375290163389809903e-03 2.931533030795065772e-03
-5.986327007011821300e-01 3.864224414365174387e-01 7.045265208701255444e-02 1.681052719115002855e-02 6.911698117260799568e-04 -1.895301861119187302e-03
6.124230612489361958e-01 7.592550201825014611e-01 1.629295800827978147e-01 -1.927694317551370551e-02 8.457194061690938292e-03 -1.385786237789459613e-02
-4.936305641710760361e-01 7.418801987908715811e-02 -3.199774664091278170e-02 1.593136864753110643e-02 8.697747714728148657e-03 1.457976425888083630e-03
-6.035568768530643613e-01 3.657401165393073250e-01 6.164030964593915363e-02 1.688263185153816501e-02 8.251089196711115792e-03 -6.552880517884687684e-04
4.670049035085032108e-01 2.057100038732037339e-01 -1.202807382858421190e-02 -1.730526743409941531e-02 -9.209078474749922416e-03 1.492376701566382365e-03
1.814025811071819441e-02 -3.993596739096761383e-01 3.845291531583622940e-02 -4.975200890828512454e-03 1.265671000738930949e-03 -2.711097452128944513e-03
-9.375558080642020231e-01 1.804901075568809410e-01 3.540079731718971234e-03 3.235215609323499608e-02 5.300078558487623069e-03 1.213314749917692456e-03
-7.420768588605799465e-01 -3.202476002319995518e-01 2.833102711447701635e-03 -4.764032217761568835e-03 1.324795206096115660e-02 -4.647820099156323333e-03
-4.709953739947921880e-01 -1.516325818742209619e-01 -7.526380773158205910e-03 -1.315141770207052703e-02 -3.910186809850574362e-04 -2.012268474111636885e-03
-8.395602713850373877e-02 2.936816637444599198e-01 1.094936300048049947e-02 -2.779022764760903392e-03 3.085120617946687099e-03 2.710746407894585718e-03
-3.648188776779907605e-01 -3.150011454343693007e-01 7.645616802780533065e-03 -2.451657921633521552e-03 1.137125230083669766e-02 -4.596307238200951148e-03
-7.622012628572964743e-02 -4.444165377457250932e-01 5.112318083775006794e-02 -2.498664249926155212e-02 -4.933198942437240844e-03 -8.583460239708691920e-04
-2.741779719919733987e-02 7.170515698169425967e-02 -3.483635116356813971e-02 4.871620750276693321e-03 3.882225812096143152e-04 5.613116878919368734e-04
-2.395167910970733005e-01 -1.942368534193490426e-01 -1.297836403828541231e-05 -1.703186408911720739e-02 -7.627002195261465764e-03 -2.706419404641439118e-03
-1.519766734997009539e-01 -5.180286608853891528e-02 -3.048390155794066317e-02 -2.594360562658613693e-03 1.057179578279032750e-02 -1.055796630944335311e-03
4.849349626418510972e-01 2.566564486359287356e-01 -3.307154658546266474e-02 2.938354569446762106e-03 -5.601852259277872656e-04 2.140953122482653053e-03
3.319413203298445247e-01 2.486627235683014359e-01 -2.144961306518520031e-02 -7.123590598831385694e-04 2.170967650312694529e-03 1.632071806227868450e-03
4.618932188501236324e-01 9.862744579200377615e-02 -2.776687579978020723e-02 -1.487697668781298721e-02 4.006586171359766135e-03 4.074331582541946477e-04
-5.950386033036463296e-01 7.620545477707404980e-02 -2.173350614252720150e-02 2.071345674381640592e-02 2.959525104150850772e-04 -6.767555977417720079e-04
1.213113750883674458e+00 -2.975673157230595001e-01 2.175563072880761992e-02 2.907485820016548692e-02 -7.158960570615528589e-03 -1.101081278564476455e-03
-1.386290847694723327e-01 2.823098104377527173e-01 2.083478891476808065e-02 -7.065195061964148898e-03 -3.892545226975804330e-03 1.946762095545534694e-03
6.840789077004999497e-01 -4.072835115922536220e-01 4.098531647015660889e-02 1.923795864918636037e-02 9.821063681922290872e-03 -3.136314434138749111e-03
7.432158067581815519e-01 -1.496230800090490587e-01 -1.115192321373323185e-02 -4.626233667968934933e-03 -6.543865871122968303e-03 -1.215182748124565750e-03
-7.402433560070230678e-01 1.372047158875520922e-01 -1.785575804575155814e-02 3.399253521209989054e-02 -6.222199647278628572e-03 -1.139013932088909446e-03
-9.162836053604463959e-01 1.315584230411089538e-02 1.469610176966661694e-03 -7.372862051205996249e-04 -2.360104982922384131e-03 1.394805893908107521e-03
5.607912978809178606e-01 2.128232405816848083e-01 -3.722090392028053196e-02 1.741963443191525164e-03 -2.787095987050620342e-03 5.758851919023765236e-04
-9.501651707414258130e-01 -3.526455910818987460e-01 1.153506722386399980e-02 -5.598694712124066726e-03 4.332867829271424762e-03 -4.205458159820532268e-03
-1.098653913317631403e+00 6.019186401765758143e-02 8.596728325227797479e-03 1.224486226111873126e-02 -4.100232620994635584e-03 1.971761401119979940e-03
-2.332489578072884928e-01 -3.603085578062900640e-01 3.443942278850942867e-02 -2.731175654361363628e-02 -1.436928455200089418e-02 -2.521178495065148819e-03
2.941855065131255415e-02 1.921711226606480361e-02 -2.148781746028640208e-02 -1.868130904413941445e-02 1.106540221559555899e-03 3.060375363530286330e-03
-9.263219314954092010e-01 -2.102897364983479234e-01 1.322897536182679598e-03 -1.739421652841304650e-02 -2.542857949561981058e-03 1.975425341046838069e-04
6.475167358355268798e-02 -5.968446891287318423e-02 -1.735978952271216916e-02 -8.255340140433865825e-03 -1.144202178660312652e-02 -1.252627189016682812e-03
-9.301719695757024731e-01 -3.180944162859335178e-02 -1.196307944464648949e-02 9.283198247801801098e-03 2.042703639664378637e-03 -9.395798855936174929e-04
-9.030960592374024376e-01 -1.243670151606838664e-01 -1.832568967592801065e-02 9.485903765509340335e-03 8.143094985978684142e-03 -1.924371862528194942e-03
7.356512298140627237e-01 -2.908023568293645611e-01 3.021856844746048567e-03 8.947327957399156192e-03 1.323318582898859973e-02 -2.843923547414573243e-03
2.697903032972327475e-01 -4.056091871084214762e-01 3.563650305469379803e-02 8.704079647433998757e-03 1.355577318396512798e-02 -5.053781661721307335e-03
1.727939836797278472e+00 -2.970570279370788880e-01 2.725954864579162654e-02 5.744998483595253891e-02 -1.588189540471200353e-02 2.392147816166069474e-03
1.051179093858886526e+00 1.786598446894182013e-01 -4.377577025642365866e-02 -9.716788512208533041e-03 -4.055476190610952936e-03 1.187542532943554286e-03
-2.854203977084672217e-01 2.685280893018098802e-01 -1.349139398681824817e-03 2.216565104701752331e-02 2.652057100547084312e-03 -2.677259694916504416e-04
9.872708563996495101e-01 1.659763289027442468e-01 -4.200785237076575668e-02 -5.579122779710356771e-03 -2.686642976228288682e-03 5.216754661733540238e-04
5.226834851501112045e-01 3.709527620726482677e-01 4.630666351008567300e-02 -4.557978572604139827e-02 -4.921611061950446940e-04 1.265061249162921248e-03
-2.274873967860885915e-01 4.225698135901611030e-01 4.676927916934774110e-02 1.700649625935090128e-02 -2.360906347149207239e-03 -1.404367075481028878e-03
-6.054678485771051166e-01 -3.645910304668920077e-01 2.229987985100688810e-02 -1.597614781990109797e-02 -1.234953778361370588e-03 -4.502257838006237280e-03
-3.685754844533372515e-02 1.200108089030296615e-01 -3.241477741747814112e-02 3.509050184478166353e-03 3.511812254944800954e-03 2.698962069869073697e-03
-3.850823105307604188e-01 -1.975074279332478255e-01 -1.268337561605841629e-02 -5.798825656280284964e-03 1.270911894538178516e-02 -2.573203211302071795e-03
2.162916761545422284e-01 -2.040902946047598310e-01 -8.743448380156221625e-03 -8.453048290529107181e-03 8.339362332688223661e-03 -2.394896354671588196e-03
-1.329071212296936699e-01 -4.965373284457905712e-01 5.766065390449057193e-02 -9.191499840643079780e-04 5.900383679427152923e-03 -3.860287243939697441e-03
-5.927916478110966531e-02 2.709858777198040358e-01 -1.629194109688273523e-02 1.545498277998694214e-02 2.835819709348842092e-03 1.715751632419679944e-03
3.041898039373018836e-01 -1.413535928744057979e-01 -1.640600281356340354e-02 3.401504936881166036e-03 7.590643283281149623e-03 6.376552799532574436e-03
1.330688767489408286e-01 3.229281735861981306e-01 -1.158346004415644268e-02 1.260098327484634149e-02 -4.296020984725479330e-03 2.262099534727246911e-03
1.201492445056802083e+00 -2.349344324383582649e-01 -1.334331754457793564e-03 3.212785290941223143e-02 5.120040245560062049e-03 -2.814188308031736422e-03
9.553983081559797030e-01 -4.710396137213090917e-01 6.303146005074228286e-02 3.688087052647054387e-02 3.306645631420841377e-03 -9.405157507197717780e-04
-1.379538359614044911e-02 1.196258927228609215e-01 -1.111596990697647815e-02 -1.266031450219477945e-02 5.150011632806748320e-03 6.226263640356182036e-04
5.963965841898957732e-02 -2.382431310426297300e-01 -2.028449913444434118e-03 2.474983045002171738e-03 4.069594360311079746e-03 -4.089270001780116737e-03
8.764271564709471551e-01 3.956966942640565144e-01 2.006555639445971664e-02 -3.592623012883172651e-02 -3.023936542203764597e-03 1.245593494077573910e-03
1.854135089165034889e-01 1.935569249237586720e-01 -5.505747901104439401e-03 -1.601988757385351680e-02 4.032779871635965886e-03 1.692574754768440964e-03
-8.380447891544180739e-02 2.440073969699026735e-01 1.063610778143291025e-02 -6.725760772595060742e-03 -2.811318230329393295e-04 2.528232565967403851e-04
-4.006538268017668103e-01 2.104933269320328482e-01 -8.424084190722229762e-03 1.366188825868003449e-02 6.402391825305549927e-03 3.301572354574646134e-03
-2.421554834930539357e-01 -5.723196500233913159e-02 -2.851149906569177411e-02 7.861245387249285801e-03 2.828548317648115450e-03 -3.410689438647856054e-03
3.754747988034443096e-01 4.924966281351652597e-01 3.207256259996632553e-02 7.212995386170922320e-03 2.773635433555945908e-03 -1.895697250625777517e-03
-7.787643534247004062e-01 2.076812533501323776e-03 -1.058108489197512846e-02 1.643671984332042285e-03 4.529467898924520453e-03 1.697171611996641004e-03
-2.065502173931198920e-02 -3.974085842419740611e-01 4.279766139952469184e-02 -2.683463728290439235e-02 -8.895582395108563023e-03 -1.546057823880054877e-03
-1.523520886677447450e-01 4.613132430712968413e-01 5.871001287105557381e-02 1.454900913314899000e-02 7.445012021564150623e-03 -1.953409413249518074e-03
3.284858271672151386e-01 -3.510815266560770587e-01 3.156646744887318251e-02 -1.147119400112843815e-02 -4.634138760126156782e-03 -1.271533305888818870e-03
-1.383693854496268694e+00 -2.506400506929894467e-01 -3.383236875687262580e-04 2.354697078367510611e-03 -8.417708009934231697e-03 -1.879139075492489153e-03
-3.905597056306842618e-01 -3.374541334830841732e-01 1.128320116146480472e-02 -1.978001100683571788e-03 1.333034580974808668e-02 -5.049766754092192139e-03
-1.031927164848687843e-02 -1.637406429961854037e-01 -1.432377752944813745e-02 -1.370959541438081242e-02 1.083551882043470860e-02 -2.478216517264923268e-03
-1.327509270175939227e+00 -1.453249480755820777e-01 -1.583549410358467066e-02 1.637635420894022545e-02 -4.464478447711989033e-03 3.772294409291860424e-04
5.819280730380637090e-01 -1.915522455868757731e-02 -2.901243671557617379e-02 -1.254724011161697725e-02 -4.057523461276991809e-03 9.383205347798791000e-04
-6.767744374400814777e-01 -1.286633582646778962e-01 -1.292235812605766962e-02 -7.129672251547030694e-03 3.209095505595557633e-04 -4.486659300381635085e-04
-5.636554707664187536e-01 4.409401503718368143e-01 7.390626535078749504e-02 2.980979588910590700e-02 1.199678734350132598e-03 -4.044605772280553471e-03
-6.441871383118964456e-01 -9.432801168994604801e-02 -1.728732236062967623e-02 1.068657371632510990e-02 -1.904204342203313569e-02 -3.775433512884270992e-03
-8.335099876763401028e-01 -8.463547969440987206e-04 -2.123729981866624705e-02 1.508364986695464455e-02 -4.742933866202457376e-03 1.630763972982931121e-03
-5.937720659594277750e-01 -4.191074538086455442e-02 -3.192103925574519413e-02 1.014137194670132296e-02 9.858808816035038308e-03 7.944649655581397787e-04
2.533277397473611137e-01 -2.793239280040136219e-01 1.356890501129662426e-02 -8.839305578941521885e-03 -4.609648788029629442e-03 -3.652728482033110961e-03
-7.123952267348954148e-01 -1.873393624310801253e-01 -1.498469878817151012e-02 1.269663991390172081e-03 7.958020575076734174e-03 -3.334986824493771287e-03
-9.483121144247691481e-01 -2.020634587531119908e-01 -8.235950114751764859e-04 -8.779295046047703305e-03 -9.883226668370886578e-03 -9.988793439555201416e-04
6.664704688092761009e-02 2.763207884997230246e-01 -3.659370962777933230e-03 -3.372062732083839186e-03 3.820027958188060968e-05 3.885720606744102936e-03
-1.257292513646855459e-01 -3.633632459179288454e-01 3.121074908232326223e-02 -2.460375851447015386e-02 -4.973043691824959207e-03 -2.188909099853727450e-03
-3.097031202857793986e-01 -1.590320411858087424e-01 -2.634399698147375443e-02 4.098355942817674333e-03 4.901717133581969671e-02 -2.893867604181004499e-02
6.385342615415567913e-01 -2.872246329516033314e-01 2.185259876491660314e-02 3.338303844147932583e-04 -1.407695282416941349e-02 -1.599776145515371907e-03
2.162879768228795612e-03 2.506499711958596333e-01 1.432544411849411697e-02 -1.315701833246133573e-02 -4.901440776287548096e-03 1.123601670832777245e-03
4.119379038762518985e-02 -1.425943125066062300e-01 -1.451053635361235390e-02 -1.308295794278557626e-02 8.331757411433696539e-03 -1.805345281395497915e-03
-6.866775119413598416e-01 -4.044130589727519265e-01 3.423132041961179928e-02 -2.803196716440228137e-02 -5.132869503553866113e-03 -1.930960328410305689e-03
-5.250201572064115974e-01 2.449844119633095563e-01 5.808979550117209954e-04 3.004509822003200922e-02 -6.393354704789404319e-03 -1.442472079451020180e-03
1.157300839269355786e+00 -9.655630735745992024e-03 -5.023852764578917024e-02 1.510301793177001688e-02 1.135805574484603482e-03 -2.001393642670737990e-03
-2.750814155873078093e-01 -1.624626227777237197e-01 -1.288050696188878554e-02 -1.754467779422659232e-02 6.186133814630968494e-03 5.109383843371932080e-04
5.922828018751064016e-01 -2.096142738645286607e-01 -3.633579488481147521e-03 6.277769169020816324e-03 -1.658513234301583420e-04 -3.150546978098209792e-03
-5.042688122365083236e-01 -4.912174752638380215e-01 5.429153603680082069e-02 -2.103757389100253256e-02 -2.054954185525966447e-03 -3.092554428519178004e-03
4.525083995222880517e-01 4.146480273304912201e-01 3.397184030072750854e-02 -1.822113338730392898e-02 2.964864547625172420e-03 -6.209855748231697540e-04
8.033318120088582537e-02 2.503593154601763127e-01 -8.136220442073306344e-03 -3.090605332905291616e-03 2.300488270264032780e-03 2.770194970302947059e-03
6.129167376753856811e-01 -2.393400752974551848e-02 -3.815901857795381963e-02 -1.806292685202526369e-03 2.941313649416279520e-03 -3.302083965400914737e-04
1.747660803601897572e-01 1.342035686523596616e-01 -2.761396802122983649e-02 -4.339063428342881772e-03 4.568311788786943994e-03 1.493206953060014983e-03
-5.889483986684228983e-02 -1.678040128393484265e-01 1.362184405287094040e-03 -2.842222141181677611e-02 -5.291342823600872491e-03 -5.833638858247850974e-04
-7.414462370223710019e-01 -7.302531245568662233e-02 -1.018645929183062621e-03 -1.255022641209028490e-02 -1.370408955815461197e-02 9.520552262275485398e-05
-7.835892212132796741e-01 2.471705302837432644e-02 -1.367386347976093548e-02 9.288035462043540622e-03 1.333251018841162061e-03 4.468403887768155887e-04
-3.199369805814103462e-01 -1.561445300879976961e-01 -1.174068195666566790e-02 -6.543074688893517170e-03 2.294076153533071167e-03 -3.667715057724172875e-03
-5.918629222714458793e-01 -2.453417277346200687e-01 -6.286136105784864703e-03 -1.492818214791444319e-03 5.757709699431436123e-03 -2.544021634601117358e-03
-4.769335433110463152e-01 -1.811032326927500824e-01 -1.839513080057482083e-02 -4.257924454598407266e-03 1.375008443120492342e-02 -1.407960373792920428e-03
6.220206224003259343e-02 1.669552924844305564e-01 -3.099007139841155343e-04 -1.987900514229420240e-02 -3.371019549412283844e-04 2.092287242469481091e-03
-2.934785466153984057e-01 1.265672985795102679e-01 -6.791507190020832849e-03 -6.304247879147281686e-03 -1.903660982768511480e-03 2.676327892090895992e-03
7.262357939978429933e-01 1.224355347353202617e-01 -4.067512375417050435e-02 -9.161698702402406441e-03 -4.145682288406643871e-04 1.802182865515205776e-03
-6.133858860742950059e-01 -5.674622483718920474e-02 -1.289058239233500068e-02 1.643222678523769244e-03 -1.814650599865973157e-02 -1.770739200914870585e-03
7.391057446905243689e-01 7.544829495895562232e-02 -4.014411333016876249e-02 -6.469139322410641206e-03 -1.532382166880224585e-03 7.037983657384895694e-05
-7.443860382878395576e-01 -1.513608033649695983e-01 4.699432019629243133e-04 -1.808082381089806678e-02 -5.379389009585145223e-03 -8.864811380328835701e-04
7.364077123021676163e-01 2.428934194995907223e-02 -3.984857338608607802e-02 4.061590572072785316e-04 1.050931207192964565e-03 -1.008040968656112547e-03
-6.950623540338654038e-01 -1.887631802476400292e-02 -2.221877272751455676e-02 3.172572188845259114e-03 5.399861548104173750e-03 2.862000218015856197e-03
-6.342938064414749277e-01 2.590215948373812971e-01 2.008766519957913554e-02 2.019638070388471776e-02 -8.303282054043608501e-03 4.308882586914033531e-04
-3.150805758236784881e-01 -3.100801522847169145e-01 1.441396975427898346e-02 -1.142157669618321970e-02 -2.951846391124991927e-03 -4.517900377251796683e-03
-4.124890914030939770e-01 -1.763000686479896661e-01 8.806376636622852833e-03 -3.490136024964720501e-02 -8.168788368231226504e-03 3.742553053392225345e-04
-2.118742790547565591e-01 -3.020892927729983413e-01 1.217705447174035303e-02 -1.007957560172863037e-03 -2.269330597635732093e-03 -4.573366499806438140e-03
7.950595329934563582e-02 1.868683820734687306e-01 -1.876209194262363350e-02 -5.954404299432665242e-03 -6.168889219105926861e-04 3.518286865232344348e-03
-9.545106329915189480e-01 -2.106446279157123680e-01 -3.342311231923928566e-03 -1.257660423374494605e-03 -1.351860873187254314e-02 -1.822502724157357926e-03
-2.721840012262770614e-01 -9.386175409478603182e-02 -1.744304498386974045e-02 -1.550167805284632244e-02 7.873664760876069452e-03 6.867690074550411930e-04
-1.551106629908474144e-01 1.435483644489035648e-01 -2.264978307083369280e-02 6.721763938759637690e-04 2.770329674664434323e-03 3.784115028065734854e-03
-5.876450336846533729e-02 -2.603098943050309866e-01 1.573923519401086366e-02 -2.666183753534367637e-02 -1.186542362419187521e-02 -1.942435402106232594e-03
2.413001004476386657e-01 -1.556956947458066898e-01 -1.224485036789318797e-02 -3.173564673426973719e-03 -2.650853273388951558e-03 -2.674209646195087331e-03
6.858936571530799275e-01 -8.152935610371171704e-02 -2.649964288409555752e-02 6.166393372971359574e-04 -5.773951753920131659e-04 -1.940089325409900941e-03
9.940212459806020417e-01 6.188095877064000300e-02 -4.583732373378879982e-02 -1.953784929961014088e-03 -3.284025965416187843e-03 6.353687096124734698e-04
-5.331923229955198851e-01 -7.348745650318470879e-02 -2.972642741990777146e-02 8.002600361121046599e-03 1.014446536549032558e-02 -6.440911993761661404e-04
5.443517620767185372e-01 1.057167266164317776e-01 -2.644864736852596890e-02 -2.031818287581723878e-02 1.112599601460828765e-03 2.138845100774334086e-03
-1.725277450420969472e-01 -2.705656107176601100e-01 9.449146890260841022e-03 -2.621008247645732411e-02 1.087979164920074328e-03 -7.516195634960330663e-04
2.372243053523747924e-01 -1.064453354337318719e-01 -2.111409102053637965e-02 -7.218016816727011384e-03 3.869799189391666134e-03 -1.753505058566991355e-03
-6.316307810140687762e-01 -7.111548042202579800e-02 -2.276858259879205662e-02 1.501781024893686194e-02 -8.684755013446300229e-03 -2.855294721239015100e-03
-3.140099990358994342e-01 1.574922932354350658e-01 -1.207170147118229002e-02 3.621177680640590927e-03 6.817373796006797639e-03 2.505359218063048492e-03
1.113330685476706661e+00 -2.209256688891545195e-01 -1.876765716168677278e-04 2.371031671321428835e-02 2.305787237117098640e-03 6.814432749740663257e-03
-4.681210070765521314e-01 3.300477479726509067e-01 1.187604643783768052e-02 3.788974694045615238e-02 -9.129043654562190788e-03 -2.021485072826101001e-03
1.619639369468925671e-01 4.548264249518169100e-01 3.224934382970816305e-02 7.304490548563110155e-03 -4.656201718021577230e-05 2.813727902791481679e-04
6.372593113193414371e-01 -4.329169704301880639e-01 4.954128691383606620e-02 1.176923131762967409e-02 3.787301482976564420e-03 -8.160014735270987264e-04
1.193217457332156339e+00 -1.493898391554615290e-01 -1.617161902477066981e-02 1.401119302370116074e-02 -7.008084809484648944e-03 -4.337245636525739658e-04
-9.598558960079498492e-01 -9.299519827071332789e-02 -2.381780289226645766e-02 2.160347166254936169e-02 3.028001180086137625e-03 -3.986637343842304795e-03
3.458239230107145179e-01 -4.580314116521266854e-01 5.606341110255062127e-02 -1.681007787823435816e-03 7.687877199050888264e-04 -1.509837915662129654e-03
-1.940606053049414859e-01 -2.118057223338017797e-02 -1.295452766963803813e-02 -1.952635087933844368e-02 2.459965912057120088e-03 1.566765633401865591e-03
1.136251049442234540e-01 3.543765347952833045e-01 3.069729423804180846e-02 -1.223557537647057200e-02 5.902282749153090272e-03 2.312519591820699782e-04
9.641214198699837867e-02 -4.282006094475043212e-01 4.923910574516852934e-02 -1.387114883003305946e-02 -6.945765857287525269e-03 -1.520696505099837373e-03
1.595595385743996120e-01 5.746526943831844342e-02 -1.947973811410675521e-02 -1.163866640363091232e-02 -8.207986521581962097e-03 -2.635016647110384599e-04
-6.415574396142331715e-01 -3.541118183531674624e-02 -5.747515955855127603e-03 -1.077260869225357860e-02 3.846830118992449008e-03 9.233124603915807875e-04
8.811057911286235278e-01 3.396104881344579884e-01 -5.984773485926817536e-03 -2.122903077626365695e-02 -5.636674121183325899e-03 5.712103946916695938e-04
-3.734253660605785230e-01 1.489984892063885014e-01 -2.806163446630715458e-02 2.169021039384265090e-02 6.597032242527135597e-03 2.808210241185168628e-04
-7.529543995695242575e-01 1.170258216194487028e-01 2.148383587936616643e-02 -9.773949951083943030e-03 -2.090366265482573177e-03 3.268469367767667423e-03
9.518553775328332245e-01 4.216286905750676328e-01 2.812745133494481964e-02 -4.145726852429009596e-02 -3.084791269237382744e-03 9.659049528948572723e-04
1.335399965823895307e+00 -4.324841428606441274e-01 5.786524940356400915e-02 5.711451744288999904e-02 -1.443308805475706233e-03 3.063952395429121408e-04
-4.576701551250566546e-01 -3.467846426025750911e-02 -1.507181082601486213e-02 9.699803220965049974e-03 5.298207650611865688e-02 1.524064008140942929e-02
-3.247858953038691432e-01 1.004370006849816532e-01 -2.414222207859336930e-02 1.195452137470432233e-02 -2.732042926196521018e-03 -4.076792726127362971e-04
3.393453978998368925e-02 -4.645458560763478517e-01 5.571534403246285183e-02 -1.555908102168029362e-02 -4.947374552999973113e-03 -1.732924211281128063e-03
-2.010432409822151545e-01 6.484530334470969826e-02 -2.939914588119294653e-02 6.223000537958338699e-03 -1.994502498577297930e-03 3.600471347646784243e-04
7.019364648530681539e-01 -1.921999526129138935e-01 -9.451310589196932764e-05 -1.784351676798371462e-03 -1.268372553087399913e-02 -2.589903112053326857e-03
1.298792774963573926e+00 6.139724104618878714e-02 -5.548269481358658606e-02 9.078254810029856570e-03 -4.548350360959951648e-03 2.673869581607396517e-04
-9.155830623055208894e-01 1.867440086025510260e-01 7.156821875775715679e-03 3.206969361061792062e-02 -1.517280556176010603e-03 9.233265231886094359e-04
-1.094175551735714624e-01 1.696427923485641365e-01 -4.082229015625315344e-02 2.543068459576307283e-02 5.934224851256577477e-03 -9.272446256557660476e-04
4.045721890233482387e-01 -2.398053099340230476e-01 6.995904104698291541e-03 -5.926049502127236565e-03 -6.881335693686366738e-03 -1.310939665798984853e-03
-2.477395801168496281e-01 -9.625191079662373528e-02 -2.363665430530250897e-02 5.190146405111796188e-03 -3.948689005106375410e-03 -2.021171867925959393e-03
-1.249095759521074989e+00 -7.017530490563922418e-02 -2.164888052540385119e-02 2.873882316437883361e-02 5.844882619928474903e-03 -8.823570101595776694e-04
-4.370257374961854513e-01 -4.129533149113152612e-01 3.463216825188604464e-02 -1.675192076143378755e-02 1.097478252755777067e-03 -2.867263745277585409e-03
3.261406375481635256e-01 -2.069735383977601428e-01 -7.309398488682595195e-03 4.549661223503819601e-03 4.885084995738005545e-03 -3.954542059172012902e-03
8.610554438249505838e-01 4.593398234671604297e-02 -4.071429974433209142e-02 1.616851766067384753e-03 2.429637688773748114e-04 -1.431650051552135414e-03
2.901488902677536452e-01 -8.050196732769503150e-02 -1.854581110410279468e-02 -7.149050916650506043e-03 -4.210239231526337333e-03 -1.933335646843394604e-03
-6.214004378997810552e-01 -2.803614529339384376e-01 1.367998213198627633e-02 -1.961202223963898900e-02 -1.195107024936148746e-02 -2.570237098735198792e-03
-4.157822101047377039e-01 -2.324458577491240463e-01 -6.214590252412271511e-03 -1.102856784564217214e-02 1.349634090540261649e-02 -2.519753105345575155e-03
3.342837958967338485e-01 1.429643958481623955e-01 -3.394770154210617619e-02 -5.179138724715049054e-03 1.182747851544291729e-03 1.768390537016799845e-03
-1.661855940918931795e-01 1.362682640256490663e-01 -1.763179081281354005e-02 4.431729345048296062e-03 -2.752013231478148483e-03 -1.890968057429218802e-04
3.460739348609211119e-02 -1.035505409509299563e-01 -2.584345330090885920e-02 3.606365429873400596e-03 7.134699292331674048e-03 -4.499403210747798462e-03
4.389528496880340525e-01 6.120770547336904510e-01 1.196556538325934532e-01 -2.683085702315732637e-02 6.233793322969175335e-03 -7.134719046794407195e-03
1.198597100499837920e+00 3.170947961168403550e-02 -5.099782199545128264e-02 9.383479924490664703e-03 -3.118304067235951743e-03 -2.528588621623081910e-04
-5.034807421374126735e-01 -3.036048514030162959e-01 7.795689421345289999e-03 -7.126242822427789579e-03 2.696746194083375538e-03 -4.745673355344241610e-03
2.791921274468036618e-01 -2.343761185957117521e-01 -2.557373961961396328e-03 -1.839947533133095073e-02 7.172083844350120307e-03 -7.528299099378436051e-04
-3.758083637437572011e-01 5.280428852663571204e-02 -1.526503091899466397e-02 -2.739118166834228745e-03 1.852772885567667950e-03 1.240366516905930944e-03
-3.659387927543162888e-01 -1.536521216027466642e-03 -3.074638274700563362e-02 1.084685460126998818e-02 -2.356899727149589212e-03 -1.159197652680637341e-04
-7.825771480425219861e-01 -1.155809837013194452e-01 -1.819840128051405936e-02 1.012592773576539637e-02 -6.830379703108162108e-03 -2.125143557029550434e-03
1.766515300867015515e-03 8.903849649056225224e-02 -2.175455404090177389e-02 -1.172064791790538955e-02 4.940650987843132154e-04 3.303023996804885579e-03
-5.311874697738659945e-01 1.378071190711861460e-01 -1.328015745693245618e-02 1.411429010600225020e-02 -4.775935452885096862e-03 2.226353890840946075e-03
-2.126873554254153920e-01 3.316995359900672125e-02 -1.547645117656613716e-02 -5.745216090886197044e-03 -8.924280136025633178e-03 1.859893141206500481e-04
4.258835833966135298e-01 7.957515543023041538e-02 -1.755064894621987184e-02 -2.568031330101313084e-02 5.425761626397373506e-03 1.472833014007172807e-03
9.517380305809672869e-01 -1.146995238646393439e-01 -2.865962023218261018e-02 1.333397155003378937e-02 4.372817038157876361e-03 -2.364476466238008175e-03
-7.037435840886844263e-01 -1.630183509614311077e-01 -1.575173213128289174e-02 -3.322416143624325492e-06 9.833752812433314491e-03 -3.153244762370679532e-03
4.147425666193634286e-01 3.208052920855495871e-01 -2.261097854287857142e-03 -1.082237637997006570e-02 -4.292642223894951349e-03 2.048041255215665452e-03
-4.538363162490909319e-01 -3.419736511648142907e-02 -2.173532822904993347e-02 7.071339386141578184e-03 -9.679809057434578951e-03 -1.324531904533005023e-03
-2.615424653424163193e-01 -6.788320654873433724e-02 -1.649905708375637783e-02 -3.082424365140563460e-03 -1.353759899852502099e-02 -2.025808861951061777e-03
4.525006907091170261e-01 2.290240510340602331e-01 -1.522474016511249188e-02 -1.052360015288949374e-02 -5.411543428965226617e-03 2.482164337170741334e-04
1.294749691374560974e-01 -3.966603004607556771e-01 3.853205259394576476e-02 6.607050521158253434e-03 7.553755916930243210e-03 7.595318455980047331e-03
1.329682891763917518e-01 -4.199400705601152306e-01 4.989633931511062992e-02 -2.283519114307593773e-02 -1.016198236857014311e-02 -8.030501319750820441e-04
-6.224200688369706941e-02 2.971645636652751887e-02 -2.750349544621348216e-02 -1.035871655839775991e-03 -2.745111658251223226e-03 5.053347823397321380e-04
-3.463870200780911901e-01 2.683639270527797827e-01 4.595103232839233692e-03 1.755926690001485477e-02 -2.513564810652595214e-03 9.199907526930874158e-04
-8.979000333434467018e-02 2.204626286687791370e-01 -2.016706773153896515e-02 1.159920280298626025e-02 -4.434541453768950652e-04 1.625086216110801975e-03
4.857801209772585338e-01 2.690907259542677510e-01 -6.243251269673152741e-03 -1.978523594848160053e-02 -2.617777871293606659e-03 2.360529863124290889e-03
2.446206281091932444e-01 3.746386539043651265e-01 1.194753604636628747e-02 -7.938259087572972338e-04 3.737814081770877289e-04 1.150070897651760430e-03
1.212530190567980976e-01 2.977884934427154073e-01 1.398470838861690622e-02 -1.118961755751479888e-02 2.597790227651299716e-03 3.860224751958467272e-04
2.397757874955077362e-01 1.231591138779895150e-01 -1.733014629862963257e-02 -1.912493666822341620e-02 -3.260083514517394393e-03 3.106464267930283182e-03
3.977999028779785617e-01 -3.269556386106592938e-01 1.981411778714301658e-02 -4.403683399573375505e-03 4.182832149537056392e-03 -3.558666071538895293e-03
5.009657982815962640e-01 -6.000398002740499337e-02 -3.147841309099879553e-02 -4.420000635801400561e-03 7.735444787730140839e-03 -1.433314092519314244e-03
-1.749779715693284832e-01 9.724363607059084702e-02 -1.259077269556555141e-02 -1.414595421518161263e-02 1.399439567420235299e-03 4.052456230747603604e-03
3.085768944302156869e-01 1.909850270816337292e-01 -2.275229211580744038e-02 -6.502293295326475216e-03 -2.212871818898524013e-03 1.995711831627443832e-03
-1.007257299630970465e-01 2.290976109642677838e-01 -1.990686348349629715e-03 1.694388243620360010e-03 -1.101879685793864284e-02 7.011437623246003555e-04
-7.566848879341311340e-01 -1.669864413776478707e-01 -1.989615774659066194e-02 3.211139847541197821e-03 1.090358515224361738e-02 -2.252677102620257148e-03
4.946662264719401958e-01 5.353661191049852858e-02 -3.063192410746036487e-02 -1.395920059998692619e-02 3.399880239226449937e-03 1.526115537643532268e-04
5.324365197506388814e-01 2.459344391780339256e-01 4.506605027088566966e-03 -3.157185180246512707e-02 -5.562097595742802533e-03 1.561702209833457349e-03
-4.682425609243831000e-01 -2.039530943694793652e-01 -1.227440680512894428e-02 -3.176038814599986375e-03 1.208771083196466187e-02 -4.281799816290032291e-03
-9.352932190733381779e-02 -3.380898981849855267e-01 3.084999115897240143e-02 9.165960277600819842e-04 1.184548521976359556e-02 5.934152354254320499e-02
-2.806293045091811100e-01 -1.630282004462636422e-02 -3.166627840429155766e-02 1.682967617981801292e-02 -3.485108430382157212e-03 -4.288069840215984717e-03
-6.177728231847161577e-01 -2.782841875725248770e-01 1.034063805756634848e-02 -2.412013124578525625e-02 -1.296304133201867147e-03 -1.321220156116043173e-03
-1.058422693191878317e+00 3.002267279529871255e-02 -9.528553671040588050e-03 2.420841452602624094e-02 -1.881895044686389407e-02 -4.858017350869166359e-04
9.961591357095077592e-01 1.289591771488745320e-01 -4.203366308405633717e-02 -1.030387113804969237e-02 -2.152375806463215427e-03 1.322430742839603504e-03
6.488501281406557908e-01 1.823921918321196323e-01 -5.410233435029846577e-02 1.175263921278222636e-02 -1.248562633746047167e-04 7.905409695089190593e-04
1.543271575382677563e-01 2.494700806755816291e-01 7.540179707144044861e-03 -1.828430949888849855e-02 -4.180205929546136449e-03 2.277435292751610676e-03
6.119229067482345741e-01 4.491354730143758411e-01 3.935252412251789844e-02 -2.373617038551005531e-02 4.160201672379819989e-04 -1.674952941581909398e-03
8.370099799680097430e-01 -1.294140784286108015e-01 -2.475053472675468880e-02 8.795292181638499074e-03 5.447222622233293364e-03 -3.512777196532291223e-03
1.879148855830931400e-02 1.202058480691881454e-01 -1.914052912420581912e-02 -5.304550996068530498e-03 1.521858206099427954e-03 9.011045938975114755e-04
-3.019053660008994000e-01 2.557148462662399702e-01 1.246057641437262227e-02 5.543610040764964352e-03 2.716634586482574634e-03 1.029123619549869150e-03
1.669688080967662303e-01 -2.120882739882913315e-01 -1.889485337374240516e-03 -1.571787436604331345e-02 -6.476949658130649228e-04 -1.759648273027876941e-03
-3.794100007765782157e-01 -3.404207254804186289e-01 2.285991523587185478e-02 -2.090788880646562292e-02 -4.332651742772457119e-03 -2.656808486136582464e-03
-1.084658907364736802e+00 1.322133808316373338e-01 2.718657084876337227e-02 1.029690358602365630e-02 -4.881969947071666642e-03 2.646624617793035678e-03
3.337182771656745373e-01 3.858989862869526000e-02 -1.598333198115574338e-02 -2.183184157508538670e-02 -8.603576686131450199e-03 3.307875964608691694e-04
-1.389814307354226008e-01 -1.292946045025014645e-01 -4.020718190767422207e-03 -2.040459406376075521e-02 -1.185674659114769984e-02 -6.342502503769834087e-04
-6.096259127831182845e-01 3.098332308864941709e-01 2.946680847964469607e-02 2.694948382118122349e-02 -6.094554341217512002e-03 -1.269090257408791176e-03
-4.856620569297236401e-01 8.253398885238498461e-02 4.130135061737788549e-03 -1.602387611537549328e-02 2.013843479742519538e-05 3.542097104054024205e-03
5.523919826173540742e-02 -2.923568821796276307e-01 1.956998278826108106e-02 -1.565253369785647372e-02 -1.141247134551530602e-02 -2.048483420455447183e-03
-9.683497678843693279e-01 -1.236163511111584429e-01 -2.060218812343206363e-02 1.404166103117015368e-02 1.171933273869115756e-03 -1.600044728880634353e-03
-1.148287764874494687e+00 -2.887401517842419843e-02 -3.658572800170373229e-03 1.199286531573957350e-02 -1.772130062195042058e-02 8.059351216470682063e-04
