2.443052210651920575e+00 1.436113418900810670e-03 5.570517564930724946e-02 8.865213170929572839e-02 -5.091073677131764501e-03 3.874130568085539916e-03
5.218986115465577003e-01 7.914928861897335688e-02 -2.957137493572403741e-02 -1.874839091971143915e-02 -2.296101054620068767e-04 8.320457720499656318e-04
-6.724761928747180831e-03 -1.632338831419189173e-01 -4.220428962563287784e-03 -2.354409966847861163e-02 -1.170701914550370017e-02 -1.898707769325175742e-03
-8.628127549399773610e-02 -2.838927877365993724e-01 4.858087149302988891e-03 -1.739592890410162837e-02 7.336781880775695118e-03 -2.673036173481054770e-03
-2.573935775443526031e-01 -1.858475166251669086e-01 -5.803172091204477669e-03 -1.778802190068908690e-02 -4.975904802317807421e-03 -9.783619653896836327e-04
1.515898425262641736e+00 -1.475021619395945061e-01 4.070747535918269738e-02 2.220630473508231756e-02 -7.654551479947371666e-03 2.188953929716018574e-05
-2.500948850476725771e-01 2.995692079016980536e-01 1.872117342463922030e-02 1.720805289413704538e-03 2.058980941404168780e-03 -6.151051061908250272e-04
-1.353332948544666015e-01 3.024544788149612085e-02 -2.279012477571198611e-02 -6.214304340168918346e-04 5.350824726142158240e-03 -6.943919137971563647e-04
1.371178510680242935e-01 6.045367391338927338e-02 -1.433605733635993397e-02 -9.914954385354795077e-03 -1.652861710667025835e-02 1.669277053277065529e-03
-1.128825085434997710e+00 9.745012454750720532e-02 2.765491746884411739e-02 2.483884325586121350e-02 -2.078039862965589454e-03 -3.999353416423563038e-04
7.392424835660656168e-02 4.655520351946929591e-01 3.866434427409934371e-02 -1.464923592705687748e-02 5.646928568090935031e-04 -2.282321605753303336e-03
-1.040779677862616187e-01 2.774487525329258353e-01 5.461202758547994453e-03 3.430235348314264378e-03 -1.769514262875803833e-03 1.397449364005288628e-03
6.635975274354691256e-02 -3.045180932641983196e-01 1.204248031678037574e-02 -9.245159471037387236e-03 1.700979469801748231e-02 -5.008236696247480788e-03
7.275123880950190580e-01 -2.394008804432632698e-01 2.007369300501192499e-02 -4.337505449604056422e-03 5.530789048676007166e-03 -3.129121968661879773e-03
-3.303979025416186599e-01 8.969747136159436640e-02 -9.747855191549099213e-03 1.399870798829793220e-02 3.717944393660797472e-03 9.202227593654292064e-04
7.075587763656514262e-03 3.836831694898390488e-01 3.036643094482945060e-02 -2.500148118204820191e-02 2.257595820944531962e-04 -6.859262681392468142e-04
-3.517011476921086954e-01 4.185909215445807185e-01 7.081129476498040920e-02 -3.813639155532631136e-02 9.679907170364461869e-03 -5.506707980833210232e-03
1.065133240986526203e-01 -4.089372302942036880e-02 -1.299831962947945591e-02 -1.113123058511701971e-02 -1.164059487301317454e-02 1.500140782342759274e-04
-2.533608615001026743e-01 2.604220582477806759e-02 -1.604497667469144753e-02 -5.048257092628808708e-03 3.157040484458363029e-04 1.411712400362571300e-03
-4.307898860119787621e-01 -2.284410933997568505e-01 -4.124052320294457202e-03 -2.053056043095367530e-02 -4.210783223410450790e-03 -1.633024911485478087e-03
-1.215199598471771308e-01 -1.069798111606215345e-02 -1.983645326921152155e-02 -7.039253562980630520e-03 7.084177381588984898e-03 -8.341374421397896102e-04
1.694377293536207141e+00 -8.923495519576438162e-02 3.224696489184745302e-02 3.399891836838186965e-02 -5.041918972099456754e-03 4.661245168154815488e-05
1.446685453973022950e+00 -8.513393441021392671e-02 1.952443174126123476e-02 2.385571777532616289e-02 -1.975492403764282558e-03 -1.415070967888582313e-04
4.872644677835234472e-01 2.424083664642358860e-01 -1.602833074407302924e-02 -2.180985389184363077e-02 -6.057028730600298901e-03 2.943582590678730463e-03
1.039497272125157468e-01 -6.056542796871224044e-02 -1.156085052340027029e-02 -1.229805969566494933e-02 -1.252195113956229566e-02 -2.869429695154362948e-04
2.351373558153854390e-02 -3.790827183853934246e-01 5.364552900409912117e-02 -1.914735492700695568e-02 9.878145750191299340e-03 6.492937118660926932e-02
-1.823146998496522619e-01 -8.045689406649829400e-02 -1.293836258245687799e-02 -4.504976550358589377e-03 -2.581891021760989932e-03 3.189520887312654500e-04
-9.859879644510149976e-01 -3.061265892861171622e-02 2.891716065797247763e-03 2.056708391145520634e-02 -1.083303114000794265e-02 2.975130573526158298e-04
8.553383259391027227e-02 -2.321872837088999886e-01 4.649742145791661156e-06 -9.795648744896866961e-03 1.118549297064812958e-02 -3.905742669957423113e-03
1.001037203114339302e+00 5.202446586441935271e-03 -1.995873566156207077e-02 1.349528725984156657e-02 4.418073587490470126e-03 -2.174514156396905196e-03
4.823577412875679205e-01 -2.012983262219250891e-01 4.937834408389696512e-03 -9.049747831252284366e-03 5.212451463758969485e-03 -2.645916859515935748e-03
7.236305449271059897e-01 -1.873380996848633684e-01 1.290505167317219232e-02 5.169994700639802274e-04 8.928895131121866030e-03 -2.293374122585437394e-03
-1.377819474197068961e-01 3.190577426413537254e-01 1.579257479076070017e-02 -3.195294100256847744e-04 1.681647287063343455e-03 1.386769464994604172e-04
-6.109827189153497207e-01 -3.572051811083578471e-02 -8.295053933506310595e-03 1.578087777107263154e-02 -1.150991717665161753e-03 7.218193033913421414e-05
5.798555292481574926e-03 -2.109813049384137440e-01 -5.681435768570876517e-03 -4.480264234356050486e-03 1.572822765964067282e-02 -3.598488715724290545e-03
1.752131475242992009e-01 -1.807075475780959561e-01 -2.459005708540115687e-03 -1.438270926011364550e-03 1.183031659589929736e-02 -2.485766854046009625e-03
6.102570046054065500e-01 2.006359702926574784e-01 -3.241249793858029526e-02 1.103414561347858085e-02 -1.424072193851026995e-03 5.174009363363635868e-04
3.953997553707068180e-01 -2.432115768473776252e-01 1.720745723432353866e-02 -1.849848163415088523e-02 -3.665062739249878073e-03 -3.153930728421927478e-03
9.427123018030997281e-01 1.403227910963364411e-01 -3.338851782372707910e-02 1.437357572084765889e-02 5.414295666216128664e-04 -4.553710743904510350e-04
-6.348562765567463684e-01 2.778997934883416510e-01 4.365402125496058161e-02 -9.968201050497185745e-03 1.151910944081782628e-02 -3.623014509071966361e-03
4.397629659979705556e-03 -2.970997176674777251e-01 1.081000654444883892e-02 -2.035961778449192627e-02 4.136270669892399415e-03 -2.838077221341829895e-03
2.830480475289805509e-01 3.275636708475910402e-02 -2.352137553267397846e-02 9.966173824079729848e-03 3.707113675672869813e-03 -2.316237875179994355e-04
-1.137919018108282776e+00 4.189935305787509390e-02 1.319371242653861499e-02 3.345681219147716295e-02 -3.329052604833401558e-03 5.664052360521630277e-04
-6.282019741978342453e-02 -2.057772785036981189e-01 -6.123926521348624016e-03 -1.800772812130206971e-02 2.362552456022154902e-03 -1.418696967399239164e-03
-1.003706166782756121e-01 4.427963619101145387e-02 -1.465520897267253743e-02 -8.209495522739853821e-03 -3.501318654666153544e-03 1.799651365900764967e-03
3.519754077149294669e-01 -1.304564343125752812e-01 -2.597445563350935221e-03 -7.016208734018436650e-03 -3.399306268271713380e-03 -3.084432788579515796e-06
-1.522658721035576312e-01 3.357220842184741733e-02 -1.796835605742878178e-02 -1.273596975442746124e-02 8.266034541048399020e-03 -8.768219095423078566e-05
-2.410836434639491987e-02 1.455004813322861579e-01 -2.074108444161080339e-02 2.191590096533999402e-02 4.885882650135668637e-03 -3.906295666393763607e-05
-1.075808412028366412e+00 1.805709998198410660e-01 4.179149115956720673e-02 2.665727982899549972e-02 1.605856277675986278e-04 -9.824154418435883471e-04
-1.048377136855893177e+00 2.411706959893156557e-04 3.935351907291731455e-03 3.075049509788314178e-02 -2.032014885778361639e-03 4.550680781032597410e-04
-5.189738661339114711e-02 -1.161817058181963958e-01 -1.313762789157269482e-03 -8.975236970310611307e-04 -8.085227106994961888e-03 9.096857231774788458e-03
1.319059502281567209e+00 -1.241729932671816333e-01 2.819804640012783456e-02 1.995605567523593693e-02 1.141293082017273653e-03 2.504793706258186215e-04
-3.185017202199274533e-01 3.753873260289695701e-01 4.238874230517680752e-02 -6.669922391497272104e-03 4.936414179229432590e-03 -2.778418869148112369e-03
-2.678546025703124403e-02 1.969141372560921921e-01 -4.115586334308620788e-03 -1.048086057970154701e-02 -6.846900502007886163e-03 2.500174777804590239e-03
-4.117149102152973805e-01 -1.576332086362989271e-01 -1.173760065548810905e-02 -1.765273466914650188e-02 -9.651194384494352465e-04 -2.944475150944564357e-04
5.992608415104281328e-01 -2.006749702865833485e-01 1.303236756510329185e-02 -1.197123502915629911e-02 -4.474074146541291014e-03 -1.529977872552957911e-03
-2.422216631014926791e-01 8.845358184758632392e-02 -1.698425707099049040e-02 -4.821881838383293103e-04 6.052755673226635838e-03 -1.470386140730835039e-04
2.130728705692498670e-01 1.865214692306101651e-01 -2.266041931624541983e-02 7.585052815336423490e-04 1.735929962502541848e-03 4.273597234110591229e-04
4.169696288086240377e-01 -2.126702406827633562e-01 -6.995247201423591358e-04 -8.192144769339592195e-03 1.302479221895682000e-02 -3.888932062163981754e-03
3.285292167914177219e-01 3.310370962479843859e-01 -2.347552412127698000e-03 -1.775878040885150305e-02 3.911499631694652780e-04 5.445066160393879527e-04
-4.019987946469504858e-01 2.368718240225825208e-02 -1.708915597114158205e-02 2.379179446328567871e-02 1.003626168299519977e-02 -9.036097870512316841e-04
9.000902502948106010e-01 -2.017284296361312179e-01 1.582224199510626900e-02 4.913186423131235721e-03 1.147255857437533451e-02 -3.320802819926541895e-03
-1.001401454864617874e-01 -2.535621031751451038e-01 -9.251447994762163800e-04 -1.084097928413312907e-02 1.252809596108679299e-02 -3.067079828269038758e-03
1.013799424773677460e+00 -1.188259670348210117e-01 1.270032583070450014e-02 -6.632121802508740603e-04 -1.116842548148910819e-02 -1.025534181992833818e-03
-1.323257195148536403e-01 3.005987847372780797e-01 3.892959502205022449e-03 2.351513664857811728e-02 4.885939160451484298e-03 -1.184907091848325404e-03
1.564104283215363989e-01 1.775311740422010620e-01 -1.688662235186127666e-02 -1.238933508298465172e-02 1.183180617993212416e-03 9.423080994358171017e-04
7.026585179720650221e-01 -8.033413314570654606e-02 -1.054635593123360096e-02 4.771439141783883828e-03 8.558736821693505720e-03 -3.078271338642389783e-03
9.226417101189188230e-01 7.854469248442849660e-02 -2.888479068111353409e-02 6.602069840898451905e-03 -1.227863165692334680e-03 -4.472516138885118605e-05
1.070893940395672539e+00 -9.978577467956060987e-02 2.543495767336956454e-04 9.218871113082732424e-03 4.410304919993463663e-03 -2.931320010613387185e-03
-8.085522745291824354e-01 -2.342811393921806207e-01 -3.583595784631324506e-03 3.787001909877915542e-03 1.483633325425550049e-03 -1.342743154047383114e-03
-3.905816571869780707e-01 1.814611878103288833e-01 3.311813074763426176e-03 -1.545912961318627113e-03 5.333124435140817327e-03 4.642992740627763736e-04
-2.954663228287756072e-01 1.207178561958368451e-01 -3.325274901748643663e-03 -1.229629742250641471e-02 -2.679639494337297811e-03 1.538403677948410337e-03
-7.772460997024904783e-01 2.924649071862022234e-02 1.214665707254524666e-03 6.864287562910037326e-03 -3.279110950621208932e-03 1.566396100309696811e-03
-6.478310362566804814e-01 3.020458388865345789e-01 4.671318792224388866e-02 7.526377443444006235e-03 3.478490373913483823e-03 -2.192024858076050634e-03
-6.059079665066076092e-01 1.987265870601871709e-01 1.689843343368221604e-02 7.425904218316550266e-03 -6.436565271730219700e-04 1.149359826949986974e-03
-6.981029171631795982e-02 2.048492003629957259e-01 -1.118549287531638188e-02 1.100752390651519273e-02 1.139570098141253277e-03 1.284723246167329561e-03
-2.671999723632426660e-01 -1.537421897843496699e-01 -1.628585932682823784e-02 -7.317887631762991230e-03 1.101651249732241676e-02 -2.032469966315292829e-03
-6.693353792436735894e-01 2.309588073350455628e-01 3.820119104912063357e-02 -1.814279564276860199e-02 4.535104797752919151e-03 -8.600919137171131497e-04
4.925463171425623066e-02 1.408352849816857932e-01 -1.377749766313479500e-02 -2.417468056126826845e-02 -4.015876072844596603e-04 2.128036861201135829e-03
-3.299529603716250814e-01 1.526617860074925281e-01 -7.305396682817253719e-03 1.130501097975185852e-02 1.538221568820686506e-03 1.383312242823217736e-03
-9.105663777724998242e-01 1.933923683903707863e-02 1.812504511312794777e-03 3.806157589656532225e-02 -3.696171871558773334e-03 9.160840944671522603e-04
-6.386354277950313796e-02 5.650714965824188418e-02 -2.150527696472883527e-02 -4.589041315211753701e-03 7.077557782733363313e-03 -3.578238570491855874e-04
-9.397752196021151860e-01 3.501414132561689319e-01 8.547127924869510340e-02 9.314542160294928680e-03 3.929093591447140217e-03 -6.293202994072398526e-03
-1.488779952560891351e-01 3.600106453565778408e-01 1.968850811645149468e-02 1.316838783897162669e-02 4.676569758858319277e-03 -1.317745466484938292e-03
-7.126454932631759442e-01 -3.276799316875941143e-02 -2.317985974114283431e-03 1.930894168787753579e-02 -1.658403664670477645e-02 4.092976636759455616e-04
3.983552832120904746e-02 -6.246915363743693606e-03 -1.808610398072658942e-02 1.028117556084942770e-02 2.413011163935316339e-03 1.800267574554587210e-04
-1.655211638790987649e-01 -2.736429528473942607e-01 1.029851632183543218e-02 -1.798075530675915731e-02 -6.005001123143891180e-03 -3.187506465812541424e-03
-2.302473612541396097e-01 2.604499803644721445e-01 1.048853171158192245e-02 1.046019208001928991e-02 -6.178301341622800986e-03 1.576287315573443679e-03
-2.416280458216155391e-01 6.077751496552703109e-02 -1.238796200651927013e-02 -1.600195020611282909e-02 3.707103874294031057e-03 7.016096035977267701e-04
-2.777947254238240515e-01 -2.962907095508152122e-01 2.838268249458848758e-02 -1.630929531668743465e-02 7.700310988273153774e-04 5.058463232274896387e-02
3.293938036824949900e-01 6.922048199969006721e-02 -2.668958037676109549e-02 -1.190579186417271146e-02 6.600678144883515138e-04 3.357452128651215576e-04
1.021008316301265317e+00 1.950854403567514883e-01 -3.567567058499591937e-02 4.926979863697881178e-03 -4.384392299813383298e-03 1.177857858298418268e-03
7.854715086119254952e-01 2.380100914876742413e-01 -2.994067349135951656e-02 -7.670061159178134802e-03 -7.122089461600474708e-03 2.897500734197171711e-03
-5.400416077820158200e-02 -8.182639796355660466e-02 -1.863193688870263057e-02 9.088473909919477997e-03 1.312129197589163507e-02 -2.507971270120317505e-03
-3.280572732236022859e-01 1.173894450995648098e-02 -1.213370862810946721e-02 6.671939686247607346e-03 -6.984308323579053145e-03 1.401574367067329055e-03
-3.777925265293931578e-01 2.598785548308887861e-01 2.000246184445735737e-02 -1.014447197026777450e-02 5.669165725501355488e-03 -3.796110899465424777e-04
-4.433196031548616300e-01 3.245365805069459070e-02 -1.020355790632152156e-02 -6.540926758841261388e-03 2.047889405393610394e-03 8.405334085546256476e-04
2.307358261578948078e+00 1.899656536259971065e-02 3.887424080921238895e-02 7.789709033414164707e-02 -5.206708024976378600e-03 1.009320699698510902e-03
6.576642937467768180e-01 3.253935609300397797e-02 -2.078941562390624123e-02 9.671745414197628274e-03 1.750185406728446084e-03 1.748274547091016281e-04
3.700226808272898960e-01 -3.090550899615319702e-01 2.240871795445827791e-02 -1.773081609377721163e-02 3.753358429353863702e-03 -3.855539731599083673e-03
-5.303301218451311749e-01 -1.925487211983863828e-02 -1.451037743186026595e-02 1.694451297378557833e-02 5.463610168225480242e-03 1.235257098545968228e-04
6.442504043521442014e-01 2.909230182074618587e-01 -1.906045753999423623e-02 -1.742992255460995218e-02 -4.376209617346231255e-03 2.550540097082326998e-03
9.926539618030467971e-02 7.915484954073867194e-03 -2.052948755650663495e-02 -1.059618139970152847e-02 4.175742577256702157e-03 4.262259920759827988e-04
5.909143572407927758e-01 -1.594219462105757046e-01 1.017616681009346144e-02 -9.377382620479081388e-03 -7.048172183623422141e-03 -2.046551425265466691e-03
-5.662514622095522754e-02 1.251606389420458765e-01 -1.076008580909827532e-02 -3.335731953687182810e-03 -8.244749249960114240e-03 2.391118213816685514e-03
-8.559530265665633852e-02 -1.180042285101457616e-01 -6.782089110872991169e-03 9.690210594461351121e-03 2.922615665712648136e-03 -4.769949762323935421e-04
-6.707966784274848049e-01 2.571838869511017256e-01 3.524311324998005007e-02 6.429100493847610467e-03 -8.925688574990855962e-05 -3.646355461394354684e-04
5.530177675116580982e-01 -3.264030389635969032e-02 -1.812008943709265268e-02 -9.437796626412847840e-04 3.633592375357498714e-03 -6.079513351157255548e-04
3.067641106936622175e-01 1.655209029282496414e-02 -2.700517829775148440e-02 7.297559297444447014e-03 8.242751352955636490e-03 -2.096044638468471701e-03
-4.697124346976921383e-01 4.881461680821779642e-02 -7.829102829527102500e-03 2.841760258112862453e-02 -3.445552986919627348e-03 1.435219029870617429e-03
-2.811790119800679499e-01 -1.551611778347100346e-01 -5.793585319294618056e-03 -1.129571541134769333e-02 -8.641490650740320939e-03 -8.260746738841840157e-04
-2.293855942234900025e-01 4.762577031003161626e-02 -1.166432251274363875e-02 -1.362044262846453559e-02 -5.209660241073618171e-03 2.024118086001322481e-03
4.792020923889479533e-01 2.706964148576143647e-01 -2.175439894140115960e-02 -3.646175210241211356e-03 -3.607420385027143052e-03 2.177337219841059095e-03
-5.231813465801862240e-01 -1.065540914918339799e-01 -5.025833431153621002e-03 1.894603410925212389e-03 -1.324927122331148212e-02 2.131935728149432681e-04
4.278677979836013612e-01 1.309081873634298787e-01 -2.540899204410140139e-02 -2.650986491692720881e-02 1.608501974830608841e-03 1.005581844285744365e-03
2.759350374459829669e-01 5.134153943059364122e-01 3.869469792601684666e-02 -1.842165328138875915e-02 4.309193237591705215e-03 -3.829354524949773846e-03
-1.345952631696937241e-01 3.238883369513445021e-01 1.608173784337528847e-02 4.541580085863652916e-03 2.339198221577520019e-03 -6.950119891394492119e-04
4.037946754488829226e-01 3.319941301054590843e-01 -4.842754299091245698e-04 -2.725956112829719044e-02 -8.712446129122745908e-03 2.221599709858123554e-03
8.851678924777934832e-01 -2.585339708995527674e-01 3.599281406697282804e-02 -1.137389550040132820e-02 -5.082793075894279956e-03 -2.948915178049549366e-03
6.343915708692557387e-02 3.884433579568921102e-01 1.612497958970564305e-02 2.044141105697233271e-03 2.511197396546193512e-04 -5.655110397741029433e-04
5.095290278725679300e-01 9.272026876492391045e-02 -2.887060630924354748e-02 -1.993894451942654703e-02 -2.734408265286291002e-03 1.681509872691590952e-03
1.212114100993957055e-01 -2.577520214140591737e-01 1.814848540829193391e-02 -1.811654428624109858e-02 -8.129806600958749616e-03 4.880370373277319838e-03
-2.964361377718482959e-01 2.031792774051049966e-02 -1.437012502979521412e-02 1.268368781999783691e-03 5.098498465000150283e-03 6.128822587955671478e-04
3.441422199763287670e-01 -3.075596579088787919e-01 2.255328996903834676e-02 -2.040516750864017348e-02 1.938668199675845248e-03 -3.953921109073943452e-03
-1.152862932490387182e+00 -1.911054813672354302e-01 -2.507595479895439084e-04 2.129493985284824573e-02 -8.021870306656676136e-03 -8.238924368533513502e-04
8.099972599713453070e-01 3.237991654861456792e-01 -2.475098311600680903e-02 -8.651088282603311766e-03 -8.269293957141973794e-03 3.308550495440494565e-03
8.686358352019744877e-02 6.617137137910068800e-02 -1.925565807622830680e-02 8.349661249692654982e-03 -2.298453769967945520e-03 1.410234667877444765e-03
-1.329482564558358004e-01 8.396747160575439295e-02 -1.733415845281969375e-02 -1.177367170455531978e-02 3.888318277266185254e-03 8.968018866872364599e-04
1.331860484248615473e+00 1.387200889552142082e-02 -1.257034407100259335e-02 2.477154245856042977e-02 3.504833883573016569e-03 -2.782221911650298307e-03
-1.458272021578483346e-01 4.001488214318688758e-02 -1.711239737766965738e-02 3.593811758418446241e-03 -2.971564439201448645e-04 1.257945673749521348e-03
1.393593778063214050e-01 1.647596615787217944e-01 -1.572250749472627052e-02 -1.217404008302462592e-02 3.851467742558515022e-03 9.255982125041445135e-04
-6.109260999194171537e-01 -4.787944678763752376e-02 -8.796677010862258284e-03 -1.061052616107101797e-03 -4.083303108475069138e-03 1.098046714001752995e-03
-2.265137665907792919e-01 -1.591644104452850650e-01 -7.424646428275219999e-03 -7.957424989236350221e-03 -2.362166014052436043e-03 -7.741136063573710990e-04
3.158424193009292669e-01 -1.598741056297043051e-01 -4.125712813124581685e-03 -1.301405129046631810e-02 -3.410016101281636053e-04 -2.096372168901318271e-03
5.873006124052868593e-01 2.475165059357391506e-01 -2.626788224332574084e-02 3.512886293975285307e-03 -2.890860213908815011e-03 1.941865394912899775e-03
-1.418403223332995511e+00 -1.355386273896758698e-01 4.618549729959090140e-03 3.559285173969207322e-02 -1.434515561398197600e-03 -2.800014025738465913e-04
-1.450462226513507868e+00 -2.804623168740801864e-01 5.405631031128106320e-03 2.178802876729508606e-02 -1.283995201711515995e-02 -2.825530426776009640e-03
1.177775309074391430e+00 -4.221845335139923217e-02 -5.423840207491826756e-04 1.232888709255046226e-02 -3.690271199534259083e-03 -9.883484672831331988e-04
5.928004648651292730e-01 1.373585716124569867e-01 -3.022704753475772763e-02 4.929043413193058901e-03 -7.231412084947464857e-04 8.165962927684846393e-04
-1.523932940531418437e-02 2.477658899414803551e-01 1.815044571442711975e-03 -1.739839388998287023e-02 2.226336086811788427e-03 1.070538797008066534e-03
1.321699109486427881e+00 -1.415122110838558933e-01 2.017379553134592343e-02 2.233464896983756651e-02 8.257192811923847603e-03 -3.676870836098994344e-03
-1.279803314110219969e-01 3.540623611662538917e-01 3.029436791523088673e-02 -2.720875484156122168e-02 2.441597312159988174e-03 -1.022790497101058217e-03
-6.762998249977235643e-01 1.352441208616975976e-01 1.096598022477813031e-02 5.078135372624437496e-03 5.287878303028203421e-03 -8.588473037151604010e-05
2.951390518935306795e-01 -1.115140170392433377e-01 -1.099560342086343748e-02 -2.449968300928994681e-03 6.669666001623525409e-03 -1.409862800105973887e-03
-8.073278469623461628e-01 9.483873390945678217e-02 8.825846548860410284e-03 3.544446464642239669e-02 -8.552322464579507899e-03 1.266433077968726496e-03
7.837049786178135191e-01 -1.976177451399272200e-01 2.068535514805854361e-02 -8.252722386333035537e-03 -6.424678768529856580e-03 -1.325032837950684394e-03
-6.116275123223937626e-01 3.916194539332842894e-02 -5.594783048385075334e-03 -2.341998275742286292e-03 2.703304935513133229e-03 1.476701766296086666e-03
1.200563743172576442e-01 3.200033609280707458e-01 1.121617858861024240e-02 -3.254306317535435311e-02 1.169093203400836710e-03 7.328488059807423526e-04
-5.330118907154692831e-01 1.482902570078910576e-01 -6.157288516862942547e-04 1.753097232486748244e-02 8.685525683584613757e-03 -7.616305958766157475e-04
-1.308454570326356814e+00 -2.144591614149876091e-01 4.413493509996426270e-03 3.044890256222522809e-02 -1.338790070515009922e-02 -1.562530649486288011e-03
-1.018686649936798139e+00 1.777666462679378112e-01 3.370641905133819893e-02 3.337513724565131790e-02 -7.204479592767262320e-04 -9.052620933153331020e-04
1.660865599092522960e+00 -1.024726572318112594e-01 3.538991935909730630e-02 3.891889209040405584e-02 5.869433153902097952e-03 -1.402216436567735054e-03
2.623000254178484841e-02 1.680013445810753514e-01 -1.332459167475335757e-02 4.951356174873200629e-03 -1.639519017324827859e-03 1.869436331068921120e-03
-4.382464006679599039e-02 -2.195857333870663841e-01 -1.351352603199564408e-03 -1.906002416859512577e-02 -1.983909931174785563e-04 -1.150407764433316769e-03
-4.597033658610815143e-01 -1.381742843007363053e-01 -1.537828083251496260e-02 4.059975524440839778e-04 8.264409137233995339e-03 -1.209705825318268526e-03
-7.542262770611919409e-01 -2.055394545143729712e-01 -3.250366876786801775e-04 7.729143574231570231e-04 -1.167490953274273949e-02 -1.230012456547638399e-03
-2.025250707230433489e-01 1.368290216166399668e-02 -1.435730595598972044e-02 -2.261848351620295017e-02 -1.780325918643922570e-03 1.710475287147868130e-03
1.581576018195031796e+00 -8.336738914432348380e-02 2.698084287662115208e-02 2.274515810578406697e-02 -1.040060193657293269e-02 -8.700575017980202719e-04
9.072045936876220740e-01 -6.922665460109261870e-02 -4.233014460678910171e-03 7.396373577971442764e-03 2.600347900724193830e-03 -1.997725160390506540e-03
-9.285325497162060238e-01 -4.263665944486846188e-02 -3.938514252740676100e-04 2.056664965394662190e-02 -7.603863976924028420e-03 1.001502382139286395e-03
1.473295141468799752e-01 2.978911285554565122e-03 -2.156862363139617350e-02 -4.143328625583564927e-03 -2.539293684254267155e-03 9.517827813373000651e-04
3.723350526315433867e-02 2.065869993168313878e-01 -1.470657677904405741e-02 1.782923702115232073e-02 2.746072897099964528e-04 1.372197340684246135e-03
-1.030094123193050493e+00 -2.445000162038288294e-01 -3.314279495620685821e-03 6.413150737040290185e-03 1.255069196532824670e-03 -1.563486286199119307e-03
-7.652911784519977889e-01 1.970722990599536872e-01 3.270408256338694364e-02 -6.345440156918162426e-03 3.485499208071901264e-03 -2.695393357798180761e-04
6.537279179612552893e-01 1.739855453880664315e-01 -3.025727718761266408e-02 -1.273130962278208426e-02 -3.429927664774604004e-03 1.857327144955281265e-03
1.753783881843953563e-01 3.031737042053090359e-01 -2.507939368299436133e-04 -1.043335520395842833e-02 3.086892731670476744e-03 5.536412596198341017e-04
-4.769641737513317659e-01 -4.283475826793753383e-03 -5.555220736875788289e-03 9.388296634999350812e-03 -1.377120511705089492e-02 1.205610977886109082e-03
3.310777047137779538e-01 -2.465272159264800533e-01 1.896353325071174073e-02 -1.212907224658650758e-02 1.126727787759268653e-04 -1.957457918575203001e-03
-2.573445384965883376e-02 -1.099763039761449263e-01 -6.597321515435990505e-03 -6.722180296096884333e-03 -1.088034835546114118e-02 -7.378603866476250630e-04
7.354669769451699368e-01 -1.003362635064043995e-01 -7.987365190203649448e-03 1.849998885987294865e-03 8.423767951627534126e-03 -2.089799398327661911e-03
-8.510957173321057612e-01 -8.711580567680814180e-02 -1.196592290153367447e-02 2.343195435338352173e-02 1.284583090941652551e-02 -1.313648822477133651e-03
-7.497804599778206125e-01 -3.387313204406697809e-01 1.013276417638709660e-02 -1.354788833986547529e-02 -7.514955278699804800e-03 -2.870623937822431790e-03
-1.093165567602230936e+00 9.350142950651970861e-03 7.655856021089414015e-03 2.506586866156441940e-02 -1.706541943720434919e-03 6.340598998660074148e-04
1.065610325111699064e+00 -2.492606081951587449e-01 4.215776710088049717e-02 -1.054772395065250090e-03 -4.597762607891114212e-03 -2.155175285768655760e-03
-1.401608777377184312e-01 1.155376802382471202e-01 -8.414999642652607609e-03 5.347415826705516004e-03 -1.241510896524730678e-02 2.271142130557733327e-03
7.089998901198512060e-01 -1.151686298724807489e-01 -7.388208700183061979e-03 3.789322673435117049e-04 7.904384482547469407e-03 -2.586843285250672170e-03
-3.880448191756641352e-01 -3.993114537910309042e-03 -1.860927833090477920e-02 1.438867673904506081e-02 6.889406694396007537e-03 -3.525950293601336628e-04
-3.420309124719750349e-01 7.810723856360866912e-02 -1.132513486068535691e-02 4.580075385261582477e-03 1.078903447620485146e-03 8.042955513128755701e-04
2.059072730604606938e-01 4.520490320291031816e-01 2.589982822542806831e-02 -1.245931943372930069e-02 4.195543149186881093e-03 -2.164050856988519039e-03
-7.386765399580138558e-01 6.292897721410771472e-02 -1.893654495405796721e-03 2.581450850821989315e-02 7.219206805690601622e-03 -5.328802867623078088e-04
1.662490537636643895e-01 3.248709008679567800e-01 6.784271545954648382e-03 -2.011744739670374982e-02 4.467406273234547881e-04 3.322212506229496967e-04
1.932727959608643742e+00 -1.238363079418776797e-01 5.536992779567628808e-02 5.411598571034764715e-02 -1.541892100835981494e-03 5.290901063565125366e-04
-8.506239613284382051e-01 2.661489694121074723e-01 5.440201580459680386e-02 3.600170419904083052e-03 1.482245970533988119e-03 -2.308718535738601019e-03
1.695403877449424002e-01 6.536116175523936089e-01 1.066969050471071739e-01 -6.171673962465482055e-02 8.445786228283527763e-03 -1.139083013688947307e-02
-5.350682139715158270e-01 -9.873673308491387295e-04 -1.756623617041846303e-02 1.684467100334453155e-02 1.019427738882703466e-02 -1.841975676195133993e-03
-8.529338272626741935e-01 2.344656260589140506e-01 4.505967115622352970e-02 2.509909372018027766e-03 9.188649436603081935e-03 -2.277931002859467837e-03
3.095736694690188195e-01 1.942156300620717368e-01 -1.577319454319275546e-02 -1.074479407999662933e-02 -1.004489019015250215e-02 3.014421795787589672e-03
3.301144631454431821e-01 -2.799953756251642445e-01 2.519226548245192404e-02 -1.516283533863614988e-02 4.167929795319473378e-04 -2.248014884163844571e-03
-1.062018133645156848e+00 6.263666303827421233e-02 1.216252497150888297e-02 2.946461041577762979e-02 6.900839680238093909e-03 -5.456853247469787291e-04
-5.195183551694545487e-01 -3.095671586969024336e-01 2.079097922144970863e-03 -6.528738818783328540e-03 1.230745009622738473e-02 -3.903816651708167090e-03
-4.000185828633065488e-01 -1.623184033999306997e-01 -8.642425638864985674e-03 -8.687371314351162443e-03 -1.250129129022450923e-03 -9.751656983845371097e-04
-2.923934925356477810e-01 2.016987466358736714e-01 1.946732202743157395e-03 -6.944604213126289241e-03 3.585405593533723314e-03 3.732657627364188496e-04
-1.337732862193690975e-01 -2.672413690542704834e-01 6.423670827921485957e-03 -6.640591240593358112e-03 9.901392143289469011e-03 -2.101333348266921312e-03
1.982443210024127378e-01 -3.362442440904954699e-01 2.482057817142696576e-02 -3.029999574761189571e-02 -4.455980841481574535e-03 -4.035159364406299375e-03
-6.171712431111679720e-02 4.482153878709152495e-02 -2.117397750187008723e-02 8.817129663643836004e-03 1.122827474909513044e-03 1.413940046030891587e-04
-1.368538228442711946e-01 -1.690066798496936418e-01 -4.122483313088057787e-03 -1.421207225754361064e-02 -8.160360544261504104e-03 -1.450099522257604833e-03
-1.183396019269493393e-01 -7.206855863710148746e-02 -2.180808910691224914e-02 1.486091877760878453e-03 1.094467875051800820e-02 -2.841332150468471682e-03
3.271396396683040053e-01 2.207705077528410165e-01 -2.361384111146533349e-02 5.415139014803304653e-03 1.838732926954042969e-04 8.326862566166295465e-04
1.679830583744257588e-01 2.045538038893428834e-01 -1.773517032823038880e-02 1.148746247214685757e-03 2.491713818523505486e-03 8.210063085253080503e-04
3.676216973279530231e-01 9.049412676951822110e-02 -2.718844200504191844e-02 -7.445330959573704353e-03 3.580371214814767264e-03 -4.454176941460137075e-04
-6.396391042839565388e-01 1.517965833157619571e-02 -6.017930852905480077e-03 2.305510673960702028e-02 7.129509638225048351e-04 1.045024438203337415e-03
1.467696297273570760e+00 -9.492394659619614317e-02 2.538740899707203624e-02 2.188693273656170876e-02 -6.297931691765108406e-03 -5.441310849744827437e-04
-3.389552289822192477e-01 2.087901443456113837e-01 9.996956707296545536e-03 -7.897605611728442457e-03 -4.328599035510744333e-03 1.759542297200711748e-03
1.038403336586319448e+00 -2.196770927168102405e-01 3.341148895158859572e-02 9.122772283070410340e-03 8.770299178402798240e-03 -2.966024412391258993e-03
8.358920968230831861e-01 -5.346489259748000988e-02 -7.378948638022572899e-03 -1.818368420176324400e-03 -6.431621782490183972e-03 -8.805459033801970030e-05
-8.128128202568573046e-01 6.206812391255950301e-02 2.832433921137926438e-03 3.621330624375609236e-02 -5.170453627376511187e-03 6.421130304581795269e-04
-9.684474566920459049e-01 -6.805451077364879642e-02 -3.117809263932161531e-04 5.062176626891625245e-03 -2.677325875714486967e-03 5.399487325312810233e-04
4.320507641792442621e-01 2.020127486818039664e-01 -2.552142073425404944e-02 6.947331588689936374e-03 -2.532166679790510532e-03 1.251861397874046156e-03
-7.179338413715692369e-01 -3.473727575592522876e-01 8.498397292197659714e-03 -8.194569241996775555e-03 3.598807406493494988e-03 -2.505696545428981025e-03
-1.176002688491536663e+00 -3.941069339311484288e-02 9.827154638911712869e-03 1.634277936549799817e-02 -3.800336246332550790e-03 1.030801011551178660e-03
-2.998496495087211999e-02 -2.865067100323870353e-01 1.411847156653511619e-02 -2.969065588908231801e-02 -1.326032572782681433e-02 -4.234638022343696108e-03
-1.552782228720328735e-02 -9.954278043210161575e-03 -2.290388650698052878e-02 -1.189520259179473877e-02 1.262599328058831068e-03 7.306137881396607050e-04
-8.344780808524636662e-01 -2.476222430487684811e-01 -4.226030318252236608e-03 -1.165797677860333503e-02 -2.551134766351614153e-03 -1.190754751285518420e-03
9.650808458522613931e-02 -3.549597010300394734e-02 -1.213209536780147750e-02 -3.982063926982713775e-03 -1.153302306188780033e-02 6.530387439327539319e-04
-9.358616024022036184e-01 -1.048744364108646493e-01 -4.692717855910186371e-03 1.313403906644679611e-02 2.126810803678919233e-03 -4.411789568195785072e-04
-8.329965338263919383e-01 -1.770029280368297098e-01 -7.672303140804447204e-03 1.202992748029113254e-02 8.175807037339765174e-03 -7.539669726738394868e-04
9.650036213973217647e-01 -1.596162682273263300e-01 5.993897449451914689e-03 1.000592759395256374e-02 1.332766646739817068e-02 -5.208288574057383380e-03
6.170526479939998366e-01 -2.591952620759626624e-01 2.688489258302959387e-02 -1.844402098078538541e-03 1.173958750173032493e-02 -3.577583666688928087e-03
2.006847531449495570e+00 -3.341521291694539431e-02 3.790256285015258103e-02 4.829636978798114433e-02 -1.264589460541234653e-02 4.581426915552469113e-04
9.152273561971046023e-01 1.964845924284084611e-01 -3.517767917485268431e-02 -1.050317736144566793e-03 -3.850319083484396963e-03 6.818372502928960258e-04
-4.466903992770372422e-01 1.905913056728652799e-01 6.529918549139666038e-03 1.734794107445581171e-02 3.670227808272824837e-03 5.052080855811889913e-04
8.648327096137452541e-01 1.919941831432769308e-01 -3.217111164963296077e-02 3.190665238447061656e-03 -2.659661951159872015e-03 1.452268655013074861e-03
2.305837310551991648e-01 3.133471004588960773e-01 9.724139536978473539e-03 -4.830343211755831756e-02 -2.635002995773627187e-03 1.648410465953173724e-03
-4.821459499702662743e-01 3.243649320590584195e-01 3.902644683985656560e-02 5.785260102173695254e-03 -1.494353500683422153e-03 -9.701937505947713951e-04
-3.763407836649772520e-01 -3.260689508825672100e-01 1.112786642699497945e-02 -1.854587306360074364e-02 -2.240320593904630408e-03 -3.317875915715562049e-03
-1.128117645991118245e-01 6.925260996510698708e-02 -2.225267979367348894e-02 6.245165541611632717e-03 4.556951979232315951e-03 7.396811823321603103e-05
-2.572170114490198722e-01 -1.946453091898765198e-01 -9.427424068365613738e-03 -4.035831065982338657e-03 1.214397639757901388e-02 -2.186688597718273747e-03
3.519989675763803283e-01 -1.472982170981467220e-01 -7.604300480419824183e-03 -6.377338989439260315e-03 7.791553971470986661e-03 -2.040365760179793826e-03
2.609763116369096525e-01 -3.607503079995428852e-01 3.818180519463734018e-02 -1.505547569498240368e-02 4.224140422938543922e-03 -2.283822321718128288e-03
-2.223620622448989337e-01 1.935445311799050550e-01 -7.969017617999977696e-03 1.290542316070877708e-02 4.180704200100352451e-03 -1.991431992117323024e-04
4.109975000627794084e-01 -8.520373274995537982e-02 -6.589369737265197112e-03 2.156347169627161574e-03 6.687599392295682718e-03 8.203427003553807537e-03
-5.502488429616071014e-02 2.600665362577324058e-01 -3.751359867662565611e-03 1.072687318887067393e-02 -3.214487518250519135e-03 2.088804508862927584e-03
1.435436129468147026e+00 -5.369581358636658225e-02 1.168359360768083006e-02 2.831797863920827024e-02 5.335490827144358239e-03 -2.067698296154566340e-03
1.380455665801180176e+00 -2.271199985409188549e-01 5.267640346581861643e-02 2.264672382210759435e-02 2.947524587905558414e-03 -1.631719338093657679e-03
-1.256749654223627000e-01 7.596808670780930139e-02 -1.555874137101251851e-02 -7.674053404664612707e-03 4.336751021726512750e-03 3.071239410444990734e-04
2.580141549143000756e-01 -1.659735009782049020e-01 2.568946848274991819e-03 -1.852980295484368909e-03 3.363121842045789164e-03 -1.184280623162349208e-03
5.837579041378840872e-01 3.595681591869469007e-01 -4.050526619135813404e-03 -3.622813675441705072e-02 -4.545600408042875865e-03 2.305422568321570474e-03
2.555023459031037156e-02 1.479077235619714881e-01 -1.371510611296014072e-02 -1.231918349809738716e-02 3.296023837700413298e-03 1.217464212917501471e-03
-2.630135525287687348e-01 1.815554861036104695e-01 2.479348955518454432e-03 -5.794244118257103372e-03 -1.015928458737886363e-03 1.033895461428462666e-03
-5.449176479966640896e-01 1.109991265097757390e-01 -4.766857661289921472e-03 1.056623964085049577e-02 7.744055772649402480e-03 -3.099257629872709230e-04
-1.873339233171944784e-01 -6.238728917480157454e-02 -1.398534705674450880e-02 1.010259749590858291e-02 2.573578848731838693e-03 -9.345198850200581902e-04
8.074288600025228413e-02 4.121673986068511431e-01 2.274123447007984217e-02 -5.450976538533291484e-03 3.395495125823905658e-03 -1.346409896956767341e-03
-8.116998476440403509e-01 -7.429445339770024415e-02 -7.921132981896067057e-03 5.940466507568611422e-03 4.623135129890112126e-03 4.847029010593533198e-04
2.117515169331445624e-01 -2.973442743907432351e-01 1.882413775818289961e-02 -3.038398805805335098e-02 -8.107855883919436527e-03 -4.396772273352169205e-03
-4.411136927752299930e-01 3.438624732439762299e-01 4.267743669895938952e-02 -3.545581736975440216e-03 8.577081629325654377e-03 -2.997245918752407864e-03
5.725773894977927991e-01 -2.265961879258378830e-01 1.773307608722037368e-02 -1.659031139945211369e-02 -4.259178405233574743e-03 -3.039427094201843736e-03
-1.254125729205242790e+00 -3.045496255679401854e-01 3.828369635771072810e-03 6.772138509837169473e-03 -7.904365059315437980e-03 -1.707282915197816473e-03
-1.392916794419257753e-01 -2.848285378844608307e-01 8.781561058038303558e-03 -6.713261355316745525e-03 1.169731547303828889e-02 -2.501833292198240178e-03
7.956855810232210668e-02 -1.444350219709208127e-01 -1.451063877604986257e-02 -9.095087503660947981e-03 1.015143082390036582e-02 -2.952560898388334552e-03
-1.242932698024904470e+00 -2.183521337979305310e-01 -1.427489122846858655e-03 2.047418928044201711e-02 -3.102054382144297465e-03 -7.889919435720896658e-04
5.783695924427841861e-01 1.743196269354446715e-02 -2.339325117175313981e-02 -4.992568273336338118e-03 -3.848455401335138491e-03 7.095634403775968792e-04
-6.119175006535128025e-01 -1.625205036163039629e-01 -9.878036494301321857e-03 -2.577259428786075370e-03 2.725015152279752187e-04 -9.664502647724965622e-04
-8.302656172701852189e-01 3.166073022372479784e-01 6.280686961632442333e-02 1.257482700646349490e-02 2.699342631807845165e-03 -4.088580680697883121e-03
-5.716444552460325790e-01 -1.066791735457488233e-01 -2.513244406996979936e-03 1.295784673791114568e-02 -1.803785756106668012e-02 -9.171966132300214550e-04
-8.317063431643431093e-01 -6.577227643102330490e-02 -6.636154447431413979e-03 1.885318274110091979e-02 -3.617488499751160026e-03 7.544437488331427787e-04
-5.568211598277804653e-01 -9.659585056110496504e-02 -1.746867140111543065e-02 1.215223685571580059e-02 1.099256366354957846e-02 -1.540873355185269113e-03
4.382132615129525344e-01 -1.857213181169089788e-01 7.671689916961439704e-03 -1.117091091678518514e-02 -5.306203712753924245e-03 -1.626673757425538009e-03
-5.873483162224792942e-01 -2.079470791574623001e-01 -7.558247103500174285e-03 2.723570946136076414e-03 7.641105494020269603e-03 -2.320517137357114203e-03
-8.453914666897870411e-01 -2.306502622392596624e-01 -8.609392039308182143e-04 -4.364959173393725446e-03 -9.275329742995790452e-03 -1.378993190321767910e-03
-1.244116318139780603e-01 1.988461603591012150e-01 -7.359929791282804334e-03 -5.005420142682300878e-03 7.120343222989066996e-04 1.638664247353028647e-03
8.158884300091848174e-02 -2.877615235213861755e-01 1.277516029466995232e-02 -2.607416003821464226e-02 -5.416307482547222212e-03 -2.709029069146005279e-03
-1.798494160272028908e-01 -1.314792588600461054e-01 -1.879115176829118661e-02 7.414972950425146279e-03 2.625084408248302623e-02 -1.966210464720763787e-02
8.458691284519532783e-01 -1.463316499536926607e-01 1.637865064998636488e-02 -5.385504913520300363e-03 -1.328774103438759048e-02 -6.000299148425867471e-04
-1.850357594340895639e-01 1.967759226169276121e-01 3.315432968197190491e-03 -1.100319078941012704e-02 -5.959319660155678634e-03 2.082791206143707208e-03
1.147572169722076291e-01 -1.215061724732507675e-01 -1.418805623105062058e-02 -8.608408808767752107e-03 7.596160961280267430e-03 -1.414172414184659441e-03
-4.539576637607665721e-01 -3.643237828963282743e-01 1.393293120243612945e-02 -2.939726358917153781e-02 -4.997783968674765834e-03 -3.905589415829781742e-03
-6.665169895198724825e-01 1.675302813158942583e-01 1.339473045941092996e-02 2.915733806096310402e-02 -5.658647682965990341e-03 4.587019914407638489e-04
1.192081796546005323e+00 7.688707717197859615e-02 -2.664597161866855135e-02 2.222671162460732736e-02 2.269973172184455712e-03 -2.727916966494681530e-03
-1.896032095821808539e-01 -1.684647442100221659e-01 -1.432560832655445544e-02 -1.269099706315683293e-02 6.193620460474911181e-03 -1.462871825067575161e-03
7.637755556549709057e-01 -9.982520582589141100e-02 2.220834417729836922e-03 3.492183578353672945e-03 -6.663259484459688447e-04 -3.838850235869904759e-04
-1.735819790486250735e-01 -4.021108799165564185e-01 2.898106222731978293e-02 -2.946146910587266882e-02 -2.447644866361851738e-03 -4.871658999636672982e-03
1.695538592584663884e-01 3.509039632821083776e-01 1.285637663421944528e-02 -2.458827220024147400e-02 2.040188192228791116e-03 2.133065376710933242e-04
-9.511305114286558449e-02 1.816837823530639551e-01 -1.031367179122471417e-02 -3.313061365654784620e-03 2.744582820007348666e-03 1.047193719858116340e-03
6.365301091278624535e-01 1.548847625046509587e-02 -2.537342586735021055e-02 4.547021368863590762e-03 3.460190062881295364e-03 -1.137837570077888808e-03
7.602095360271969582e-02 9.901793824436011526e-02 -2.278298427705729642e-02 4.087633919896095164e-05 4.727402859668274407e-03 1.435602783710780749e-04
-1.423186268961592910e-03 -1.443613599616124787e-01 -9.066121494376933390e-03 -2.226395495616508360e-02 -6.141412532774038167e-03 -5.664485663071363794e-04
-7.368652904322110508e-01 -1.112832371200026677e-01 -3.779801656319406108e-03 -4.721610211804103119e-03 -1.334521277408410450e-02 -8.026945231448641893e-04
-8.183796892679440216e-01 -4.918524220116728130e-02 -6.119825061222811287e-03 1.321122487307177344e-02 1.584372299030008344e-03 1.453618486964810056e-04
-2.285254107239522159e-01 -1.502292914505095056e-01 -8.558995732184019808e-03 -3.915617115719685279e-03 1.336640571195854121e-03 -1.337637442617157363e-03
-4.086371420305999758e-01 -2.347652498475073235e-01 -1.480465293140449667e-03 -3.206215034015033518e-03 5.530260604335461398e-03 -1.932643568024789696e-03
-3.541497720899692281e-01 -1.944767216739760329e-01 -1.281043207156751067e-02 -2.277754865135128790e-03 1.390660256481789439e-02 -2.867700323969658762e-03
-8.665011032434871696e-02 1.211739268199602398e-01 -1.069148062869055074e-02 -1.514785479963746614e-02 -1.334909009027384101e-03 2.044844905523749822e-03
-4.006246169412623903e-01 6.526242123401708450e-02 -8.472950631767287716e-03 -2.274770219681573023e-03 -1.933845088240393082e-03 1.871715025778983689e-03
6.308146133374994413e-01 1.253375035384781400e-01 -3.270702636739991620e-02 -1.263583838242823658e-03 2.917938602689053700e-05 -2.450669596617966110e-05
-5.857870853564685065e-01 -7.863337797340859414e-02 -4.317787785108814780e-03 6.947989556449602443e-03 -1.716536109531473231e-02 -8.531555876509418776e-04
6.810944659916651212e-01 1.011433865651820418e-01 -2.998564797968151022e-02 1.737021075538203131e-03 -1.396867969228417780e-03 9.620733277264857089e-05
-6.966111431019250677e-01 -1.840011224491680253e-01 -5.607967780072486801e-03 -1.138443918239708148e-02 -6.034667337167704849e-03 -1.015805644422047892e-03
7.233421396744356135e-01 6.863253389543833016e-02 -2.621196121889424538e-02 7.013722831592303711e-03 1.103288570543034487e-03 9.578495531839000378e-05
-6.967856530973902673e-01 -9.024312384464186487e-02 -1.448937011023857142e-02 6.523785349161943976e-03 6.368504744853965491e-03 -2.174526040211703382e-05
-8.006009274150015509e-01 1.677871752621664381e-01 2.244244608608107761e-02 1.874103436913860526e-02 -7.457594917905551596e-03 2.419454023473421042e-04
-1.092802139496479169e-01 -2.572901861007321211e-01 7.981558307184529258e-03 -1.429640531758984319e-02 -3.809036958501419313e-03 -2.425865981479437793e-03
-3.676087112481894459e-01 -1.785165051933952640e-01 -6.922845539443256944e-03 -2.702050724314542657e-02 -8.757378412572654550e-03 -9.566417106963901297e-04
2.191760717512186013e-02 -2.327681395909686757e-01 1.113983015638722422e-02 -7.587372002064291659e-03 -3.180286739546793646e-03 -1.015768764559231690e-03
-5.567325709010088886e-02 1.313699502912452632e-01 -1.746205526821593274e-02 -1.502655303987861669e-03 -1.871109313337717295e-04 1.727377413231891406e-03
-8.241145117363216643e-01 -2.284097930953580269e-01 1.701017456073118271e-03 8.855560129266272333e-04 -1.212381053068114535e-02 -1.984966579299073022e-03
-2.399126489483152935e-01 -1.182906637741907019e-01 -1.809107965632971229e-02 -9.798597017550998017e-03 7.708089523547574651e-03 -1.063522558271898883e-03
-2.580123683468034668e-01 7.516698660120904596e-02 -1.773021524035764407e-02 2.470392655817752175e-03 3.774171220868396699e-03 6.905154358271885185e-04
7.152708717948545736e-02 -2.026823140076360330e-01 2.065949318763087190e-03 -2.481543326297716914e-02 -1.162859110451299437e-02 -2.546658284640856713e-03
3.563972785843119162e-01 -9.513448138051514014e-02 -6.639637616033632408e-03 -2.826315721436874467e-03 -3.195168287748560189e-03 -1.579297383915262659e-04
7.472175307972988012e-01 -8.980957843289052653e-03 -1.582053431751669417e-02 4.455493126025712909e-03 -7.428918619312725301e-04 -2.335825754142982483e-05
9.477248342731519060e-01 1.094334859733307602e-01 -3.143924600229699995e-02 7.189589197797185451e-03 -2.612020395813915118e-03 3.776694048040907660e-04
-4.735049475654921070e-01 -1.118194716406160638e-01 -1.606948249274757837e-02 1.005363177073478886e-02 1.085704567836279916e-02 -1.576131795543635238e-03
4.369838167351214886e-01 9.680825608604592958e-02 -2.836198012348067898e-02 -1.214395441121813614e-02 8.095678546032688714e-04 7.174320492872101078e-04
-2.908225311811337213e-02 -2.332541272220888251e-01 -2.162997519500566967e-03 -2.299653849974452394e-02 5.735570819626286711e-04 -1.975710538282238107e-03
3.043711052762756997e-01 -7.115757575139401714e-02 -1.556840047594910612e-02 -3.280510496693370831e-03 3.420305997774160389e-03 -7.206106236842276360e-04
-5.703141205836853578e-01 -9.434996364733770624e-02 -5.463903903938211598e-03 1.697644134621474621e-02 -8.447078233578542150e-03 3.774112522969507149e-04
-4.330467541141313492e-01 7.842602871662253394e-02 -1.036754764725806265e-02 4.262101831579190835e-03 7.405239537726027860e-03 7.533264168263271879e-05
1.292551772574278335e+00 -6.377260262840792060e-02 1.104565031683222079e-02 2.011431092027379103e-02 2.286931520759218159e-03 7.899338937441739358e-03
-6.476793226107627754e-01 2.460906944632945959e-01 2.541368915460145636e-02 3.366511070215869733e-02 -7.671673988806144116e-03 -2.966369593508567004e-04
-1.165453130081637034e-01 3.615930834264932670e-01 2.276361009876172806e-02 -4.646431662414468242e-03 9.267193926311147970e-04 -1.110923234266924777e-04
9.826390470230124130e-01 -2.478245477071618630e-01 3.650298675044475610e-02 2.107157308509609046e-03 3.473142635726156422e-03 -2.107220893695489500e-03
1.310474695589405103e+00 -9.595806291154191162e-03 -3.629677786681126048e-03 1.609072351114929078e-02 -5.911382499240881022e-03 4.399729711118963366e-05
-8.940829335264164346e-01 -1.472849789098066020e-01 -5.625769399735317845e-03 2.360616526843151153e-02 3.205701003341646874e-03 -1.324226016842083029e-03
6.981373949376734611e-01 -2.933782532633035234e-01 3.608966986106516145e-02 -1.332805123832486380e-02 6.593991356445777843e-04 -3.556156960544980782e-03
-2.220646607742966516e-01 -5.230950925898400494e-02 -1.742011613923613589e-02 -1.269264295581723143e-02 1.902139394964753351e-03 6.027476778562370100e-04
-1.329198123937444520e-01 2.708438525437386057e-01 1.212745846695142786e-02 -2.212824429102413712e-02 5.784270633522023246e-03 -7.381687914455979530e-04
3.877939160949697150e-01 -3.015448603336174926e-01 2.820566163358288053e-02 -2.229481176617104446e-02 -6.673686313563427681e-03 -2.725998278214612248e-03
1.017323483138650869e-01 5.608401665981530004e-02 -1.710649615768155066e-02 -4.764206608775498758e-03 -8.891202794569836101e-03 1.421887736059058473e-03
-6.654809429852316383e-01 -9.417217351963219629e-02 -9.390787794965211113e-03 -4.984875190307585385e-03 3.259062483689803991e-03 5.060758031714506075e-04
6.398743576598201477e-01 3.249772672535681250e-01 -1.484259440712855024e-02 -1.727734910502603735e-02 -6.731405372120989605e-03 2.435233459936840105e-03
-4.556472818091351074e-01 7.888028859624685030e-02 -1.231325331633614274e-02 2.208689141251879776e-02 7.790471050151878511e-03 -8.191851218718740812e-04
-8.817476567848003821e-01 2.508532599646787556e-02 8.278262520112818906e-03 -5.665686541980437599e-03 -2.755968152542394214e-03 1.504568261034167336e-03
6.390710938034466215e-01 3.848197494903561333e-01 -8.277473572892381139e-04 -4.288587184868072888e-02 -4.887070456391698174e-03 2.187160692434775375e-03
1.760487335438002399e+00 -1.537243014794772988e-01 5.603028840880112937e-02 4.252182117529211547e-02 -1.022781222450658105e-03 -3.195941752420684184e-05
-4.528215017789638530e-01 -7.183472695597634128e-02 -5.647878394241938847e-03 8.352929122010617144e-03 4.087521670122290507e-02 2.220352618190808008e-02
-3.829534844254473547e-01 5.457675903598736833e-02 -1.099364485450764727e-02 1.539278120952447884e-02 -2.398003188714284764e-03 7.911377339149158446e-04
3.406009782700894495e-01 -3.370658938453600650e-01 3.132312303763511857e-02 -2.392257320839606682e-02 -5.071516331401217104e-03 -3.225134592702362610e-03
-2.345322436784868791e-01 3.127871552015409895e-02 -1.650996580740691361e-02 1.014613791466384939e-02 -1.487883529525361017e-03 6.215853742664379563e-04
8.294996564688487117e-01 -7.878926726520892043e-02 1.310019243483170198e-03 -2.656714680524991518e-03 -1.251237990701304682e-02 -4.801120991727521911e-04
1.262634971622587976e+00 1.335585193577492891e-01 -3.317425470966535450e-02 1.921710992207882260e-02 -3.230346175211431126e-03 -5.073582111348936023e-04
-1.040344854548696629e+00 8.006982855524596987e-02 1.675590522898245949e-02 3.064549793451536164e-02 -2.117323235544405218e-04 6.874117583032769100e-04
-1.850597687610838760e-01 1.192762537066165140e-01 -1.868686912881073470e-02 2.612890885878981287e-02 7.240260712976839125e-03 -1.427758603837591582e-03
5.812782077327472985e-01 -1.376047608735645744e-01 4.927023421811964690e-03 -8.847514566701981248e-03 -6.613988440626418497e-03 -9.685945428861383096e-04
-1.616195652240779435e-01 -8.789675615037836898e-02 -1.009129396380424593e-02 6.619581919067718014e-03 -3.632881523949413067e-03 6.607229030210478378e-05
-1.211167316415392436e+00 -1.587126323593016641e-01 -2.846237657282817309e-03 3.109457368363095081e-02 6.836929266849020581e-03 -3.522315709704184022e-04
-1.582064997455892297e-01 -3.434499998676034394e-01 1.862337173482810776e-02 -2.240338423698722686e-02 3.879146788680025025e-04 -3.032762160741150469e-03
4.969782010334225508e-01 -1.233362368734641917e-01 -7.073973458869069154e-04 1.907615101102154084e-03 4.117626217275582173e-03 -8.153997508690524450e-04
8.272975798593502628e-01 9.681399180235697455e-02 -2.682223182046485771e-02 9.384754965156552262e-03 1.560444805882016254e-04 6.096078790748184380e-04
3.292981895583273477e-01 -4.075639767659242074e-02 -1.335089128778780415e-02 -2.862953834635409076e-03 -4.917307348581400825e-03 1.115066997560779051e-03
-4.721996102307651211e-01 -2.639020924513401090e-01 4.553411620814659493e-03 -1.815095918680579776e-02 -1.176591067813663981e-02 -1.896832890217164946e-03
-2.765088392366462644e-01 -2.267853463482277510e-01 -7.424540988563397247e-03 -8.827022011363429635e-03 1.263678142469479120e-02 -2.511096651507700641e-03
2.352471275755359803e-01 1.145915209141974284e-01 -2.689990938206458099e-02 -5.480633390137835178e-04 1.796065705750174999e-03 -1.227466585389235811e-04
-2.587714548151177629e-01 9.362090491135306725e-02 -1.040132297395095391e-02 8.340730895760520638e-03 -2.961875610703304865e-03 1.156781907769539181e-03
1.227223765541014394e-01 -7.792595579990016508e-02 -1.415723270483770432e-02 5.085171664957540728e-03 6.631358813526184309e-03 -1.997155484624145959e-03
5.143790005664626575e-02 5.142830831747325915e-01 7.097687953884172785e-02 -5.422064004596515580e-02 5.280276463559248692e-03 -5.654659930595880984e-03
1.188392041920384168e+00 1.078502704849059052e-01 -2.961813154637262663e-02 1.808999964787792042e-02 -1.957925209365037576e-03 -3.822442169230811770e-04
-2.899212688751416911e-01 -2.688664840534503164e-01 5.369242073457142911e-03 -1.007178102728549518e-02 1.869936176764107035e-03 -2.970909663885802111e-03
4.104521080354507911e-01 -1.757932156301812987e-01 -7.669988200935053298e-03 -1.346336766231206149e-02 6.902684956779265267e-03 -2.560437049621493589e-03
-4.317811652007542134e-01 6.407852326721334571e-04 -1.233636069170604421e-02 1.788932353686316151e-03 1.687466679083576360e-03 1.009958956645579413e-03
-3.452668492983091419e-01 -2.900368476748495586e-02 -1.401713548944020019e-02 1.360992127787786013e-02 -1.528547629116826668e-03 5.913114894596883464e-04
-6.999926253792655428e-01 -1.450870278122111390e-01 -4.529185022385173384e-03 1.232890219838987146e-02 -6.321089753414485535e-03 -1.601037872590877625e-04
-7.902875561814905192e-02 4.651085383021011377e-02 -2.089744389393616286e-02 -6.549505606856238608e-03 8.201162639239278169e-04 1.311829350480457190e-03
-6.200721864296366848e-01 6.661740983150649109e-02 -3.233513092675042045e-03 1.650497979883561867e-02 -3.872039422304364951e-03 1.697716383552711015e-03
-2.511371414658998824e-01 1.092091424204682908e-02 -1.137799043345891561e-02 9.663723554339716801e-05 -9.148327004347658886e-03 1.536659456567355652e-03
3.188902622326665326e-01 6.575193256053991908e-02 -2.555976070355289384e-02 -1.790631456244024672e-02 4.649676177692353175e-03 1.620455705551867936e-04
1.061274598140581338e+00 -8.618674248751919884e-03 -1.244239165329347890e-02 1.601533976516691243e-02 4.698219459964681800e-03 -1.474342706591563485e-03
-6.069353471977860792e-01 -1.924903632197743075e-01 -9.540802659713814096e-03 2.666452866505950037e-03 9.308361821702259425e-03 -2.261151263973808830e-03
1.982798993592953807e-01 2.719596481245076802e-01 -8.016861307559814548e-03 -1.002017117238636866e-02 -4.457668013508220284e-03 2.103543239661785896e-03
-4.247964019077091202e-01 -5.415111230487017896e-02 -8.550280709106456226e-03 1.053790720452118732e-02 -9.293479383329699903e-03 7.766641187830078874e-04
-2.193799748251333559e-01 -6.369019389414640187e-02 -8.877622856520123867e-03 8.318888678749055418e-04 -1.333381123005087862e-02 -1.524529290283158079e-04
2.900322683967481163e-01 2.113577631894556774e-01 -1.568755973277760618e-02 -5.158673863528989538e-03 -6.204892598953464129e-03 2.135387483814964096e-03
4.491158537936843498e-01 -2.685710590460299585e-01 3.097776420900135580e-02 -6.718028243695311347e-03 5.349871844603325613e-03 9.619403069242372581e-03
3.843821912431522048e-01 -2.984514566403139169e-01 2.458508226607273445e-02 -2.796460718202665660e-02 -9.007239844569534318e-03 -3.857842693231615123e-03
-8.055303516483058868e-02 1.362956880775451074e-02 -1.769408941458349566e-02 3.658020122921739302e-03 -2.557811723226322258e-03 1.134183695876784777e-03
-5.124010287755513815e-01 1.877394932595169985e-01 9.524348042250880067e-03 1.500320404138130725e-02 -1.811565772211761122e-03 1.271412305063435643e-03
-2.220919226715412365e-01 1.580432866997065755e-01 -1.050424730834568880e-02 1.229568287788727725e-02 5.223477300159377196e-04 9.537656232598259922e-04
2.842360060631690111e-01 2.294860658800425834e-01 -1.512909545658871861e-02 -1.628733149629440005e-02 -3.130840147260872085e-03 2.049054066819741386e-03
4.247602801562089768e-03 3.033129154136537386e-01 5.236196871891407416e-03 -5.651831327649300442e-03 6.290065673982957618e-04 9.657168058828822718e-04
-9.309391389596248512e-02 2.319672379211024649e-01 1.734617678918092031e-03 -1.239996999200126959e-02 1.940220049660926292e-03 4.864978926407122835e-04
1.276977957339021363e-01 9.571124996664309714e-02 -2.089288190400378359e-02 -1.241631351469327932e-02 -3.547158383555682783e-03 2.214594308806748686e-03
6.232278566106235207e-01 -2.111479819890735854e-01 1.242518381907966110e-02 -7.096749378811853699e-03 3.300344807925895216e-03 -2.770498164034817992e-03
5.370642844866525545e-01 -2.241891254097816769e-02 -2.256098811941923549e-02 1.353677791948990289e-03 7.817745480062429989e-03 -1.870670458267608815e-03
-2.722863457276691324e-01 3.651009952628460342e-02 -1.661524390028426210e-02 -9.701604431965759126e-03 1.579629581277778010e-03 1.508684196199392607e-03
1.751617285226813869e-01 1.613105289031401546e-01 -1.947563943350194907e-02 -1.892556374414824114e-03 -2.207396342180092345e-03 2.068009245005529746e-03
-2.511276552318295052e-01 1.814874265074870596e-01 7.891337911033505204e-05 5.154846947278297724e-03 -1.105318123196074274e-02 1.709461964555234522e-03
-6.434012553067892659e-01 -2.005313468988914327e-01 -1.070794336524185167e-02 5.046268031575794517e-03 1.102375556819959815e-02 -2.650908257954577400e-03
4.325144138237940750e-01 5.821907453308260844e-02 -2.777871740024901934e-02 -6.230883541100493833e-03 3.168366687314687520e-03 -6.118399420218608884e-04
3.274868171217082957e-01 2.224504217983851451e-01 -1.198311416090055460e-02 -2.582465795913928622e-02 -7.177907156488702069e-03 2.542026643059267042e-03
-3.332472935938053937e-01 -2.030294391529448295e-01 -8.027772556291210004e-03 -2.246706841248551512e-03 1.132378006312178588e-02 -3.021537833366046664e-03
1.344525624237890016e-01 -2.654039196962571512e-01 2.938953542273612524e-02 -1.204252313360462678e-02 1.172205512651751554e-02 5.547447729718973930e-02
-2.436565528162434602e-01 -2.481292602870152977e-02 -1.168598045116009572e-02 1.866397587022158161e-02 -3.694809644199405912e-03 -4.454238070154470570e-05
-4.751390092894530182e-01 -2.728622392443249556e-01 -4.273242310903966321e-04 -2.090736625565313769e-02 -1.818463200036668417e-03 -1.983577526425612126e-03
-1.084167077053740380e+00 -3.936024863693596970e-02 6.455550052471763049e-03 3.032099468479939122e-02 -1.718543696837500009e-02 -4.729667351814262192e-04
8.901615837686468469e-01 1.534814668366361878e-01 -3.430255861220858626e-02 -2.566415984761211220e-03 -1.842753558329812214e-03 1.405048401994867958e-05
5.603836828464556774e-01 1.794990447907432451e-01 -3.262655602004740918e-02 1.639285438460687250e-02 1.019496651969598912e-03 -3.902290697553296799e-04
-3.615328230010976529e-02 1.992797419931157943e-01 -4.165354430196356421e-03 -1.456450126835465327e-02 -5.119236949995742761e-03 2.468165158945684768e-03
3.127061348832054222e-01 3.936930566249234875e-01 1.544393310301025481e-02 -3.274177945740044254e-02 -6.218907435078818323e-04 -9.212647150118507872e-05
9.463079342729137089e-01 -3.106953148599288922e-02 -1.190792650367231663e-02 1.160945470271377081e-02 5.350123123320003546e-03 -2.306528514661199906e-03
-7.618019532056859167e-02 8.425147857199798140e-02 -1.648414840006809379e-02 -7.550099940786314306e-04 1.254424838621369257e-03 1.316920422507622708e-03
-4.809128273157072253e-01 1.711992806770036846e-01 8.097929651989086222e-03 3.312321727330739488e-03 2.912914914688198402e-03 8.588719486263393568e-04
2.969663971354753462e-01 -1.537542562650835165e-01 -5.297256719257251167e-03 -1.345208837561057656e-02 -9.728353526074594174e-04 -1.893518330592994020e-03
-1.775678014791217119e-01 -2.909435554365594756e-01 9.522818305547070886e-03 -2.232538666514089984e-02 -4.834276084347934217e-03 -2.147940710664712934e-03
-1.211672573853222357e+00 2.098758527270066718e-02 2.122310831089304142e-02 1.234445942564279738e-02 -4.499645930616300200e-03 7.197725236408417668e-04
2.696605168626118876e-01 4.953562613034864087e-02 -1.943874498086049091e-02 -1.336380432817325763e-02 -9.490615663694834322e-03 1.379646879404249071e-03
-8.710339597487869179e-02 -1.104880554574137475e-01 -8.336117579693077054e-03 -1.530899375126699123e-02 -1.180373132065118576e-02 -2.752918658062645098e-04
-7.998359150700470321e-01 2.128017251837431845e-01 3.174430178594566526e-02 2.216533388629473439e-02 -5.155801847910037108e-03 -6.695677818701428839e-04
-5.890033571213536545e-01 9.013624513174367178e-03 -6.035040548542828544e-03 -1.107291232953202392e-02 -5.007908475552739916e-04 1.709580586899247991e-03
2.456981962028055300e-01 -2.069244299788260133e-01 9.011463244674266029e-03 -1.893191430235420872e-02 -1.038941470397533769e-02 -2.751308424637112417e-03
-8.839572390244673228e-01 -1.739852001039577656e-01 -5.786435866448962420e-03 1.615958942366722481e-02 1.742983137561801392e-03 -6.022928663858153437e-04
-1.155745540049588183e+00 -9.811094820145467577e-02 5.039790031392821223e-03 1.965693951264466804e-02 -1.599466484420496853e-02 -5.244877916523936175e-04
