3.750362063393321677e+00 2.872101140586559853e-01 5.676566997326981667e-02 -9.259879671752267033e-03 3.418487483580274783e-03 1.177569107078645094e-02
1.507832534627987497e-01 -3.704346495391525745e-02 -3.307885614501610938e-04 -1.474625584309152346e-02 -3.560215918918081747e-04 3.607677945035468389e-03
3.054443391939522523e-01 -5.754699967152685641e-02 -8.193326276873195285e-03 5.190985080135812439e-03 -7.277625376609366328e-03 1.235557338111826055e-03
6.648722863063146749e-01 -7.599475730483704061e-02 4.923998306892040169e-03 2.988087166341440136e-03 1.293231303531946260e-03 -2.600633323847733984e-03
6.958360361092717772e-02 -7.325274197686162947e-02 1.374809249830298867e-04 3.900981805904514977e-03 -3.283000987619241057e-03 1.515635862183524430e-03
2.643933834143493478e+00 1.127181172523077091e-01 1.929566786352510804e-02 3.027666128111559593e-03 -2.299532951352907008e-03 3.940537606479797839e-03
-1.114907745472133005e+00 8.995320227410950886e-02 -5.870626722008417779e-03 1.821980859041396564e-03 1.501078381962064065e-03 -1.796575832256385461e-03
-3.416534225471032360e-01 -3.973753447345840933e-02 2.211148432807189847e-03 -1.222470215308127731e-02 1.426669079016599183e-04 -8.918099666266026803e-04
-1.120745964079768175e-01 -1.160202576309982093e-03 -1.727108723405484242e-02 5.293667450184384726e-03 -5.648199531413230709e-03 5.187701535957922432e-03
-1.722010568277838827e+00 4.635360156269013876e-02 3.531979678485723528e-02 3.835395917823619313e-03 -1.402075149383390663e-03 1.322210143809364035e-03
-1.081597097380528227e+00 1.575075402813195524e-01 -2.227029594063956869e-02 8.897250620129824872e-03 -7.382408725099540766e-04 -4.639042293557653351e-03
-8.698295870609111802e-01 7.283800667502519921e-02 -1.218591066283808075e-02 1.559362911815736531e-03 9.157499345268081421e-04 1.894175891075186731e-04
1.114056689604315808e+00 -4.655812398758644305e-02 3.281447751960280337e-03 1.774713194743692988e-03 4.463081962608528297e-03 -6.387380056309110814e-03
1.693797409932344733e+00 -1.754186523611382469e-04 1.016010083659352539e-02 1.978901103524845304e-03 7.817264206763610990e-04 -1.800359393796658117e-03
-6.731060365951092583e-01 2.911749431272142065e-03 -1.365416957747479136e-03 -2.153894045309045525e-03 4.383116047946624370e-03 -4.665117315168622954e-04
-1.077188175584044671e+00 1.203785945989521711e-01 -1.709787123191688213e-02 6.754514369787552666e-03 5.112187423581173850e-04 -7.777777976679668389e-04
-1.615488992998961315e+00 1.565642231107585436e-01 -1.971523399664779010e-04 1.086564280559737528e-02 -1.878791165705644345e-04 -7.690982942829152277e-03
1.369808424317700557e-01 -3.128888383393194084e-02 -1.188662476291976917e-02 4.619717883035066690e-03 -4.091207500758396037e-03 3.890152540373593548e-03
-5.127350415105288439e-01 -3.312227250110283405e-02 1.756252047743797010e-03 -5.667537037286013088e-03 6.567566017097728123e-04 1.893255508658948016e-03
-3.748312169064504928e-02 -8.553026915660305596e-02 4.300441428504644427e-03 2.832263920107041567e-03 -4.533599334321088310e-03 3.768664060089686393e-04
-2.859908749211033663e-01 -4.781020488033992794e-02 2.840911304646286713e-03 -9.684364354867473074e-03 3.036172300442843523e-03 -2.213142975554710284e-04
2.666355457272259866e+00 1.232412875766651372e-01 2.386597042373159172e-02 -1.678061459716665999e-03 -1.367780515176657925e-03 2.289362489126405258e-03
2.262551715969307597e+00 7.820063821017742001e-02 1.094325584613740562e-02 5.609520717633473047e-04 6.702126399563821573e-04 6.528244707755191363e-04
-2.560456893718309201e-01 3.083142341997769861e-02 -2.106021084625028100e-02 -4.160417300167196242e-03 6.888767302062080494e-04 6.210612317797906817e-03
2.053727145478493332e-01 -3.257290049333564502e-02 -1.294709907978288700e-02 5.193807568008515160e-03 -5.316098780028147112e-03 2.968089416344060500e-03
1.276556842970326011e+00 -4.199619837778123532e-02 -5.308057222769170871e-03 1.719512325197913166e-02 7.792707182370757664e-03 6.318442888987744815e-04
-7.072010859407386330e-02 -4.769785023780596933e-02 -3.667889888744336503e-03 2.129733245952190879e-03 4.473242076831428611e-05 1.436874364635161785e-03
-1.173013673614689223e+00 -1.062132884568045901e-02 1.759124871724531899e-02 5.569223677280588265e-03 -5.237756075061026501e-03 2.910400946902845683e-03
8.387067728504955522e-01 -5.147513396319246259e-02 1.699393342497058056e-03 -7.261988820288269855e-04 1.639749843879962027e-03 -5.672105219639053675e-03
1.265654689757534479e+00 9.458334465242544675e-03 1.053499323843457101e-03 -1.025396173998150209e-02 2.109405906470903020e-04 -3.916330484648442890e-03
1.156805619914845540e+00 -3.586657435097356100e-02 2.334535686057669004e-03 1.747380315420473578e-03 1.751086763499713110e-03 -1.677362119437033998e-03
1.634422392617792319e+00 1.078289596777997662e-02 1.467800207714640634e-03 2.032985686136621652e-03 2.901075297347398361e-03 -3.984187936818319245e-03
-1.021115083275770052e+00 9.054930817678914778e-02 -1.054372702104701583e-02 1.214577392754695407e-03 1.361698769015681374e-03 -1.725480447889756689e-03
-6.737913966303101798e-01 -2.936662194227719624e-02 5.162841307811885834e-03 2.715879991865493854e-03 1.982893914642996219e-03 1.591467356113575532e-03
6.751147436188799089e-01 -5.716956255900096373e-02 2.138889167106550106e-03 -3.406346780443720267e-03 3.864914592938866085e-03 -7.203087726233963969e-03
8.569543414703332251e-01 -3.711677526931901616e-02 -5.163853709380426295e-03 1.470132928328978005e-03 4.482154445122018584e-03 -5.738533188405124490e-03
2.213022911272212734e-01 1.770770164657512954e-02 -1.819445031917087813e-02 -1.114764331065962177e-02 -9.603037494964192710e-04 1.154697333905538412e-04
1.306218235660542071e+00 -1.799864472372641674e-02 -7.039266709361184995e-03 7.963773925571579829e-03 -4.619366188787673612e-03 -2.248579290097566744e-03
7.680030998302794787e-01 1.427959829683710623e-02 -1.248422898231308677e-02 -1.194730223780752880e-02 4.976604674761304263e-04 -1.244743008988882099e-03
-1.629945836405014337e+00 8.744557988296922102e-02 1.614057220370338983e-02 -2.480190128950639835e-03 1.123431279669417221e-03 -4.880205710714418180e-03
8.750603725914598563e-01 -6.234777268210260626e-02 2.706463262247251790e-03 4.957241896287655457e-03 -1.142480417978107392e-03 -2.959028585423820797e-03
3.192440564387902802e-01 -1.235321397432333039e-02 -1.295029502380275893e-02 -4.205363894442511533e-03 2.558248713439844908e-03 -3.052559105654331899e-03
-1.526690391002547553e+00 1.678643903884670038e-02 3.020092671038444518e-02 1.773697149348586960e-03 -1.880536412547264722e-03 8.702006397743882078e-04
3.744453821285709805e-01 -7.608483043098869525e-02 4.963956539234457704e-03 -2.717089738268588955e-04 -4.218920554964217945e-04 -6.796884656098921285e-04
-3.942831061830865957e-01 -2.176674699594155146e-02 -4.248618015280169503e-03 -1.331210975001036710e-03 7.626565010408032589e-04 3.800426174933444444e-03
7.934331757954532494e-01 -3.437177234521444219e-02 -9.194237442117763476e-03 6.973812453697921486e-03 6.060598564236661890e-04 1.176336090978715929e-03
-5.032501811567822170e-01 -4.316909967848155116e-02 5.513082784766480844e-03 -1.281706134809530891e-02 2.961194294869937821e-03 3.791711419554462371e-04
-3.334550088167525517e-01 1.395842530242784839e-02 -1.191339162565641097e-02 -7.112859688700364988e-03 2.223375298795608138e-03 -3.638292914858785084e-03
-1.826203743788876510e+00 8.696822069763289476e-02 3.491379456475273563e-02 6.530795040720169253e-03 -8.342641186738474759e-04 -1.712084462838718525e-03
-1.298731828778986630e+00 -6.213406783803556224e-03 2.389497720830428135e-02 1.038064957034697151e-03 -4.729929566143614423e-04 9.311832247568826255e-04
3.086748309789559830e-01 -3.771659331455502057e-02 -1.302158686588215757e-02 1.541141874101819957e-02 1.041382918179203443e-03 8.228638054911259058e-04
2.366938471430645841e+00 9.016949659918789550e-02 6.127644819509287487e-03 4.989698154216261165e-03 3.149586138293796779e-03 1.450474249948920276e-03
-1.376550069413575939e+00 1.294094551641470081e-01 -2.762666252391838759e-03 5.117656839649316163e-03 8.446487194649510567e-05 -5.126587729040938020e-03
-6.810307587111960048e-01 3.617811633446203073e-02 -1.198461833402460902e-02 1.596211865919814959e-03 -5.323251067845251750e-04 4.587329592544927420e-03
-2.676529236006264245e-01 -8.162266230079268103e-02 9.500437132890332884e-03 -2.537634907035399897e-03 -1.795120676554317002e-03 1.767117649911531183e-03
1.358801097850234063e+00 -1.596723847427841680e-02 -2.438299158923721514e-03 6.622998519365473104e-03 -2.648084073692794256e-03 -3.312706293715324745e-06
-6.500600734057004892e-01 -2.675971244504329882e-02 4.757210231017642947e-03 -1.391035461978980085e-02 -3.638021851855042306e-04 -2.120696063174640688e-04
-3.044122768789688238e-01 5.004806589170704943e-03 -1.078248870202662239e-02 -1.217396160672450794e-02 -8.433349995561049322e-04 5.348280787252127598e-04
1.127581780599887118e+00 -4.053380516317956622e-02 1.190938661142606006e-02 -6.118608165332376468e-03 1.585603247774521702e-03 -6.147070341302561004e-03
-5.857849178785698996e-01 6.798961424546369481e-02 -2.307031430737030084e-02 -4.942692978463700086e-03 1.094714933642739830e-03 1.682005801366720683e-03
-4.915367396743545170e-01 -2.067612663935875644e-02 -9.785551731647870732e-05 -7.516919400999182155e-03 3.788569181796590680e-03 -5.041908752754479736e-03
1.840920380468091588e+00 1.908929351345979575e-02 1.645890649002989051e-02 -3.760955121231316506e-03 2.232058927250934761e-03 -4.820157542947623754e-03
6.161218862557820142e-01 -7.000572779403092805e-02 4.519392243096788039e-03 -4.595090911380924964e-04 2.976140077864413216e-03 -5.354678341795559605e-03
1.680165082953942068e+00 2.332752097886933371e-02 -5.444333034448025146e-03 6.382133179535344827e-03 -4.307969765447767704e-03 1.876714048310065179e-03
-8.579136637776311192e-01 8.464992321222045146e-02 -1.193231546273922083e-02 -2.683885458260380601e-03 2.445579670784703633e-03 -4.788074918498042183e-03
-4.445719995478323860e-01 4.981713518556940036e-03 -9.857887317044362191e-03 -9.775158889005397880e-03 9.022114822062351049e-04 2.316091280031132554e-03
1.155300524686263763e+00 -8.645403713795357312e-03 -2.229104111886650967e-03 -5.123843376540284517e-03 2.623707815437623537e-03 -4.583896095857653043e-03
8.540783519997978690e-01 1.017885806632947045e-04 -6.035918642945895668e-03 -1.037921566078788861e-02 -1.152946345178877908e-05 -1.154130868647850735e-04
1.663841917953557736e+00 1.851628685041597014e-02 1.112974452966342467e-02 -6.251861048329030932e-03 5.032955383008413459e-05 -3.133675291141442380e-03
-3.358579196802819467e-01 -8.268563923857723263e-02 7.956518269209051850e-03 4.641302170324877394e-03 -2.395851929361872130e-04 -1.399551497121424067e-03
-1.069546057778809400e+00 2.287123115280830649e-02 4.466828220062868046e-03 -7.711164836863126926e-03 1.193407802650414944e-03 -3.024089920030155346e-04
-8.663809359445454605e-01 6.210532438997717897e-03 3.554399583764592300e-04 -2.109227961909819569e-03 1.565368624362320651e-06 4.353198494999104169e-03
-1.152404758945319463e+00 -1.065778450150058759e-02 1.642498367594075540e-02 -4.186785996709175965e-04 -1.048617461390054803e-03 3.045078194300030600e-03
-1.597133309708824500e+00 1.237140749925167149e-01 1.384178070505574613e-02 8.500190156874866745e-03 7.266351886098884475e-04 -4.265908276432419169e-03
-1.318996616239360264e+00 5.352390610492450962e-02 9.380660998116062757e-03 6.609375796182404526e-04 -6.864927399255543392e-04 6.582022849970514959e-05
-6.195697799472908995e-01 3.076768438687674592e-02 -1.054543980621985323e-02 -5.451398967335992218e-03 1.028940696279852024e-03 -9.628832778488399542e-04
-3.045298155752984830e-03 -7.893598768081148964e-02 9.558121659316349064e-03 -8.352004841411892963e-03 2.473066386562052226e-03 -3.612375274385989325e-03
-1.608028266418670471e+00 7.076035202915795241e-02 1.644893737667369599e-02 9.827968231393687058e-04 -2.417377061087215486e-04 -1.386431623387683035e-04
-5.662245512868387953e-01 -1.081930409001953183e-02 -4.440942145141072578e-03 -8.916938857839491403e-03 5.867251281740176955e-04 4.663987150722881739e-03
-8.254483157337401122e-01 1.520329611111553327e-02 -1.119807527551242065e-03 -5.414251429053572318e-03 6.431015101433435648e-04 -6.370815904870888663e-04
-1.104962398784133715e+00 6.003699491553453685e-03 1.449299319204084592e-02 5.727066583256396580e-03 8.969445075941211371e-04 6.486620050343936284e-04
-3.746886370402123245e-01 -3.426058430718373349e-02 1.297869135129891757e-03 -1.304037705755159600e-02 1.619324416151258746e-03 -7.210920366313573445e-04
-2.042078261497218161e+00 1.848891548122715001e-01 3.370348972198441984e-02 1.808755114488279706e-02 -3.239998763185142697e-03 -9.665817226979581123e-03
-1.053668322932134638e+00 1.108335325034159047e-01 -1.095033759546650866e-02 2.414704811287492312e-04 1.355923907302810988e-03 -5.202330450173609129e-03
-7.456152136651469364e-01 -6.662173408551064040e-03 -6.474349547969226321e-04 1.084385769687986646e-02 -7.055070646588443468e-03 1.876962187766474275e-03
1.310475124082501053e-01 -1.984811353570006126e-02 -1.204750772386159810e-02 5.901635505150137776e-04 3.346558618478339200e-03 -1.904219512066482713e-03
6.359524493677169987e-01 -5.991384983641449141e-02 -9.155120759659319055e-03 1.128394210800313414e-02 -4.831596192524646900e-03 -9.635754930284284566e-04
-9.571840197959743390e-01 8.386402104365624222e-02 -8.767399284320359296e-03 7.466738024569733075e-03 1.335839050542018285e-04 1.362327038959291721e-03
-6.965449701797489235e-01 -2.964255298464239449e-02 5.040199792523226280e-03 -9.296880770580454034e-03 1.923442093236630906e-03 2.894197769536199782e-03
4.773060346263320319e-01 -7.374376797542248063e-02 -7.536567013171588912e-03 1.737768367774135056e-02 5.143965328232461519e-03 1.927538344870057116e-03
3.076873717299803690e-02 -3.007121821369863543e-02 -4.292005946866786145e-03 -1.141935206464612246e-02 2.601187743249655754e-04 2.115764109483929747e-03
6.094830026714321836e-01 1.522175089703660909e-02 -1.376621445668077363e-02 -1.309434751896604819e-02 -3.793384196305656531e-04 2.737454163873213019e-03
1.802839836381502636e-01 2.129107980056472657e-02 -2.054095994078516604e-02 -9.373449943888518404e-03 -5.108964878341666670e-04 5.031326215763241502e-03
2.386572763220718152e-01 -4.303359672494281446e-02 -4.095873785445383088e-03 -6.009084857874644192e-03 4.330135615925069341e-03 -6.703154408806353583e-03
-4.474051113406055658e-01 -1.618303599869594031e-02 -5.568737007377090077e-03 2.813263636876838468e-03 -2.005943895404699220e-03 1.802943074163823080e-03
-1.259931123821013355e+00 5.906574963140464457e-02 2.896613574809882991e-03 -4.294956682822731464e-03 5.423471023287753257e-04 -1.143535609626713688e-03
-8.057379657411208873e-01 -3.095412012275841271e-02 8.326332054681544539e-03 -6.831691342559706275e-03 1.019748854958560337e-03 2.424731404873291859e-03
3.337456083803134188e+00 2.257435520581815291e-01 4.249377401294311685e-02 -8.900293191402017592e-03 7.669068151782885111e-04 6.350224700655994828e-03
7.658259634613855393e-01 4.541594065112969413e-04 -1.418560546622812946e-02 -2.212401464717460818e-03 3.348327259172341475e-03 -1.783388069758622824e-03
1.427259477942773191e+00 -2.934752719862923631e-02 7.705256677666029799e-03 4.304641061993776108e-03 -1.829198337684270065e-03 -2.282362152256799635e-03
-5.789248433859784937e-01 -3.452471596032946621e-02 4.545071245404579824e-03 -4.342843786582738924e-03 2.609071905445520343e-03 -2.543346574276591707e-03
-1.555611804840341950e-01 4.218191367988917417e-02 -2.501452288547691832e-02 -7.018408475806882027e-03 1.065355650948805310e-03 4.985753949405453446e-03
-8.852091429058389638e-02 -4.138662462632276828e-02 -1.537184891751379803e-03 -7.486784948576657994e-03 3.219612545300390080e-03 1.077132655329759601e-03
1.331814716067024840e+00 9.404963975247214491e-04 -1.343137842242611915e-02 8.652725388887429203e-03 -4.027490043058481149e-03 -9.811620348269052983e-04
-5.010860414137408014e-01 1.392642423323622175e-02 -1.076294035585356051e-02 2.373601173268550038e-03 -9.038145939687785299e-04 4.579413149021630165e-03
3.928662526247926334e-01 -3.108257885818215341e-02 -1.430269349269260373e-02 8.440339102003036054e-03 4.138873666134429245e-03 -2.484596879043723169e-03
-1.532291659088399927e+00 9.323663201212220586e-02 1.305537116964180198e-02 4.894685694193313258e-03 -1.489768537018560518e-03 -1.727083148919864855e-03
7.186923823322755034e-01 -2.455074959663723286e-02 -5.309174006212257976e-03 -4.397239232734477359e-03 2.556303137860525734e-03 -1.571647427677204433e-03
3.473707399266661167e-01 -2.572070608305234915e-02 -5.885779016528165826e-03 -1.163401122687515200e-02 6.634830910463899133e-04 -4.439630578990257613e-03
-6.215772973173812055e-01 6.787269838411554013e-03 -3.597540350799553668e-03 6.496698344991078643e-03 2.638444197602389085e-03 6.955741626483273338e-04
3.229430558344284496e-02 -5.687547253926417828e-02 -6.174723975300810616e-03 6.624312074607092461e-03 -4.840780031546832243e-03 9.066014226562136733e-04
-6.004430948075096808e-01 -2.259503727867809980e-02 -3.330009060619139359e-04 -2.078603069245722051e-03 -1.149057118894643899e-03 4.753882133631577231e-03
-1.994361485491920605e-01 3.459559856920037951e-02 -2.155177938656594253e-02 -8.653916575859083721e-03 -6.695140976538563153e-04 2.663610877166720618e-03
-3.845638636759303730e-01 -4.209335340628529015e-02 -3.530499356130214171e-03 9.741431786891859013e-03 -5.155227656262776834e-03 3.178504740886762062e-03
-1.446859517436163978e-01 -2.784513970849469139e-02 -3.951083641469298885e-03 -1.568352836006041764e-02 3.424721629597544384e-04 4.383603466521064640e-03
-9.497751032220247414e-01 1.722597951492559343e-01 -3.025993808321298523e-02 7.608320157657208482e-03 8.003932956899321126e-04 -6.600992958708324504e-03
-1.008018311579895965e+00 9.932805792556261004e-02 -1.079922776065565283e-02 2.070656217096572636e-03 2.244864180248327609e-03 -2.279924247653492345e-03
-5.359731267744600736e-01 7.774974293506103917e-02 -2.782472170509792467e-02 2.245140889512262095e-03 -1.235506371427412412e-03 5.850080124504959851e-03
2.022743362966754166e+00 3.312123697704269509e-02 7.803965582538651378e-03 5.227256830456159138e-03 -5.709419380053765668e-03 -1.042169407767165427e-03
-8.917208875514494038e-01 1.175302050006348797e-01 -2.030902018991332866e-02 2.706257947783625994e-03 7.368019625622234314e-04 -2.661200085268785806e-03
1.063502144183462034e-01 -3.251887393416032918e-02 -2.684024879797086011e-03 -1.306459948313194730e-02 -8.046459951638533330e-04 4.609595727636003719e-03
9.338668096661333351e-01 -4.942880049453858560e-02 -9.693801987244454743e-03 1.698691688103366043e-02 -2.840491855170218603e-03 -2.465689974157882149e-04
-5.323810804520630047e-01 -3.055621796155697997e-02 2.451461178061987729e-03 -5.411393909831124956e-03 3.851175466694315222e-03 1.569878596435204368e-04
1.395733888544061996e+00 -2.909966319413215957e-02 5.254408813750745949e-03 5.005434103704019776e-03 -3.131002336534333304e-03 -2.575727821975441149e-03
-8.818417819411007441e-01 -6.230208011441928928e-02 1.672446180003208174e-02 7.138982404845124752e-03 -4.609383011595608037e-03 8.476506512551845772e-04
2.732915355771188548e-02 5.168254598307135683e-02 -2.925869930574595199e-02 -7.134704197775332962e-03 -5.068787884096039812e-04 5.305797828515037076e-03
-5.902323727331044989e-02 -3.915268425440297968e-03 -1.399020880655207216e-02 5.989240563902485095e-04 1.905698474614091458e-03 6.436814088861909705e-04
-5.761964423745256081e-01 -2.990685349719589964e-02 2.769655080803239740e-03 -1.221452928911049077e-02 5.851000009463127628e-04 1.724943154413116891e-03
1.700406813513529958e+00 4.210655023114753814e-02 5.447515827497574799e-03 -1.003880367422696311e-02 3.645480278159173959e-04 -3.423068690970358218e-03
-3.351086425051517659e-01 -1.988260593902298548e-02 -5.216177495575265513e-03 -2.384016825193986579e-03 1.668164097449313351e-03 7.369802127131381544e-04
-4.554965803934140633e-01 2.790985148161542664e-03 -8.340240164492609271e-03 -9.655145779780612003e-03 2.738874632062987102e-03 1.622285321176312979e-03
-7.467457516777620263e-01 -4.311956868011584260e-02 9.056886078575519458e-03 -4.278369266896072808e-04 -1.692846335567258680e-03 2.825543449247004853e-03
1.596902882978422089e-01 -5.697387940205486667e-02 -4.743737556834355142e-03 3.735763601542526312e-03 -2.238200118349465730e-03 -9.144931587895029773e-04
8.239955524620511396e-01 -4.001628695891849136e-02 -2.681318842407672074e-03 1.050372427112821394e-03 -1.890217230206825416e-03 -1.671618728937615062e-03
1.919345545806582995e-02 3.446573716906160129e-02 -2.312142218613367703e-02 -7.788653307821104092e-03 9.558375555489577111e-04 1.682072651699669224e-03
-1.437959592431713229e+00 -4.803252720994430347e-02 3.955366901475879104e-02 7.463732091918130057e-04 -4.526265045123897368e-04 2.565167295116551564e-03
-1.039379297327077012e+00 -8.243811171386533632e-02 2.454840564708258427e-02 8.405031528492652726e-03 -8.955771011242699003e-03 1.251708829526517385e-03
1.677923457905991400e+00 3.562626297287109500e-02 -1.786540708387813342e-03 -4.251759642459303559e-04 -6.615131816188036216e-04 -2.559362582590045247e-04
3.153577829840162883e-01 3.338736159225694396e-03 -1.484214087412961958e-02 -9.194787222836418861e-03 7.956313725791825525e-04 2.680892081852344604e-04
-8.309089068633145336e-01 4.285109658448344599e-02 -9.820044231935149900e-03 -4.751682857641961917e-03 1.798028381399060681e-03 1.726572464569022794e-03
2.285115704965090533e+00 7.343731618184359822e-02 2.353638649737564703e-02 -6.772673413944010033e-03 7.826943648705839531e-04 -3.254192856428110656e-03
-1.196413281020783925e+00 9.842533509260968649e-02 -1.026523225140391939e-02 1.912176646317207676e-03 -5.628587827771334333e-04 -8.446708811134922288e-04
-1.307598547962592894e+00 2.352653746492782902e-02 1.556739233875919712e-02 -4.562580769578600606e-03 2.147165006375234466e-03 -4.549171490877641967e-05
6.979107467100761353e-01 -3.637004017914288040e-02 -4.933290445038838144e-03 -1.067887360424242755e-03 3.062317223955205239e-03 -3.308878676865691440e-03
-1.186962795593999642e+00 4.033507295579033536e-02 1.176930218005024960e-02 9.279073910544010512e-03 -1.048071462293749968e-03 1.889752118795749898e-03
1.667048660995412046e+00 1.040033087833830069e-02 -2.659229759045790998e-03 7.945884312882636746e-03 -3.324922331223932517e-03 4.270088771068481317e-04
-1.017060019997822584e+00 -2.824649188584194351e-02 1.439713153293983167e-02 -7.438366059769833255e-03 6.503158474482266613e-04 1.892524040617531503e-03
-8.783905266674397749e-01 6.732729106391296958e-02 -1.663436008425087445e-02 -2.475786268494586159e-03 7.730338842777661470e-04 2.245287328230159089e-03
-1.072967958408315381e+00 1.553562031036449104e-02 8.819882672880915292e-03 -1.049794983145953091e-02 9.570954987219068002e-04 -3.041872524842335977e-03
-9.989629610539094706e-01 -6.251733712263118914e-02 2.081934313461865360e-02 1.138063246492944380e-02 -5.999041684016426929e-03 3.451498763526724377e-03
-1.702729678931139912e+00 8.209866300095675085e-02 2.937536368984967200e-02 5.807048142087007508e-03 -8.005216750882738043e-04 -1.799551171066817975e-03
2.841090552787097323e+00 1.478554291663631837e-01 2.386404200290148311e-02 -3.283439396394865692e-03 3.648083167468313837e-03 1.687858690534036182e-03
-4.559815314464008562e-01 2.287901902391925590e-02 -1.290836557992587098e-02 -1.605963660762983140e-03 2.300792048274768586e-03 1.338868999276820581e-03
4.353429884278009476e-01 -7.544771431334700018e-02 1.175948340085892618e-03 4.223314896742234870e-03 -3.616479753560815336e-04 8.826849817238196496e-04
-2.277006472688734851e-01 -7.295646793938313779e-02 8.580918821127818397e-03 -5.935154395979635143e-03 1.827330546488198501e-03 -3.324846132733462033e-03
-3.720821326010104735e-01 -6.706361215962158839e-02 7.955267308306445502e-04 1.050379816278104554e-02 -6.128134303872336507e-03 1.569727696113956770e-03
-5.470812416824517577e-01 -4.324629093999717011e-02 4.157662402558950920e-03 -6.018578214800849972e-03 -3.610350941328313600e-04 4.880211881890392928e-03
2.438113647552971219e+00 9.958600547433604788e-02 1.188041271160539605e-02 9.046065129074337208e-04 -4.370539325405686445e-03 2.198958568175684008e-03
1.447086876559288582e+00 1.664293122924185436e-02 -4.372724349590327748e-03 -1.429099039841422343e-03 7.658941891313354126e-04 -2.939717073680004050e-03
-1.056680908423374810e+00 -2.146808639050791154e-02 1.559462041418799294e-02 4.784720936908260294e-03 -2.630709255104295499e-03 2.528004230499352172e-03
1.144763248436019842e-01 -3.105398850734225613e-02 -7.003912133730963961e-03 -3.734411486679686983e-03 -7.412124920721049502e-04 5.380515468885995129e-04
-4.412936308043965417e-01 3.875782478437134887e-02 -1.626265068379745618e-02 -3.314695868213798913e-03 1.882889327520876959e-03 -1.450289240410078352e-03
-6.679896280838969469e-01 -9.290787071176773160e-02 1.863745110075592723e-02 2.611272488340436217e-03 -1.130719920094392495e-04 1.149792694603627178e-03
-1.608074343981731325e+00 5.966706591557191519e-02 2.036343149158328578e-02 1.252632972493668273e-04 -2.580362962046165061e-04 1.042349659533793821e-04
1.319405908530331684e-01 -5.095204180035117769e-03 -1.172417831572348038e-02 -1.312872676764017567e-02 -9.071917444495898727e-04 4.392436343046035585e-03
-6.795507670465567029e-01 6.409905079564051644e-02 -1.786986407710453029e-02 -4.633582533874355119e-03 2.521706298525873153e-03 -2.778744684022790501e-05
-5.987524657544480711e-01 -1.031195751762404265e-02 -3.500740834115549649e-03 9.093441093185413229e-03 -4.127064917965373586e-03 4.059041841902320640e-03
1.330549142079469505e+00 -1.348631948024366610e-02 -9.213184599012019804e-03 1.111923110514509601e-02 -7.570541377535276121e-04 -1.898340965156484995e-03
2.742874837911404295e-01 -3.737353527271196352e-02 -1.344760229268751606e-02 8.829327551738623200e-03 -4.062583054087316042e-03 2.027623883162835931e-03
1.185065257028744101e+00 -1.699634070028893662e-02 2.955914701895849626e-03 -5.199850088675770504e-03 2.997918423974678739e-03 -4.129650757040130571e-03
-8.124838944531411755e-01 -5.728014440745407554e-02 1.804881283924599997e-02 -8.636168590657892011e-03 4.545514652277734061e-03 -4.725388753732942884e-03
3.909092276180017173e-02 -9.413352941144771668e-02 -4.155585496603431822e-04 1.222237830141549575e-02 -6.148799814241720854e-03 -5.699840072986491488e-04
-1.430758510278737017e+00 -5.130719497864574818e-03 2.888429648497807534e-02 -6.721898753857409028e-04 -1.098071396625349260e-03 1.568545166098414068e-03
2.306018954774595286e+00 6.225151869780952418e-02 1.484562333974209433e-02 4.809700038821393235e-03 -4.104130963897814101e-03 1.050241623614998118e-03
-5.145921213118449522e-01 2.277056627459907168e-02 -1.219223755485650436e-02 6.833417787660813793e-03 -2.500945507373290161e-03 4.513635809660423992e-03
1.223893232856826385e+00 -1.551261464078595824e-02 5.800549803916194361e-03 -6.301245018147840458e-03 1.275618141971876377e-03 -4.665115918056516285e-03
-4.438594172110416070e-01 -3.560717842762774199e-02 2.214700352514697122e-03 -7.483612302983048969e-03 1.924068799650187995e-03 -3.389213434573143825e-03
-7.029937068329843441e-01 -8.850035080375269828e-03 8.629413703613488928e-04 -4.560381911317700626e-03 1.341220267581199992e-03 8.737084358224055667e-04
-9.114039828772494412e-01 1.359347264376248310e-01 -2.526680671302767439e-02 2.039496764684906559e-03 6.277288004427454288e-04 -4.443510849136689256e-03
-1.085897975944844829e+00 4.203409454695490642e-04 1.424001668830899778e-02 -5.116376720267160755e-03 3.963558409208792557e-03 -2.342312639871365568e-03
-7.739845046540078100e-01 7.700088350938416593e-02 -1.910157565474673858e-02 -1.394049739259039253e-03 1.523475077100060974e-03 1.546650261106566381e-03
3.310468380171936342e+00 2.062029588501442801e-01 4.877478657435826981e-02 -6.015247360455346602e-03 5.059229233049211379e-04 6.650607765818153903e-03
-1.801547786532228912e+00 1.185167607592252509e-01 2.487552409753986463e-02 9.590979810898098146e-03 -1.629575477155688085e-03 -3.235636598443893900e-03
-1.392721267013950603e+00 2.720612586697253588e-01 -3.046900816433459683e-02 3.080589684922692070e-02 -3.236630807967623685e-03 -1.751453301928095410e-02
-6.623400864101905983e-01 -4.095032893636154497e-02 9.674054661193448590e-03 -1.243224881612286364e-02 1.181078408382418496e-03 -3.997802906763400430e-03
-1.765683097739618068e+00 8.361977543208312658e-02 2.652387755259427368e-02 3.838046304931392108e-06 1.446474539414562823e-03 -3.983978955935153950e-03
-2.672086171508773478e-01 2.730588094133378288e-02 -1.966405391869621710e-02 2.538837566610149267e-04 -1.137135363988584554e-03 5.698362893409044012e-03
1.452594274994454260e+00 -1.016805669035528853e-02 -7.000884179976369498e-03 1.162354420348693171e-02 -1.249642062691883396e-03 -1.800851405681893041e-03
-1.523012407902965881e+00 9.441909992418631714e-03 3.137042772274085262e-02 -5.538863263904883830e-03 2.560248294643552823e-03 -1.664333225564925507e-03
2.966695281549592833e-01 -8.776517787632180656e-02 4.604880291995177601e-03 2.876761813175894057e-03 3.136968422216248470e-03 -4.822308227183419622e-03
-1.444741566864404803e-01 -7.091213646447205865e-02 2.605407940681549270e-03 2.589456451414693782e-03 -5.182364249846993856e-04 1.592688602725596302e-03
-1.013293360930902498e+00 2.372467942728804027e-02 9.533468781871597001e-04 -8.394262371787225563e-03 -1.825489068725647424e-04 6.565697876917813433e-04
7.081873499114591519e-01 -6.065924299241677586e-02 -3.291801104214116952e-03 7.170006111522539936e-03 4.433743269103464744e-03 -3.670907367981329165e-03
1.213836039861133864e+00 -4.831158583852248473e-02 7.696698146239563509e-04 7.477124410137214912e-03 -6.838060847346887072e-03 -2.554049698066105864e-03
-1.780747294896199151e-01 -1.760574369675881393e-02 -8.020317196507654664e-03 -4.564919922625007391e-03 8.412217504340716153e-04 -1.359921339214530209e-03
2.332846671922772508e-01 -5.914614792841179497e-02 -6.645021614243534595e-03 7.011665226947799354e-03 -4.145056156166631103e-03 1.868674636377145714e-03
1.643098441458513623e-02 -5.625807947744870113e-02 2.979043720189225326e-03 -1.064147227783615417e-02 1.962313514730035756e-03 -4.560071374295936002e-03
-2.084691745365358506e-01 2.203360605566151778e-02 -1.698086742117773870e-02 -1.009254382007213936e-02 -3.424821376252589183e-04 2.428764656759515455e-04
-4.015348763000692323e-01 1.974564913999342711e-02 -1.318752160759205719e-02 -9.188474018278807581e-03 1.288951858150072906e-03 -4.771099910525591393e-05
4.330092785226070939e-02 -2.201823569025614796e-02 -6.542749333174396539e-03 -1.253066268805271173e-02 1.342594512106658634e-03 5.959308929673598270e-04
-8.166054631536243669e-01 -1.133149208540515721e-02 6.500650507198836060e-03 2.098304569143671482e-03 3.406770841405727147e-03 3.790731812409673372e-04
2.369688547840674175e+00 9.118096024302760338e-02 8.879095887688768021e-03 2.677088956860907126e-03 -1.255213266801056757e-03 2.507061471801822969e-03
-1.077815571589555876e+00 5.085017606849377703e-02 -1.788781280842177777e-03 2.303398102105050013e-03 -1.274702646001588764e-03 2.837138745129442422e-03
2.293484962610192746e+00 6.965601130048600098e-02 1.314639478348473417e-02 1.893946369615668885e-03 2.775522488850023714e-03 -1.087595612431517620e-03
1.165375541080181820e+00 -2.330357907692820994e-03 -7.008372504232234651e-03 1.322682103469028422e-03 -1.751451528039027873e-03 7.882489424579061698e-04
-1.104172579055408665e+00 2.088918061041121488e-02 1.199164406733528934e-02 5.805801059280333437e-03 2.987454045862067680e-04 1.256190273605499712e-03
-1.179172041482722255e+00 -4.309760986323801779e-02 2.452871795508174135e-02 -9.884755322341401678e-04 -1.294197015752228050e-03 4.293517673257567918e-03
-1.868039855458322046e-02 2.555174497721384580e-02 -2.072200307775991582e-02 -6.090244443215072148e-03 9.300716924792679172e-04 9.344941549035544080e-04
1.377530969662947580e-01 -9.857720657192847735e-02 4.265947576353959318e-03 9.634248359672463458e-03 4.841441911885416608e-04 -1.648258531141013434e-03
-1.490592473771062965e+00 -1.997847920254250398e-02 3.466562302470799911e-02 9.158300694014616470e-04 -1.671545935055234822e-03 4.146076113812131002e-03
7.240950109746966401e-01 -6.398620286006684310e-02 -1.046433171807641463e-02 1.035226219581437263e-02 -9.965289105901671551e-03 -1.163271394061654411e-03
-1.573182608943629046e-01 -5.265053729113188669e-02 3.486503307800518751e-03 -9.937782048040093644e-03 -4.479857988510911539e-04 1.297709999060360237e-03
-5.003728209502645852e-01 -9.806601714886009624e-02 1.536124816547206236e-02 1.392012464433723231e-03 -3.550268252247066637e-03 1.234004206533539320e-03
1.995248557110115561e-01 -2.207379440487701461e-02 -1.552253775595296981e-02 6.949806633256238458e-03 -3.509988114440357274e-03 2.493578609292439619e-03
-9.726003049695539637e-01 -5.585596733889728466e-02 2.101353656057297278e-02 -1.081332055422909270e-03 2.036100398856257807e-03 2.003063532734730701e-03
-5.773660099482093022e-01 -7.770480056646937583e-02 1.454354053978589023e-02 -3.251226348928366091e-04 4.822499223487139441e-03 -1.605266985903282132e-03
1.781685285201185520e+00 1.970460120888526193e-02 1.775107456586286561e-02 -9.266313681623632517e-03 9.389775858521361368e-04 -6.562366273699208295e-03
1.855469957602639219e+00 2.443006678536042281e-02 1.621341912194285270e-03 5.546678303927654076e-03 4.113169375463258427e-03 -2.946522389473149508e-03
2.979174139992418979e+00 1.709735937818527562e-01 2.596899069433493412e-02 -2.240735321876416355e-03 -3.736637939849473972e-03 5.380787826972126785e-03
4.506032151158054777e-01 8.791185631027830655e-03 -1.345019506756837610e-02 -1.421889352784282134e-02 -1.108072285147274592e-03 3.123197602697938731e-03
-1.059335294851813991e+00 4.906225304779558705e-02 2.562438249294561772e-03 -4.902311466182418965e-04 3.674884739603568717e-03 -1.702839120570592618e-03
4.392122464310398433e-01 1.702757015302336363e-02 -1.768510001877641666e-02 -1.080272298983182833e-02 9.141124346876434298e-04 2.168484906958381263e-03
-8.118134486135684114e-01 6.018271280150578467e-02 -1.988040185445831554e-02 -1.111693017452404725e-03 -3.495658511037721809e-04 5.529627430883437937e-03
-1.421797337178231091e+00 1.253056459864519689e-01 3.291938303051082822e-03 9.679053627776662214e-03 -1.264413972734411938e-03 -2.966832831489967567e-03
4.697694986662980798e-01 -8.386381028606705590e-02 -1.525362014065633799e-03 1.038011565171822331e-02 -3.108530691336197031e-03 -9.057738022217629123e-05
-3.603495623033869943e-01 -2.454590125137490891e-02 -1.775420050428773780e-03 -1.084033438336882635e-02 2.410654537425040156e-04 -1.542607228518276009e-03
2.133085735823216644e-01 -7.410500195487677855e-02 3.669990308035368624e-03 -2.257728547677141130e-03 4.262206873667910741e-03 -4.715583828399122490e-03
8.437681224790639645e-01 -4.096078361313629235e-02 6.016876902477136420e-04 -2.478665424690326431e-03 2.397062047917877282e-03 -3.714338165154293641e-03
1.686847293073343579e+00 -6.023642089280589057e-03 1.322536850862521306e-03 1.321101415805107752e-02 1.486448989724631917e-03 -4.290605916805074744e-05
-7.847979407850903533e-01 2.555139542342212480e-02 -4.250898401252536755e-03 -8.440414876211726689e-03 3.567501907576151325e-04 -1.965758844027163874e-03
7.871728874817912613e-01 -2.673372952010547032e-02 -7.830942689454367320e-03 4.657246956054720069e-03 6.948409349625567222e-03 -3.378155826611086310e-03
-7.178837880436405028e-01 5.899179893950649151e-02 -1.449274732483641151e-02 -6.153027462718265329e-04 -7.570939724607205889e-05 -9.024027895868787198e-05
2.246128364107488729e+00 8.775412793153591906e-02 6.531647451132204310e-03 -3.246316154995469976e-03 2.450396247009426019e-03 -2.260818599503720480e-03
2.872232611174685424e+00 1.354101385248060174e-01 3.124001046711525481e-02 7.376839602445351904e-04 1.461155168999931893e-03 4.685434653452281474e-03
-5.290109263394430217e-01 -2.037918171735623313e-02 -5.850936999192573890e-04 -8.270987960979813564e-03 2.764499168634005754e-03 1.374689962555248734e-03
9.651790116837859479e-01 -2.108717924678726874e-02 -1.314826711019846661e-02 7.266034036653597900e-03 1.941870864377802245e-03 -2.744115777731918459e-03
-4.416712951211022586e-01 6.713502870582703508e-02 -2.959297899350667171e-02 -3.756069044544181178e-03 1.739331853350633260e-04 5.583982745780989403e-03
-5.454447931861455823e-01 -7.274694255372873841e-04 -5.752440385897384517e-03 -8.731130851234185711e-03 2.491776996239188600e-03 1.889485036018581339e-03
-9.285656340742662884e-01 3.510642138546157809e-02 -2.748589339729799047e-03 -3.512213959538816924e-04 1.386318318335709671e-03 2.673400768096855038e-03
-1.037624619443932028e+00 -6.587030040942761996e-03 1.167431065649717284e-02 -1.211006901351339288e-02 3.276678591245180735e-04 -1.600216627810499342e-03
5.451368176682794102e-03 -3.352994807435871749e-02 -8.418738829854692171e-03 2.566562076527270295e-03 2.975623686442634662e-03 -1.635654723794858741e-03
-9.561625996517717496e-01 1.235415673307549284e-01 -2.013068584511401235e-02 1.762108467539944337e-03 8.689150452807355932e-04 -3.992077584246852412e-03
-9.318752365620901479e-01 -5.641575158421364977e-02 1.985545850093652434e-02 -5.339288602676895562e-03 2.185922626847707721e-03 1.035988317201745829e-03
1.073062598513526034e+00 -5.030917246617000460e-02 -4.455017919717859515e-03 7.399565782132590773e-03 -8.320776179422059021e-03 -2.050814813181648082e-03
-1.468136758408612019e+00 1.142353023168195814e-01 4.490942791343426922e-03 1.445606003362919206e-03 7.131145307406805064e-04 -6.008833104966218759e-03
1.453040268084457187e+00 -8.052344067337733821e-03 -3.342861415837967715e-03 5.995793459854880866e-03 -4.924386684802703473e-03 -1.894459640511983326e-03
-7.843730291245669672e-01 -1.013483167330405388e-01 2.076780630730631558e-02 7.846831925245654690e-03 -5.480909181639383176e-03 2.400840970484821417e-03
7.799956755767195604e-01 -5.973068085399955290e-02 -3.002308509510514048e-03 7.273100373474452977e-03 5.055024723213653003e-03 -4.186720155293582359e-03
4.136214793093521691e-01 -6.353817031049056874e-02 4.366347691292877566e-03 -6.861375977636178028e-03 2.440991949002015854e-03 -3.584070687502184487e-03
-9.416805133162194918e-01 -7.654379338226389995e-02 2.286826421763777512e-02 3.449003035740638712e-03 -3.083225915524275516e-03 -5.370688181773938385e-05
5.698669279465565785e-01 -2.085367880914076530e-02 -6.479956558151336171e-03 -5.572083521983598950e-03 -9.880271161088463247e-04 1.152881533203039795e-03
-3.771832988096108230e-01 -7.289442949832514174e-02 7.714003950465731820e-03 1.474024107405779522e-04 -9.595523908924604535e-04 2.070326911557797498e-04
-1.830283197312783550e+00 1.484669564359437643e-01 2.435722464828107836e-02 1.201190401912503695e-02 -1.608714156716972103e-03 -6.234007484916115685e-03
-3.288580574341273266e-01 -2.899135914274294373e-02 -9.271825051077913632e-03 1.445538882383124585e-02 -7.072012137537949696e-03 2.762203093580575548e-03
-8.344383616537571768e-01 -3.578513948480920026e-02 1.045979976944372801e-02 2.194453327952599828e-03 -1.709806853895256065e-03 1.536460412843648825e-04
-4.087473735123799412e-01 -6.271021350122076010e-02 9.135368038520025324e-03 -8.600825319465349450e-03 2.408635913353238209e-03 -4.892393979247220727e-03
1.113903192552241572e+00 -2.645779360883862563e-02 -7.753196837504926046e-03 8.399053136783449225e-03 -1.980265290725594356e-03 8.264749297116122774e-04
-1.309894700077837149e-01 -7.745230010098314022e-02 4.985401349130204329e-03 1.130937264998605135e-03 2.832141606097697897e-03 -2.747264900717072238e-03
-4.785486439236364409e-01 -8.025540201396433315e-02 7.162669630161521035e-03 7.234808359623547645e-03 -6.119893014965467615e-03 1.185925181068541454e-03
-7.764195755800876730e-01 1.645678690947413592e-02 -4.874794934210069548e-03 -8.254176017924476361e-03 -6.054044008679187539e-04 1.422688107775851038e-03
8.523744596188038702e-01 -6.550231938555345357e-02 -1.179763798306529511e-03 7.769501095028566451e-03 -5.081974375191603867e-03 -2.106204533619990781e-04
2.797122960870787045e-01 -5.260190294220920548e-02 -4.737017773893664914e-03 4.897438220536982911e-02 4.520484192338893037e-02 2.571564089833492175e-02
1.600080999192412756e+00 1.731890834700504714e-02 -1.106357839136315122e-02 1.042910568945147089e-02 -5.000805228723254406e-03 1.630161100772227131e-03
-8.839334135955452254e-01 4.298324659263869779e-02 -6.877641456779173823e-03 2.806971812270661441e-03 -8.087824951764746627e-04 4.324470240456669730e-03
3.868629112511950963e-01 -5.828610754455972737e-02 1.333211805525003632e-03 -4.304011144157880026e-03 2.979454036665009006e-03 -2.445207545142759949e-03
4.087057815323300591e-01 -9.512484066865256604e-02 6.275062567756314706e-04 8.653972677591780654e-03 -7.061391119010115326e-03 -1.937476909473850222e-03
-1.214224086655641521e+00 6.414230964970399351e-02 6.904030531108399683e-03 8.296051321456323832e-03 -1.433402698262873916e-04 7.805433317349208620e-04
1.314129599737458021e+00 2.673034250669301462e-02 -2.596024225248465874e-03 -1.271010785352335269e-02 -6.782863206708465969e-04 -3.146156249219119513e-03
1.292998416286831875e-01 -7.809328245543843694e-02 8.864104343415016296e-03 -6.058973497759965673e-03 1.754854182584962964e-04 -2.253063114989840160e-03
1.372891491399952368e+00 8.873759861274733984e-03 -1.007636069452251711e-02 5.647854676568975218e-03 1.641606166371994838e-03 -9.518581310131140737e-04
1.047529134034286491e+00 -6.357318241198904596e-02 -1.925684267840540535e-03 1.146101213045604313e-02 -6.236523597932338084e-03 -2.250302177067410678e-03
-8.400724863999950998e-01 8.668461232292397345e-02 -1.995593789537605106e-02 -7.784668496156001063e-04 1.718450512649544182e-03 4.698499479252699019e-04
-6.999831042262250058e-01 1.157098915218634019e-02 -4.978281817938960685e-03 -9.097584867885689236e-03 6.366672029303699311e-04 6.997868600021493399e-04
7.286738185327835682e-01 -1.538053901029593808e-02 -4.634451765672072121e-03 -9.397271212864852924e-03 5.342524676625949901e-04 -2.621361242330185436e-03
-2.631818028204184201e-01 -1.610799220393809017e-02 -5.745173120020726117e-03 -1.081536516700927660e-02 1.601827028385789924e-03 -6.767688059973375660e-04
2.068428601365924768e-01 -6.573079898773563634e-02 -1.096481630958805881e-03 1.683744843197546330e-03 -3.474206414299139348e-03 2.561895441818136995e-03
-7.438400981934449874e-01 -4.730921271189395677e-02 6.650694783321632782e-03 5.070554189557212495e-03 -7.858823044829354662e-03 3.144892356924554842e-03
-9.524800203868304393e-01 -3.957644901988395525e-02 1.635707722261920891e-02 -2.087765073026789150e-03 1.378942590901528200e-03 1.326952307203165850e-03
1.018007359175143040e-01 -6.051934670789153176e-02 -2.672137381575819329e-03 3.659252339136644539e-03 1.652614747996918260e-03 2.970142079167959349e-04
2.514439072065069447e-01 -6.738963094223397732e-02 -2.750684842805644053e-03 5.528257941329591495e-03 1.068340464222689024e-03 -3.993442194414060196e-03
9.941798075986127414e-02 -7.904946782879329614e-02 7.910570718885966829e-03 -6.323808393842677428e-03 3.087316580636133029e-03 -5.989174110823417170e-03
-6.268280871518100428e-01 -3.991132873153910819e-03 -3.933960071229493892e-03 -4.619181741865708603e-03 1.144469780270573151e-03 4.114661652667667667e-03
-7.901711444469555756e-01 -1.323499447968983292e-02 3.639250170895321455e-03 -2.973870150878724430e-03 5.802643191289312883e-05 2.691847670718703050e-03
3.171248511623718791e-01 -1.220263781688794326e-02 -7.752295239188789627e-03 -1.419064288876960463e-02 -1.029634211602606072e-03 1.091045023511187477e-03
-5.084768667438781531e-01 -2.627107201787273402e-02 -5.092862581676215090e-03 1.031105870537740721e-02 -8.131470624024035587e-03 2.376985770696002972e-03
4.840409618044471673e-01 -4.976102246512651914e-03 -1.110755555979471391e-02 -9.446848485401990181e-03 2.370063401102347623e-04 7.304111006926805767e-04
-5.308014313307024556e-01 -8.054712421849578863e-02 1.060244083904670655e-02 2.767528682542092291e-03 -3.946640240655703222e-03 3.508003972706455302e-03
6.787167791086452517e-01 -1.351100321572937159e-03 -1.180558395437086676e-02 -6.804334683425804220e-03 2.096090564359377913e-03 -1.068787183820698542e-03
-6.872346452106004033e-01 -6.661569680242938885e-02 1.597740743229284638e-02 -8.372216459880451461e-03 9.631330246143755564e-04 -1.431910702934162047e-03
-1.444712743205923022e+00 6.953221066221468294e-02 1.557201812848485814e-02 7.428435602606489607e-03 -3.745350504038544998e-03 1.014932859645132062e-03
6.431416258068393121e-01 -6.025460461141264601e-02 -7.149548119239736502e-03 1.077313698552094350e-02 -2.227953842805499400e-03 2.353460363614936969e-04
-2.106539145946599578e-01 -8.026081236568405330e-02 3.603402750414681690e-03 1.834082584343896738e-03 -6.196907869287151573e-03 2.966805230117697777e-03
8.654387318877418966e-01 -3.724683308237179691e-02 -1.385835301776850055e-02 1.447315839568105722e-02 1.343296044861689120e-05 -1.541931159432308250e-04
-5.024161404498976857e-01 -5.843925536729242462e-03 -5.529375017875258133e-03 -8.501711631365359637e-03 -5.476460228934197389e-04 1.358741389801033147e-03
-3.607848361898608469e-01 -6.745954212498951608e-02 -9.158574408185856915e-04 1.106738887052551197e-02 -7.668425448219903448e-03 -6.169587184069465864e-04
-1.099808122110745023e-01 -7.495341750510166323e-02 9.256842567565017055e-03 -8.665666851527928718e-03 1.662778566505290984e-03 -1.606849966783779156e-03
-5.993180488464456834e-01 -2.601307583090864059e-02 3.140838689244310027e-03 -1.115183382194742494e-02 -1.611829568950093317e-04 -1.802894028429463734e-04
5.483103504963139363e-01 -5.790284058150563934e-02 -9.000714134202282904e-03 7.081065909891852070e-03 -7.609021079900175552e-03 6.091127190372174404e-04
7.646211027563184492e-01 -2.198390496359073354e-02 -1.315097503510700636e-02 6.034332156886194898e-03 2.467077191771966174e-04 -9.438313933525249060e-05
9.631957616929436305e-01 -2.756652211289056624e-03 -1.022290300339306034e-02 -1.268124095384573968e-03 1.536748469086179078e-03 -7.432019094350523049e-04
7.946678362120623840e-01 3.705866917281225303e-03 -7.825853919817648066e-03 -1.105464678940819116e-02 -3.427051013286747322e-04 6.430013474191427492e-04
-2.496055119546200796e-01 -6.121216624965715447e-02 5.117462633397130457e-03 -5.681371144305592813e-03 3.485061047278539392e-03 -4.954269809133196936e-03
7.450937661607943963e-02 -2.593344069450288780e-02 -4.864264866438153950e-03 -1.288782348195808593e-02 2.780499650508559532e-04 2.222466577596202402e-03
4.963642263308963298e-01 -7.544245636372362562e-02 5.040133254647958562e-03 6.315950960071926336e-04 -2.422667560862548121e-03 -1.044350890178935001e-03
5.470218547894094563e-01 -3.533262188883905253e-02 -5.505061238696003396e-03 -2.157785843191987324e-03 2.088002835822751983e-03 -1.690163091793198862e-03
-3.626842919778665020e-01 -3.352997434790842141e-02 -4.542818600225740321e-03 1.108686797117977400e-02 -1.233340932480810103e-03 1.772214743875812114e-03
-8.466340146055264526e-01 -1.824093664178218915e-02 7.900594586446063952e-03 -1.089562746670828808e-02 1.887561072210967947e-03 -1.036170529858420264e-03
1.938549465234155500e+00 6.688565334018575781e-02 -4.910783652780022039e-03 -1.916804443433994809e-02 -1.450309421081705415e-02 -4.780948178701121100e-04
-1.339417352701147701e+00 1.081574136598362074e-01 7.384450789289992607e-03 1.173414734241694235e-02 -2.052646054199223653e-03 -1.143442741248945410e-03
-1.089581066192520931e+00 1.033362178814424825e-01 -1.191478276395343400e-02 1.705756561169869149e-03 -4.564419418164573721e-04 -2.255481480783573696e-03
2.219905828855454288e+00 5.417038259196368249e-02 1.561666577707217923e-02 3.335247328519069104e-03 -8.117675518061182093e-05 -4.087422015998090825e-04
1.718513851919590385e+00 4.230815691550365160e-02 9.274849457235689138e-04 -2.173577432320898152e-03 -1.370326414766679822e-03 6.731339300624814784e-05
-6.626711244126773925e-01 -5.839835171210597253e-02 1.133886640756916718e-02 4.028387702370223207e-03 3.597348464919628182e-03 -1.792596105260869065e-04
1.954021909481508334e+00 2.422603490269601562e-02 7.988836771327641542e-03 6.092388271680997808e-03 -2.934188071430323796e-03 -9.973342135076071046e-04
-3.175913639662594212e-01 -5.943267805914560775e-02 5.751916006389668455e-03 -6.383994319081765824e-03 9.149293424337390061e-04 1.820550448890833565e-03
-1.034846727984781278e+00 5.484559077802701743e-02 -5.615575547298043077e-03 -5.796801415096046808e-03 1.245737550793854769e-03 -1.972943349971084616e-05
1.456639738741075218e+00 -2.198093438187068496e-02 -2.737180816004440315e-03 1.061043327922891327e-02 -5.438544496103544547e-03 -5.660021852541207658e-04
-1.187419999942944393e-01 -9.614762626612724170e-03 -1.284010179308299644e-02 1.863852991929419072e-03 -1.471286550520159659e-03 4.289058587203573199e-03
-7.568723496281534180e-01 -6.629592766927801251e-02 1.628989395644470095e-02 -4.153858563905077003e-03 2.105894997764990069e-03 2.339660442803359001e-03
-2.162894187796988166e-01 6.158987026360026457e-02 -2.950587515374401143e-02 -3.613263593889803026e-03 4.746476601879361904e-04 5.401113801327030693e-03
-7.455230425763345048e-01 -4.622975403281998595e-03 2.898272789536589233e-03 -7.704049215692051165e-03 3.040731619480539424e-03 -3.538647740016451129e-03
-1.373928178641310005e+00 -1.236563830787774237e-02 2.427308504134714426e-02 -1.681858700218904828e-03 -1.947197847728504485e-03 4.802259041511255933e-03
-4.551105233031626507e-01 7.540560735973253492e-02 -3.251683765960918654e-02 -2.889433903911775570e-03 -4.792688256776012751e-05 6.000476450882384627e-03
3.228847231244936999e+00 1.927556811077667798e-01 3.924238978005369083e-02 -1.971424035101007437e-03 1.719967926164550414e-03 8.197955304401774446e-03
-4.439876597522984802e-01 -5.666899576670045291e-02 8.498767523141648877e-03 1.189657854283759052e-02 3.054487439160486276e-02 -1.597359281320102648e-03
-6.033722330833218850e-01 -2.807069715348345807e-03 -3.247541448744551557e-03 1.397751917330680629e-03 1.156648604323714255e-03 8.351315300379084450e-04
1.474922173173279338e+00 -3.041253356775815153e-02 2.126915517864771954e-03 9.863836442393579193e-03 -5.410444355760327811e-03 -3.318255754677794421e-04
-3.567502493122425844e-01 -1.590748749579297405e-02 -6.232791673866031230e-03 -9.041726001615397849e-04 4.817909722505717249e-04 -1.246067173947644762e-04
1.287982208963154740e+00 5.752273005097146251e-03 -1.332891599153061823e-02 7.330213153752463372e-03 -3.969096517044717019e-03 2.457204283787687519e-03
1.145446705367420437e+00 2.229497029554586979e-02 -2.853508332381051327e-03 -1.411382297116117214e-02 -1.483710202877231788e-03 1.292423990154778111e-04
-1.520095787827015155e+00 2.867474498872011474e-02 2.791379705237598610e-02 2.259291204258743677e-03 9.742297588639860402e-04 3.631190212414735501e-04
-4.482865829056504325e-01 9.352479561113341902e-03 -8.240462154452919685e-03 -7.439658765501444386e-03 2.723801127464768428e-03 -4.784494893862621320e-03
1.208547329367981371e+00 -5.390680888010108279e-03 -1.241075050366255601e-02 7.328562621090824007e-03 -3.406419038346813512e-03 -1.003356381707516242e-03
1.392020792088533576e-01 -3.220173082745754478e-02 -1.215163569662846242e-02 6.241645346378571317e-03 -6.523994282011809061e-04 -9.085177848997272061e-04
-1.079114381085654051e+00 -6.632907385148982538e-02 2.887703449448588214e-02 -1.141723128687946020e-03 4.509620948852434766e-03 -8.023998368844146049e-04
8.648236859925702014e-01 -6.616102501713506945e-02 -1.796651164912294778e-03 1.029851721810266969e-02 -2.621780157194514987e-03 -2.143599214988136607e-03
1.105704451930628940e+00 -1.098042991598889573e-02 -1.077459818354621277e-02 5.402628913091915043e-03 3.652584697703506033e-03 -2.612539192338614747e-03
7.139431573081770344e-01 6.377700162342493651e-03 -1.373728759924658718e-02 -6.362196032020889930e-03 3.004980017829873840e-03 -3.401719022550405433e-04
4.646675981968579339e-01 -2.784262175471435841e-02 -1.112538509166668445e-02 3.703924965772365657e-03 9.044015806650911949e-04 2.188728955032622457e-03
7.566134161987771167e-02 -8.264764242525853011e-02 -3.465552643368458117e-03 1.012815931274578703e-02 -7.231286185976583923e-03 1.477340347286596996e-03
2.386041881197009662e-01 -8.358013011854513452e-02 7.291051868869345177e-03 -2.805734567206050623e-03 3.877107717803383868e-03 -4.345023461085924590e-03
-9.713276114694109620e-02 -1.439937467011022723e-02 -7.950576864634838550e-03 -1.187562619385248812e-02 -3.918175697145060733e-04 1.554147332315989314e-04
-6.067161740290041294e-01 6.225680226448697396e-03 -5.001907781728085790e-03 6.432463411424027252e-04 1.214808200590278492e-03 2.143073505245500499e-03
4.357109021149362937e-01 -3.201520450342470320e-02 -9.871758883751002508e-03 1.879782815607935554e-04 4.061002909032731222e-03 -3.362735394333399644e-03
-1.330838547733591337e+00 1.900220235972646110e-01 -2.260818013304525739e-02 1.700429301824617906e-02 -1.558722599299404389e-03 -7.566220369151404994e-03
1.157148094515808801e+00 2.154330278533738915e-02 -4.682139042608443776e-03 -1.153950240135814993e-02 -3.864345157880942085e-04 -7.963920886592547842e-04
4.860649821937166326e-01 -6.691291617825313731e-02 -4.890845619917410375e-03 8.761802396549937810e-03 -3.061733060136880469e-04 -1.912133793962102115e-03
8.908539038647519392e-01 -5.281103443252405799e-02 1.207925897095973693e-02 -6.945401651153916729e-03 -1.148652330780555968e-05 -3.111941829163432371e-03
-6.368468497649105720e-01 -3.389056007578845203e-02 5.118666327002537042e-03 -3.560974489682541648e-03 1.886738284691369004e-03 1.281658831398430759e-03
-2.748915556337223065e-01 -2.640313024857186136e-02 -6.182468325582375288e-03 2.554261946501090556e-03 5.280472103097157361e-04 -1.393315434461491528e-03
-4.108567425900202519e-01 -5.132301065560563452e-02 3.555469776455869231e-04 9.078065553612459440e-03 -1.649836307582216869e-03 7.118731868543226159e-04
-3.506006323365457589e-01 -3.432111526158081183e-02 -2.322861189094179617e-04 -8.869117904297686358e-03 3.698710055463046229e-05 1.332469544982414419e-03
-9.523344582119197543e-01 4.075517490031566395e-03 6.035169487303027741e-03 1.234222776772000985e-03 -7.327368128024684506e-04 1.065655167181910230e-03
-4.067898578437013635e-01 -1.803987263821452830e-02 -6.203120418373177583e-03 4.402946575034210816e-03 -2.013216277751484536e-03 3.615756439575795820e-03
-5.232834565328411958e-02 -3.824736820326048864e-02 -7.057398521443718166e-04 -1.424342793452345463e-02 1.801741722464065719e-03 1.812471192663511624e-03
1.443430329243541088e+00 2.383228240071883289e-02 -3.507212175830181581e-03 -5.496680070480288588e-03 2.236509052626501921e-03 -3.684989229892167862e-03
-2.515460657814281853e-01 -8.041443969306866224e-02 8.389321137118287142e-03 -1.328793475066400269e-03 3.823844092757487309e-03 -2.374733047427025380e-03
-5.624316838724157108e-01 4.856048887864101993e-02 -1.891792564563622367e-02 -3.282353994604357214e-03 -5.229154999175849661e-04 3.101887232859432911e-03
-3.346218432474084570e-01 -2.629534355137496185e-02 -6.794048520158809702e-03 8.513084894833084990e-03 -2.161361798591260926e-03 1.735553656263826407e-03
-8.158638205766848006e-02 -2.658669967297670050e-02 -1.297130351383113389e-02 9.229528017003701262e-03 -5.001728905829840380e-03 2.462585506645078096e-03
-3.006059145983508984e-01 3.379781183424553775e-02 -1.981341434069086929e-02 -1.164487097189549234e-03 7.151015983333087848e-04 4.239883803828110691e-03
1.598613764150827343e+00 -4.814749778208580154e-03 -2.611178461402736788e-03 1.788797881657240227e-02 7.065982346737916323e-03 -1.675545578257973045e-03
1.323946612157391733e+00 -3.594541836902339499e-02 -2.872691149304646037e-03 7.907733455820055435e-03 -8.185101847277049050e-03 -1.872983760806695578e-03
-1.485438204472794010e-01 -2.235513148359562219e-02 -8.335450313432097441e-03 -1.131952257665207835e-04 4.305974528990178874e-04 4.960812717801099149e-04
-1.133742977272250929e+00 5.329958587159976113e-02 3.549823118035911034e-03 2.744629274200511421e-03 6.778520351580407050e-04 2.645703848632196859e-04
-6.888325516910749347e-01 1.956064609768622467e-02 -6.084961880306192367e-03 -4.296353429227115807e-03 9.217684925636225948e-04 -5.906327107840163943e-04
-4.195400613200339079e-01 2.307018829400986001e-02 -1.613364921259737017e-02 -7.094218728556818399e-03 -6.107333974851374917e-05 4.024727823987690224e-03
-8.426583544795827052e-01 6.981775547154289718e-02 -1.433340449613207043e-02 -2.337385476580474287e-03 7.243104934953303571e-04 -8.264790689011619563e-05
-8.648277792382262907e-01 4.201322336844696970e-02 -7.829121966266824884e-03 -4.179243651487532345e-03 1.693231600529348374e-03 1.583936935647934112e-03
-2.641224553732401947e-01 -1.830339741238179441e-02 -6.900366482058822339e-03 -6.653849348291736472e-03 -4.873202685351848821e-04 3.653150137166148639e-03
1.444681030227554119e+00 -1.369117474096756201e-02 3.355976484254004182e-03 3.042207087310962611e-03 3.900896429271259649e-04 -1.567093732910256445e-03
6.738879073684120868e-01 -2.804320906115680134e-02 -1.924549473124832072e-03 -9.744071067501171302e-03 2.266298779281739756e-03 -3.857258239108200381e-03
-6.035616173257926098e-01 -3.984511425168552751e-02 5.747641917079361618e-03 -9.568879632817538575e-03 1.676594174016340755e-06 2.109516534683122512e-03
-2.951683891097341417e-01 9.391612435869167719e-03 -1.334482555369664696e-02 -5.333630051670533098e-03 9.330781032170396786e-04 2.046341873069699134e-03
-8.187904619306142218e-01 4.966117776144357565e-02 -9.276807428085741963e-03 5.997180395425235483e-03 -3.271730999352749462e-03 3.413021281671019865e-03
-2.264882517103917192e-01 -8.082802766492103164e-02 8.848250598624346486e-03 -3.123114372105872776e-03 3.109619219247235916e-03 -4.308823564721884526e-03
2.226042710584463236e-01 -2.720328476485953453e-02 -4.890307234172073213e-03 -1.193181290055423185e-02 1.133210341772291187e-03 2.238668886884365346e-04
-4.143256981175109099e-01 2.748443036898001735e-02 -1.818465297268662476e-02 -2.862027896100210588e-03 -6.248751933824325680e-04 6.802665671581607440e-03
1.582675297314315721e-01 -7.392879867053545051e-02 2.430437281066150958e-03 -6.358575651638643644e-04 4.255973676039076850e-03 -4.001064897594803528e-03
9.599124369688279979e-01 -6.761810133532268619e-02 5.345824167997345090e-03 3.259331784474446547e-02 2.675035507876109483e-02 -4.677314383900321379e-03
-1.245799068719150304e-01 -1.511836483636295851e-02 -1.156162537389745885e-02 7.843914096162489871e-03 2.214847602579498274e-03 8.781475529826828852e-04
4.905252659147438937e-02 -9.456358402258481510e-02 6.113531691655636584e-03 3.927192441529881589e-03 -3.350577129042884867e-03 9.243631175069815344e-05
-1.221497850474888791e+00 2.014016069491462047e-03 1.775368735253120625e-02 9.700232898304855453e-03 -8.916089906375995397e-03 2.461932556213509721e-03
5.171910883827560701e-01 -1.649833086625482684e-03 -9.031990505817903345e-03 -1.476009366882657069e-02 -8.326562019426461767e-04 2.176575415347175094e-03
2.653255989790914149e-01 1.666264594506751753e-02 -1.830284266374653662e-02 -1.101862795859870695e-02 -5.378825133855083106e-04 -1.749376032307724173e-03
-7.213781320538237285e-01 3.033619896417761794e-02 -1.035755370660591985e-02 -9.387080448205197035e-04 -5.558648801890720076e-04 4.353368809190434965e-03
-7.736476906285989497e-01 1.046226518753902712e-01 -2.687715228972918646e-02 2.079193260103361172e-03 8.748819170707894128e-04 1.386195470462841433e-03
1.332073409484031634e+00 1.193789115036386628e-02 -3.479608012860223656e-03 -5.179590908230549337e-03 2.297454034702918913e-03 -3.438764493587043169e-03
-4.183429339525558954e-01 -1.113901903838933512e-02 -5.531275006261646143e-03 -5.296969678666754201e-03 2.042770917278982114e-03 1.331192717223175087e-03
-1.136670488809582213e+00 3.527989927473405840e-02 5.857834985747477699e-03 -2.564089031811281338e-03 1.911677733561613227e-03 3.811729800411650182e-04
7.644764512114797794e-01 -4.229669029147020698e-02 -2.950487850287190385e-03 1.085232439127990041e-03 -1.918649716466881618e-03 -1.126160981869797672e-03
5.673260044540001656e-01 -7.584989920372427197e-02 -2.433147748160041385e-03 9.436786671405546570e-03 -3.884751623512291367e-03 -4.374510615820035752e-06
-1.716838164744114437e+00 9.927887668734793059e-03 3.901624662780702607e-02 1.415556847308708545e-03 -3.538775156496641681e-03 3.672903524931442430e-03
3.007276680611703501e-02 -1.794375729652552057e-02 -1.185729075840741276e-02 -6.591028094554343816e-04 -2.285668684331367863e-03 5.117613713828193626e-03
9.203484712607978846e-02 -4.777562538605922143e-02 -8.804368251253712196e-03 5.799305401673975589e-03 -5.597736225221272045e-03 2.314811012881845716e-03
-1.534653058173159890e+00 9.447774858940587162e-02 1.747326542513336078e-02 9.440639361997559334e-03 -2.369797027033528937e-03 -4.378117785310067247e-04
-9.662741475715957984e-01 -3.664125846202637149e-02 1.399440254915824446e-02 -5.386448080498377339e-03 -3.657728614942946780e-04 4.039190862014828236e-03
9.345443743893918631e-01 -3.337069960208893793e-02 -1.340611725194472588e-02 9.958952082076493253e-03 -6.730655543553733591e-03 -5.438642434632822180e-04
-5.818170790361417710e-01 -6.731403693752377460e-02 1.052243084186769810e-02 3.799226717608541332e-03 1.371068763701507875e-03 -9.727323177190975827e-04
-1.222632320975126863e+00 -2.346108072918542953e-02 2.099199861550096399e-02 7.293744144958680051e-03 -9.237703410482836844e-03 2.082222640553052766e-03
