-1.616264344447779222e-02
-1.155726114056557403e-02
-7.866799461498690665e-03
-1.040292287608931068e-02
-1.449152914772900390e-02
-2.155375157579535184e-02
-1.870566694942843791e-02
-2.340104310331252851e-02
-6.432967958878726793e-03
3.365153714324910922e-03
4.245207516936726905e-03
1.952353156096165929e-02
3.791442786566082829e-02
6.770066649552282378e-02
6.981965042581642078e-02
9.811812568278779900e-02
1.268248249274712414e-01
1.466334899329804486e-01
1.623943358279100191e-01
2.070881032498721186e-01
2.433515990842068100e-01
2.553118046391011364e-01
2.884465597409955895e-01
3.151472971075565122e-01
3.481216955124042944e-01
3.762422296325145243e-01
4.133790754597098660e-01
4.324543421995953318e-01
4.538694957706101984e-01
4.953390548649728164e-01
5.282908951068739922e-01
5.531811656026003332e-01
5.811696655564380087e-01
6.118684564727017161e-01
6.386461230783166965e-01
6.694177618648141648e-01
6.922636774008573690e-01
7.267123525010881213e-01
7.438898623361198670e-01
7.776326256587059449e-01
8.028847195515141921e-01
8.238530518415164705e-01
8.563247319551799963e-01
8.863345468504790770e-01
9.148750361724653501e-01
9.395471408951098224e-01
9.608445264706031441e-01
9.914775440267162843e-01
1.012234299540904603e+00
1.033891156792488442e+00
1.059443526170650740e+00
1.085337020250837226e+00
1.111898487556972182e+00
1.133385636176515332e+00
1.152561937851702911e+00
1.179347099702486412e+00
1.205941358767321558e+00
1.224417412468415289e+00
1.247352345674174856e+00
1.266781468617978579e+00
1.292709319023028325e+00
1.311208467998304261e+00
1.331525318557998494e+00
1.356504046481221692e+00
1.374893471476378304e+00
1.394829534782952907e+00
1.414604599225941062e+00
1.435367500086955683e+00
1.454877844728464931e+00
1.476658728731133907e+00
1.492126109391474609e+00
1.508916564098416346e+00
1.526925788216105584e+00
1.551304087033607226e+00
1.565963860578800437e+00
1.581206634381893794e+00
1.603788919834830073e+00
1.616322673509039243e+00
1.634906569168169010e+00
1.653863606525981966e+00
1.667609175837394764e+00
1.684167599708882967e+00
1.701884274265756058e+00
1.715916814509430344e+00
1.732502199314809310e+00
1.749675484754419585e+00
1.765591793411006361e+00
1.783065667429714063e+00
1.794766159997022825e+00
1.810724134328365764e+00
1.825205982087197087e+00
1.841532433954186532e+00
1.853999978421733807e+00
1.870319636337643976e+00
1.882085596379784453e+00
1.895814433300304636e+00
1.910260663763021505e+00
1.920445297897630077e+00
1.936439942901460931e+00
1.948688016325969885e+00
1.961112336400249401e+00
1.974447367536929843e+00
1.987996632310029765e+00
2.001353151475441461e+00
2.014759215187213126e+00
2.027138601400469753e+00
2.039993269659714947e+00
2.049205745967977776e+00
2.062206650413711984e+00
2.072376434420897695e+00
2.087186892117596670e+00
2.094517511520472386e+00
2.108591023610740578e+00
2.117098940014214392e+00
2.128989932197070001e+00
2.138933549018743552e+00
2.147869082656872930e+00
2.162044486078599892e+00
2.171463909802922476e+00
2.183222004904032953e+00
2.190743669668302473e+00
2.199870937171676477e+00
2.208240953097594161e+00
2.221804882070289366e+00
2.226689669191290744e+00
2.241390374911486294e+00
2.249398568130783538e+00
2.260277796603611833e+00
2.267963096825040825e+00
2.276952912406426055e+00
2.285442632391821771e+00
2.294304209188486432e+00
2.305835943470368576e+00
2.313711064407909301e+00
2.321869080665035945e+00
2.330371512257162880e+00
2.339692168912040238e+00
2.346611002639837018e+00
2.354030340836778201e+00
2.365511353949673268e+00
2.373468819658961948e+00
2.379994060603459527e+00
2.387979084357523707e+00
2.395065813820340228e+00
2.407931962967434725e+00
2.413117103008763031e+00
2.421702270208283547e+00
2.426167391350920077e+00
2.436867491602204616e+00
2.443618824313012361e+00
2.451121315761922492e+00
2.458897296378276032e+00
2.467623031868488859e+00
2.475031586135038264e+00
2.480731609834958107e+00
2.488667292291686817e+00
2.495068401053989859e+00
2.501899742457302622e+00
2.510048406979870084e+00
2.514839869272714523e+00
2.522723826904458733e+00
2.527539427695424390e+00
2.533659453141501761e+00
2.543642678560083414e+00
2.547964124128049956e+00
2.555642210204597475e+00
2.561556508779256003e+00
2.567912495364511827e+00
2.574422502203390639e+00
2.581178994664986348e+00
2.587172270073713864e+00
2.592169434484384638e+00
2.599178995107424672e+00
2.605796534113435925e+00
2.613316348425637425e+00
2.616725477845005088e+00
2.624840376854746804e+00
2.625487654150648886e+00
2.635382198065807202e+00
2.640342098810103622e+00
2.643530860991398335e+00
2.649597183092289310e+00
2.657160833931103916e+00
2.663340108611616852e+00
2.667616332821196590e+00
2.673985901411789268e+00
2.678201959437595203e+00
2.685425751880129663e+00
2.690814526931454953e+00
2.696062311720640370e+00
2.698490132207997938e+00
2.704767973454400565e+00
2.710252867857471770e+00
2.714759273746002677e+00
2.720339932808204075e+00
2.724457540869491989e+00
2.726935485404408332e+00
2.736693887875452535e+00
2.739149700348890715e+00
2.742769237195123999e+00
2.746864093064556922e+00
2.753954141798795163e+00
2.758610928372766224e+00
2.763542204930372392e+00
2.766437696892511955e+00
2.773206302250506461e+00
2.779105446394981360e+00
2.782771011166004893e+00
2.788215982549510752e+00
2.791343463300301142e+00
2.795002763662835843e+00
2.800786176813285344e+00
2.805352828592598158e+00
2.810784802581437258e+00
2.813553465635879824e+00
2.818362969810815244e+00
2.821633526130421288e+00
2.826363938661172970e+00
2.830677596418479602e+00
2.837398523698709596e+00
2.838463800217480237e+00
2.843510097970009198e+00
2.848714821851318302e+00
2.852828682341245869e+00
2.856153044192057511e+00
2.860127820380741426e+00
2.864589685637962457e+00
2.867731859589921051e+00
2.873839132693431608e+00
2.874925682170720531e+00
2.880095047087356086e+00
2.884486746271924584e+00
2.887711883872480456e+00
2.893645622845566923e+00
2.894106533038740992e+00
2.898753912700010371e+00
2.901317052167817767e+00
2.905430313265751074e+00
2.911338442280586580e+00
2.916965665111040273e+00
2.914755658387541803e+00
2.916022545273341038e+00
2.926493678289329381e+00
2.937637658775730021e+00
2.930192933789359522e+00
2.925451162797975346e+00
2.937525876182434548e+00
