-7.944330832521584104e-03
-1.043602883352445776e-02
-1.322478898506169141e-02
-1.908348450365911567e-02
-1.799233564371864602e-02
-2.419198723404555884e-02
-7.137226143894710370e-03
4.197923881736155549e-03
5.349827036610021146e-03
1.878613503965359879e-02
3.557000772478847300e-02
6.493404077582208556e-02
6.784890858870776253e-02
9.542903074961824050e-02
1.229352247081626215e-01
1.410901197428078291e-01
1.565872705041045088e-01
2.011089801161263790e-01
2.366801408173316856e-01
2.476870901670552572e-01
2.799879144194450387e-01
3.060238828498861308e-01
3.378603791455853655e-01
3.654735347296936832e-01
4.019282444816698607e-01
4.206003688554300068e-01
4.412144658048636203e-01
4.823186444584536825e-01
5.147957243511330772e-01
5.386949161982063083e-01
5.657690701873612227e-01
5.957619966075886619e-01
6.232037684598569216e-01
6.522760320217811936e-01
6.749846347599024465e-01
7.089443784046710606e-01
7.253668752959607779e-01
7.589533746480908727e-01
7.835526175772902224e-01
8.044514135347613504e-01
8.363255240217487563e-01
8.662285643501814736e-01
8.940657432812716410e-01
9.182788194267483828e-01
9.391395347568705088e-01
9.694539139954249096e-01
9.898174350360539053e-01
1.011109173865061495e+00
1.036589400151577856e+00
1.062466173229740241e+00
1.088476832079423140e+00
1.110324895378342003e+00
1.128323444505610951e+00
1.155478228537093033e+00
1.182210542803104447e+00
1.199445386764312893e+00
1.222972655361985961e+00
1.242368557736971413e+00
1.267933987221391057e+00
1.286141604001200811e+00
1.306187286511705459e+00
1.330194573077969622e+00
1.349110157340944527e+00
1.368857726760573046e+00
1.387607398707999318e+00
1.408894112977409740e+00
1.428734725491450197e+00
1.449292860148484241e+00
1.465042532592850666e+00
1.481948269846278921e+00
1.500294368973118742e+00
1.524240103680522873e+00
1.539734623338389952e+00
1.553525475635872288e+00
1.575845934674000359e+00
1.589413276749862103e+00
1.607290524443144575e+00
1.625995380748456176e+00
1.640193896557445852e+00
1.656458141199120826e+00
1.674317137177074866e+00
1.688369740794425145e+00
1.704608830176884693e+00
1.722589580073690119e+00
1.738447660685454643e+00
1.755089789520587251e+00
1.767456188176023790e+00
1.782839159527776385e+00
1.797423402556931338e+00
1.813409511978336663e+00
1.825252462618601079e+00
1.842921080533792999e+00
1.854622154686581537e+00
1.868254120233746374e+00
1.881710230227194858e+00
1.893391445526452221e+00
1.908790098047598693e+00
1.921517092999442289e+00
1.934519460525662371e+00
1.946660682649635765e+00
1.960437601040355471e+00
1.973720790718436202e+00
1.986945387157849074e+00
1.999896253785943490e+00
2.013140290590721193e+00
2.021960118049460409e+00
2.034313563904300182e+00
2.044512577830754907e+00
2.058338562696246488e+00
2.067449502149491192e+00
2.081085596955127404e+00
2.088827090701542044e+00
2.101146763327492284e+00
2.111355185020597158e+00
2.120368874365174072e+00
2.134982842937218628e+00
2.143682514913390680e+00
2.154853626244365383e+00
2.162924162562841257e+00
2.171889646255688699e+00
2.180827831771083414e+00
2.194020350270315056e+00
2.199389236727595787e+00
2.213660098802363141e+00
2.221712471309315706e+00
2.232947216331429008e+00
2.241223830543866757e+00
2.250098952257358675e+00
2.258596711756045039e+00
2.267494080447187255e+00
2.278629711979226702e+00
2.286680793246992138e+00
2.294309431485172190e+00
2.302956148080487431e+00
2.313122635840048069e+00
2.319428032049450028e+00
2.326701389750591709e+00
2.338256224599302158e+00
2.346599223200362960e+00
2.353513668893816746e+00
2.361073416128831592e+00
2.367935286805945783e+00
2.380527819985068572e+00
2.386211047458132395e+00
2.394744999725784140e+00
2.400128638844019058e+00
2.410504081221516604e+00
2.417334206271566810e+00
2.424185288005503036e+00
2.431479428308483293e+00
2.440888865666985819e+00
2.447706497545123927e+00
2.453179737657606108e+00
2.462624003257579908e+00
2.467689751702191625e+00
2.473470184994538190e+00
2.482458535064567595e+00
2.487506792608980888e+00
2.496065102900719257e+00
2.501130159750830195e+00
2.507230042901050115e+00
2.516406283923635634e+00
2.520743854904000436e+00
2.528031902132449993e+00
2.535242070660356895e+00
2.540792524030882849e+00
2.547136015982674362e+00
2.554329316179269949e+00
2.560598307697452558e+00
2.565644061610610649e+00
2.572494516127193709e+00
2.579152363406466364e+00
2.584757854322621728e+00
2.588902217350504742e+00
2.597328100464627809e+00
2.596592959281085022e+00
2.608472688192700062e+00
2.612123009870478185e+00
2.617035485606279632e+00
2.622423641432128694e+00
2.629902931532516863e+00
2.635730866969179242e+00
2.639684967819886818e+00
2.645874654968032313e+00
2.650503271310571396e+00
2.657945986820462903e+00
2.661908153361541629e+00
2.668282251130644323e+00
2.670271457663595083e+00
2.677036932052014429e+00
2.682416155346571518e+00
2.687501971787111810e+00
2.692703223330637385e+00
2.696348863196640355e+00
2.699607367705203487e+00
2.707950184105026636e+00
2.711648990210866472e+00
2.715228171511278266e+00
2.719344626938088094e+00
2.726126825249429064e+00
2.731376052664775678e+00
2.735173684100579372e+00
2.739574640945132700e+00
2.745536785310662253e+00
2.751583088274044631e+00
2.755690821339667362e+00
2.759624733033456678e+00
2.763832116338867273e+00
2.766516098307356675e+00
2.774545645097242996e+00
2.777745121851240118e+00
2.782818385085279900e+00
2.785732703311195824e+00
2.789762309672233709e+00
2.793878543448928387e+00
2.798016973590926604e+00
2.803562382957375476e+00
2.808418331239173060e+00
2.810745086430736617e+00
2.815328739430099869e+00
2.820327484786876671e+00
2.824613618459038022e+00
2.826853509130243136e+00
2.832510202604569205e+00
2.836560507849174684e+00
2.839323256688595531e+00
2.844450655941735739e+00
2.845412724611924293e+00
2.852334020864855546e+00
2.855442517471469266e+00
2.858271958798002998e+00
2.864755353523730008e+00
2.864528834540018387e+00
2.868699958947884543e+00
2.873566044563828470e+00
2.877329685543948745e+00
2.881845881016510624e+00
2.888098592112386953e+00
2.887108075029599874e+00
2.886756977115851885e+00
2.897663489191691699e+00
2.910232035387859462e+00
2.902782974180960096e+00
2.895194987159393385e+00
2.908398741211551730e+00
