-6.853755384957696366e-03
-7.635640939854788575e-03
-9.079006486436603379e-03
-1.293952072995918634e-02
-1.263588899319755335e-02
-1.707605488377810302e-02
-4.447915295638341267e-03
4.296894321071264948e-03
4.152336542543454134e-03
1.418049837996851643e-02
2.719508156508603988e-02
5.081329775428382323e-02
5.175266431277284612e-02
7.213956616414142486e-02
9.521233339586690492e-02
1.058412007351850759e-01
1.189310225918576991e-01
1.572236531981856533e-01
1.859234854036576623e-01
1.921904701794283077e-01
2.196030357402200539e-01
2.401868278335023976e-01
2.628530420170657189e-01
2.856924601993214852e-01
3.170118437245822984e-01
3.334067225080299401e-01
3.480012592849698883e-01
3.849946241171664507e-01
4.135640658267407677e-01
4.298958106274953783e-01
4.501436674695835083e-01
4.751699594722762487e-01
5.051639718764566744e-01
5.212123711082646826e-01
5.433673236972349496e-01
5.723124256172472668e-01
5.850059904775980479e-01
6.154272157953921685e-01
6.360262494721601323e-01
6.543893799795565958e-01
6.816266729891156118e-01
7.096894902913654102e-01
7.307508568240170810e-01
7.519615888559719741e-01
7.715998158011073693e-01
7.977661645560842896e-01
8.147900194383091987e-01
8.356064019999976944e-01
8.593037350655545747e-01
8.825605951477938360e-01
9.036559297203916596e-01
9.271438458163234753e-01
9.390717777424693047e-01
9.674465792952792187e-01
9.898422320958506493e-01
1.002228439718717556e+00
1.024605353794761031e+00
1.044107758156288090e+00
1.066286717432954223e+00
1.082097554329727318e+00
1.100306928540422780e+00
1.118253165922367565e+00
1.139526274145674423e+00
1.156001990897936427e+00
1.176414513571446108e+00
1.198804720099519550e+00
1.215075908513778780e+00
1.232011185515610618e+00
1.249804301721747501e+00
1.268710975149866860e+00
1.282732726030402004e+00
1.303166335168620016e+00
1.320061575993973113e+00
1.332345485053729073e+00
1.349678921679628774e+00
1.366594182280323588e+00
1.386592807864614141e+00
1.399409791428437577e+00
1.414909032031071767e+00
1.432891235310153499e+00
1.448454638194988986e+00
1.460382974111914312e+00
1.478179296034974222e+00
1.494371204314892232e+00
1.507990042214437665e+00
1.521297896137283834e+00
1.539481540152878525e+00
1.550549279043986761e+00
1.565953368251845390e+00
1.581799256302374168e+00
1.592148387180000402e+00
1.609370689026450751e+00
1.621526505457641765e+00
1.634279040318511900e+00
1.645117610115945261e+00
1.663633119350229839e+00
1.676558318735759112e+00
1.687226321827731912e+00
1.701264477802012287e+00
1.712296856653410027e+00
1.727421178834884774e+00
1.737642989551947847e+00
1.751497534648360332e+00
1.770363968488046336e+00
1.774862914195232122e+00
1.786015566712596314e+00
1.799193203000831964e+00
1.811715319416332237e+00
1.822930317256058919e+00
1.834893025954575041e+00
1.847144036225035091e+00
1.854661868228176358e+00
1.867935614702944891e+00
1.878343938314968931e+00
1.890947306294098684e+00
1.901604005275150611e+00
1.911547739773046484e+00
1.921402935216415031e+00
1.932559391356861944e+00
1.944503018708857001e+00
1.953723119248255147e+00
1.962938669512736878e+00
1.973692793354558717e+00
1.981502254505588700e+00
1.993242283784459001e+00
2.004155664793034308e+00
2.013478921538339961e+00
2.021015044700709140e+00
2.031289875449742599e+00
2.041171427581742748e+00
2.049845551827071510e+00
2.061407325104069432e+00
2.067642674459936991e+00
2.077644697149530373e+00
2.086614506896698362e+00
2.096555897935006740e+00
2.103847966378810330e+00
2.112680369379023482e+00
2.124099479334130347e+00
2.130229052463985528e+00
2.138397097300423155e+00
2.146201628662575800e+00
2.152397630872832313e+00
2.162153695458344238e+00
2.169154586763181847e+00
2.178750390997358455e+00
2.187559369069417947e+00
2.193599611704319496e+00
2.202916294937043329e+00
2.210974549317621829e+00
2.216315725291819305e+00
2.224857345066821424e+00
2.233072328420282027e+00
2.241698647539345668e+00
2.246071367475757530e+00
2.257935819076346995e+00
2.260461428187740651e+00
2.266820610356244270e+00
2.276264405819343750e+00
2.282967939007177094e+00
2.290200038953103423e+00
2.297650327750806909e+00
2.305002266582022674e+00
2.310788552926977601e+00
2.316289462844637104e+00
2.323048009351207810e+00
2.330733922726361929e+00
2.338313662860853182e+00
2.344575600620887990e+00
2.349835440178166923e+00
2.356663695062673369e+00
2.360622792611250631e+00
2.369519740561055077e+00
2.376222254914770904e+00
2.381988081126327206e+00
2.390201551593908569e+00
2.393274236955315715e+00
2.401152499451003397e+00
2.405604854245479984e+00
2.409845874555477163e+00
2.417568289396942127e+00
2.423191465386010268e+00
2.429068243076859979e+00
2.431511479352460370e+00
2.440858337979940451e+00
2.446517341148789271e+00
2.451283204522336945e+00
2.456350468817141586e+00
2.462782305971431995e+00
2.468178145190050188e+00
2.472391497296305918e+00
2.477155074189490325e+00
2.485833769741533139e+00
2.490607792410216792e+00
2.496057932136133584e+00
2.497724038417217685e+00
2.505813114594519497e+00
2.510000305230540185e+00
2.513820395606540359e+00
2.519362524217064969e+00
2.523185395824252275e+00
2.529067788129829797e+00
2.533623654248086776e+00
2.538716419213972841e+00
2.544555661239848110e+00
2.547923186656976924e+00
2.555186172744436934e+00
2.557393601181025655e+00
2.563073282896624061e+00
2.569367637469320620e+00
2.572430958589146055e+00
2.575887367778009196e+00
2.583696313964962243e+00
2.586941219293406480e+00
2.593900469370946205e+00
2.595834957077483907e+00
2.599007514082420478e+00
2.605339034405456555e+00
2.609357155216014856e+00
2.611897774219321455e+00
2.618096791641133514e+00
2.621717476713680384e+00
2.623653838837711749e+00
2.630902621563332211e+00
2.633001564224747959e+00
2.638216665523427373e+00
2.644233127025399810e+00
2.648353821072327641e+00
2.651390361992919775e+00
2.654227354078317447e+00
2.657635092950154654e+00
2.662485851548018090e+00
2.665853873150228814e+00
2.669064009800347304e+00
2.673941063041344268e+00
2.678852033653502218e+00
2.683013100414705754e+00
2.687624028623974759e+00
2.686276831284607702e+00
2.686973105256394767e+00
2.697023147713236924e+00
2.709850764478511032e+00
2.704273300199857122e+00
2.697974216684055460e+00
2.708870832849465060e+00
