-7.011696128929469085e-03
-7.903076506171892793e-03
-9.454905862108549039e-03
-1.347271224691317174e-02
-1.311195140610103491e-02
-1.775353081995287990e-02
-4.702540894169902896e-03
4.355879218603113910e-03
4.314075597141182536e-03
1.456618995783619946e-02
2.788512278582124665e-02
5.213207336443560769e-02
5.331444555156652360e-02
7.437939887334139855e-02
9.783530124494493885e-02
1.090777187913116314e-01
1.223913912648831592e-01
1.614443109334453563e-01
1.908862799036739888e-01
1.975114016817222096e-01
2.253893148985611772e-01
2.465409129314428682e-01
2.700621657495028138e-01
2.933833594793174293e-01
3.252629783113156758e-01
3.418603495767013611e-01
3.569688738322301380e-01
3.945356629081337996e-01
4.235247337826069658e-01
4.405342737212952775e-01
4.614200585155273093e-01
4.868307564820007483e-01
5.168838038660681367e-01
5.340495749181980445e-01
5.563028654426351860e-01
5.857246818876966632e-01
5.986975304746412485e-01
6.295103936271566614e-01
6.505073602011749445e-01
6.692009630640753937e-01
6.968807252334328073e-01
7.250873628104193003e-01
7.468535395065090121e-01
7.683677389503571487e-01
7.881536409461612491e-01
8.146017589849169349e-01
8.320182330227042788e-01
8.526672897274010232e-01
8.766415895222572363e-01
9.002644412812308428e-01
9.217880549881271035e-01
9.453687567204863695e-01
9.576760420449395017e-01
9.862425980493947364e-01
1.009490914328350142e+00
1.021612377918683423e+00
1.044599087887135180e+00
1.063964443028118767e+00
1.086400110719013767e+00
1.102292140197064674e+00
1.120719753852891465e+00
1.138908773182764067e+00
1.159974177934951056e+00
1.177059727056677829e+00
1.196833714507126167e+00
1.219546918643848787e+00
1.236335410839637827e+00
1.253358241525566852e+00
1.271177957862842156e+00
1.290029998299564440e+00
1.304635447154917971e+00
1.325333353497476940e+00
1.342215625565857717e+00
1.353913673595313893e+00
1.371510876124072187e+00
1.388783652281520675e+00
1.408652173145246600e+00
1.421773064121353292e+00
1.437834389098532784e+00
1.455310624711373180e+00
1.470922856711992965e+00
1.482897382123474550e+00
1.500643030038190107e+00
1.517733970871382176e+00
1.531154954949090596e+00
1.544278727625742809e+00
1.562092963676807722e+00
1.573530325632378046e+00
1.588504983539586801e+00
1.604523771901062990e+00
1.614853931210403548e+00
1.632971615307549751e+00
1.644690917857074997e+00
1.657368892873567479e+00
1.668059147777166906e+00
1.686619391846184257e+00
1.699328926422318142e+00
1.710093156043629881e+00
1.724176355373855385e+00
1.735371155652132513e+00
1.749985242835034205e+00
1.760703251491801735e+00
1.774340726882587926e+00
1.792963358790340855e+00
1.797911327398170833e+00
1.808730375588812667e+00
1.821601717137484089e+00
1.834194275245032424e+00
1.845590982705289873e+00
1.857942994956008453e+00
1.869419843595444775e+00
1.876804097970642404e+00
1.890584891355027830e+00
1.900480782731470697e+00
1.913411833027555797e+00
1.923894379376505315e+00
1.934439298319335254e+00
1.943730328406348296e+00
1.954698219066846709e+00
1.967149115097735379e+00
1.975617671165270872e+00
1.985546896891958069e+00
1.995665407708187233e+00
2.003509358805457108e+00
2.015657385699299642e+00
2.026254043713638708e+00
2.035325273110669464e+00
2.043438992991897241e+00
2.053151427858559419e+00
2.063359892386364081e+00
2.071511226556760121e+00
2.083558442955474987e+00
2.089391365178983495e+00
2.099237774572616733e+00
2.108578582818816827e+00
2.118343153133449785e+00
2.126249230468223672e+00
2.134650310400543205e+00
2.146502094568180752e+00
2.151327938647161542e+00
2.160607932075412574e+00
2.168039514642459586e+00
2.173820067697365133e+00
2.183349931672355027e+00
2.191026754907407614e+00
2.200187651496814389e+00
2.209394381844342004e+00
2.215788324898134043e+00
2.224511663704676678e+00
2.232546354788881526e+00
2.237627537611785566e+00
2.245326454818449058e+00
2.254445982851201347e+00
2.262992796178069366e+00
2.267933145944377671e+00
2.279049888270979096e+00
2.281503424494610854e+00
2.287350598326099771e+00
2.296924402801306719e+00
2.304069416404890269e+00
2.311390684487560243e+00
2.318209118104379129e+00
2.325308209524126646e+00
2.331986725886325384e+00
2.335978364978618327e+00
2.343700487019095835e+00
2.351643418466417668e+00
2.358764349493148504e+00
2.364964721853215046e+00
2.370137593859573233e+00
2.376833758406361241e+00
2.381039447964480082e+00
2.389662754016886215e+00
2.396457966300275189e+00
2.401858048434137416e+00
2.410433108859547868e+00
2.412912540175808918e+00
2.421456939937452812e+00
2.425670779310820535e+00
2.430120421953256393e+00
2.437713276529973161e+00
2.443065977516654552e+00
2.449797344169711621e+00
2.451681107591511033e+00
2.460462605615903797e+00
2.465592359179497706e+00
2.471432979420250753e+00
2.476380028537962907e+00
2.482657770183537949e+00
2.487654619052975580e+00
2.492451299311529311e+00
2.496269565063125029e+00
2.504970001699310167e+00
2.510224486038137748e+00
2.515500800011745142e+00
2.517780854906739307e+00
2.525323301484814209e+00
2.529673415708375561e+00
2.533437544335340519e+00
2.539399115178262889e+00
2.542292449260809661e+00
2.549384218917935652e+00
2.552434908903989719e+00
2.558413346928436916e+00
2.564369238134278639e+00
2.566629949345588191e+00
2.573077231007504739e+00
2.576968142066948353e+00
2.581634391080324775e+00
2.588102520496254222e+00
2.591808437642519003e+00
2.594464359479613513e+00
2.602511832039821282e+00
2.606055602899733259e+00
2.612543879616111564e+00
2.614932230075505792e+00
2.618027465546299393e+00
2.624075546093864730e+00
2.628635542539602632e+00
2.631209433957339083e+00
2.636875509257118111e+00
2.640293495505199317e+00
2.642724324755527654e+00
2.650331953962054676e+00
2.652154749859836347e+00
2.656834964364846119e+00
2.662611480945431541e+00
2.668097207452621689e+00
2.669700693839407890e+00
2.672551943266816110e+00
2.677154326868001810e+00
2.681185453914856520e+00
2.684678806903519455e+00
2.687669211228166599e+00
2.693155126143277567e+00
2.697666725768408824e+00
2.701986178272449468e+00
2.706184889228753665e+00
2.705465678720467615e+00
2.705758487734083673e+00
2.715147749631849461e+00
2.728507871654378469e+00
2.722435827005510678e+00
2.715441949624664009e+00
2.727319858094507499e+00
