-9.602641360390162459e-03
-6.142418790438190779e-03
-6.377755295566930015e-03
-6.391954778981200763e-03
-7.971551967636165970e-03
-1.162239564284407375e-02
-1.062914807362042892e-02
-1.338835363915094091e-02
-2.866416043290388304e-03
3.714904210549741046e-03
2.954217143760993862e-03
1.254698493475709525e-02
2.478030776554760936e-02
4.567416562625311455e-02
4.518469251164166506e-02
6.256360542033641281e-02
8.416998663482684606e-02
9.265440262456477172e-02
1.048096914499352245e-01
1.393055285540382715e-01
1.646823913525617411e-01
1.696590617546790691e-01
1.951731256046107532e-01
2.132515225769864853e-01
2.324198650933116672e-01
2.530749313403080070e-01
2.818686864724909702e-01
2.973717307807776100e-01
3.101210724491292869e-01
3.440724814546046173e-01
3.707652540238916550e-01
3.842748949602916575e-01
4.021420923842758399e-01
4.256142412678359244e-01
4.544494590768753395e-01
4.663086182460183249e-01
4.878059862749380970e-01
5.149600157794171906e-01
5.263415861394229456e-01
5.549490679328471510e-01
5.739097518470880344e-01
5.907664380438144569e-01
6.161489582670945930e-01
6.434580930427423739e-01
6.613785553879071299e-01
6.813370220237419117e-01
6.999315641666362664e-01
7.252209351260711090e-01
7.404373995593270807e-01
7.622354591730778894e-01
7.846575457923030683e-01
8.055672992903268881e-01
8.252655655581523364e-01
8.474690624070997380e-01
8.580082852016022166e-01
8.846553965082415427e-01
9.035681539380979732e-01
9.179617601965258666e-01
9.375736219961061657e-01
9.571339067315299820e-01
9.790320499862582571e-01
9.940779084434542279e-01
1.011275454973763255e+00
1.028174993247993552e+00
1.050353271446760939e+00
1.063846277196734968e+00
1.086187759560143018e+00
1.105637816194170009e+00
1.120626772879778965e+00
1.137284272543787500e+00
1.155006110863631141e+00
1.172628404883232278e+00
1.186022199978162162e+00
1.205439296417136763e+00
1.222486307787260307e+00
1.236770390837298450e+00
1.253458794175328794e+00
1.267559113970273543e+00
1.286518025221268902e+00
1.299941072595689029e+00
1.312381803578254180e+00
1.332439010586027983e+00
1.347474801275202250e+00
1.359526082645116318e+00
1.377181711647861739e+00
1.390555859165209629e+00
1.405166053372605806e+00
1.419121881551998365e+00
1.437895683359123433e+00
1.448115819282766115e+00
1.464668125939317722e+00
1.479631643355674875e+00
1.490837274905088883e+00
1.504354118142680052e+00
1.518160776037226434e+00
1.530724481579328611e+00
1.543219389093042571e+00
1.560988776931445221e+00
1.574172099772602085e+00
1.584909402769721920e+00
1.597871468020740648e+00
1.609163508209670690e+00
1.623865421551081933e+00
1.634659932225980494e+00
1.647670631365261151e+00
1.665779755873709522e+00
1.671722836815380697e+00
1.682997845953283944e+00
1.696506025639139326e+00
1.708767890633669184e+00
1.720866997531315334e+00
1.730730145055658475e+00
1.744453762709188949e+00
1.753139006629646168e+00
1.763313986736889660e+00
1.776896371713538425e+00
1.789271159382108456e+00
1.798858870264073984e+00
1.807176849981706912e+00
1.818534550815082529e+00
1.831920749651961833e+00
1.842351400858279975e+00
1.852256100586473275e+00
1.860816386749028828e+00
1.871801010162768675e+00
1.882287818710997263e+00
1.890469544583346151e+00
1.901034149856722033e+00
1.912326995048983846e+00
1.920249926430505738e+00
1.931835562657080452e+00
1.940397458265660013e+00
1.949910999126657218e+00
1.960086280863329700e+00
1.967577244570852368e+00
1.978029967634519215e+00
1.985915754039059955e+00
1.995811354123461667e+00
2.003493560292123554e+00
2.012528598991493389e+00
2.022134417005168938e+00
2.032604964677529047e+00
2.039398683543405255e+00
2.047204435686133639e+00
2.056500857972585639e+00
2.066092123024855898e+00
2.071678762234125504e+00
2.080548147390977931e+00
2.088710564551897519e+00
2.095883046113592219e+00
2.106074419372297779e+00
2.111843220059270720e+00
2.123098126982116085e+00
2.130551761630691043e+00
2.135343466689096470e+00
2.144844075396194594e+00
2.151136639062878775e+00
2.162308725277376276e+00
2.168543282811327355e+00
2.174330566131119635e+00
2.184014879269000176e+00
2.188795262164944244e+00
2.196579185947004298e+00
2.202795867505470184e+00
2.211455355310812276e+00
2.217602871760132821e+00
2.226082445825677159e+00
2.230703676630742205e+00
2.237791099101436920e+00
2.244657714174549401e+00
2.251994555551469990e+00
2.258529878994883333e+00
2.265768793667374492e+00
2.270608136545870792e+00
2.277787584238975427e+00
2.285446318376429531e+00
2.291693591360614235e+00
2.296854396589305125e+00
2.306003668612251367e+00
2.309335225853228479e+00
2.315564588147493996e+00
2.322770038408726645e+00
2.328407018742661538e+00
2.335576696418783627e+00
2.341177683374244367e+00
2.345925060511246940e+00
2.352936328795624199e+00
2.359087019154180620e+00
2.363392820430638253e+00
2.368855079316455114e+00
2.374838245922465063e+00
2.381397129660828504e+00
2.386819545509772933e+00
2.393047906947425751e+00
2.396839126968954403e+00
2.404609679154265045e+00
2.407631108217154203e+00
2.412374704651645718e+00
2.418909919718986057e+00
2.423704551307265920e+00
2.429989865354675871e+00
2.433939537637672679e+00
2.441051530288555593e+00
2.444803738635958901e+00
2.451078846214310936e+00
2.455760607969982079e+00
2.460950346008088374e+00
2.463899071838400179e+00
2.469748660172745858e+00
2.475712364449391689e+00
2.480630890273399114e+00
2.485275439813290799e+00
2.489468413667986102e+00
2.493537333572153347e+00
2.498847219476517889e+00
2.504170705242456663e+00
2.507487609854762933e+00
2.512334493616603215e+00
2.518034283227441161e+00
2.523326974065171591e+00
2.525657796076452133e+00
2.531493338220400791e+00
2.537597019712023005e+00
2.540541880485868376e+00
2.544745591104680127e+00
2.549722555306481730e+00
2.552729170775863921e+00
2.557905601498603243e+00
2.560947659432968759e+00
2.565150375830271390e+00
2.570446713065259292e+00
2.574325797762835322e+00
2.577809433320331411e+00
2.582392928964612366e+00
2.585970850218431760e+00
2.591098642175779343e+00
2.595766711562134343e+00
2.598466348023257932e+00
2.604184354386519740e+00
2.609595626821379799e+00
2.607025450401085909e+00
2.609772232940709813e+00
2.622402085398842786e+00
2.629575592643458748e+00
2.626220367813536516e+00
2.621044487979753423e+00
2.633156526305289180e+00
