-9.262036279144889028e-03
-5.853312455387715656e-03
-6.300140105665760944e-03
-6.154005495202324177e-03
-7.597494959172655139e-03
-1.105130442806402657e-02
-1.016157604315627225e-02
-1.280014104667865499e-02
-2.660989459255917039e-03
3.725257973568653260e-03
2.920266448300481293e-03
1.214171990224851595e-02
2.396117779931343852e-02
4.423516261381363335e-02
4.367014726874056396e-02
6.037721685167915520e-02
8.144097022093627070e-02
8.928993186794514925e-02
1.012419988558886652e-01
1.348526625167995874e-01
1.594230283081132238e-01
1.640493880095615642e-01
1.889839973092005410e-01
2.064125772225359201e-01
2.248020886509110861e-01
2.449246025710664632e-01
2.730360696818669441e-01
2.882419067717394423e-01
3.006148639764135155e-01
3.336753021977305056e-01
3.598702390052232469e-01
3.726920836256383818e-01
3.900132501973077592e-01
4.130933729628847306e-01
4.414051461907098628e-01
4.523953172915586296e-01
4.736724288830795881e-01
5.003714660582889717e-01
5.113861167733362301e-01
5.394668582919370792e-01
5.580451278343179222e-01
5.745165764272854858e-01
5.994189554020329380e-01
6.264562035079838109e-01
6.435405393073159175e-01
6.631937780815543304e-01
6.814201968864110892e-01
7.064656739535571939e-01
7.212149628983879346e-01
7.432586495151626282e-01
7.653122153239410030e-01
7.854556623755507561e-01
8.048553714792722191e-01
8.265991769086881158e-01
8.367665089088461849e-01
8.627446559014347871e-01
8.809565125463191260e-01
8.957912731519264149e-01
9.148254867141166757e-01
9.341480467104861241e-01
9.561212168162539493e-01
9.708107652065186555e-01
9.876685523566051117e-01
1.004225997304485585e+00
1.026630404306852817e+00
1.039391451708707059e+00
1.061891924548519439e+00
1.080301638975620371e+00
1.095307459543586992e+00
1.111777650185572952e+00
1.129425117307103932e+00
1.146496468866701202e+00
1.160044880107013121e+00
1.179184404059843372e+00
1.196242028533885504e+00
1.210630854572664727e+00
1.227279052312503227e+00
1.240544219953245264e+00
1.258977316234785704e+00
1.272851114484581991e+00
1.284641443181990805e+00
1.304985022034548248e+00
1.319683660358266453e+00
1.331892738287042688e+00
1.349396376957529897e+00
1.362496143107705393e+00
1.377174009981550373e+00
1.391519977831364274e+00
1.409866185469180078e+00
1.420245095364292665e+00
1.436486408485303290e+00
1.451350917214468295e+00
1.462741841706433954e+00
1.475841614616115072e+00
1.489639151365708125e+00
1.502234003345326974e+00
1.515069347588302362e+00
1.532467295646968264e+00
1.545192974196092139e+00
1.556435657468056233e+00
1.568758369083056214e+00
1.580672956491658621e+00
1.594689868025516599e+00
1.605973796592488734e+00
1.618558144262574716e+00
1.635973543656794593e+00
1.642567588111615517e+00
1.653868305507361969e+00
1.667442264194566315e+00
1.679651425516987873e+00
1.692178498628668315e+00
1.701408766957657637e+00
1.714981085264006166e+00
1.724082280876430451e+00
1.733942543962121441e+00
1.747825725274624320e+00
1.760549044079496861e+00
1.769264436118191730e+00
1.777862860990489180e+00
1.789345961703418419e+00
1.803023937242114183e+00
1.813355560486569429e+00
1.822788437590182609e+00
1.832110261565421672e+00
1.842565776641893027e+00
1.853455348691955828e+00
1.861702308745192269e+00
1.871414113173873739e+00
1.883147009554498874e+00
1.892143182415512603e+00
1.903525742963661838e+00
1.911563757275491993e+00
1.920768317170635786e+00
1.931338034568906625e+00
1.938624087174377397e+00
1.949167440413139385e+00
1.957302601467275194e+00
1.967282024129912266e+00
1.975278069464393216e+00
1.984346368793575177e+00
1.993906311703181666e+00
2.004142940775173631e+00
2.011703659658994336e+00
2.019573350634864983e+00
2.029168829251161377e+00
2.038053748373621410e+00
2.044312379317712036e+00
2.053069304340220835e+00
2.061408241026326138e+00
2.068874123218733097e+00
2.078894212242773154e+00
2.084194254034646754e+00
2.096208915779463666e+00
2.103129163339197749e+00
2.107839046216001488e+00
2.117740012760426449e+00
2.124792956297250512e+00
2.135125437929958903e+00
2.141837743543975048e+00
2.147406721640399585e+00
2.157054676110279345e+00
2.161909337760651084e+00
2.170563465208621423e+00
2.175965885643440512e+00
2.184289701608102430e+00
2.191528233037625117e+00
2.199834359237319070e+00
2.205018886299920045e+00
2.212088153985547478e+00
2.217959807229533009e+00
2.226095169255243977e+00
2.232658204359377230e+00
2.240378911450955801e+00
2.245327875906094395e+00
2.251953214715469276e+00
2.260579412376211295e+00
2.266354751734336759e+00
2.271592825596716825e+00
2.281155630399923862e+00
2.284324733216417158e+00
2.290466498543060059e+00
2.298301713803419855e+00
2.304279589257750338e+00
2.310970368390810492e+00
2.316479346206524959e+00
2.321072663039949635e+00
2.327856106995486840e+00
2.333499877208785822e+00
2.338410659871045905e+00
2.344998497997693221e+00
2.350263733037665670e+00
2.356890056486696139e+00
2.362901354449022495e+00
2.368349295202739402e+00
2.372110290862613269e+00
2.379739588823002627e+00
2.383810238110529056e+00
2.388841348074680404e+00
2.394492218642107151e+00
2.400350034158346801e+00
2.407241717966103423e+00
2.411091336029688392e+00
2.417429796595575553e+00
2.421953205529520758e+00
2.427257458268288204e+00
2.432903013672271353e+00
2.437642411281222277e+00
2.440111133997024062e+00
2.445864530807165593e+00
2.452687890194799714e+00
2.457573142656515941e+00
2.462207477124976229e+00
2.467180425215815376e+00
2.471116258805522214e+00
2.475381273462998966e+00
2.481146875092532511e+00
2.484963311059447566e+00
2.490371081774554796e+00
2.496072465949933594e+00
2.500864201220712513e+00
2.504476150224913322e+00
2.509717594630831883e+00
2.514809399762067521e+00
2.518567583458277692e+00
2.523130781344584683e+00
2.527739213222083947e+00
2.530190607501975997e+00
2.535875827598575327e+00
2.539003063311479735e+00
2.543257375056372727e+00
2.548948889179659449e+00
2.553180963762295974e+00
2.556616431040625415e+00
2.560968667290062672e+00
2.565034434007673170e+00
2.570271001780676023e+00
2.574480272926353397e+00
2.577700121994872084e+00
2.583259953792315766e+00
2.588031212594111174e+00
2.586391209796632396e+00
2.589210556556359233e+00
2.600777376099107308e+00
2.609043212366176867e+00
2.604929805598983794e+00
2.599471331738388180e+00
2.612944717874527978e+00
