-6.378283660139447662e-03
-6.160062855670877906e-03
-6.856310728706015677e-03
-9.597436721777182281e-03
-9.708295688567913223e-03
-1.319472488605340395e-02
-3.026977679977919163e-03
4.302569632620724047e-03
3.784261283235070081e-03
1.171570243616814992e-02
2.236883206561768658e-02
4.227082049664496882e-02
4.253390392444618417e-02
5.880163821423401577e-02
7.870037232315689468e-02
8.532847198815740608e-02
9.722230602465704863e-02
1.304713952530567878e-01
1.544146423488274023e-01
1.584242569531885136e-01
1.824088062309485725e-01
1.991383204720915123e-01
2.169677649915155437e-01
2.366899286768872068e-01
2.640316706376075739e-01
2.787878080752067000e-01
2.907708176003175882e-01
3.229205141943695123e-01
3.486353576063819792e-01
3.607458496142470494e-01
3.774902785981242848e-01
4.001506163561929785e-01
4.278398686033721421e-01
4.380345111180672935e-01
4.590816611038164852e-01
4.852749727679839253e-01
4.958827998367166257e-01
5.233792634529734755e-01
5.415803171499230517e-01
5.576675444149509220e-01
5.820564666999886727e-01
6.088003302875750755e-01
6.249607516935842266e-01
6.443151843343275509e-01
6.621454223276482809e-01
6.868846959003466202e-01
7.011502063132568630e-01
7.234329503496210734e-01
7.450510217335956087e-01
7.643889346908782079e-01
7.834513683532690065e-01
8.047156142915163901e-01
8.144606351220327056e-01
8.396768101215350555e-01
8.572478312374691711e-01
8.724503259272508027e-01
8.909722323775649544e-01
9.098957745503866157e-01
9.319857607560944057e-01
9.462552071363191653e-01
9.627611870793311155e-01
9.788999473528257056e-01
1.001514388237430886e+00
1.013576158789424753e+00
1.036106784684169835e+00
1.053427896629554494e+00
1.068509532727188294e+00
1.084761593726845330e+00
1.102280745329502265e+00
1.118757963674821276e+00
1.132499877284879330e+00
1.151394918685155755e+00
1.168364296950622716e+00
1.182742038923021433e+00
1.199367887688959300e+00
1.211802722773402730e+00
1.229694353949525976e+00
1.244055348566537766e+00
1.255267584938240866e+00
1.275757892189252729e+00
1.290078327253207480e+00
1.302537498073805367e+00
1.319806098877810641e+00
1.332768823239539380e+00
1.347422620004681937e+00
1.362355848910865808e+00
1.379925906888324505e+00
1.390630967009362617e+00
1.406310265547207727e+00
1.421128812942176856e+00
1.432613545016945711e+00
1.445609156542198015e+00
1.459146934149985864e+00
1.471795917393140973e+00
1.484883515899638073e+00
1.501728829759214845e+00
1.513926466208528110e+00
1.525947250651159326e+00
1.537471220066628064e+00
1.550172680917850876e+00
1.563337439109242943e+00
1.575180842289800376e+00
1.587335577906579864e+00
1.603863027895521931e+00
1.611118854795231314e+00
1.622491497899767765e+00
1.636188442968573575e+00
1.648299046702651927e+00
1.661132044227654259e+00
1.669953865085755274e+00
1.683060889689100836e+00
1.692585132521558400e+00
1.702555875844879330e+00
1.716364699392057158e+00
1.729486379077566971e+00
1.737254531996506701e+00
1.746481080902401395e+00
1.757790511561766467e+00
1.771606184531828276e+00
1.781991384502937814e+00
1.790832853648380407e+00
1.801155318123824234e+00
1.810953540834199460e+00
1.821981872659590884e+00
1.830878153642265360e+00
1.839546289386200906e+00
1.851518256772907378e+00
1.861849618700061049e+00
1.872722068768011061e+00
1.880246623715891907e+00
1.889327209795369056e+00
1.900374900130842315e+00
1.907295900761595275e+00
1.918046239263232922e+00
1.926474173522057853e+00
1.936709948942209047e+00
1.944809365138832291e+00
1.953970327835683252e+00
1.963487758540725325e+00
1.973224216973214373e+00
1.981553751131296837e+00
1.989618043063494213e+00
1.999372999894846625e+00
2.007301005771964242e+00
2.014542962897425404e+00
2.023287602839732191e+00
2.031794691485701243e+00
2.039411173240468056e+00
2.049146963355338968e+00
2.054219519450645404e+00
2.066186974210298288e+00
2.073096248201689917e+00
2.077993551831715191e+00
2.088088941644995256e+00
2.095571479727127429e+00
2.105198956957461842e+00
2.112218374738014326e+00
2.117864139012070268e+00
2.127404917928129802e+00
2.132627415089543899e+00
2.141971708458542789e+00
2.146847352927584218e+00
2.154554907031263067e+00
2.162836735124341381e+00
2.170915030145909252e+00
2.177031515213646795e+00
2.183884442076318155e+00
2.189190975601057243e+00
2.197617382829582411e+00
2.204207002643146396e+00
2.212508803324364948e+00
2.217401544169081529e+00
2.223666180944894322e+00
2.233161406535473237e+00
2.238003408306759479e+00
2.243972613007813255e+00
2.253141834402432764e+00
2.256791626549220275e+00
2.262428161565557705e+00
2.270799957106651945e+00
2.277041033743688381e+00
2.282930754415953167e+00
2.288466172117498587e+00
2.292902437783182812e+00
2.300215415324890600e+00
2.305454953782425598e+00
2.310733452980893610e+00
2.318378213337922045e+00
2.323197040168235361e+00
2.329492400324916446e+00
2.335691588028238730e+00
2.340748701851738556e+00
2.345287336249648025e+00
2.352064514820940921e+00
2.357792032820968942e+00
2.362984770240159627e+00
2.367847387052590236e+00
2.374273934208391168e+00
2.382216732058967779e+00
2.385453183021087664e+00
2.390953104346907665e+00
2.396063915615745277e+00
2.400847972038135492e+00
2.407305293083222608e+00
2.411457799451575124e+00
2.414292224978852985e+00
2.420037731663760461e+00
2.427168964269339480e+00
2.432144467132479893e+00
2.436882212915972623e+00
2.442300870746516139e+00
2.446194501857152925e+00
2.450333681753937842e+00
2.455653099227193437e+00
2.460577059790666432e+00
2.465832243087245246e+00
2.471503794006546073e+00
2.475776986202858243e+00
2.480658814485524832e+00
2.485108049069806757e+00
2.489289581301627141e+00
2.494320895180408559e+00
2.498288537549615107e+00
2.502989077120648442e+00
2.505084504114927668e+00
2.511543638962069114e+00
2.515071976330090830e+00
2.518959729070413545e+00
2.525570001215124982e+00
2.529407067005818188e+00
2.532614206508230659e+00
2.537423011767784065e+00
2.541691265518065457e+00
2.546580093479610341e+00
2.550761993941711214e+00
2.553853082298543686e+00
2.559384437395322287e+00
2.564250983320571109e+00
2.564164582236062362e+00
2.564841171320345392e+00
2.575203949048527452e+00
2.587399511079707004e+00
2.582474055679675917e+00
2.574506748172171733e+00
2.589523219944468213e+00
