-8.259786536648609095e-03
-4.992474726053574251e-03
-6.079624142070919751e-03
-5.478620967788419734e-03
-6.470694960927505894e-03
-9.308860503786507701e-03
-8.740613634172906404e-03
-1.103573497078217530e-02
-2.073363216934527142e-03
3.710890257579912803e-03
2.805387478465024009e-03
1.090079776264864415e-02
2.142985035440596320e-02
3.969323586629677769e-02
3.892678543186166296e-02
5.352252433979926005e-02
7.283009357333630751e-02
7.884701742485415721e-02
9.011234124955670721e-02
1.207856649389518477e-01
1.427638456816776868e-01
1.463700495243894784e-01
1.693817446318761910e-01
1.847236301071161213e-01
2.007934114371435208e-01
2.191735034971101781e-01
2.450387516541952249e-01
2.592364274363532783e-01
2.705530421978812883e-01
3.004394382356224136e-01
3.250124378938973324e-01
3.357227647810834270e-01
3.513967862801816167e-01
3.732399070546360553e-01
3.992347884128756297e-01
4.079940552096353312e-01
4.284921310436305419e-01
4.536919991795461682e-01
4.633764658294989847e-01
4.895172883980078438e-01
5.069169640914243935e-01
5.222470281370856782e-01
5.454695102804706375e-01
5.716661717317922387e-01
5.856335041894825677e-01
6.044668534495997170e-01
6.213518470869412447e-01
6.452414079972708105e-01
6.585683412011846816e-01
6.812080807430680451e-01
7.017418447735128684e-01
7.194330954410904644e-01
7.377198371091150397e-01
7.579669437083983441e-01
7.666937636868802475e-01
7.901548920215060168e-01
8.067110030543915844e-01
8.223523807815577014e-01
8.401275838780992711e-01
8.576945050989298602e-01
8.801362842098913175e-01
8.933699373377362862e-01
9.092373793367529711e-01
9.242395166533957651e-01
9.473530214549943373e-01
9.580673864606962242e-01
9.802417266317958733e-01
9.953543448378825431e-01
1.010632103703136497e+00
1.026563498632519389e+00
1.043653716684762589e+00
1.058890486068496228e+00
1.072929052800688732e+00
1.091491980340084211e+00
1.107850615082116796e+00
1.122106388520284437e+00
1.138511309548542627e+00
1.149593285756382199e+00
1.166258794820566491e+00
1.181692756342737960e+00
1.191905274796291270e+00
1.212349114775464809e+00
1.225872988808143882e+00
1.239045059234475055e+00
1.255684054564933039e+00
1.268525079164166458e+00
1.282826663340518092e+00
1.299344389981522463e+00
1.314563708990951874e+00
1.326129934834371138e+00
1.340194853939774111e+00
1.354929041770182696e+00
1.366244908085409993e+00
1.379681063998124513e+00
1.392280190131202078e+00
1.405001070161711940e+00
1.418398256030206639e+00
1.433407095438663292e+00
1.445116037067440073e+00
1.458850147677078102e+00
1.468784176857861334e+00
1.482908674390641668e+00
1.494455164201518249e+00
1.507251075284818498e+00
1.518771094434135049e+00
1.532917691019613615e+00
1.541856599675449191e+00
1.553216808561957096e+00
1.567174916836568066e+00
1.579068905277382084e+00
1.591651163715656292e+00
1.600789412311217186e+00
1.612459449838548498e+00
1.622785300818784471e+00
1.633574538745349081e+00
1.646489350547415187e+00
1.660251657604888464e+00
1.666271665478422204e+00
1.677398812537506112e+00
1.687776142748296015e+00
1.701129464357255205e+00
1.712346239597095865e+00
1.720141195089460284e+00
1.732011387897090637e+00
1.740536974827062489e+00
1.751962227286308238e+00
1.762404220129091037e+00
1.769498575894413950e+00
1.781311503472079227e+00
1.793546008575072515e+00
1.803235339726508402e+00
1.810128474002648424e+00
1.819786483253627907e+00
1.831721547995877053e+00
1.837519452831702482e+00
1.849148110490983710e+00
1.857765373582546342e+00
1.868687119536004193e+00
1.876134171620458035e+00
1.885853239766225986e+00
1.895220083681601109e+00
1.903889710935972035e+00
1.913085978190650849e+00
1.922036002084051454e+00
1.931981675612964189e+00
1.938640059927431381e+00
1.947407356020770308e+00
1.956296443845508826e+00
1.964913186155380131e+00
1.972263730738069043e+00
1.982137865089538487e+00
1.986527031325538317e+00
1.997461995254446343e+00
2.005692994980153188e+00
2.011839200130275618e+00
2.020750398074067533e+00
2.028217662626198958e+00
2.038001952092489688e+00
2.044957446234660914e+00
2.051528842702129651e+00
2.060864653861256279e+00
2.067088151423555065e+00
2.076411240921496315e+00
2.081414508600879287e+00
2.088583039657165852e+00
2.097982985454679206e+00
2.105160577110619435e+00
2.113443838019594345e+00
2.119312961436982334e+00
2.125935286669549562e+00
2.133030235572396016e+00
2.139865008942862357e+00
2.147815354531026788e+00
2.153259248059390618e+00
2.160223086156511041e+00
2.169851127197631069e+00
2.173116966523020555e+00
2.181135561406004619e+00
2.188269114100271029e+00
2.193827902168150157e+00
2.199290542190669662e+00
2.207458764697710407e+00
2.213081673564611052e+00
2.218737232378481750e+00
2.225121671022112224e+00
2.229670514470564413e+00
2.239426632391232186e+00
2.244681204579680234e+00
2.249227308047076157e+00
2.256497964918443344e+00
2.262582642590706516e+00
2.267690960594412442e+00
2.274427943163991994e+00
2.279861829450506860e+00
2.285925180578447513e+00
2.291317590657520942e+00
2.298808965147560279e+00
2.303926821191018881e+00
2.308767593273854501e+00
2.314760292316099477e+00
2.323412019174319276e+00
2.326123612224671344e+00
2.331368791379919259e+00
2.337030650063006920e+00
2.341702647967476736e+00
2.347625058766206418e+00
2.353188016147357065e+00
2.357411538854359279e+00
2.362407861564963074e+00
2.369145656569052072e+00
2.374521571001945830e+00
2.379435146545807456e+00
2.386066564687176594e+00
2.388828130571221564e+00
2.394093332608391300e+00
2.397977201795282287e+00
2.404681344515456676e+00
2.409162691739530793e+00
2.414659528359664353e+00
2.419451116901479182e+00
2.424284060097327664e+00
2.427557092399576621e+00
2.433173879501075998e+00
2.438472200302790771e+00
2.440578209581103497e+00
2.446016348963019116e+00
2.450520693647179726e+00
2.456516278062738756e+00
2.461688111033309756e+00
2.464400430098791617e+00
2.470719581701517065e+00
2.475490189966167431e+00
2.479049862764497458e+00
2.483172367148249737e+00
2.487824071906362455e+00
2.492593151575937416e+00
2.495442004746074804e+00
2.499337885248679392e+00
2.506674813141640534e+00
2.509716409700880391e+00
2.510981988263445430e+00
2.513377658546868787e+00
2.524056741305325424e+00
2.533512043271200831e+00
2.528763436115734287e+00
2.524452601380363426e+00
2.536675571392278172e+00
