-6.008440863547677251e-03
-5.363448966113092131e-03
-5.698030858889131453e-03
-7.914409038685617931e-03
-8.207973575650307288e-03
-1.119638703279801466e-02
-2.272048735027457338e-03
4.240900891433647089e-03
3.585696984663003673e-03
1.055379237269357326e-02
2.001817442688556131e-02
3.780329575524063457e-02
3.772254101501230916e-02
5.183936088950657356e-02
7.001871143696143662e-02
7.496723768904275942e-02
8.609236465124914250e-02
1.161965946950650752e-01
1.374554560355325528e-01
1.405254356039441210e-01
1.625386205924181093e-01
1.771203292133007035e-01
1.926533644918908827e-01
2.105555244584530195e-01
2.355614637689286139e-01
2.492701399235279502e-01
2.602436205033700767e-01
2.889681663658840716e-01
3.130152266819942741e-01
3.230056510329483155e-01
3.381135200881965619e-01
3.595187260630862691e-01
3.845119122390195932e-01
3.927294060277650156e-01
4.128958151829786316e-01
4.375804288231704975e-01
4.467200712092582182e-01
4.721285191917918844e-01
4.891304419804947679e-01
5.041158824438838337e-01
5.266810052979404855e-01
5.526117497483324925e-01
5.653036264581527970e-01
5.839594076541749779e-01
6.002985075866004161e-01
6.236913691699622619e-01
6.365765964096327112e-01
6.592601853856513427e-01
6.791781261946827630e-01
6.960628687457325325e-01
7.139181337775739600e-01
7.336405594885373471e-01
7.418498009432926699e-01
7.643174180088933012e-01
7.805177519866177693e-01
7.962015948686569367e-01
8.137767030872450347e-01
8.303984482252134702e-01
8.530527940628769290e-01
8.657092531935199897e-01
8.812806990408910135e-01
8.955856850475484299e-01
9.190376010606933210e-01
9.291230897223821117e-01
9.509053317986342346e-01
9.649612154020880128e-01
9.803625669967626077e-01
9.962319760021348669e-01
1.013029127304786448e+00
1.027607382232062827e+00
1.041749138687090515e+00
1.060213324218598041e+00
1.076043664004388445e+00
1.090245702615586731e+00
1.106389038250063850e+00
1.117121926930258580e+00
1.133056186991203695e+00
1.149029454797866556e+00
1.158857297971046085e+00
1.179105604964719722e+00
1.192304744172857589e+00
1.205842959067258802e+00
1.222098581996066580e+00
1.234867318096839250e+00
1.248796122589864055e+00
1.266159363479788968e+00
1.280028437828199861e+00
1.292008267038309510e+00
1.305258500853669457e+00
1.319815609689829028e+00
1.330981212839593031e+00
1.344711805262647886e+00
1.356888683560369957e+00
1.369646784950888874e+00
1.383034934462567644e+00
1.396956900179615602e+00
1.409015867430322366e+00
1.423137093558786814e+00
1.432664245864930574e+00
1.447154192699494413e+00
1.458152397923295318e+00
1.471183687982653421e+00
1.482492697171264862e+00
1.495382726261254014e+00
1.505356684659140853e+00
1.516577130673559370e+00
1.530620413990593010e+00
1.542352528532499267e+00
1.554510443659813834e+00
1.564266917214056862e+00
1.575338851647625882e+00
1.585931261667528069e+00
1.597059803619261587e+00
1.609461884330783077e+00
1.623226655857448186e+00
1.628895961279543281e+00
1.640955742387675720e+00
1.650913073226609296e+00
1.663693817917142326e+00
1.675501590362529436e+00
1.683055751048995408e+00
1.695021628666498748e+00
1.703485382836374740e+00
1.715246596554081959e+00
1.725877929432846347e+00
1.732861418971654910e+00
1.744446828030605801e+00
1.756768045896831776e+00
1.766055721394753641e+00
1.773257067904841389e+00
1.783221122451793983e+00
1.795378532350012435e+00
1.800681821237085423e+00
1.812938645819295091e+00
1.821505793050881117e+00
1.832583398857046353e+00
1.839558711424102544e+00
1.849545931363595352e+00
1.859184062576388241e+00
1.867530785166283680e+00
1.876742704844141185e+00
1.886019971281452046e+00
1.895939665917562467e+00
1.902907355090464714e+00
1.911746284681879793e+00
1.920642779092425867e+00
1.929228715940481509e+00
1.936322421935698257e+00
1.946517975740318818e+00
1.950581818024154757e+00
1.961301015588801766e+00
1.970413030445972158e+00
1.977037334193373352e+00
1.984666989490293965e+00
1.992370884349632831e+00
2.002768189947134569e+00
2.009303350107949360e+00
2.016586889063871624e+00
2.025725952711078914e+00
2.032645151662850314e+00
2.041400901624448760e+00
2.046807138408541782e+00
2.054334109655591600e+00
2.063639468889883144e+00
2.070165322590853840e+00
2.079194427058431494e+00
2.084722220681973326e+00
2.092616518120462565e+00
2.098753407851347230e+00
2.105918250254441570e+00
2.112716440058354017e+00
2.119041740737931612e+00
2.126592089675298780e+00
2.135791764544483939e+00
2.139247851754404461e+00
2.147922221351310057e+00
2.153854826175449766e+00
2.160550357947799593e+00
2.166520391118984090e+00
2.173673250494532638e+00
2.178986897821514113e+00
2.185760407527364002e+00
2.192317859333853036e+00
2.196947167711286397e+00
2.207461154855824503e+00
2.212809416930906270e+00
2.217206663509206255e+00
2.223224648891497957e+00
2.230459269275185008e+00
2.235611620734525129e+00
2.242407004203952336e+00
2.247744943172849563e+00
2.253960645986263334e+00
2.259623898335822556e+00
2.266707283195765310e+00
2.271543974274067512e+00
2.277085658662175938e+00
2.283144804770211422e+00
2.290729606302442267e+00
2.294335304595900737e+00
2.300025511346932117e+00
2.305622593492508532e+00
2.310424197943616420e+00
2.314742681787918865e+00
2.322370694831548121e+00
2.327343723086995109e+00
2.331574282513049212e+00
2.337785418254165748e+00
2.343656310163423129e+00
2.348485519862018478e+00
2.355753899486988878e+00
2.357605083349666231e+00
2.363227367023503334e+00
2.367520324226351836e+00
2.374457111448508684e+00
2.379023109890217036e+00
2.383477774243393021e+00
2.389371497826662250e+00
2.393437916024534040e+00
2.396563869137400271e+00
2.403676179080410868e+00
2.407728449319948894e+00
2.410655601060127218e+00
2.416117378666639670e+00
2.422524881424013898e+00
2.426962735573090058e+00
2.433098731495962674e+00
2.435764828409200611e+00
2.440611915389096609e+00
2.445958855015726297e+00
2.451016308509094799e+00
2.453827125268559062e+00
2.458556812374123712e+00
2.463278923808130294e+00
2.466533137144630849e+00
2.470770643256464449e+00
2.478120603209790662e+00
2.482123451320248364e+00
2.484036251615307389e+00
2.484022152879547196e+00
2.495684848652666599e+00
2.507249253250793064e+00
2.501311200215069697e+00
2.494686765435835785e+00
2.507860963633859797e+00
