-6.012258265120620261e-03
-5.007947026486814050e-03
-5.101755020649056602e-03
-6.953540913789241565e-03
-7.387491962222960534e-03
-1.008389530227950422e-02
-1.964500279221151075e-03
4.065967338264530294e-03
3.361890716376446202e-03
9.556770905006912314e-03
1.812692803760622418e-02
3.447344977045448122e-02
3.435989285172399293e-02
4.704541104816881841e-02
6.384394340234056386e-02
6.767386526661511859e-02
7.825174573369367281e-02
1.061624014341540218e-01
1.255561027363786830e-01
1.280314324718918040e-01
1.485006416386111527e-01
1.615826464249713323e-01
1.757022160445881886e-01
1.923077413064763763e-01
2.155935514027452760e-01
2.284834977461873973e-01
2.387817733092138794e-01
2.648342853870646052e-01
2.877735355361786262e-01
2.962837577990586335e-01
3.103440897783728003e-01
3.307968626526525679e-01
3.534018422048014196e-01
3.607512634073557489e-01
3.801041450663381616e-01
4.037662432237715260e-01
4.117419427946303889e-01
4.355111849625980525e-01
4.517096944779331880e-01
4.659843277659662664e-01
4.870410535731784507e-01
5.124351633638950521e-01
5.223034233820240679e-01
5.406242195295828390e-01
5.557571471266876673e-01
5.779413986534914782e-01
5.900679158847066397e-01
6.124121896670160492e-01
6.310439992402583353e-01
6.463193583470048242e-01
6.632633634202388384e-01
6.817603043962202625e-01
6.889649846721797033e-01
7.093441915166802669e-01
7.249905657435666839e-01
7.403690739844140944e-01
7.578747907652140237e-01
7.721224362531167174e-01
7.950657641243789042e-01
8.065221441449352824e-01
8.215106307960133858e-01
8.343938063525555560e-01
8.583646455907666395e-01
8.673865448218484042e-01
8.880433215596797991e-01
9.001939031322281348e-01
9.155579096312926879e-01
9.315490800088666035e-01
9.475165399390194088e-01
9.607564680918312394e-01
9.750630453307458367e-01
9.932246608415417066e-01
1.007642083164737690e+00
1.021880370814260530e+00
1.036929360185390614e+00
1.047948522143001160e+00
1.062004300465597018e+00
1.078803581898950981e+00
1.088347618447793819e+00
1.107623929706399002e+00
1.120331165858571065e+00
1.134281118187777437e+00
1.149713783561399971e+00
1.161976993223555965e+00
1.174962182150846024e+00
1.193775176971302088e+00
1.205194418696760694e+00
1.217500544591874734e+00
1.229775313313336005e+00
1.243444955019204823e+00
1.254520027662931358e+00
1.268356738903478442e+00
1.280367986616057552e+00
1.293087063607841092e+00
1.305808400770869682e+00
1.317851956016471648e+00
1.331613439594347525e+00
1.345050266008143147e+00
1.354761708896824013e+00
1.369173239816533716e+00
1.379182872267223026e+00
1.392323619577306104e+00
1.403120887507789405e+00
1.414458064944581928e+00
1.425990648289871876e+00
1.436877155476234513e+00
1.450675499816879377e+00
1.462122679907501999e+00
1.473173323440306604e+00
1.484328647153218661e+00
1.494916954217322402e+00
1.505628783939335191e+00
1.517123100694175220e+00
1.528584534293810249e+00
1.541577250202596172e+00
1.548120284201750740e+00
1.561191004249667502e+00
1.570608136035327229e+00
1.582105174004916792e+00
1.594495834746034513e+00
1.601861744349172945e+00
1.613298769803815258e+00
1.623313600943021795e+00
1.634822635814723535e+00
1.644634473500702354e+00
1.652678179189125851e+00
1.663307119444514814e+00
1.674844400745987283e+00
1.683593362594861587e+00
1.692626466239359972e+00
1.702356837398065537e+00
1.714211309725146792e+00
1.719789110139448685e+00
1.732411407937076042e+00
1.741050343371722375e+00
1.751492867731979874e+00
1.758180375310572474e+00
1.768187391055620283e+00
1.779008655238970782e+00
1.786757336182610345e+00
1.795906693369719198e+00
1.804284048241730609e+00
1.813537341943697978e+00
1.822666667792161910e+00
1.830982001013421678e+00
1.840075316304193409e+00
1.849004536143539879e+00
1.855169096508720639e+00
1.865695611775095353e+00
1.870002344220291768e+00
1.881120593755320813e+00
1.890626101037416351e+00
1.897348479821810319e+00
1.903712971180819391e+00
1.912183112353458503e+00
1.922393596627036016e+00
1.928721285452671630e+00
1.937697848353792551e+00
1.945860262496158510e+00
1.953469346456562894e+00
1.961081657883898988e+00
1.968185101164968920e+00
1.976826279753761018e+00
1.984213917336430155e+00
1.990605879909209674e+00
1.999864366077773958e+00
2.005482898424352900e+00
2.014137161175585167e+00
2.019283472609847863e+00
2.028119794479652072e+00
2.032745623118863865e+00
2.040552437287795673e+00
2.048152838028438616e+00
2.056903594256701329e+00
2.061771236935182827e+00
2.070892035196399306e+00
2.076029855193985529e+00
2.083090131842950665e+00
2.089699282437891714e+00
2.094955074988183341e+00
2.100108003193887907e+00
2.109309460890528953e+00
2.116501842021463631e+00
2.120718084247637858e+00
2.129153275057877437e+00
2.135393406835995211e+00
2.141492467586584070e+00
2.144699309903563833e+00
2.153444415176530402e+00
2.159590587770146453e+00
2.165735178628566793e+00
2.171566136864671037e+00
2.176941962163930100e+00
2.184317620832617379e+00
2.189113461953417605e+00
2.194946473238872375e+00
2.202398058265826464e+00
2.207556023357516217e+00
2.212808076101338894e+00
2.218714840981284020e+00
2.224522536831033293e+00
2.230941444093561099e+00
2.235628620882357254e+00
2.237889562520019915e+00
2.248771620242036917e+00
2.254247812487225833e+00
2.258410738200530510e+00
2.263085213929006301e+00
2.270686970266615923e+00
2.273844455468644554e+00
2.281348181539544662e+00
2.283377987376440377e+00
2.289749189113920114e+00
2.294866696077716206e+00
2.301387516600976735e+00
2.305992273720814723e+00
2.309591126269270767e+00
2.317370073431917366e+00
2.320811157809348657e+00
2.325142290359323294e+00
2.332376786556733084e+00
2.334769410304992299e+00
2.340414893847361899e+00
2.346502934563915233e+00
2.352238940799593170e+00
2.355436834565701520e+00
2.362909245296763050e+00
2.365793724901912753e+00
2.370049512872212549e+00
2.375711602777760501e+00
2.380652942749687639e+00
2.383841614388744645e+00
2.388556257257749671e+00
2.392637759541631937e+00
2.398761401085227174e+00
2.402116816692665857e+00
2.410136526196835938e+00
2.412593407641780541e+00
2.415500152494182817e+00
2.415309740262013172e+00
2.428257275524625669e+00
2.439299371554684015e+00
2.432715496884123585e+00
2.427368662637145125e+00
2.439083461597352009e+00
