-5.779296181367098162e-03
-4.126013788671136634e-03
-3.718762645720713467e-03
-4.849236263136764806e-03
-5.547053065252950318e-03
-7.633498714487672865e-03
-1.242491157770316641e-03
3.615299633145577403e-03
2.880999798440917522e-03
7.471496168730946963e-03
1.415975453512883370e-02
2.715019481536912541e-02
2.689267277521624130e-02
3.650360126577986003e-02
5.011104451816408845e-02
5.203391473564133313e-02
6.110991161063000776e-02
8.361788706911385538e-02
9.870562610505073664e-02
1.002704697570509784e-01
1.170352216336138507e-01
1.267454122669748606e-01
1.380258794652498844e-01
1.514974615659223089e-01
1.705323619784247791e-01
1.814429853242805757e-01
1.901733191508107323e-01
2.096067281817263206e-01
2.302866599866361108e-01
2.351656563359229291e-01
2.471180169603794108e-01
2.648629185547778930e-01
2.812578469219398358e-01
2.879087663919992490e-01
3.046658621795589883e-01
3.258084621110588497e-01
3.310916255520408580e-01
3.504082666971027882e-01
3.650058928857016771e-01
3.780296548076468865e-01
3.945557473186118158e-01
4.186038185128145295e-01
4.214602985946613867e-01
4.388399264252522691e-01
4.509381589701393911e-01
4.700086084961761501e-01
4.810981410190475205e-01
5.007740793009112235e-01
5.164237659855018814e-01
5.279055945877317857e-01
5.436948782920558720e-01
5.582538801288250419e-01
5.640677732807081179e-01
5.800329137613817743e-01
5.944159232591417208e-01
6.075449250508511145e-01
6.256501000182000949e-01
6.331734111973336132e-01
6.560520681808064136e-01
6.648854779743225141e-01
6.781933766087239190e-01
6.893812790588459416e-01
7.112389841569656257e-01
7.190975551433830271e-01
7.371185508036331990e-01
7.468346203752631585e-01
7.592987944021847291e-01
7.758230301541679808e-01
7.889378590839156713e-01
7.999214325033017214e-01
8.146811470065804528e-01
8.308827106539935503e-01
8.413357011284019471e-01
8.558792865737929745e-01
8.677228591952534931e-01
8.810737699186980132e-01
8.901166367304428340e-01
9.065563998363743714e-01
9.165008569983958964e-01
9.316193141549941048e-01
9.441995299975322053e-01
9.565836248164923949e-01
9.702781551296336682e-01
9.803743472372032919e-01
9.906380079657103321e-01
1.009990677493746825e+00
1.019276310091194571e+00
1.029827848461747797e+00
1.042536329451629218e+00
1.052496554323058220e+00
1.064788895297279936e+00
1.076748316151618479e+00
1.088773633383592898e+00
1.100601052805881830e+00
1.110569293135019953e+00
1.120371360540442618e+00
1.136280633955967234e+00
1.146625748196704153e+00
1.158141854273629257e+00
1.170271327730229682e+00
1.176996037729312938e+00
1.190656700792892320e+00
1.200066369371299180e+00
1.212071827314507910e+00
1.222539128646016993e+00
1.233636379291218388e+00
1.244927232224497748e+00
1.255598735302813962e+00
1.265707684483539097e+00
1.276972432847844674e+00
1.288816101150975335e+00
1.297371809808553822e+00
1.308663894232379388e+00
1.320076040502503156e+00
1.328722838099531955e+00
1.338128299129589971e+00
1.350704809595991485e+00
1.358875372806288340e+00
1.367365014140552004e+00
1.379205643881305177e+00
1.388473792934972861e+00
1.397964139330808209e+00
1.410356026391200057e+00
1.417404417683110207e+00
1.427648632550984731e+00
1.436659160358792819e+00
1.445746141259077078e+00
1.455347508097749376e+00
1.463648876868980819e+00
1.476087583069842335e+00
1.482001474276810615e+00
1.492540480209357368e+00
1.502998220139729613e+00
1.511105016173726279e+00
1.520680449857020111e+00
1.529609230149071353e+00
1.539163056853269707e+00
1.545927157921116235e+00
1.556939769576439758e+00
1.563622174800672449e+00
1.574688890581272149e+00
1.580686419377569818e+00
1.590253093707101772e+00
1.598741564147203142e+00
1.606850744004526543e+00
1.616141578227431541e+00
1.626171709915062102e+00
1.630717735619660047e+00
1.641350317789744162e+00
1.651246184911132620e+00
1.658445923295889690e+00
1.666481230370673750e+00
1.674124093907783717e+00
1.682937658441313378e+00
1.689688740909115472e+00
1.697043082975729034e+00
1.706393449826918429e+00
1.714477116313382510e+00
1.724198896829549410e+00
1.730286171526702610e+00
1.737656792996587596e+00
1.746223520565361564e+00
1.754486941829207947e+00
1.761897053034533700e+00
1.767395695160101310e+00
1.775755436175149748e+00
1.782272886996240979e+00
1.789080349819218485e+00
1.798987179854674601e+00
1.804880501529769976e+00
1.813997281180430798e+00
1.820332300556886773e+00
1.827146148439055651e+00
1.834537504424443188e+00
1.842260715779215685e+00
1.848887543499273312e+00
1.856830021391382868e+00
1.860528349791793046e+00
1.868758473354899419e+00
1.876609759401826061e+00
1.884096146455807919e+00
1.888677602295544267e+00
1.897229646817109261e+00
1.902331765586345425e+00
1.910770508101799381e+00
1.916562088854106394e+00
1.922743821996723668e+00
1.931237072463833249e+00
1.936632116299794371e+00
1.942357504015302494e+00
1.949821141105206213e+00
1.956412047868312021e+00
1.962842489821961856e+00
1.969099401126797266e+00
1.974851980078354829e+00
1.980048925759799960e+00
1.987504068653555889e+00
1.993767007865411056e+00
2.001067700480536615e+00
2.005946471365454453e+00
2.012763885140358422e+00
2.017570786485150869e+00
2.023577152786705469e+00
2.029824467652391551e+00
2.035946991790313909e+00
2.042129720223454292e+00
2.048197028517903195e+00
2.053746092261969025e+00
2.059845932477681885e+00
2.065292374441115797e+00
2.072085885333839528e+00
2.078097689161431116e+00
2.082661052328988127e+00
2.088929609942311583e+00
2.094429515931849561e+00
2.100261385463429775e+00
2.105962579040904892e+00
2.109110041889571185e+00
2.116594089429166825e+00
2.120690201226795857e+00
2.125858551895815740e+00
2.133149946333601221e+00
2.137878247578743451e+00
2.140925544837850136e+00
2.148890926145604841e+00
2.153371722812626121e+00
2.157602184376264276e+00
2.164365666511885777e+00
2.169395165648940971e+00
2.175387316076209832e+00
2.180382470043435994e+00
2.184175513633975996e+00
2.190359935412412362e+00
2.193401790925108674e+00
2.200393037074736213e+00
2.203904729121099582e+00
2.209866244896873777e+00
2.216825782724203275e+00
2.217412510594950703e+00
2.218685687368418868e+00
2.230850662868168577e+00
2.242514376503119244e+00
2.238530359638654765e+00
2.229698149860596335e+00
2.246188110651557768e+00
