-5.397337723952586562e-03
-2.565662801081023368e-03
-5.643940520106381642e-03
-3.646868573010132990e-03
-3.281686022773827767e-03
-4.308107014801981945e-03
-4.721011839115304802e-03
-6.065598034456692877e-03
-7.283323714475567869e-04
2.968957713560429860e-03
2.084719982900896593e-03
6.334653463827794734e-03
1.244825880605914328e-02
2.351988294400050514e-02
2.275095907087727395e-02
3.067399973388541812e-02
4.287959336851297765e-02
4.444729041517850310e-02
5.253329652351045737e-02
7.165145179387001628e-02
8.434984754310008437e-02
8.576910727249292821e-02
1.007388956948361697e-01
1.087794947711666904e-01
1.184850728387174951e-01
1.301221848747333987e-01
1.467433182098613897e-01
1.566628762809831044e-01
1.645406772735840406e-01
1.803797939374988113e-01
1.997258286519171533e-01
2.026286052608155253e-01
2.135482631652242391e-01
2.295973571283623504e-01
2.425298680074657598e-01
2.492949595072051494e-01
2.641325870710114487e-01
2.838336155444893261e-01
2.877519704267549328e-01
3.043831857735028734e-01
3.179176097898344100e-01
3.305955911090663890e-01
3.441095360778625434e-01
3.670684396283476203e-01
3.666186614839130886e-01
3.829638531601608498e-01
3.934617610612960448e-01
4.108464940727170056e-01
4.212626982461625813e-01
4.391264771648585863e-01
4.527814432213491114e-01
4.622418056932568464e-01
4.777175548839889263e-01
4.894689626153236883e-01
4.955723182927534998e-01
5.089915072279177499e-01
5.221688330347810103e-01
5.336916777446925053e-01
5.514012477685475977e-01
5.562128296820211260e-01
5.778942249087950511e-01
5.854157220823276164e-01
5.972911971357860450e-01
6.088787074883823536e-01
6.275068293965364585e-01
6.352433078608710204e-01
6.518474686347727198e-01
6.609224150570970346e-01
6.710046538157901086e-01
6.872877849036101994e-01
6.983165277744473043e-01
7.087898652860376014e-01
7.230984342221321581e-01
7.374585719346079538e-01
7.459524330147644378e-01
7.600819070177702308e-01
7.708678727256891294e-01
7.834016980675668762e-01
7.912645091095703576e-01
8.059057380274545768e-01
8.158495359066523234e-01
8.290683554420431589e-01
8.410632015710605147e-01
8.522304088347317785e-01
8.645027283347336278e-01
8.737854354463141515e-01
8.826351010225212956e-01
9.013731697264125708e-01
9.087484047401287457e-01
9.187067334634767546e-01
9.316757553145816884e-01
9.397892831486076570e-01
9.517325167662618046e-01
9.629400192012980142e-01
9.737998461560004593e-01
9.844715514934166967e-01
9.944520074265130738e-01
1.002787969658833100e+00
1.017728865720279208e+00
1.027697052755740748e+00
1.039062843463004038e+00
1.049068674532566137e+00
1.055531256446615274e+00
1.068791999189879327e+00
1.077428652253322294e+00
1.088499597243397732e+00
1.098579757167319038e+00
1.109460629636487505e+00
1.119484628766884704e+00
1.129527051560170081e+00
1.139227406956148547e+00
1.149837624181502260e+00
1.160847226871762450e+00
1.168537365736915801e+00
1.179689328312000463e+00
1.190192957180981725e+00
1.197686198237807309e+00
1.207218710076196633e+00
1.218693710742025260e+00
1.226928003353945584e+00
1.234878412738461329e+00
1.247082700644097653e+00
1.254772542347188713e+00
1.263913341535809254e+00
1.276071458459059782e+00
1.282109733840024246e+00
1.292592587973574014e+00
1.300881827811718683e+00
1.310444762044152833e+00
1.318784697159656183e+00
1.327463861164187575e+00
1.338074184826670621e+00
1.345086467437934363e+00
1.355530010816616171e+00
1.366121752759483776e+00
1.374216322654262967e+00
1.381712906246324035e+00
1.392093639767624902e+00
1.399812727130755441e+00
1.404891992227855990e+00
1.416393036738982092e+00
1.425105283625774488e+00
1.434244647640581904e+00
1.440950698685684817e+00
1.449764567024330209e+00
1.457355567136638053e+00
1.465356860431391572e+00
1.474152553085099626e+00
1.483813089307912669e+00
1.491568637518722928e+00
1.499498134750294476e+00
1.510002487880671485e+00
1.516440429321077143e+00
1.524043294359294975e+00
1.532315706153000834e+00
1.540070641349382985e+00
1.546358063369158709e+00
1.554773736383055160e+00
1.562913654423240706e+00
1.571131771758408791e+00
1.580055364191683687e+00
1.586942238998864330e+00
1.592785025947097477e+00
1.601186982550595106e+00
1.608890940258612234e+00
1.616951381866727822e+00
1.622025800964744358e+00
1.631522625512030311e+00
1.639040420954435806e+00
1.644738429579614136e+00
1.654552285488326779e+00
1.660078885450010366e+00
1.668650958105859505e+00
1.675555899333665222e+00
1.680851691314406704e+00
1.687664583780708716e+00
1.694942095128090465e+00
1.703295973775967198e+00
1.708854965854139651e+00
1.715832893426009420e+00
1.723220789698435063e+00
1.731459505410116506e+00
1.737539517726106153e+00
1.742408234997432803e+00
1.751827079546478316e+00
1.756371670378947591e+00
1.765397432155126900e+00
1.770192251834981301e+00
1.776184453922642792e+00
1.785020194255520165e+00
1.791728699214355069e+00
1.797353299957502815e+00
1.803558003894657480e+00
1.809769074850090753e+00
1.816399971712187922e+00
1.823845714448477207e+00
1.829174928879458761e+00
1.834727752235511211e+00
1.842377229405408157e+00
1.848456380958058975e+00
1.854497306423866343e+00
1.860994279468056511e+00
1.866474856508470781e+00
1.870991320187394225e+00
1.876841563817471803e+00
1.884334728677637294e+00
1.891302706442590242e+00
1.897346325230403696e+00
1.901827273792688455e+00
1.908940213861985979e+00
1.912452494849354645e+00
1.920458229233116265e+00
1.926551291971464686e+00
1.933250654538697155e+00
1.938179356782327334e+00
1.945261980199911367e+00
1.949940828178636787e+00
1.954759144687166605e+00
1.959498370129133971e+00
1.966242816713229979e+00
1.972591720392339543e+00
1.976643375861653951e+00
1.982477336891813824e+00
1.989125675254728165e+00
1.992948906659421482e+00
1.998883402891930450e+00
2.005501895654001387e+00
2.010464790329634877e+00
2.015772550078382519e+00
2.021235784138705860e+00
2.025971276920478292e+00
2.031773709399686378e+00
2.036854803722001339e+00
2.041595554467565243e+00
2.047982195738442979e+00
2.053187866341891876e+00
2.057295806687149398e+00
2.063217017316060442e+00
2.067865413668745322e+00
2.073126964809893114e+00
2.073869406123221459e+00
2.079134861011474822e+00
2.090179912444372956e+00
2.100457136260517554e+00
2.095480197539243861e+00
2.093933583890332795e+00
2.106121813254775876e+00
