-5.124342883523909029e-03
-2.342347300654640772e-03
-5.640137615050730760e-03
-3.501320241958713088e-03
-2.994883951255663049e-03
-3.834704341816115320e-03
-4.355093731534424167e-03
-5.615180955684890597e-03
-6.620066760493717884e-04
2.783237706185342879e-03
1.924288910982810364e-03
5.723643319623148741e-03
1.132230607557343539e-02
2.152172041617946008e-02
2.080843215766695412e-02
2.798513561771498806e-02
3.925416261099276549e-02
4.049948271105121428e-02
4.809982470089810280e-02
6.570177299494134315e-02
7.730404895344439309e-02
7.856508645893550691e-02
9.245136574828351217e-02
9.965981963328025828e-02
1.086934052413757318e-01
1.194564675437677637e-01
1.347911945163881020e-01
1.441160622702492844e-01
1.515286311138945297e-01
1.656105921460120367e-01
1.842440741069368282e-01
1.861922588155294767e-01
1.965357631251337944e-01
2.116306246897038668e-01
2.228479522178729855e-01
2.297545898779708995e-01
2.434792495138236035e-01
2.623895514297266973e-01
2.656623083436429611e-01
2.808721404628793383e-01
2.937742183921827066e-01
3.063459690778809197e-01
3.181854521592794582e-01
3.404379409228077136e-01
3.385920903401810622e-01
3.541915212108003308e-01
3.638666674453713834e-01
3.804208952028384494e-01
3.903824674350326318e-01
4.073334779611330614e-01
4.198423519223892786e-01
4.283144700511031799e-01
4.435012635870606568e-01
4.537723306401790779e-01
4.603187318063662326e-01
4.723237668884669449e-01
4.846959122055647384e-01
4.954073678520659607e-01
5.124689364423808957e-01
5.165055919510586069e-01
5.370966094385357659e-01
5.440376790829382081e-01
5.551576250036344140e-01
5.670541577727611360e-01
5.836208084083535086e-01
5.914665466531157101e-01
6.070945873790184466e-01
6.160097200855465527e-01
6.248149819649261305e-01
6.407339195836925239e-01
6.507497210523756070e-01
6.610029593917282620e-01
6.748250793292801530e-01
6.880489779510561288e-01
6.956788721315895208e-01
7.094845873781152612e-01
7.196734052785899172e-01
7.312174426520092752e-01
7.391367188985582537e-01
7.526073214158028879e-01
7.622779679897613292e-01
7.747920781163272208e-01
7.860113073388497185e-01
7.967392807532707177e-01
8.082219136131396642e-01
8.171184148535747260e-01
8.254530252025475967e-01
8.435011857692021886e-01
8.497075321006860582e-01
8.596540409029712615e-01
8.724224461699541244e-01
8.797480411329461347e-01
8.910835384908751822e-01
9.019271970453403009e-01
9.122138483445111357e-01
9.222442763636438112e-01
9.324559602577641160e-01
9.399513549570107651e-01
9.541539493201030009e-01
9.636163182109214187e-01
9.748387253711264799e-01
9.838720169669121773e-01
9.905671026007787372e-01
1.003164607467322833e+00
1.011250012466090364e+00
1.021436002177152247e+00
1.031805584052539970e+00
1.042597658631123858e+00
1.051575153913258065e+00
1.061659429982386049e+00
1.070767924249544922e+00
1.081342947992518511e+00
1.091110976764766205e+00
1.098786771649064686e+00
1.109649768851087792e+00
1.119374048375210151e+00
1.127299323249987495e+00
1.136426944830957408e+00
1.147339317575716722e+00
1.155806081795928586e+00
1.163043986720598610e+00
1.175087246528289553e+00
1.181702336294091493e+00
1.191300301232652181e+00
1.202480243696957496e+00
1.208709124923930789e+00
1.218946024240552983e+00
1.226279085444983208e+00
1.235803613111988497e+00
1.244326316244760200e+00
1.252912194688594605e+00
1.262557670822330724e+00
1.270148518532645543e+00
1.280155391943079923e+00
1.290119536990292470e+00
1.298415267390764072e+00
1.305207682303953343e+00
1.315242398109015998e+00
1.322275903152640542e+00
1.327159401707181496e+00
1.339489558569180838e+00
1.347668283232449582e+00
1.356246113840628542e+00
1.363051472266531006e+00
1.370912192816434283e+00
1.378881602824506336e+00
1.386986758563221844e+00
1.395340504155562655e+00
1.404259871646762914e+00
1.412671706606590138e+00
1.420050319225234503e+00
1.429649078128023776e+00
1.436455634592778141e+00
1.443599687823134969e+00
1.451651916549818289e+00
1.459337612414455698e+00
1.465246526664063520e+00
1.474241271744960224e+00
1.481623795806987998e+00
1.489940965159317177e+00
1.497776211993202322e+00
1.504668083325468642e+00
1.511025514889681842e+00
1.518034789740982937e+00
1.526058519129972701e+00
1.534080149151848982e+00
1.539781066158866674e+00
1.548876543037169373e+00
1.556404573858322538e+00
1.562340807477256899e+00
1.570777922587813569e+00
1.577281831960529512e+00
1.584456422664124675e+00
1.591852597544311410e+00
1.596672761236116234e+00
1.603928600108924352e+00
1.610837216253717008e+00
1.619608289257705058e+00
1.623978068678219699e+00
1.632448140729228392e+00
1.639599750217609619e+00
1.646992983481276207e+00
1.652847241777188891e+00
1.658949652194393165e+00
1.667223511287084570e+00
1.671615994222476864e+00
1.679554387168938456e+00
1.685596491489785409e+00
1.691954269644161846e+00
1.700664555590735150e+00
1.707095793412359841e+00
1.712838478080189741e+00
1.718255421193842336e+00
1.725428086718572951e+00
1.730967224710331598e+00
1.738608990950026412e+00
1.743489925702387700e+00
1.749509832610984361e+00
1.757413528287099735e+00
1.763767905642342093e+00
1.767902444931115813e+00
1.775874157364597750e+00
1.781184313093482574e+00
1.786019474246275829e+00
1.791176318597246464e+00
1.799700219268993928e+00
1.806163380377849181e+00
1.812449956345473456e+00
1.816468545935004286e+00
1.823292852602641290e+00
1.827736725133917384e+00
1.835479494563365677e+00
1.841001412562012218e+00
1.847931326627139770e+00
1.852362224086030462e+00
1.859258566234931687e+00
1.864590251986118608e+00
1.869310376850293887e+00
1.874139361831275608e+00
1.881288364234715127e+00
1.887351131760617529e+00
1.891178437030833992e+00
1.897131427798602443e+00
1.903090606051974776e+00
1.908018859093308262e+00
1.914464591856985365e+00
1.918907572249836990e+00
1.924660484501003133e+00
1.931112183604327015e+00
1.935845985038618267e+00
1.940927024622978836e+00
1.946183431045367618e+00
1.950976650801332202e+00
1.956674443843136046e+00
1.962646572313085258e+00
1.967616026731652923e+00
1.971279658175896454e+00
1.977595414960298337e+00
1.983433526088126619e+00
1.988338370742244843e+00
1.989896429535886746e+00
1.992612596045711948e+00
2.005208814507875914e+00
2.016285286026699541e+00
2.010123374678318697e+00
2.008794136399187469e+00
2.021080437817448949e+00
