-5.713545069292353534e-03
-3.467922186949560885e-03
-2.593720582097623888e-03
-3.073089551295911468e-03
-4.037833295987605306e-03
-5.590712833227563620e-03
-8.504361492919160562e-04
2.816229174908020313e-03
2.120798117097744389e-03
5.076889876001546703e-03
9.837267640802791271e-03
1.930519025203756081e-02
1.908982965702603340e-02
2.567080274773356902e-02
3.568475037563986763e-02
3.632178562452036824e-02
4.349579044560055591e-02
5.992479216421368882e-02
7.060583805491865705e-02
7.155069383768578040e-02
8.409101366246841958e-02
9.046743506836110726e-02
9.901052073177300794e-02
1.090266138747365277e-01
1.230207658075535976e-01
1.316189750010193227e-01
1.384964507009196211e-01
1.509340151179086320e-01
1.688598656914966079e-01
1.698928384854855034e-01
1.796130751804749792e-01
1.936703502553294154e-01
2.032480254519778429e-01
2.103380352578919921e-01
2.228810329101389986e-01
2.409320655208990747e-01
2.436147289053544607e-01
2.573635438691552757e-01
2.695466525413812153e-01
2.820383184903744733e-01
2.921530070757633046e-01
3.135747289416040418e-01
3.105847101820367606e-01
3.252819081670608181e-01
3.340925095808444656e-01
3.498665331563306502e-01
3.592802065877304107e-01
3.753289292151966161e-01
3.866586633619960578e-01
3.941252368507979220e-01
4.088964058787617484e-01
4.177575179916060422e-01
4.248625676438503862e-01
4.354242842656363410e-01
4.468294505966700636e-01
4.567428723480013719e-01
4.728605147124794184e-01
4.765649609506495965e-01
4.957179173582357268e-01
5.021272736984436769e-01
5.125940503118949776e-01
5.246338180279895846e-01
5.390666102952808014e-01
5.470368042718293244e-01
5.614776889505357360e-01
5.703383180881229642e-01
5.779069194622600270e-01
5.932071527152535939e-01
6.023443201092070209e-01
6.123274265678334549e-01
6.255485873319858170e-01
6.375201478610533767e-01
6.444052873451318053e-01
6.577920651757319659e-01
6.673474461838172500e-01
6.776264271469600864e-01
6.859540164564903453e-01
6.982113014379384142e-01
7.073913533807513199e-01
7.192911233121261905e-01
7.294793068409358705e-01
7.398575116510991423e-01
7.505951044853564902e-01
7.590228326236689860e-01
7.670538301031665229e-01
7.839510769476999430e-01
7.891909389129314611e-01
7.992281725525411940e-01
8.114230703956161195e-01
8.180835994954885892e-01
8.285809808759830863e-01
8.391493533181422215e-01
8.488848383545097853e-01
8.582017022598061873e-01
8.686723910296670903e-01
8.753027927534039465e-01
8.885903963183890975e-01
8.973135904424733855e-01
9.083328670777440772e-01
9.166063205198036190e-01
9.236304939556457816e-01
9.352789579495582872e-01
9.427159192391324494e-01
9.520232596612834275e-01
9.627910643458821305e-01
9.735948479407221523e-01
9.812258599129262127e-01
9.914773047198509603e-01
9.997787344719246683e-01
1.010360493514005809e+00
1.018597769767300987e+00
1.026452754012050050e+00
1.037013022095995884e+00
1.045843467587144637e+00
1.054273662606747708e+00
1.062893918600120946e+00
1.073218024132056803e+00
1.081706784771233387e+00
1.088024989862979020e+00
1.099878461428329679e+00
1.105524207501261680e+00
1.115668295571790480e+00
1.125467178251701839e+00
1.131957976228292528e+00
1.141861882528644179e+00
1.148077751674386970e+00
1.157457326692491240e+00
1.166544663313590746e+00
1.174745329861997423e+00
1.183912079833136399e+00
1.191336021918895316e+00
1.200747015214623126e+00
1.210330602556118684e+00
1.218322931144446564e+00
1.225126969345580852e+00
1.233672832685105858e+00
1.240895433187784169e+00
1.246347660118700906e+00
1.258603258640837108e+00
1.265585939852926112e+00
1.274320172124505657e+00
1.281025755520024623e+00
1.287922887152479712e+00
1.296330878869372372e+00
1.303744548791645919e+00
1.312266503432194975e+00
1.320418840963916152e+00
1.328631009741104041e+00
1.336396428886167831e+00
1.344510083581673454e+00
1.351447511172138682e+00
1.358588420165434130e+00
1.366082257415532020e+00
1.373617610050500648e+00
1.379505463610588345e+00
1.388840640850613761e+00
1.395402095239929752e+00
1.403957907538780248e+00
1.410704805529531924e+00
1.417441693466102270e+00
1.424225401385027068e+00
1.430244482771210635e+00
1.438580589889632000e+00
1.446448638196080827e+00
1.452750631185846242e+00
1.460953473627716992e+00
1.468065698392143403e+00
1.474736806922407828e+00
1.482091476434941546e+00
1.489337191690058848e+00
1.495296194650300059e+00
1.503004892779974178e+00
1.507738844097802566e+00
1.515442013888369965e+00
1.522145822172680907e+00
1.530356726891163310e+00
1.534560060835235440e+00
1.543384088527768316e+00
1.550228674763040715e+00
1.556709428342738066e+00
1.562972689054469511e+00
1.569467957180169959e+00
1.576857853228402107e+00
1.581531992020184463e+00
1.588419651812319255e+00
1.595333571371241987e+00
1.602393220040362998e+00
1.610418519817164107e+00
1.616169592840991820e+00
1.622178868830550513e+00
1.627444519922236710e+00
1.635064288254628240e+00
1.639734065194383250e+00
1.647009681470809950e+00
1.651843578618123365e+00
1.658314618722638745e+00
1.665749173723785725e+00
1.673064265417202767e+00
1.676122684119528472e+00
1.683622251564204308e+00
1.689681323232430810e+00
1.694643509223699107e+00
1.700196343501132024e+00
1.708052804499368138e+00
1.713796904684348199e+00
1.720066519283334872e+00
1.724759490903767789e+00
1.731631095354524419e+00
1.736799192294060434e+00
1.742742551607506130e+00
1.748685855080544416e+00
1.754632405113776494e+00
1.759552666431085655e+00
1.765618781707723572e+00
1.772437450402238213e+00
1.777282774605917215e+00
1.781574241587716267e+00
1.788050531541742538e+00
1.794578430292417481e+00
1.798228826088920762e+00
1.804494378252617270e+00
1.809312253090679112e+00
1.815305578249588825e+00
1.820992966572660521e+00
1.825619978429682488e+00
1.831314015335585355e+00
1.837835952415599827e+00
1.842246044508157432e+00
1.847927060707764024e+00
1.852857835555401511e+00
1.857318056080506263e+00
1.863551590217397136e+00
1.869190061625159549e+00
1.873522427708444127e+00
1.877534157080946287e+00
1.883737228007486220e+00
1.890564988441070904e+00
1.896536380713384151e+00
1.898471986390055877e+00
1.897540348939467103e+00
1.911124690036382079e+00
1.924544373150340659e+00
1.918002778773425510e+00
1.912078679527947411e+00
1.927036318476791577e+00
