-4.879903350394686895e-03
-2.334136170153388451e-03
-1.095320341698454141e-03
-1.119154948621514049e-03
-2.306112080004907132e-03
-3.488568524219058838e-03
1.164547413201669280e-05
2.732926646082399925e-03
2.085085509806031568e-03
3.762170979572392396e-03
6.988627874688760518e-03
1.360866366975020496e-02
1.349575171453887973e-02
1.776451828229759153e-02
2.470009523296038192e-02
2.479943647376582627e-02
3.007189958362419674e-02
4.139195371765150983e-02
4.857735279189671906e-02
4.917196558343303603e-02
5.805017588298540948e-02
6.198125536050395901e-02
6.827138952355378543e-02
7.519809452568049224e-02
8.489578767213433463e-02
9.129436838982445124e-02
9.639248079533553615e-02
1.036126545012870381e-01
1.184168902809259183e-01
1.169075110587834421e-01
1.244182708727215869e-01
1.347328352371002513e-01
1.394749716211641788e-01
1.467596305098807508e-01
1.550160407593896561e-01
1.696549726481355325e-01
1.709290659649848332e-01
1.797360588258467839e-01
1.886933281767820547e-01
2.005450144560177173e-01
2.051354226780274792e-01
2.226506260664535830e-01
2.179197657599270532e-01
2.284386201209578082e-01
2.340040014083862863e-01
2.476256689114941512e-01
2.542542255816661045e-01
2.672278518393085833e-01
2.748507096237834957e-01
2.789135264042574835e-01
2.908393851383817563e-01
2.959159496259788358e-01
3.047864853668028617e-01
3.105390783919461106e-01
3.182066787995310730e-01
3.249622423450682640e-01
3.364796328643561152e-01
3.411591221030583210e-01
3.539895404675773571e-01
3.582102500798131084e-01
3.675472419656739542e-01
3.775373300856856851e-01
3.864047739230931366e-01
3.939725870238352523e-01
4.027674824523305164e-01
4.123089327761736422e-01
4.161588317914413637e-01
4.276495396040709274e-01
4.344218233753745495e-01
4.433827090701515927e-01
4.536952009617109538e-01
4.608985162603456698e-01
4.664848693904128929e-01
4.771711851354705769e-01
4.840303820560018511e-01
4.889234750294764176e-01
4.995384428113432973e-01
5.087125238614332856e-01
5.151421306094765562e-01
5.234470162322856224e-01
5.306238098703405237e-01
5.394681563252956558e-01
5.479046297261658260e-01
5.537329882680366300e-01
5.614821867232628883e-01
5.724144612787261943e-01
5.773201814547311850e-01
5.858073013917911576e-01
5.940539723110264125e-01
5.996326665954881951e-01
6.067957301451436525e-01
6.175534568806935187e-01
6.240050521007164397e-01
6.307324389806396869e-01
6.408766899740514500e-01
6.445886780731643340e-01
6.538520811608947714e-01
6.603615502462010234e-01
6.695377228093117861e-01
6.755284380624592133e-01
6.841747331498777562e-01
6.915027172784877774e-01
6.973280280563348699e-01
7.045247329076604892e-01
7.130335837197767646e-01
7.232582141110411866e-01
7.283436561315194124e-01
7.371955822001458047e-01
7.426378796172579122e-01
7.513993603163156010e-01
7.562275171258557860e-01
7.648680627826920375e-01
7.734071634386205929e-01
7.796044833572133292e-01
7.868529319304674585e-01
7.937027384169199618e-01
8.016641781182037851e-01
8.088472205158134809e-01
8.144179465227782133e-01
8.232808792711909796e-01
8.288211176580559947e-01
8.366394903831468888e-01
8.439357985609622359e-01
8.503319586423194743e-01
8.560494504656762649e-01
8.625433912786064639e-01
8.694909391839253932e-01
8.786076245683783759e-01
8.844531498470510344e-01
8.933112553323148131e-01
8.981207555437330514e-01
9.064932185946559251e-01
9.130894915181582139e-01
9.191107588327949163e-01
9.260959633807308578e-01
9.313104158641636321e-01
9.396341216057522150e-01
9.475014368488524630e-01
9.529150993570092432e-01
9.600407408916395990e-01
9.668137905657374631e-01
9.730126515889881977e-01
9.785097070749168013e-01
9.849217180195654064e-01
9.908198432731851746e-01
9.970286952535009073e-01
1.004591623073292084e+00
1.011887892613682061e+00
1.018703800881356702e+00
1.025186050990231079e+00
1.029578042711462249e+00
1.037272078570894429e+00
1.042017901980303751e+00
1.049862925193198349e+00
1.055332374474330148e+00
1.063414764219575037e+00
1.068609110573358389e+00
1.073666705070414507e+00
1.080547257676090389e+00
1.087116502994909473e+00
1.093539586459367108e+00
1.098864454394153478e+00
1.105683748496374186e+00
1.113221792336627436e+00
1.118345176964341103e+00
1.124158120003296846e+00
1.130233523402080165e+00
1.136077267249095302e+00
1.141973522932261620e+00
1.148823656049279718e+00
1.154074066578368640e+00
1.162026458886938896e+00
1.166562512214845748e+00
1.173506433367397239e+00
1.178628591940869885e+00
1.184550738842810258e+00
1.189489847378087273e+00
1.194880764768401438e+00
1.200326773241168876e+00
1.207553854294548534e+00
1.212348559608476650e+00
1.217906579972486858e+00
1.223556144063099760e+00
1.230617507142238276e+00
1.237053060615867839e+00
1.242043999205701077e+00
1.247455411299019490e+00
1.254490053795270343e+00
1.259077978868718972e+00
1.264600303200073439e+00
1.270813034852512846e+00
1.274881951658197288e+00
1.281698847781741035e+00
1.286005459425138220e+00
1.291644179401310710e+00
1.298509437953267787e+00
1.304353322168432472e+00
1.309107139075074810e+00
1.315199393145845441e+00
1.320358616207593982e+00
1.326121556531089984e+00
1.331798129578191325e+00
1.337080386482818684e+00
1.342080173300489676e+00
1.346361075650592376e+00
1.353160737553368520e+00
1.358013418709466791e+00
1.363053451069391242e+00
1.368462218698243804e+00
1.373474135190995815e+00
1.378686056892197698e+00
1.383569495270962513e+00
1.389635202718550788e+00
1.394563934053279386e+00
1.399374901080025824e+00
1.404667847826856830e+00
1.410360743939395478e+00
1.415351975318671629e+00
1.420266935428174504e+00
1.425406074891933272e+00
1.429730612770282239e+00
1.435621521293032332e+00
1.440696564770206800e+00
1.446931737009783392e+00
1.451978533900572854e+00
1.455812758051047817e+00
1.460497667274479161e+00
1.466479117770626894e+00
1.470901346664421627e+00
1.475455991204963180e+00
1.481555398554673442e+00
1.485452025932177289e+00
1.490578189027981226e+00
1.494543791364774554e+00
1.499973397620586013e+00
1.504319536602560792e+00
1.510264746050358209e+00
1.517359379920689477e+00
1.516950002764347438e+00
1.518886196228781849e+00
1.532152146288633610e+00
1.543200188519201488e+00
1.538234839511238183e+00
1.532617309609142442e+00
1.545937611293234593e+00
