-4.825447435933277393e-03
-2.199738859684189848e-03
-8.898244106593255522e-04
-8.251621285176309432e-04
-2.054392490009623092e-03
-3.170986178102584534e-03
6.759061870252665197e-05
2.585136599761559458e-03
1.949690492899360233e-03
3.339872114573011475e-03
6.220707065503472237e-03
1.221150009018030780e-02
1.213251528259964157e-02
1.590472255782989647e-02
2.213042858855177389e-02
2.215098304144260538e-02
2.696178506375326162e-02
3.713507279842250680e-02
4.355018520175082952e-02
4.407092681474702317e-02
5.210482837793198319e-02
5.553071813119770522e-02
6.127769508077127170e-02
6.751012853722693219e-02
7.622621177963431749e-02
8.208335067543318098e-02
8.672731143740902704e-02
9.290389924966875601e-02
1.068063096923497074e-01
1.048874868124212573e-01
1.118236684380237850e-01
1.212075125863523034e-01
1.250381012261515545e-01
1.322108626130948095e-01
1.394684077170025294e-01
1.531435712174395725e-01
1.541990284341593909e-01
1.619136448836300257e-01
1.699767614685208372e-01
1.815131926544598651e-01
1.849902517849801309e-01
2.013156060704075767e-01
1.966238171604643981e-01
2.059750825991911449e-01
2.107277628902806677e-01
2.239111217647890839e-01
2.296906777296282565e-01
2.419258267397212947e-01
2.487297906935059810e-01
2.521161501975485164e-01
2.629745162924226332e-01
2.674235755572219597e-01
2.764044368549283259e-01
2.812163582120157379e-01
2.880897269616824463e-01
2.938651293185489677e-01
3.041381245088309870e-01
3.092605478121346896e-01
3.204835840843107686e-01
3.240976082347806764e-01
3.332796984256129469e-01
3.422570991715543909e-01
3.503780324200125307e-01
3.574161020453641147e-01
3.647299895646846091e-01
3.745815268165336165e-01
3.775671960478859113e-01
3.878951818332603829e-01
3.942941391576840759e-01
4.029011616133716944e-01
4.123689001124402620e-01
4.184811821214877714e-01
4.237887533956955499e-01
4.335823228797622275e-01
4.396524722527548334e-01
4.433441396487664554e-01
4.541924647395168546e-01
4.629763595196183523e-01
4.686687643775393486e-01
4.756226697228934097e-01
4.825624989877323467e-01
4.908386341559876076e-01
4.984637821139335512e-01
5.036392715611256454e-01
5.111635046377791536e-01
5.208090172249699723e-01
5.259423908562691485e-01
5.335624470122338758e-01
5.407477949824442964e-01
5.461326575671514583e-01
5.528386681527365232e-01
5.633085565413631368e-01
5.686167229244082355e-01
5.748427897542951470e-01
5.844603222104091111e-01
5.875767286967700231e-01
5.959331431866449202e-01
6.018411123029884235e-01
6.106164085064277325e-01
6.157743276673709465e-01
6.246628020102225065e-01
6.308124015217391189e-01
6.362662329098683900e-01
6.434402104568817116e-01
6.506042653177026569e-01
6.601494806387029346e-01
6.651600566884933174e-01
6.734218579764411627e-01
6.782054726851930448e-01
6.861626620736791526e-01
6.905609681674161893e-01
6.992621669532762541e-01
7.066750486897299677e-01
7.127012675277931697e-01
7.191386770857312039e-01
7.254946364833072536e-01
7.331456514977038319e-01
7.397826923207853067e-01
7.452797410370226583e-01
7.528349499911373144e-01
7.588689565399469039e-01
7.655145577462910689e-01
7.721393133035394651e-01
7.788035669819882711e-01
7.831377613434683527e-01
7.900807411060603025e-01
7.957397967912007708e-01
8.048515389301270639e-01
8.099930669346148138e-01
8.182442215774518024e-01
8.229145375357390657e-01
8.308133560388141214e-01
8.367402178801296442e-01
8.420959367698966913e-01
8.486022263375444519e-01
8.541592080807197673e-01
8.617010773512190358e-01
8.689312438517937665e-01
8.737901468426586549e-01
8.810400774797824131e-01
8.863658438936561357e-01
8.929265704478754895e-01
8.982802257034810944e-01
9.034092927060604072e-01
9.099712773490143958e-01
9.143956370692700730e-01
9.222169351149844818e-01
9.288808186295604008e-01
9.352953389388525274e-01
9.415949823629523596e-01
9.453644172654059874e-01
9.531496482403436499e-01
9.573716711420261483e-01
9.650756939748735830e-01
9.703339760991509522e-01
9.779484507411904115e-01
9.823353926761240196e-01
9.863229501298872437e-01
9.937607644448210875e-01
9.999683997224623200e-01
1.006297311948731510e+00
1.010902957712696892e+00
1.017416126714003832e+00
1.024783722950129095e+00
1.029641248912172014e+00
1.034850350328772262e+00
1.040318235270571101e+00
1.045636465820975802e+00
1.051445988453839409e+00
1.058147030678299627e+00
1.062846989876904624e+00
1.070008178406901100e+00
1.074802644339459157e+00
1.081179948394138224e+00
1.086005653975331553e+00
1.092042412566278431e+00
1.096029844472628634e+00
1.101152890233747295e+00
1.106900123157315008e+00
1.113240643497148685e+00
1.118417759766958897e+00
1.123462476185193681e+00
1.128359409721093165e+00
1.135225182320789727e+00
1.141632584093784653e+00
1.146189608829663698e+00
1.151316520847988523e+00
1.157846628778356646e+00
1.162683177631536280e+00
1.167568137160240216e+00
1.173173443878950950e+00
1.177573142651332949e+00
1.183869814631492989e+00
1.188530039350440104e+00
1.193375239461607951e+00
1.199863630733666531e+00
1.205478660868429364e+00
1.210051979128062616e+00
1.215187767505615968e+00
1.221114460493468723e+00
1.226139960022015973e+00
1.231437147654923070e+00
1.236741092998348224e+00
1.240946264616737071e+00
1.244632244358697015e+00
1.251541674412191218e+00
1.255953793617852421e+00
1.260902202584154086e+00
1.266357719925493619e+00
1.271171997337858794e+00
1.275943760836248275e+00
1.280491882982572660e+00
1.286971737213124189e+00
1.291283096173208911e+00
1.296004419297389854e+00
1.300818981430116317e+00
1.305829446103880187e+00
1.311031617632010926e+00
1.315716609811956150e+00
1.320728343959914008e+00
1.324938930140274085e+00
1.330336034598339934e+00
1.335973128826024148e+00
1.341350809346666395e+00
1.345655203463978822e+00
1.350264419755313083e+00
1.354734728709183322e+00
1.358954690606814841e+00
1.364073519477489338e+00
1.367753024043877552e+00
1.374002145415347709e+00
1.378735303422548020e+00
1.383027863958076864e+00
1.387411698425364159e+00
1.392666201404715087e+00
1.396337995495601447e+00
1.401811349087245251e+00
1.408660205771694152e+00
1.408546669629819892e+00
1.410343986123767657e+00
1.422638991364681527e+00
1.433611864926798152e+00
1.428895225907682587e+00
1.423146025330755737e+00
1.436217774728871133e+00
