-4.721124905776231950e-03
-1.961601155919609138e-03
-5.073124180354481602e-04
-2.769734447263416557e-04
-1.607679499000977353e-03
-2.596534859537098349e-03
1.476241246669971656e-04
2.277779663870064565e-03
1.669742124581806344e-03
2.515178367127852716e-03
4.738977670036984349e-03
9.542399050712347536e-03
9.530724474123321299e-03
1.236910748246553178e-02
1.722015774881762926e-02
1.713903005400857840e-02
2.102661930548077943e-02
2.900962403780102047e-02
3.397645763054199519e-02
3.435462638986045564e-02
4.074865155071127204e-02
4.325872631054582945e-02
4.792120128895669545e-02
5.279275563197747406e-02
5.963590513484912092e-02
6.440924298002936865e-02
6.812998334112019272e-02
7.246134239248411268e-02
8.435352803001766597e-02
8.190174783015026494e-02
8.763817535447067375e-02
9.515357887322124786e-02
9.747582147751390758e-02
1.041575239499323291e-01
1.095176437459540603e-01
1.211205897993631875e-01
1.218298746506803615e-01
1.275123371514823578e-01
1.337331777070162320e-01
1.443645749585859006e-01
1.459268922589855855e-01
1.596274958406007083e-01
1.554037065897153069e-01
1.624112784834998158e-01
1.655682814109241674e-01
1.777934632811658533e-01
1.817930580112391281e-01
1.924920861083786738e-01
1.977321685458995892e-01
1.999335205871716481e-01
2.084119953281920734e-01
2.118928133811779080e-01
2.205124110640019064e-01
2.237400981732852179e-01
2.292692470589879072e-01
2.329206384857571144e-01
2.407477193027815765e-01
2.466428347122507636e-01
2.547473451591621418e-01
2.570868322932207128e-01
2.659393934529765136e-01
2.725753236067267049e-01
2.797759850625007871e-01
2.851707325830442619e-01
2.897492647862857651e-01
2.999804526175103847e-01
3.013832032989988141e-01
3.091926930589697364e-01
3.151523077919830551e-01
3.228033031836339273e-01
3.303675905888138198e-01
3.347423478695341070e-01
3.392011553096089815e-01
3.471455858518027182e-01
3.515171931009262174e-01
3.532407211702989769e-01
3.636532719359704680e-01
3.718238382323875157e-01
3.761494939411937910e-01
3.802349444048209737e-01
3.871213312636903048e-01
3.940197773981762297e-01
3.996923663770997615e-01
4.035981805972382319e-01
4.103449589956019161e-01
4.179886294413754921e-01
4.233245720571655046e-01
4.289176162299578876e-01
4.340888450699400547e-01
4.391256994275705705e-01
4.450866610718445249e-01
4.540552451354394337e-01
4.571343690739648746e-01
4.628722030188894832e-01
4.707642421758815310e-01
4.730000777107239984e-01
4.797180477340045046e-01
4.840696103655405258e-01
4.924397884226466848e-01
4.954522542187587697e-01
5.046822944521358600e-01
5.082292868299407296e-01
5.125400300111113694e-01
5.202285886136528426e-01
5.246561682333296117e-01
5.325746991199252767e-01
5.368649280570717552e-01
5.443702278863430388e-01
5.479340213540888627e-01
5.541541773891003331e-01
5.577506391843912725e-01
5.662338232214947364e-01
5.706053132925700266e-01
5.770953774795768432e-01
5.817523919414084865e-01
5.865329773506335886e-01
5.944808641480564537e-01
5.996883636852006205e-01
6.041624062236207182e-01
6.099714470464595584e-01
6.159258104675102707e-01
6.207339638974057605e-01
6.257740070538310162e-01
6.327076579343097196e-01
6.351864773173163670e-01
6.417885742726927578e-01
6.450065482724697263e-01
6.538213282405415105e-01
6.578955185950348117e-01
6.644611907018478369e-01
6.689682833556115371e-01
6.753059058777046708e-01
6.805193326806865395e-01
6.845821223287140711e-01
6.899692258593087546e-01
6.955582751619736603e-01
7.017464168408467096e-01
7.067265606099326636e-01
7.114323564704650993e-01
7.173950863336960859e-01
7.215919111188219270e-01
7.276118653621224119e-01
7.332934307673073526e-01
7.358940097199674346e-01
7.423534276460194148e-01
7.453871456604269641e-01
7.518638814511166002e-01
7.571933453359795951e-01
7.640093243714004556e-01
7.687581286073641440e-01
7.717147132339057247e-01
7.787739475835815384e-01
7.834928156359994844e-01
7.890272279478921513e-01
7.937971462776327591e-01
8.003229890641837541e-01
8.029545834652267455e-01
8.065341221119148862e-01
8.135652490709910367e-01
8.179674854267660056e-01
8.235109109919804826e-01
8.276443098753841765e-01
8.326259293130966466e-01
8.396159890245696866e-01
8.438132746100737158e-01
8.479163959801263584e-01
8.523589309958076177e-01
8.566786937074336583e-01
8.624797222542093245e-01
8.679154655309367916e-01
8.721821726187799495e-01
8.763951438289022677e-01
8.825347213530673196e-01
8.870393028415076708e-01
8.913702926862293596e-01
8.968963118578421323e-01
8.994279072874341585e-01
9.054770384340753431e-01
9.107432956928666057e-01
9.152938793098733816e-01
9.207006614364472430e-01
9.244176193170098310e-01
9.282716944548101701e-01
9.338278925286178644e-01
9.388503022143254162e-01
9.434923934039092241e-01
9.479153825849756521e-01
9.534557719252285679e-01
9.575082197051577593e-01
9.618457493057109842e-01
9.671832582525797806e-01
9.714919825827010857e-01
9.757065908356815642e-01
9.815360713049734454e-01
9.838410325646306243e-01
9.899268910201621807e-01
9.937328223564579899e-01
9.989334899972611703e-01
1.002666752924777249e+00
1.008476043461562943e+00
1.012479847379444742e+00
1.016042026223839656e+00
1.021294229037713386e+00
1.025121446628902477e+00
1.029255935997138272e+00
1.034423563395489465e+00
1.037950095728396249e+00
1.042926257086590924e+00
1.047142958705990390e+00
1.051906507529185353e+00
1.056045262123018524e+00
1.059787565441247859e+00
1.065133997544450262e+00
1.068915609734545136e+00
1.073255799811946298e+00
1.078024062860387433e+00
1.081466869291443311e+00
1.086231602713455979e+00
1.090343040236281924e+00
1.095198219865356259e+00
1.099944849900975408e+00
1.103460056712993520e+00
1.108402962336565212e+00
1.113340917767608795e+00
1.116488497302166705e+00
1.120738842772082133e+00
1.125015502349959506e+00
1.127978944149531815e+00
1.134175692182146866e+00
1.136848404710371740e+00
1.141750937668170707e+00
1.146160006666619324e+00
1.149026739787950335e+00
1.154249512121910515e+00
1.158941133081082153e+00
1.162221580326498360e+00
1.166987098979459070e+00
1.172416822850093743e+00
1.172653642565714360e+00
1.173481660163846918e+00
1.184465914319423385e+00
1.195830359945556642e+00
1.191249300553139268e+00
1.183535370778117324e+00
1.195848059771383198e+00
