-3.656062341716862993e-03
-1.644284540371168148e-03
-7.219840610128270761e-03
-4.224085892731368683e-03
-2.718918065098843706e-03
-2.426556898335477473e-03
-3.734857414761603815e-03
-4.491681147463543085e-03
-2.236043602426295539e-03
-6.031567935406752104e-04
-1.242401081708676682e-03
-7.677117225957495348e-04
9.671423395452171832e-04
4.640730406584653127e-03
4.550501721081310312e-03
6.500437470893693365e-03
1.017540539209503547e-02
1.016496623266423607e-02
1.312111824028961045e-02
1.895128755825607747e-02
2.253966666174354525e-02
2.285849688075966557e-02
2.780661104948064372e-02
2.955789501811234218e-02
3.307174514206934202e-02
3.662060880709332167e-02
4.174702625333983480e-02
4.550810313701379034e-02
4.834040253603739956e-02
5.114447936629867159e-02
6.074914237816013418e-02
5.815680586362214494e-02
6.267562108398601339e-02
6.839178278018957780e-02
6.961269122588793767e-02
7.541957508848563807e-02
7.908120896764100904e-02
8.846908719440933766e-02
8.892486449254359548e-02
9.283306707554844772e-02
9.728185094781345577e-02
1.065433069555751788e-01
1.067038308335236385e-01
1.175524350090696446e-01
1.141599518057168083e-01
1.189974352030509080e-01
1.206940712313484959e-01
1.316398573070115541e-01
1.339360877912383618e-01
1.429898647056626337e-01
1.467613796298207207e-01
1.480560363467498253e-01
1.540824276563951267e-01
1.568206338219706175e-01
1.643456525936593249e-01
1.663644324158351784e-01
1.708446316676947019e-01
1.724253521697528546e-01
1.780023796987427742e-01
1.842769630122031987e-01
1.895010573548820132e-01
1.906146173819595058e-01
1.990143057189782960e-01
2.032029887760847808e-01
2.097580724804639363e-01
2.131742374686687314e-01
2.154823161651448493e-01
2.254347743832209039e-01
2.254985854933025669e-01
2.307420841600256178e-01
2.367311847269342184e-01
2.430974115014629122e-01
2.483818474552491884e-01
2.517293459139338663e-01
2.549563446641921471e-01
2.610849293319714715e-01
2.637732183653432871e-01
2.642559683897492961e-01
2.729321343278259260e-01
2.803914625340280242e-01
2.835640079799264801e-01
2.851659848224570304e-01
2.921271401357758979e-01
2.972138059167604429e-01
3.009686037902082334e-01
3.035590779700307884e-01
3.092971667706312933e-01
3.154638033892400717e-01
3.204246275168838309e-01
3.238118868479349377e-01
3.273197168219279529e-01
3.321773521330352863e-01
3.368415834548597609e-01
3.434959137149370401e-01
3.452390704225858364e-01
3.507563553824893376e-01
3.560914839167207413e-01
3.582952842681224603e-01
3.629890457717808716e-01
3.657065211869284238e-01
3.739003311657970174e-01
3.746294561753188423e-01
3.837859899553283105e-01
3.847864111245828389e-01
3.876374077476528734e-01
3.954559226603033828e-01
3.975872158382097732e-01
4.042105524786682724e-01
4.070293205702334438e-01
4.137054119600335755e-01
4.165837492130974873e-01
4.213403449370355935e-01
4.238941453619448074e-01
4.314361687445664173e-01
4.328371833846687000e-01
4.396291836030124522e-01
4.429702795151218564e-01
4.452867543209949042e-01
4.542931065284477876e-01
4.576474396762735264e-01
4.602081030159991815e-01
4.655384155285353653e-01
4.700153235451176581e-01
4.735441601338868378e-01
4.772254949843627303e-01
4.834918868813194437e-01
4.851093953958512395e-01
4.896155635038990650e-01
4.922902619298342719e-01
4.983208984471563796e-01
5.029006943646638916e-01
5.075747506387033869e-01
5.115040099986422062e-01
5.163027314795811673e-01
5.207697292522159849e-01
5.239380413721107521e-01
5.280489247553574739e-01
5.316650984862074658e-01
5.376833744497639955e-01
5.409114583042716751e-01
5.451134046911414455e-01
5.486380964017101292e-01
5.531529399720560569e-01
5.568883652037007748e-01
5.626790525589752123e-01
5.640350883498046475e-01
5.687171263797461407e-01
5.724212348080562895e-01
5.766655940298115457e-01
5.804967015507451755e-01
5.871174535582183163e-01
5.902913984660371760e-01
5.923147311353603728e-01
5.981331971421049998e-01
6.027585847548857512e-01
6.062595576889809879e-01
6.095222726997960860e-01
6.150670497329087105e-01
6.168824605916658488e-01
6.204980154045217633e-01
6.251625076178377594e-01
6.284393795920144576e-01
6.323561102835190129e-01
6.371128804633737763e-01
6.401677073390027450e-01
6.453739955914638005e-01
6.495404503388337858e-01
6.531238367285773228e-01
6.558407769374876572e-01
6.593685288717269222e-01
6.646549689519727355e-01
6.684872662611437422e-01
6.729329002694365292e-01
6.751678494507461492e-01
6.805813043342255897e-01
6.835203820123467722e-01
6.870800293622452148e-01
6.921182181852452153e-01
6.936619015295600876e-01
6.994075892045996667e-01
7.035915279154187907e-01
7.069730794853414935e-01
7.110761924303090620e-01
7.144521860784600609e-01
7.174840081357369836e-01
7.210413364036503125e-01
7.245996041345486027e-01
7.293739465128697974e-01
7.322581826717653453e-01
7.370272030996359858e-01
7.405188293393060173e-01
7.441143371637335413e-01
7.476603154382338579e-01
7.517340951900313151e-01
7.551465724581608585e-01
7.589539939014335879e-01
7.624012131148879545e-01
7.661576842903512485e-01
7.691042661777306444e-01
7.734939465380361590e-01
7.773205037312728161e-01
7.807348134318747856e-01
7.838218016793249143e-01
7.877994047789242948e-01
7.912574999490928906e-01
7.945057655495121329e-01
7.982401441686737265e-01
8.018995296665110128e-01
8.057613058986603516e-01
8.094246389332243607e-01
8.125274549102163846e-01
8.160379842980948206e-01
8.199390089419652528e-01
8.232888490446466090e-01
8.269620845980566459e-01
8.304816230398072152e-01
8.335024366822003650e-01
8.371734328635365152e-01
8.402583569245084538e-01
8.441334955405127571e-01
8.483629065924003232e-01
8.516988989839192614e-01
8.553172880071108208e-01
8.586456565882059078e-01
8.625723007606004300e-01
8.661360108322662121e-01
8.684241921301862899e-01
8.725025687269554187e-01
8.763150012225051633e-01
8.787685421170781108e-01
8.834894397286815471e-01
8.861874891742289595e-01
8.892019603563297014e-01
8.918980577360202666e-01
8.957169089324140687e-01
8.999836775063715377e-01
9.025960813796749527e-01
9.070648561378810149e-01
9.119576566510445570e-01
9.148238702573994185e-01
9.132128393400164024e-01
9.155112037202080000e-01
9.267335586619483978e-01
9.333204445643508151e-01
9.282978069090807027e-01
9.231614129618148645e-01
9.348280689358926532e-01
