-4.504569775521705816e-03
-1.504590363270399099e-03
2.535542402116416666e-04
7.628685506890736483e-04
-7.882019833035944570e-04
-1.525571652636151156e-03
2.471066710442989872e-04
1.592608149748248872e-03
1.024173642588078852e-03
7.533236437251726375e-04
1.598108911726098041e-03
3.936201879322972358e-03
4.091685219085808810e-03
5.042817924546806087e-03
6.943494426995940917e-03
6.816476748050851429e-03
8.583599270784034868e-03
1.195376786940169876e-02
1.392439714595768326e-02
1.402527474354428247e-02
1.685857164210454590e-02
1.770409543533411900e-02
1.978047114787886279e-02
2.176224672344191299e-02
2.467076221318901391e-02
2.688851224091394834e-02
2.848991577362098085e-02
2.970663537830077472e-02
3.576732765447710599e-02
3.363679576739143223e-02
3.636068457949154231e-02
3.963722337602081786e-02
3.991404234445682792e-02
4.388902340282561931e-02
4.560217344469924550e-02
5.157648314366439224e-02
5.173547435797965638e-02
5.361863319818497425e-02
5.584015108220448387e-02
6.230799708193685005e-02
6.142024773288226602e-02
6.801589506434589649e-02
6.603708748540379481e-02
6.835178900005776936e-02
6.848054192172731147e-02
7.656277470615351077e-02
7.700027560120553671e-02
8.325682369650783121e-02
8.510397458382579217e-02
8.556625613266144459e-02
8.852745445748093356e-02
9.026423165521103853e-02
9.527941678016368932e-02
9.600166762926498620e-02
9.923322316606088267e-02
9.860832187136950311e-02
1.015103729681911260e-01
1.070534215400378159e-01
1.089847235577260098e-01
1.087519142550815443e-01
1.157602036541894169e-01
1.168968782441108800e-01
1.219598820136703343e-01
1.230527184330831164e-01
1.231292433836691513e-01
1.308763606554140813e-01
1.297008247755679078e-01
1.317798029863244957e-01
1.379640628091646781e-01
1.419876835201666632e-01
1.435068608167663073e-01
1.462144239587574168e-01
1.476029958970770384e-01
1.513867504769962902e-01
1.519531961684912336e-01
1.518542927660717079e-01
1.565637649735598658e-01
1.623900975588346840e-01
1.639388025373040847e-01
1.633585538576218799e-01
1.699169920750735474e-01
1.716342993875728529e-01
1.740250318381236505e-01
1.743178300218364563e-01
1.781807832599351937e-01
1.825423431229637461e-01
1.856953102618671969e-01
1.867735050417876075e-01
1.884357497311821561e-01
1.927943394341898597e-01
1.949592952486786934e-01
1.979703446017924140e-01
1.995551414968672055e-01
2.034400540404398550e-01
2.050860629745214214e-01
2.084134822328573833e-01
2.095145590685409953e-01
2.104059648305651453e-01
2.177389583281089946e-01
2.158773256877593305e-01
2.232298309208032849e-01
2.221006744976560254e-01
2.236062094410112278e-01
2.282816857400706279e-01
2.283527624276802948e-01
2.345639517095178261e-01
2.352156775014559720e-01
2.392397514095711830e-01
2.416951384725502805e-01
2.449628160156665513e-01
2.454572074420049432e-01
2.505522281190940004e-01
2.501480290625858194e-01
2.548879224259513743e-01
2.568576331794611423e-01
2.566135562962276184e-01
2.646762455419044424e-01
2.662565268155359099e-01
2.661435226185078218e-01
2.705089383185043661e-01
2.733971358674581742e-01
2.756818084552468129e-01
2.757071498574477086e-01
2.800257313484035837e-01
2.817152048039637258e-01
2.831030213663435768e-01
2.862682390193023174e-01
2.871106506764442012e-01
2.924503957210182747e-01
2.942686009069198083e-01
2.963318949252946033e-01
2.998988910132862618e-01
3.029831335753754296e-01
3.039603047036718020e-01
3.067315507525435470e-01
3.075911309270122906e-01
3.122271208056912606e-01
3.140125924496792176e-01
3.169856298341587886e-01
3.183681302364897991e-01
3.214217437640647934e-01
3.227128171598303008e-01
3.272322978098287649e-01
3.282237522851910172e-01
3.308581431735187484e-01
3.325699915886095592e-01
3.350351729362552877e-01
3.361026481945703082e-01
3.419930198671866095e-01
3.428455946843750879e-01
3.441520582336531353e-01
3.477447164186678874e-01
3.488843722132896619e-01
3.527978983739232799e-01
3.538785213746261094e-01
3.573009219725168384e-01
3.597411302737560379e-01
3.607833563179825842e-01
3.625866025868330622e-01
3.650463838713315368e-01
3.663375837049451800e-01
3.713564798124383004e-01
3.720732049325802260e-01
3.746625268725107816e-01
3.777602595101154925e-01
3.798900335458124111e-01
3.810947895373523187e-01
3.832033464644497567e-01
3.866013296293103751e-01
3.883346231940174587e-01
3.913144480274103887e-01
3.924205158468938581e-01
3.957676042663013094e-01
3.971561009393308472e-01
4.000605798673144697e-01
4.033601079136530654e-01
4.043678987509117251e-01
4.061680047796698556e-01
4.094897724635012670e-01
4.106004309406361408e-01
4.133449750148784352e-01
4.165272544962781431e-01
4.162564636619835445e-01
4.201427220548035191e-01
4.219513085985450718e-01
4.243707071444480783e-01
4.262618092051541629e-01
4.289273203373173415e-01
4.313808683899842400e-01
4.333133859449218583e-01
4.359694856135740704e-01
4.366636517926123506e-01
4.390451534346340168e-01
4.414615272689181857e-01
4.443056775617311716e-01
4.466023994072936265e-01
4.482740187403200793e-01
4.497636763868388399e-01
4.532198915714968912e-01
4.554958708431917636e-01
4.563436240880041073e-01
4.589501517677387898e-01
4.608296918270289866e-01
4.626125744252849725e-01
4.649637989246432346e-01
4.673618887420523116e-01
4.693569037923015497e-01
4.721363101010025987e-01
4.740976506925981271e-01
4.758255515896579468e-01
4.777906320010166796e-01
4.793924795725412746e-01
4.821695038155213719e-01
4.849158180411952124e-01
4.864081811204568062e-01
4.883310069209796378e-01
4.903254110444421610e-01
4.923482158407817555e-01
4.949955425338533610e-01
4.961211691913658406e-01
4.983540557953581862e-01
5.010019059502962557e-01
5.032645806049972359e-01
5.048996290318578106e-01
5.071631381551625628e-01
5.094135144605970167e-01
5.111921378495472013e-01
5.127612331149591363e-01
5.154533258502371762e-01
5.164262551813932900e-01
5.187621800351649437e-01
5.220587197783725930e-01
5.234683852750512401e-01
5.251093216082639570e-01
5.270749430102452671e-01
5.298467494183057847e-01
5.338267234607063649e-01
5.357153592441250556e-01
5.321223778958045214e-01
5.314610649403928022e-01
5.427918047777842148e-01
5.517201321368431222e-01
5.417869263411561054e-01
5.320550004893699336e-01
5.451231243922954883e-01
